/*--------------------------------*- C++ -*----------------------------------*\
| =========                 |                                                 |
| \\      /  F ield         | OpenFOAM: The Open Source CFD Toolbox           |
|  \\    /   O peration     | Version:                                        |
|   \\  /    A nd           | Website:  www.openfoam.com                      |
|    \\/     M anipulation  |                                                 |
\*---------------------------------------------------------------------------*/
FoamFile
{
    version     2.0;
    format      ascii;
    class       volScalarField;
    location    "2.3";
    object      p;
}
// * * * * * * * * * * * * * * * * * * * * * * * * * * * * * * * * * * * * * //

dimensions      [0 2 -2 0 0 0 0];


internalField   nonuniform List<scalar> 
2403
(
0.06195046356
0.06179645766
0.06141312045
0.06079555148
0.05996129401
0.05891486396
0.0576492391
0.05615704113
0.0544341596
0.05247848327
0.05028864125
0.04786433929
0.04520907278
0.04232925952
0.03923484619
0.03594292311
0.03247833952
0.02887290848
0.0251647535
0.02139783798
0.01762121002
0.01388773389
0.01025232126
0.00676971852
0.003492133876
0.0004678286757
-0.002263005838
0.0621533209
0.06200050302
0.06161923744
0.06100458334
0.06017388864
0.05913131747
0.05786944385
0.05638044431
0.05465974286
0.05270477717
0.05051359081
0.04808384683
0.04541709536
0.04252195459
0.03940823191
0.0360917805
0.03259672414
0.02895497557
0.02520519651
0.02139217694
0.0175661761
0.01378169988
0.01009563673
0.006564722621
0.003242756029
0.0001806367678
-0.002579609767
0.06256455833
0.06241339355
0.0620357489
0.06142646893
0.0606023375
0.05956685208
0.05831185823
0.05682871003
0.05511194131
0.05315799795
0.05096338882
0.04852291945
0.04583534627
0.04290937794
0.03975616717
0.03639047917
0.03283453899
0.02911971767
0.02528559712
0.02137881271
0.01745220224
0.013563617
0.009773973433
0.006144282697
0.002732362219
-0.0004056073889
-0.003224033311
0.06318057384
0.06303186438
0.06265979911
0.0620589594
0.06124523067
0.06022110079
0.05897735066
0.05750408223
0.05579427576
0.0538424003
0.0516427721
0.04918882278
0.04647618884
0.04350618818
0.04029190147
0.03685052627
0.03320268883
0.02937749708
0.02541485416
0.02136414727
0.0172823926
0.01323270339
0.009282313444
0.005499146647
0.001947810835
-0.001307407545
-0.004215252294
0.0639985355
0.06385317745
0.06348896802
0.06290020134
0.06210155542
0.06109413005
0.05986728142
0.05840938911
0.05671123591
0.05476458079
0.05256090726
0.05009171552
0.04735026381
0.04433110587
0.0410379497
0.03749207021
0.03371847369
0.02974337901
0.02560523449
0.02135625039
0.01705926778
0.01278498356
0.008609659778
0.004611233817
0.0008644299875
-0.00255483561
-0.005586948648
0.0650150099
0.0648733805
0.06451980893
0.06394763987
0.06316984745
0.06218583151
0.06098328255
0.05954841809
0.05786919577
0.0559339724
0.05373048554
0.05124659831
0.04847192523
0.04539790362
0.04201808923
0.03834315706
0.0344082685
0.03024057425
0.02587630532
0.02136939098
0.01678941533
0.01221747128
0.007742519682
0.00345653248
-0.0005514625172
-0.004189411614
-0.007385841061
0.06622511852
0.06608785757
0.06574742934
0.06519746783
0.06444780716
0.06349569962
0.06232694338
0.06092538312
0.05927553683
0.05736159899
0.05516654696
0.05267307364
0.04986563292
0.04673074569
0.04325377881
0.0394345389
0.03530410723
0.03089691104
0.02625064308
0.02142027858
0.0164810499
0.01152651503
0.006663064537
0.002002458698
-0.002346144446
-0.0062684768
-0.009676551462
0.06762048935
0.06748997081
0.0671669969
0.06664453017
0.06593132579
0.0650220229
0.06389947931
0.06254478183
0.06093849184
0.05906010497
0.05688676283
0.05439437901
0.05155993145
0.04836296775
0.04478482958
0.04081643836
0.03646319184
0.03176452689
0.02676737214
0.02153423829
0.01614588282
0.01070788181
0.005348205681
0.0002057821622
-0.004581839445
-0.008869566447
-0.01254642847
0.06919100917
0.06906937444
0.0687693456
0.06828302887
0.06761601069
0.06676116519
0.06570039631
0.06441023596
0.0628665551
0.06104345274
0.05891138858
0.05643810116
0.05359116197
0.05034043402
0.04666011104
0.04253237658
0.03794837072
0.03291863159
0.02749598186
0.02176088044
0.01581018863
0.009762968394
0.003772156145
-0.001987801836
-0.007339795387
-0.01209558808
-0.01611201756
0.07092391619
0.07081354788
0.07054240716
0.07010195458
0.06949456435
0.06871028522
0.06772824883
0.06652344576
0.06506713509
0.06332601639
0.06126265275
0.05883526747
0.05600036186
0.05271507595
0.04894093081
0.04464639599
0.03980749682
0.03441428861
0.02850359937
0.02215997594
0.01551028356
0.00869654552
0.001903234691
-0.00464894275
-0.01072794095
-0.01608442176
-0.02052947389
0.0728032195
0.07270686246
0.07247134705
0.07208752684
0.07155445703
0.07085971318
0.0699799141
0.06888628743
0.0675459258
0.06592071456
0.06396303142
0.06161941185
0.05883302444
0.05554497654
0.05169840296
0.04724230981
0.04213424105
0.03634631751
0.02987585663
0.02280983859
0.01529727595
0.00751924711
-0.0002974141629
-0.007870696645
-0.01489162237
-0.02102329432
-0.02601089759
0.07480927396
0.0747300481
0.07453762234
0.07422240468
0.07378009497
0.07319600958
0.07244494104
0.07149490889
0.07030816458
0.06883937001
0.06703340856
0.06482485126
0.06213928975
0.05889814947
0.05502121363
0.05043109808
0.04505750155
0.0388402451
0.03174816902
0.02383933156
0.01526442761
0.00626637145
-0.00286680699
-0.01176928363
-0.02002306647
-0.02716444649
-0.03284263311
0.07691854455
0.07685996371
0.07671863009
0.07648486377
0.07615124491
0.07570133573
0.07510861295
0.07433818714
0.07334918188
0.07208981449
0.07049433593
0.06848472759
0.06597120651
0.06285003218
0.05901080788
0.05434078971
0.048729283
0.04207643039
0.03431067217
0.02541470105
0.01554349546
0.00499312973
-0.005850854771
-0.01650389419
-0.0263910032
-0.03486144192
-0.04142394704
0.0791034063
0.0790692721
0.07898746628
0.07884862364
0.07864275974
0.07835244269
0.07795058091
0.0774001773
0.07665878796
0.07566984731
0.07435706178
0.07263038759
0.0703810106
0.06747989598
0.06378126741
0.05912578103
0.05334699149
0.04628185925
0.03778496773
0.0277717867
0.01634176877
0.003810622583
-0.009284017652
-0.02227912135
-0.03436533089
-0.04460878093
-0.05231168776
0.08133060137
0.08132435599
0.08131007954
0.08127919647
0.08121988214
0.08111481877
0.08093796187
0.08065336765
0.08021687793
0.079568494
0.07862307605
0.07728193073
0.07541826348
0.07286996986
0.06945558536
0.06496025553
0.05914089665
0.05174091289
0.04251456861
0.03127221574
0.01795857272
0.002902917121
-0.01319844423
-0.02938369478
-0.04447788709
-0.05711868639
-0.06630152178
0.08356400848
0.08358878917
0.08364940573
0.08373946026
0.08384544494
0.08395121074
0.08403254559
0.08405614818
0.08398194353
0.08375040029
0.08327338808
0.08244286012
0.08111591785
0.07909761095
0.07616760633
0.07204366977
0.06639429606
0.05883132269
0.04895040378
0.03636900533
0.02084633263
0.002588520028
-0.01759146021
-0.03823133052
-0.05751164842
-0.07339951025
-0.08451886265
0.0857614664
0.08581911252
0.08596094552
0.08618379856
0.08647195498
0.08681056166
0.08718055894
0.08755767821
0.0879067048
0.08816901509
0.08825905982
0.08807316771
0.08746023506
0.08620220871
0.08403291925
0.08059101486
0.07543959577
0.06801612113
0.05768826193
0.04378589055
0.02574470939
0.00337719638
-0.02239302124
-0.04945168269
-0.07479077263
-0.09509458531
-0.1083835452
0.08787578827
0.08796944995
0.08819745786
0.08856048633
0.08904264135
0.08963264909
0.09031950613
0.09108786152
0.09191162748
0.0927412755
0.09350883534
0.09411862691
0.09441388385
0.09416813849
0.0930967335
0.09077502462
0.08663236808
0.07987589153
0.06956505776
0.05455281104
0.03368897328
0.006099621349
-0.02746528132
-0.06373152383
-0.09801410914
-0.1247595427
-0.1413566722
0.089865516
0.0899950165
0.09030998864
0.09081530575
0.09149605297
0.09234635581
0.09336614075
0.09455282627
0.09589464151
0.0973592236
0.09890013219
0.1004428729
0.101847107
0.1029169156
0.103352327
0.1026825689
0.1002460772
0.09502000808
0.08561729921
0.07012803983
0.04641499984
0.01224336682
-0.03289375194
-0.08308631587
-0.1297379372
-0.1649434473
-0.1843334418
0.09168258397
0.09184711799
0.09224734206
0.09289248902
0.09376895779
0.09487775794
0.09623202284
0.09784497658
0.09972386222
0.1018637797
0.1042500403
0.1068442197
0.1095486807
0.1122223614
0.1145992302
0.1162554438
0.1164669662
0.1140140268
0.1070682311
0.0926564307
0.06681664275
0.02399904723
-0.03770487172
-0.09453246451
-0.1531420988
-0.202098468
-0.2291074191
0.09328604921
0.09347912224
0.09395879303
0.09473554352
0.09579671103
0.09715119211
0.09882583531
0.1008515033
0.103258549
0.1060759877
0.1093300972
0.1130355087
0.117173853
0.1216920281
0.1264238067
0.1310804526
0.1350265746
0.1371175569
0.1352217948
0.1253812385
0.101110508
0.05068165069
-0.01988678291
-0.1184509269
-0.2213234211
-0.2694317846
-0.2995438262
-0.3122259802
0.09462432679
0.09484675115
0.09539681533
0.09628940743
0.09751446397
0.09908866435
0.1010521906
0.1034541258
0.1063494032
0.1098017257
0.1138846349
0.1186792686
0.1242671523
0.1307224759
0.1380703782
0.1462668842
0.1549815201
0.1635096608
0.1699580825
0.1709943423
0.1447333765
0.09989319631
-0.000552105652
-0.1386373075
-0.3078950423
-0.4123196699
-0.42417011
-0.4039244743
0.09566496409
0.09591102842
0.09651798091
0.0975044023
0.09886300446
0.1006173673
0.1028194766
0.1055350123
0.1088418431
0.1128363925
0.1176394307
0.1234006689
0.1303036846
0.1385730189
0.1484732848
0.1603065613
0.1743072305
0.1906189008
0.2084866701
0.226058632
0.2134167578
0.1684218243
0.0727411603
-0.1834148378
-0.5654384269
-0.6533849943
-0.5386911662
-0.4633511826
0.0963768994
0.09663976619
0.09728671672
0.09833952013
0.09979290629
0.1016756492
0.1040486721
0.106990398
0.1105966414
0.1149898878
0.1203294472
0.1268225966
0.1347405299
0.1444441403
0.1564156616
0.1713129991
0.1899674891
0.2135840042
0.2430905809
0.2614978085
0.2918381188
0.2831866461
0.2253996733
-0.1447958594
-0.4539937682
0.09673855559
0.09701012437
0.09767819845
0.09876555865
0.1002683031
0.1022180995
0.1046807074
0.1077415105
0.111506257
0.1161120234
0.1217399896
0.1286307248
0.1371070996
0.1476125864
0.1607640119
0.1774520793
0.1988997202
0.2270889263
0.2640796013
0.2999195072
0.3403773581
0.4198353522
0.4768298478
-0.4590358675
-0.2260855396
-0.1834625824
-0.4589824899
-0.2261125164
-0.6434023976
-0.5653840493
-0.643358761
-0.5554106579
-0.6533335118
-0.555422813
-0.4770693688
-0.4704659534
-0.5386547197
-0.4769547096
-0.4703223037
-0.0323247934
0.4067979467
0.2253550003
-0.03233024388
0.4067779426
-0.1448042381
-0.464886315
-0.4649868542
-0.4542852633
0.5852245139
0.4768503289
0.5851936208
-0.3954077471
-0.4760103835
-0.5802017465
-0.3078003296
-0.3953618488
-0.4758573015
-0.5801691887
-0.4267525459
-0.5933135579
-0.5396608128
-0.4122846904
-0.4266820946
-0.5932706205
-0.5397089013
-0.1001720417
0.1755206225
-0.0684397366
0.07271235922
-0.1001789431
0.1754808908
-0.0684709543
-0.582747039
-0.5689951841
-0.5925805541
-0.6400202854
-0.5945665224
-0.6461933567
-0.5878231531
-0.6487201991
-0.6565106458
-0.6256117167
-0.6885288951
-0.6268645076
-0.6901536791
-0.6494077651
-0.4612157838
-0.4632999476
-0.4610200391
-0.1455575078
-0.4546570242
-0.4471103472
-0.4608180554
-0.4475025894
-0.4621416933
0.4693708852
0.4682687573
0.5597110673
0.4197767224
0.4694207128
0.4682446433
0.5596905486
0.5054073216
0.4791136296
0.4595535431
0.5241296185
0.4620625972
0.5262231394
0.507133506
-0.3016042506
-0.2315627191
-0.2268239788
-0.24630941
-0.2289555316
-0.2387730277
-0.3028613878
-0.4851497653
-0.4890975939
-0.4457732986
-0.4831271478
-0.4488196037
-0.4780310609
-0.3016102713
-0.2315630646
-0.2268317013
-0.2463151796
-0.2289598755
-0.2387792694
-0.302876829
-0.4851585607
-0.489098521
-0.4458010102
-0.4831319714
-0.4488278829
-0.4780536062
-0.6494440488
-0.6451331261
-0.6286121928
-0.6645754969
-0.6322818993
-0.6629351874
-0.648223199
-0.6650132291
-0.6686775201
-0.5827337059
-0.5689688312
-0.5925201252
-0.6399757539
-0.5945523523
-0.6461779145
-0.5877841869
-0.6494296177
-0.6451198529
-0.6285671288
-0.6645337576
-0.6322685098
-0.6629213306
-0.6481838728
-0.6650031925
-0.6686710037
-0.6199538719
-0.5551142848
-0.5916190461
-0.5553892785
-0.5928804375
-0.5542519227
-0.6175908081
-0.5557503363
-0.5522832381
-0.6487077229
-0.6564937716
-0.6255609799
-0.6884861603
-0.626849458
-0.690138826
-0.6493721022
-0.6199386538
-0.5551103237
-0.5915674651
-0.5553500113
-0.5928653013
-0.5542383138
-0.6175498728
-0.5557275064
-0.5522712517
-0.5089533338
-0.543987754
-0.5045700801
-0.5451493845
-0.5027413274
-0.5090825013
-0.4996633869
-0.470861431
-0.4758443597
-0.4897997843
-0.4755838696
-0.4896715464
-0.4981560312
-0.5089338047
-0.5439335591
-0.5044990569
-0.5451307941
-0.5027173354
-0.5090268557
-0.4996537029
-0.4708487316
-0.4756439747
-0.4897085004
-0.4755654391
-0.4896548759
-0.4980879723
0.155643961
-0.03103958286
0.09872697267
0.0007780834971
0.100391483
-0.006338597177
0.1542890278
0.2360759172
0.1661015861
0.2896561233
0.1675770189
0.2847312531
0.2334511231
0.1556423578
-0.03104774256
0.09873107648
0.0007731046748
0.1003935961
-0.006341978762
0.154286771
0.2360737917
0.1660968752
0.2896477132
0.1675734288
0.2847308966
0.2334466031
-0.1455530576
-0.4639103765
-0.4639195807
-0.4505022546
-0.4481609235
-0.4546870595
-0.4473123295
-0.4608958935
-0.4475266656
-0.4621563142
-0.4505769459
-0.4481846423
0.4394974535
0.4404775267
0.5671312978
0.5877090788
0.5649019695
0.5965012706
0.5678025608
0.5956359629
0.567285027
0.5054036499
0.4791125533
0.4595429078
0.5241072528
0.4620603284
0.5262216274
0.5071221492
0.439497514
0.4404767407
0.5671262463
0.5877021452
0.564876047
0.5964782455
0.5677982369
0.5956292597
0.5672694724
-0.2147642716
-0.1402731128
-0.2392451761
-0.1184605682
-0.2147309459
-0.1403080024
-0.2391940821
-0.2575489786
-0.2743468708
-0.3510175852
-0.2213387552
-0.257520537
-0.2742579377
-0.3509822025
-0.2974636495
-0.3672406699
-0.3880566915
-0.2694154268
-0.2974696064
-0.3672170033
-0.3879890312
-0.3142826082
-0.3882487441
-0.3828634871
-0.2994698346
-0.314241123
-0.3883234717
-0.3828038255
0.01931202341
0.1446474507
0.08254189115
0.09989121998
0.01930472556
0.1446643336
0.08251495946
-0.09628320866
0.05049899408
-0.1001394659
-0.0005670073405
-0.09634878553
0.05048957485
-0.1001897489
-0.2670643966
-0.1702579449
-0.3991581984
-0.1387037492
-0.2668922366
-0.1704072845
-0.3989828427
-0.3904333906
-0.3427947988
-0.3507001146
-0.3061331683
-0.3413265987
-0.3499880969
-0.391009038
-0.4731776167
-0.4223808368
-0.466078303
-0.4118932614
-0.4221194114
-0.465956258
-0.4732563053
-0.4099690582
-0.5239520226
-0.471602136
-0.424252375
-0.4099081672
-0.5239071774
-0.4716464541
-0.4615468482
-0.403992088
-0.4613963294
0.1063238663
0.2500481957
0.2123187853
0.1684709298
0.1063076988
0.2500807571
0.2122592434
0.0514144066
0.02649948469
0.09918348491
0.07825257173
0.02960903219
0.103308472
0.04906701154
-0.294838603
-0.1831690362
-0.2692506301
-0.2015526339
-0.2685396551
-0.201603293
-0.2959444094
-0.5225983218
-0.5393637676
-0.5160970925
-0.5544793028
-0.5160832811
-0.557638721
-0.5224433144
-0.4634657531
-0.459697508
-0.459861799
-0.449307289
-0.4493836385
0.2744643718
0.3266089172
0.3735906144
0.2918402831
0.2744302014
0.3265572414
0.3736732272
0.2582159578
0.3905895455
0.4163411076
0.2831454707
0.2582400258
0.3906727473
0.4163374155
0.2345603997
0.2269096632
0.1715982871
0.2809110235
0.1721831544
0.2820394134
0.233975855
0.3977838117
0.3630040828
0.4373990957
0.3404267959
0.3977182728
0.3629906951
0.4373737642
0.4703023661
0.4396950976
0.4429217666
0.4244968824
0.4422784681
0.4474529726
0.4679424658
-0.4302854198
-0.458493291
-0.3715505692
-0.4946972471
-0.3720747062
-0.4934618016
-0.4277992935
-0.2948582749
-0.1831970833
-0.2693717977
-0.2015539903
-0.2685764294
-0.2016153609
-0.2959971391
-0.4303006997
-0.458474982
-0.3716117305
-0.4947190373
-0.3720958681
-0.4934627613
-0.4278417053
-0.4965200686
-0.4770550288
-0.4936834016
-0.4765400176
-0.493699711
-0.4763328594
-0.4964994768
-0.5225779068
-0.5393490773
-0.5160136044
-0.5544768238
-0.5160602333
-0.5576288483
-0.5223905864
-0.4965063161
-0.4770327892
-0.4936947593
-0.4763650078
-0.4936992847
-0.4763067616
-0.4964336536
0.3101638734
0.4074603192
0.3424651778
0.371531378
0.3434799528
0.3731083235
0.3078497212
0.2345593237
0.2268983633
0.1715834124
0.2809360945
0.1721801359
0.2820457945
0.2339750882
0.3101609796
0.407453025
0.3424420137
0.3715539234
0.3434774098
0.3731116848
0.3078435638
-0.4232432906
-0.3720838697
-0.4490945121
-0.3947172245
-0.3710396831
-0.4487932975
-0.4236985374
-0.4765403976
-0.5222623224
-0.5219453447
-0.4493094405
-0.4046688257
-0.4043975338
-0.4497290939
-0.5802595599
-0.5569726776
-0.5570347549
-0.4844897649
-0.5114383846
-0.5113256299
-0.484802287
-0.3904972739
-0.3061348843
-0.3429170355
-0.3503394613
-0.3413716283
-0.3499429002
-0.3911661553
-0.4232538619
-0.3947044508
-0.3720978565
-0.4490391072
-0.3710487069
-0.4487748682
-0.4237185336
-0.4764906064
-0.5222172247
-0.5219332535
-0.4493329168
-0.4042209179
-0.4042961411
-0.4497837323
-0.5802484001
-0.55694731
-0.557029105
-0.4844942485
-0.5113947276
-0.511310837
-0.4848065237
-0.4724269141
-0.4263493339
-0.4680438361
-0.4264585203
-0.4261497996
-0.4679059739
-0.4725467057
-0.5941660335
-0.5829166783
-0.5833713722
-0.5290786495
-0.5277002928
-0.527906963
-0.5289442179
-0.5398112615
-0.5623173109
-0.5628025006
-0.5202721948
-0.5080762531
-0.5080949709
-0.520173328
-0.4731701014
-0.4118836584
-0.4223664408
-0.466038744
-0.4221143488
-0.4659424672
-0.473235091
-0.4724195625
-0.4264482785
-0.4263442012
-0.468007639
-0.4261424331
-0.4678992838
-0.4725262081
-0.5941511327
-0.5828695976
-0.5833590657
-0.5290685067
-0.5276579614
-0.5278920563
-0.5289113292
-0.5398152569
-0.5622865235
-0.5627918658
-0.5202679996
-0.5080683418
-0.5080921087
-0.5201698639
-0.09903316269
-0.09987333194
-0.09878904533
-0.0169276683
-0.03128813318
-0.02966543275
-0.01816529932
0.1774290422
0.11778128
0.1187181943
0.07937080628
0.1322083166
0.1348501406
0.07781163821
-0.06691378327
-0.0955234797
0.03820836894
-0.09475910447
0.03868564607
0.002499634167
0.001782938487
0.05140627069
0.07824222029
0.02647917255
0.09917958517
0.02960251863
0.1033053168
0.04904646902
-0.0990398461
-0.09991532503
-0.09879474116
-0.01693769672
-0.03131589914
-0.02967246933
-0.01819751197
0.177414079
0.11782752
0.1187315477
0.0793719134
0.1322361282
0.1348582569
0.07781971606
-0.06693272882
-0.09557161021
0.03821849621
-0.09477120665
0.03869035428
0.002489958399
0.001754801847
-0.4617873835
-0.4582167019
-0.4474859196
-0.4582776556
-0.4475633407
-0.4472964967
-0.4474724999
-0.4634602064
-0.4598439347
-0.4598925509
-0.4493153094
-0.4494323576
-0.461775805
-0.4583326716
-0.4475075486
-0.4583073768
-0.4475630971
-0.4473000759
-0.4474646073
0.4704677811
0.5116376607
0.5124639958
0.4929910138
0.4571430306
0.4587229728
0.4916426647
0.4907713699
0.4596670415
0.4990706987
0.4725724339
0.4640588099
0.5013520019
0.4884483812
0.5608970178
0.5434982771
0.5446924962
0.518508738
0.5302173188
0.5316124906
0.5171077885
0.4703026776
0.4244951175
0.4396665721
0.4429484679
0.442278844
0.4474556983
0.4679424024
0.4704703472
0.5116206331
0.5124604297
0.4929914957
0.457144381
0.4587242963
0.4916507273
0.4907684882
0.4725693221
0.4596565353
0.4990632742
0.4640556569
0.5013499438
0.488439475
0.5608909411
0.5434693559
0.54468805
0.5185042457
0.5302048525
0.5316081911
0.5170877314
-0.1224994648
-0.1053450496
-0.1455469441
-0.09449398726
-0.1224963191
-0.1053245654
-0.1455514367
-0.1802253454
-0.1805131039
-0.2131716217
-0.1531185056
-0.1802109932
-0.1804912307
-0.2131565888
-0.2198908214
-0.2383390208
-0.2556123011
-0.2020868862
-0.2198641292
-0.2383287146
-0.2555963932
-0.241629791
-0.2633488487
-0.262352972
-0.2290362215
-0.2414570923
-0.2633203352
-0.2622288852
0.02566376409
0.07188449733
0.03941170209
0.0506714477
0.02566212703
0.07187865333
0.03940512352
-0.05958447535
-0.01143876375
-0.1141559437
-0.01988981366
-0.05959621945
-0.01145424235
-0.1142087223
-0.2342202982
-0.2282261223
-0.2385769524
-0.1713220201
-0.2089287177
-0.1967252907
-0.2502063108
-0.3076559936
-0.2821263922
-0.2975915654
-0.2669443098
-0.2810728556
-0.2951886812
-0.3093232801
-0.3224865051
-0.3079996145
-0.3250838419
-0.2979269195
-0.3077337531
-0.3230100181
-0.3240490887
-0.3776730125
-0.3121673089
-0.3777456114
0.1333160129
0.1779892585
0.1636569526
0.1447212011
0.1333302048
0.1779944888
0.1636832432
-0.005250847458
-0.01564049838
0.01226567891
0.02872672163
-0.009286875312
0.03730085327
-0.01270107994
-0.1948720777
-0.1799592342
-0.1465835831
-0.1295547734
-0.1755156422
-0.1429377508
-0.1974567275
-0.4614391791
-0.4241251265
-0.4615779082
-0.4541526853
-0.420601494
-0.420403985
-0.4541807241
-0.3977108992
-0.4291409539
-0.4042842692
-0.4003129205
-0.4294730244
0.2039647252
0.2510908514
0.2456679848
0.2133733475
0.2039590681
0.2510344339
0.2457167957
0.210329561
0.1346750005
0.2002627192
0.1766397601
0.1890469778
0.2023942806
0.1703887023
0.2794834748
0.2832592932
0.3052912703
0.2615365236
0.2795050771
0.2832624004
0.3052946413
0.3328062203
0.285687378
0.3188319014
0.3075731828
0.2949832235
0.3384518169
0.3252755517
0.3261153833
0.308024214
0.337663639
0.2999232642
0.3261200852
0.3080278588
0.3376656741
0.3993547491
0.3450802045
0.3519716328
0.3485769561
0.3858640836
0.3606395186
0.3588467067
-0.1790150799
-0.1688337257
-0.2258131478
-0.1358990166
-0.1562506645
-0.1623079187
-0.1705605874
-0.141795509
-0.1350168237
-0.1666409207
-0.1075230646
-0.09485355792
-0.1574115688
-0.1507680353
-0.2366490734
-0.1898342865
-0.2191860954
-0.2011430417
-0.2105462133
-0.2013050944
-0.1781795969
-0.1789935807
-0.1358986166
-0.1688311175
-0.2257547693
-0.1562535387
-0.162309325
-0.1705302633
-0.141799322
-0.1075237115
-0.1350289791
-0.1666436877
-0.09485540053
-0.1573967004
-0.1507770739
-0.236624114
-0.1898026944
-0.2191267206
-0.2009981835
-0.2105242892
-0.2012660279
-0.1781513218
-0.2600916066
-0.2418125556
-0.2838045819
-0.253766193
-0.233737192
-0.2801141802
-0.266684087
-0.3042053578
-0.2694623112
-0.3006019875
-0.2664548447
-0.249089177
-0.2372780195
-0.2731906917
-0.3298909766
-0.3497762038
-0.3278177336
-0.2915729747
-0.3142449986
-0.3121872393
-0.2950276264
-0.2342153507
-0.1713259944
-0.2282012361
-0.2385731643
-0.2089192028
-0.1967282491
-0.2501903659
-0.2600885566
-0.2537565503
-0.2418178004
-0.2837876375
-0.2337319273
-0.2801074328
-0.2666796125
-0.2694444256
-0.3042297655
-0.3006127761
-0.2664532589
-0.2490056025
-0.2372538309
-0.2731774372
-0.3497652033
-0.3298957004
-0.3278179747
-0.2915774788
-0.3142270538
-0.3121803076
-0.2950493615
-0.3154287792
-0.2886000191
-0.3229705796
-0.2969173747
-0.2873183568
-0.3215823669
-0.3169190552
-0.3783581759
-0.3664715821
-0.3778770165
-0.3401778405
-0.3295205547
-0.3282286428
-0.3409945706
-0.3847389605
-0.3876399786
-0.3843295524
-0.3478652716
-0.3533139971
-0.3526789236
-0.3485880507
-0.307651959
-0.2669384399
-0.2821433715
-0.2975779336
-0.2810704431
-0.2951829947
-0.3093181523
-0.3154214449
-0.2969069275
-0.288576573
-0.3229723748
-0.2873088531
-0.3215741453
-0.3169046615
-0.3664648332
-0.3783559367
-0.3778742087
-0.3401726988
-0.3295078512
-0.3282226703
-0.3409973672
-0.3876302669
-0.3847114617
-0.3843215274
-0.3478513303
-0.3532739965
-0.3526703509
-0.3485431715
-0.3880417927
-0.355342232
-0.3551095168
-0.3872706331
-0.3544771179
-0.3868368585
-0.3557727951
-0.3541152624
-0.3582625467
-0.3846852859
-0.3816358003
-0.3580720831
-0.383731808
-0.3549297165
-0.3224761526
-0.2979043209
-0.3079965999
-0.3250196048
-0.3077216541
-0.3229928767
-0.3240299753
-0.3880536878
-0.3553330262
-0.3551063708
-0.3872370181
-0.3544775948
-0.3868251916
-0.3557508739
-0.3540973692
-0.3816227549
-0.3582050702
-0.3846726985
-0.3580530282
-0.3837207923
-0.3548907041
0.0750893021
0.05058987442
0.03323647766
0.07230555799
0.06302447834
0.07727147038
0.07370773693
0.1498790987
0.1193560938
0.1098308807
0.1574350323
0.1356361762
0.1701782227
0.09428175023
0.09536980204
0.1054635431
0.06169491753
0.1010492328
0.07653904
0.1325935103
0.08575829741
0.07508577226
0.07230137072
0.05058449435
0.03322923945
0.06302163655
0.07726661208
0.07369952099
0.1498745002
0.1574393065
0.1193671769
0.1098380371
0.1356378238
0.1701742525
0.09428193154
0.09536163653
0.1054597562
0.06168550394
0.1010387145
0.07653497387
0.132589538
0.08575170414
-0.05076312752
-0.04837751466
-0.09701309344
-0.09051905499
-0.06122924121
-0.09523774749
-0.05014387271
0.009431757414
0.05779278028
0.01372445057
0.002209819311
0.03216351648
0.04281286084
-0.002854955703
-0.09909399552
-0.04050271537
-0.03852000529
-0.04476549238
-0.09854498526
-0.09745389833
-0.04654966148
-0.005262279195
0.02871609876
-0.0156675195
0.01224932286
-0.009296137457
0.03729307819
-0.01273099471
-0.05078180124
-0.09054092676
-0.0484261012
-0.09710038825
-0.06124571246
-0.09526931091
-0.05019424381
0.05778954742
0.009419216286
0.0137215726
0.002202887686
0.03215413089
0.04280881252
-0.002872638562
-0.09912191208
-0.04052524298
-0.03853016841
-0.04478439159
-0.09864095233
-0.09749139654
-0.04659161046
-0.3021825098
-0.265952713
-0.3012763211
-0.2492880264
-0.223743161
-0.2223634383
-0.2504480668
-0.1698379668
-0.243348521
-0.2426565028
-0.2173982695
-0.1574025575
-0.1561238803
-0.2185981055
-0.3984471021
-0.3237208352
-0.3235671374
-0.3452802008
-0.3445432284
-0.2825588341
-0.2830280443
-0.1949075005
-0.129575225
-0.1800587141
-0.1467087447
-0.1755252109
-0.1429816631
-0.1976513086
-0.2658991856
-0.3011455863
-0.3010152974
-0.2491824741
-0.2236005574
-0.2223077683
-0.2504263172
-0.1698853806
-0.2435095855
-0.2426983855
-0.2174573268
-0.1575719232
-0.1561833789
-0.2188709157
-0.3983725978
-0.3237905182
-0.3235715002
-0.3446913703
-0.3443495285
-0.2825624949
-0.2836015577
-0.4455605448
-0.415432896
-0.436446722
-0.4096780828
-0.415167587
-0.4364666577
-0.4455455607
-0.5244725234
-0.5063882633
-0.5066884548
-0.4966006466
-0.4968829337
-0.4842515815
-0.4841241746
-0.4717483867
-0.4875808676
-0.4877991463
-0.4709313335
-0.4579987489
-0.4580701307
-0.4708001146
-0.4241392369
-0.4615393292
-0.4615914
-0.4541353575
-0.4205664119
-0.4203908158
-0.4541332281
-0.4455481671
-0.4096682251
-0.4154127842
-0.4364459469
-0.4151549959
-0.4364657845
-0.4455131142
-0.524458108
-0.5063158026
-0.5066672412
-0.4966377756
-0.4968819328
-0.4842390907
-0.4840867115
-0.4717550665
-0.487582029
-0.4877951974
-0.4709212983
-0.4580360107
-0.4580742404
-0.4707781949
-0.4616970595
-0.4497796122
-0.4500430896
-0.4042995386
-0.4291759918
-0.4294783941
-0.4616670773
-0.4497337239
-0.4500309537
0.1345658101
0.1181011389
0.1437839308
0.1802479489
0.1249731104
0.1562938103
0.1562249687
0.226239726
0.2236110023
0.2484623282
0.2742627475
0.238316156
0.2587954168
0.2132027105
0.2158010965
0.1702709253
0.1754096463
0.2064585924
0.2360199152
0.2421600956
0.1966805194
0.2103279598
0.1766415274
0.1346963899
0.200244844
0.1890434705
0.2023869711
0.1703848797
0.1180970484
0.1345970968
0.1437888137
0.1802456699
0.1249798568
0.156290175
0.1562271264
0.2262369341
0.2742657567
0.2236225159
0.2484824902
0.2383120624
0.2587979456
0.2131991191
0.2157907302
0.17028143
0.1754120686
0.2064547264
0.2359990857
0.2421553955
0.1966575846
0.3180837693
0.2854476939
0.3080631222
0.3167802304
0.292457563
0.3420400314
0.3126391078
0.3487902692
0.3089877437
0.3294265968
0.3346641453
0.3182479257
0.3692241777
0.3133924055
0.3838395988
0.348052398
0.3457507431
0.3520910095
0.3584646436
0.374787144
0.3323772505
0.3180821118
0.316782348
0.2854138634
0.3080923811
0.2924517128
0.342044426
0.3126357825
0.3487897048
0.3346582332
0.3090004123
0.3293849361
0.3182482227
0.3692235036
0.3133911459
0.3838525013
0.3480514139
0.3457565076
0.3520943214
0.3584648524
0.374789823
0.3323791502
0.2608073829
0.3090700298
0.3110344358
0.3258749648
0.2774384895
0.281954452
0.3224444316
0.4045292997
0.396436351
0.407912564
0.3706675066
0.3575414393
0.3662363352
0.3661488838
0.4171729635
0.3623362428
0.3637194934
0.4145596347
0.4164173527
0.371334719
0.3689671948
0.3328064011
0.3075715115
0.2856939912
0.3188437933
0.2949865311
0.3384528825
0.3252751927
0.2608088912
0.3090666552
0.311030478
0.3258758335
0.2774623686
0.2819576061
0.3224410854
0.3964478235
0.4046256202
0.4079243189
0.3706618764
0.3575343446
0.3662321132
0.3661351485
0.4171699936
0.3622939331
0.3637102262
0.4146045308
0.4164197211
0.3713279339
0.3689477651
0.4167252794
0.4075991712
0.4266478556
0.4117799887
0.3716534064
0.3959474434
0.3873385106
0.4078592412
0.3594399432
0.3729863595
0.3712509856
0.3679680359
0.4122067611
0.3681469112
0.4304492278
0.4471013875
0.4402777221
0.4228035059
0.4043722736
0.4283542107
0.3985819949
0.3993514127
0.3485817604
0.3451092235
0.3519634656
0.3858614421
0.3606394711
0.3588403433
0.4075959845
0.416723788
0.4266480353
0.4117759595
0.3716114366
0.3959403707
0.387309839
0.4078588933
0.3712515943
0.3594814219
0.3729845502
0.3679715942
0.4122066279
0.3681568203
0.4470960197
0.4304501889
0.4402734307
0.4228030885
0.4043684358
0.4283517555
0.3986056101
-0.1146374906
-0.05715326383
-0.06193137078
-0.04645892933
-0.06557261247
-0.05666776964
-0.06982611305
-0.06194712628
-0.1146727444
-0.05719526209
-0.04647028823
-0.06558555321
-0.05667907343
-0.06985839852
-0.3511847788
-0.3761400079
-0.3508808441
-0.3761520941
-0.3512295486
-0.3508747985
0.2226239749
0.2601989673
0.2906325291
0.2641017491
0.2696807239
0.2445240775
0.232261318
0.2906375672
0.2226653267
0.2602442824
0.2641013879
0.2696780321
0.244520802
0.2322910971
-0.1490744171
-0.1488937956
-0.1481980369
-0.1490922718
-0.1489132828
-0.1482179395
-0.4718525767
-0.4737828621
-0.4760187121
-0.4719146675
-0.473841468
-0.4760795316
-0.6385558614
-0.6405409604
-0.6371981086
-0.6433820245
-0.6478542775
-0.6500930196
-0.6541990909
-0.6552147189
-0.654763888
-0.7221817523
-0.7302832856
-0.7372667576
-0.7189944093
-0.724245817
-0.725485763
-0.6593767174
-0.6629211454
-0.6677538912
-0.1487039509
-0.1479281773
-0.1460745946
-0.4673537079
-0.4689392644
-0.4712818067
-0.464263682
-0.4640270061
-0.4625363713
0.5439293853
0.5483747864
0.549097044
0.5480440644
0.5545580102
0.5596982928
-0.4250346695
-0.4266368544
-0.4283776944
-0.2913104315
-0.2946876887
-0.2959416926
-0.2872218117
-0.2896592332
-0.2882657826
-0.4405860129
-0.4393191233
-0.4408525952
-0.4398923937
-0.436851205
-0.4349161698
-0.7084403233
-0.715275927
-0.7152590343
-0.6771609291
-0.6803989789
-0.6843656209
-0.6716208929
-0.6723143979
-0.6708345537
-0.7108784714
-0.7205362196
-0.7262442605
-0.6385397438
-0.6405241544
-0.6371812794
-0.6433387741
-0.6478089637
-0.6500467704
-0.7084251275
-0.7152606363
-0.7152439241
-0.6771195424
-0.6803572721
-0.6843235529
-0.6716060416
-0.6722994404
-0.6708197632
-0.7108373432
-0.7204944543
-0.7262020972
-0.6421684486
-0.6453382869
-0.6456489549
-0.6454827737
-0.6511804522
-0.6566330288
-0.6541853636
-0.6552008629
-0.6547501399
-0.7221399693
-0.7302410337
-0.7372239649
-0.7189794415
-0.7242307339
-0.7254706513
-0.6593385237
-0.6628822426
-0.667714558
-0.6421539589
-0.6453238742
-0.6456347474
-0.6454434815
-0.6511410298
-0.6565934204
-0.5713895624
-0.5757208478
-0.579031786
-0.5037597757
-0.5063484789
-0.5091177494
-0.4999316592
-0.5005547972
-0.4991544438
-0.5130831238
-0.5160039495
-0.5187564092
-0.5036804843
-0.5062671565
-0.5090318312
-0.4999103555
-0.5005323482
-0.4991307817
0.1579779781
0.1561647882
0.156310298
0.02888213237
0.03342329818
0.03593276518
0.02591722891
0.03053549304
0.03261799
-0.1487090034
-0.1479347009
-0.1460811765
-0.4676612521
-0.4676592491
-0.4660053775
-0.4676672744
-0.467664854
-0.4660107028
0.599334297
0.604304104
0.6054526065
0.6220465923
0.6283934303
0.6341439348
0.6175530824
0.6214521924
0.6222309578
0.6029863903
0.6103248083
0.6163081821
0.5439262106
0.548371673
0.5490940533
0.5480337586
0.5545476568
0.559687958
0.599328904
0.6042987061
0.6054473188
0.6220241221
0.6283705431
0.6341205963
0.617545934
0.6214449415
0.6222237116
0.6029698152
0.6103078908
0.6162910852
-0.4250610098
-0.4266619834
-0.428402364
-0.5537183637
-0.5607096328
-0.5638045668
-0.4405631357
-0.4392953548
-0.4408270225
-0.5537170365
-0.5607113053
-0.5638087468
-0.663529294
-0.6644308445
-0.669106413
-0.6635194687
-0.6644208986
-0.6690976499
-0.5714160085
-0.5757482782
-0.579058939
-0.5639687567
-0.5681748797
-0.5721099661
-0.5639246034
-0.5681327129
-0.5720682879
0.1585091811
0.1573985707
0.1586751224
0.3259991427
0.3323335258
0.3365704972
0.1585034113
0.1573934604
0.1586711819
0.3259909349
0.3323269827
0.3365659846
-0.4566237469
-0.4590279862
-0.461565494
-0.4489962421
-0.4504872203
-0.4530429407
-0.4490254238
-0.4505173162
-0.4530726449
0.4438540891
0.4463843944
0.4505543595
0.4438533616
0.446384105
0.450555689
-0.2913038049
-0.2946803345
-0.2959339708
0.02888926503
0.03343085079
0.03594038303
-0.287216847
-0.2896543072
-0.2882606245
0.02592045243
0.03053896686
0.03262148425
-0.5131537949
-0.5160754308
-0.5188290088
-0.5082870194
-0.5090962187
-0.507698322
-0.4206746878
-0.4205032708
-0.4186865626
-0.5490350977
-0.5539731619
-0.5522462026
-0.4398853061
-0.4368434341
-0.4349070295
-0.5490362873
-0.5539750594
-0.5522496767
-0.6620659099
-0.6602842017
-0.6597809915
-0.6620598884
-0.6602791883
-0.6597771903
-0.5653466147
-0.5674337606
-0.5660762973
-0.5653340161
-0.5674212939
-0.5660642143
-0.5608428192
-0.5628135478
-0.5622381092
-0.5608282957
-0.5627993265
-0.5622239642
-0.5082631599
-0.5090725168
-0.5076747659
0.3220471827
0.3272647895
0.3287872787
0.1579741403
0.1561616425
0.1563081295
0.3220444312
0.3272623816
0.3287860927
-0.4674194033
-0.4690081855
-0.4713546615
-0.4642813726
-0.4640453246
-0.4625550758
-0.4566954387
-0.459098892
-0.46163682
-0.4520360911
-0.4526195075
-0.4514529433
-0.4520132489
-0.4525970357
-0.4514308702
-0.4462826232
-0.4459713006
-0.4449204712
-0.4462947989
-0.445983217
-0.4449316699
0.4415249137
0.4422488413
0.4430082917
0.4415235541
0.4422483135
0.4430090867
-0.4206835248
-0.4205118309
-0.4186947709
)
;

boundaryField
{
    inlet
    {
        type            zeroGradient;
    }
    outlet
    {
        type            fixedValue;
        value           nonuniform 0();
    }
    topAndBottom
    {
        type            symmetry;
    }
    frontAndBack
    {
        type            empty;
    }
    cylinder
    {
        type            zeroGradient;
    }
    procBoundary0to1
    {
        type            processor;
        value           nonuniform List<scalar> 
116
(
-0.004670132532
-0.005006075229
-0.00568819901
-0.006736970576
-0.00818752438
-0.0100885279
-0.01250729858
-0.01553442217
-0.01929076254
-0.02393712543
-0.02969054956
-0.03684211199
-0.04579142217
-0.05710021673
-0.07153515417
-0.09040124196
-0.1140422031
-0.1477481981
-0.189218643
-0.2488806684
-0.2488806684
-0.2488806684
-0.2488806684
-0.2488806684
-0.2488806684
-0.3140573297
-0.3547798587
-0.3546648337
-0.4517913196
-0.4519106263
-0.4509718585
-0.4509718585
-0.4497823314
-0.4436902172
-0.4497823314
-0.4435863722
-0.4194127859
-0.4166919961
-0.4402273222
-0.440570041
-0.4458898982
-0.4474797975
-0.4509878944
-0.4509878944
-0.4498546237
-0.4437024367
-0.4498546237
-0.4435979701
-0.4402439304
-0.4406166944
-0.4459147128
-0.4474908782
-0.4194417469
-0.4167012699
-0.4506164766
-0.397721232
-0.4506816558
-0.4518890007
-0.4518890007
-0.4462375655
-0.4517913196
-0.4461684934
-0.4424215582
-0.4425692359
-0.4433982768
-0.4434208553
-0.4519172878
-0.4519172878
-0.4462448574
-0.4519106263
-0.4461916947
-0.4425867844
-0.4425857508
-0.443407094
-0.4434736536
-0.373629987
-0.3140162906
-0.3547618307
-0.3546747187
-0.373669983
-0.4238891089
-0.4238891089
-0.4228683706
-0.390505665
-0.373629987
-0.4228683706
-0.3968304009
-0.4003162404
-0.3729318826
-0.4507662813
-0.4417880368
-0.4414413904
-0.4238966874
-0.4003162404
-0.4228884134
-0.4507917179
-0.441801238
-0.4414493643
-0.3546648337
-0.3729318826
-0.3547798587
-0.3729245072
-0.3546747187
-0.3547618307
-0.3950614933
-0.3947554052
-0.3960296072
-0.3950663059
-0.3947597867
-0.3960336628
-0.3921184199
-0.3902220402
-0.3882465533
-0.3921217447
-0.39022523
-0.3882496898
)
;
    }
    procBoundary0to2
    {
        type            processor;
        value           nonuniform List<scalar> 
75
(
0.09673871685
0.09700993889
0.0976780267
0.09876541979
0.1002681172
0.1022178292
0.1046803164
0.1077409442
0.1115054391
0.1161108457
0.1217382987
0.1286283076
0.1371036993
0.1476080507
0.1607588608
0.1774495712
0.1989099583
0.2271256147
0.2641064331
0.3080206601
0.3630039871
0.4682700754
0.5852300813
0.5851990141
0.5597146997
0.4682453692
0.559693906
0.5877146382
0.5965100541
0.5956445869
0.5877076037
0.5964869596
0.5956378074
0.4374000681
0.3629896618
0.4373739658
0.4990722325
0.4725735427
0.5013533957
0.560900668
0.530219425
0.5316145795
0.472570193
0.4990643825
0.5013511748
0.5608944749
0.530206669
0.5316101608
0.3376608187
0.308022792
0.3376606274
0.3729869917
0.3712505342
0.4122064104
0.4471020156
0.4043729272
0.4283541531
0.3712507379
0.3729841586
0.4122058444
0.4470963228
0.4043681337
0.4283513116
0.6220542128
0.6284010811
0.6341516709
0.6175604046
0.621459478
0.622238244
0.6220315725
0.6283780022
0.6341281287
0.6175531585
0.6214521238
0.622230893
)
;
    }
}


// ************************************************************************* //
