/*--------------------------------*- C++ -*----------------------------------*\
| =========                 |                                                 |
| \\      /  F ield         | OpenFOAM: The Open Source CFD Toolbox           |
|  \\    /   O peration     | Version:                                        |
|   \\  /    A nd           | Website:  www.openfoam.com                      |
|    \\/     M anipulation  |                                                 |
\*---------------------------------------------------------------------------*/
FoamFile
{
    version     2.0;
    format      ascii;
    class       volScalarField;
    location    "7.3";
    object      p;
}
// * * * * * * * * * * * * * * * * * * * * * * * * * * * * * * * * * * * * * //

dimensions      [0 2 -2 0 0 0 0];


internalField   nonuniform List<scalar> 
2429
(
-0.0389627332
-0.04243706858
-0.04543679728
-0.04792696875
-0.04988493778
-0.05130147345
-0.05218090763
-0.0525401689
-0.05240643031
-0.05181579441
-0.0508123317
-0.04944571982
-0.04776906882
-0.04583569966
-0.04369663707
-0.04140427036
-0.03901038554
-0.03656162704
-0.0340986061
-0.0316562864
-0.02926423819
-0.02694659591
-0.02472220703
-0.02260505789
-0.0206048646
-0.01872764669
-0.01697627519
-0.01535103001
-0.01385010597
-0.01247004327
-0.01120612168
-0.01005272205
-0.009003622323
-0.008052224726
-0.007191745431
-0.006415383945
-0.005716459834
-0.005088507423
-0.004525340432
-0.004021101435
-0.003570294573
-0.003167806734
-0.002808877396
-0.002489337749
-0.002205153429
-0.001952406186
-0.001727789898
-0.001528309255
-0.001351277104
-0.001194226811
-0.001054952958
-0.0009314831082
-0.0008220436969
-0.0007250401516
-0.0006390562519
-0.0005628288689
-0.0004952222373
-0.0004352171356
-0.0003819074363
-0.0003344856928
-0.0002922338085
-0.0002545074414
-0.0002207264499
-0.0001903692864
-0.0001629680163
-0.0001380970568
-0.0001153702787
-9.442977592e-05
-7.497340197e-05
-5.662199516e-05
-3.941248092e-05
-2.200760945e-05
-9.78146431e-06
-0.03939944888
-0.04291525588
-0.04594530035
-0.04845410198
-0.05041892498
-0.05183052967
-0.0526938468
-0.05302762451
-0.05285995058
-0.05222832143
-0.05117852159
-0.04976146209
-0.04803224188
-0.04604640191
-0.04385757253
-0.04151971404
-0.03908428675
-0.03659789952
-0.03410166291
-0.0316309436
-0.029215334
-0.02687872378
-0.02463962365
-0.02251163258
-0.02050402135
-0.01862234203
-0.01686901663
-0.01524389751
-0.01374477276
-0.01236781658
-0.01110799629
-0.009959422462
-0.008915633086
-0.007969826328
-0.007115058455
-0.006344407029
-0.005651093307
-0.005028572519
-0.00447060197
-0.00397128777
-0.003525111742
-0.00312694871
-0.00277204534
-0.002456249976
-0.00217536936
-0.001925635901
-0.001703819217
-0.001506830668
-0.001332077225
-0.00117708859
-0.00103967829
-0.0009179026358
-0.0008099752575
-0.0007143202498
-0.0006295474425
-0.0005544059983
-0.0004877737214
-0.0004286424642
-0.0003761158322
-0.0003293955121
-0.000287772794
-0.0002506109848
-0.0002173371827
-0.0001874366119
-0.0001604482691
-0.0001359547552
-0.0001135756156
-9.295949113e-05
-7.380749587e-05
-5.574284454e-05
-3.880548797e-05
-2.166292242e-05
-9.653667694e-06
-0.04028281948
-0.04388109567
-0.04697164991
-0.04951777782
-0.05149639806
-0.05289885955
-0.05372998116
-0.05401175568
-0.05377481778
-0.05305992016
-0.05191624984
-0.05039802179
-0.04856461153
-0.04647481859
-0.04418586589
-0.04175444028
-0.03923321954
-0.03666968207
-0.03410577472
-0.03157730755
-0.02911378943
-0.02673865082
-0.02446970882
-0.02231974151
-0.02029712545
-0.01840647558
-0.01664927929
-0.0150245038
-0.01352912846
-0.01215859902
-0.01090722945
-0.009768556799
-0.008735636282
-0.007801271943
-0.006958199878
-0.006199238316
-0.005517402354
-0.004905993652
-0.004358659121
-0.003869422156
-0.003432711401
-0.003043381693
-0.002696681159
-0.002388422466
-0.002114377337
-0.001870885457
-0.001654735721
-0.001463046778
-0.001293007918
-0.00114226533
-0.001008663688
-0.0008903381651
-0.0007854882632
-0.0006925835257
-0.0006102925608
-0.0005373697677
-0.000472711528
-0.0004153415106
-0.0003643935149
-0.0003190975767
-0.0002787545818
-0.0002427415774
-0.000210499729
-0.0001815269606
-0.0001553720768
-0.0001316325168
-0.0001099515177
-8.998798216e-05
-7.144572825e-05
-5.395662315e-05
-3.756014549e-05
-2.096694282e-05
-9.348366448e-06
-0.04163355561
-0.04535868682
-0.04854218296
-0.0511452471
-0.05314432211
-0.05453259263
-0.05531245025
-0.05551256801
-0.05516765312
-0.05432304536
-0.05303331515
-0.05136003048
-0.04936732111
-0.04711785074
-0.04467531205
-0.04210029444
-0.03944776926
-0.03676694856
-0.03410085063
-0.03148562897
-0.0289504667
-0.02651802623
-0.02420503806
-0.02202297839
-0.0199788003
-0.0180756527
-0.01631359462
-0.01469024958
-0.01320135419
-0.01184122957
-0.01060320225
-0.009479966127
-0.008463867631
-0.00754711685
-0.006721964975
-0.005980848305
-0.005316482268
-0.004721950398
-0.004190732986
-0.003716720088
-0.003294275776
-0.002918264628
-0.002583922213
-0.002286992499
-0.002023247881
-0.001789195603
-0.001581678009
-0.001397735711
-0.001234734567
-0.001090410339
-0.0009625081518
-0.0008492680278
-0.000748975365
-0.0006602030917
-0.0005816243469
-0.0005120013937
-0.000450251808
-0.0003954615394
-0.0003468569852
-0.0003037006935
-0.0002652704269
-0.0002309723314
-0.000200273775
-0.0001726959608
-0.0001477994751
-0.0001251890953
-0.0001045630463
-8.558124148e-05
-6.794810724e-05
-5.131365171e-05
-3.571892442e-05
-1.993872077e-05
-8.892650598e-06
-0.04348722256
-0.0473872934
-0.05069815196
-0.05337806791
-0.05540233712
-0.05676397065
-0.05747389057
-0.05755974957
-0.05706291914
-0.0560356212
-0.05454425266
-0.05265725539
-0.05044216246
-0.04797254858
-0.04531985685
-0.04254876264
-0.03971755148
-0.03687805011
-0.03407457071
-0.03134345751
-0.0287132788
-0.02620550888
-0.02383527486
-0.02161216317
-0.01954109101
-0.01762315781
-0.01585644517
-0.01423671671
-0.012758009
-0.0114131376
-0.01019411907
-0.009092524246
-0.008099752336
-0.007207223595
-0.006406568141
-0.005689732187
-0.005049025334
-0.004477277497
-0.003967763362
-0.003514173332
-0.003110804375
-0.002752596296
-0.002434734496
-0.002152863393
-0.001902831042
-0.001681314188
-0.001485097602
-0.001311366827
-0.001157702664
-0.001021711083
-0.0009014530402
-0.0007947588156
-0.0007004600063
-0.000617248515
-0.0005436645115
-0.0004784390221
-0.0004205706246
-0.0003691861809
-0.0003237214216
-0.0002834141957
-0.0002475518636
-0.0002155275816
-0.0001868626425
-0.0001611203626
-0.000137893215
-0.0001168132257
-9.757336088e-05
-7.985972216e-05
-6.340304059e-05
-4.787869659e-05
-3.332625369e-05
-1.860177416e-05
-8.298159222e-06
-0.04589224775
-0.05002068013
-0.05349652104
-0.05627440881
-0.0583285709
-0.05965349915
-0.06026465877
-0.06019577555
-0.05949396355
-0.05822571023
-0.05647102839
-0.05429863248
-0.05179114769
-0.04903573514
-0.0461109927
-0.04308692694
-0.04002668739
-0.0369853486
-0.03400853395
-0.03113246301
-0.0283846463
-0.02578476324
-0.02334562487
-0.02107421368
-0.01897271096
-0.01703948762
-0.01527002013
-0.01365765909
-0.01219427104
-0.01087076485
-0.009677495721
-0.008604640641
-0.007642439839
-0.006781333158
-0.006012235956
-0.005326504066
-0.004715901117
-0.004173028476
-0.003690910466
-0.003263005003
-0.002883608429
-0.002547703691
-0.00225019013
-0.001986855799
-0.001753935519
-0.001547876698
-0.001365321988
-0.001204104441
-0.00106217254
-0.0009368737473
-0.0008259295743
-0.0007273533916
-0.0006406723766
-0.0005644140148
-0.0004969797024
-0.0004372472405
-0.0003843510559
-0.0003373929281
-0.0002958209643
-0.0002589481103
-0.0002261292907
-0.0001968363562
-0.0001706280616
-0.0001471019513
-0.000125885138
-0.00010663773
-8.906229521e-05
-7.287979284e-05
-5.785280194e-05
-4.368281612e-05
-3.040287331e-05
-1.696741919e-05
-7.571211238e-06
-0.04891415083
-0.05333140627
-0.05701387969
-0.05991200663
-0.06199904529
-0.06327144119
-0.06374872731
-0.06347549575
-0.0625097558
-0.06093703732
-0.05883686745
-0.05629564397
-0.0534177265
-0.05030224277
-0.04703591697
-0.04369654268
-0.04035349052
-0.03706525175
-0.0338785185
-0.03082886871
-0.02794201892
-0.02523503078
-0.02271751849
-0.02039294449
-0.0182598732
-0.01631316347
-0.01454500854
-0.01294574711
-0.01150458095
-0.0102100939
-0.009050604887
-0.008014684861
-0.007091226085
-0.006269447392
-0.005539529183
-0.004892110847
-0.00431829208
-0.003810586583
-0.003361365663
-0.002964172596
-0.002613655595
-0.002304416075
-0.002030426837
-0.001788944809
-0.001576719408
-0.001389588027
-0.001223166715
-0.001077336145
-0.0009495603492
-0.0008369548421
-0.0007374208722
-0.0006493378178
-0.0005717823571
-0.0005034553112
-0.0004430735031
-0.000389649467
-0.0003423694216
-0.0003004734434
-0.000263350276
-0.0002304163242
-0.0002011298908
-0.0001750208766
-0.0001516796595
-0.0001307380633
-0.0001118606518
-9.474418702e-05
-7.911792604e-05
-6.473378256e-05
-5.1377559e-05
-3.878904708e-05
-2.699536815e-05
-1.506376718e-05
-6.724754877e-06
-0.05263899498
-0.05741418567
-0.06134962634
-0.06439135722
-0.06651224725
-0.06771113644
-0.06800728676
-0.06746856695
-0.06616979581
-0.06420848265
-0.06166672096
-0.05866310463
-0.05532457268
-0.05176291057
-0.04807640752
-0.04435319377
-0.04066958828
-0.03708732048
-0.03365359694
-0.03040259943
-0.02735721547
-0.02453069048
-0.02192825585
-0.01954873129
-0.01738602597
-0.01543059267
-0.01367056381
-0.01209256457
-0.01068266524
-0.009426721775
-0.008310572014
-0.007321068641
-0.006445519162
-0.005671679354
-0.004989178858
-0.004387373468
-0.003856922951
-0.00339060119
-0.002978910384
-0.002617415387
-0.00230108762
-0.00202307655
-0.001776480973
-0.001561297784
-0.00137375402
-0.001209045861
-0.001063533068
-0.0009357975245
-0.0008237660518
-0.0007251744409
-0.0006382497667
-0.0005616013371
-0.0004940854643
-0.0004346116963
-0.0003821559598
-0.0003358329004
-0.0002948922283
-0.0002586802268
-0.0002266108564
-0.000198175164
-0.0001729137051
-0.0001504155457
-0.0001303176487
-0.0001122963342
-9.605979916e-05
-8.134527195e-05
-6.791743757e-05
-5.555941617e-05
-4.408943293e-05
-3.328106814e-05
-2.31601622e-05
-1.292177384e-05
-5.772450531e-06
-0.05717810172
-0.06239083082
-0.06663072184
-0.06983963014
-0.07199142642
-0.07309744827
-0.07314618924
-0.07227512227
-0.07056090243
-0.06808970279
-0.06499013272
-0.0614157083
-0.05751053927
-0.05340264663
-0.04920696892
-0.04502421816
-0.04093783963
-0.03701239794
-0.03329474763
-0.02981635772
-0.02659575398
-0.02364078873
-0.02095080963
-0.01851858336
-0.01633207069
-0.01437633907
-0.01263460251
-0.01108891619
-0.009721862698
-0.008516093217
-0.007454450669
-0.006522252621
-0.005704428075
-0.004987414405
-0.004360711747
-0.003810924151
-0.003330820595
-0.002912635663
-0.002544905916
-0.002225861867
-0.001949566439
-0.001708550167
-0.001496893607
-0.001312406045
-0.001151742616
-0.001011156415
-0.0008877541698
-0.0007795509709
-0.0006847809947
-0.0006016922573
-0.0005287326919
-0.0004646120804
-0.000408240742
-0.0003586758934
-0.0003150578845
-0.0002766191983
-0.0002427025995
-0.0002127437638
-0.0001862443562
-0.0001627715575
-0.0001419412747
-0.000123410339
-0.0001068734953
-9.205826721e-05
-7.872029885e-05
-6.66405022e-05
-5.562395484e-05
-4.549221624e-05
-3.609363981e-05
-2.724012802e-05
-1.895313585e-05
-1.057142522e-05
-4.727659701e-06
-0.06267509233
-0.06841712881
-0.0730181069
-0.07641459669
-0.07857493367
-0.07950533478
-0.07931234142
-0.07802794639
-0.07575621408
-0.07263733376
-0.06884985865
-0.06457293339
-0.05997223842
-0.05520046766
-0.05039388495
-0.04566720726
-0.04111089834
-0.03679143676
-0.03275381895
-0.02902478779
-0.02561633385
-0.02252881783
-0.01975384065
-0.01727632292
-0.01507659553
-0.01313338273
-0.01142399565
-0.009924860681
-0.008615078592
-0.007472893062
-0.006477994909
-0.005614722883
-0.00486375252
-0.004213637201
-0.003652604291
-0.003163488528
-0.002743437218
-0.002383459808
-0.002071464805
-0.00180198439
-0.001569543417
-0.001368320689
-0.001193628647
-0.001041968552
-0.0009104239547
-0.000796135064
-0.0006966042132
-0.0006098217236
-0.000534160927
-0.0004681460922
-0.0004104457518
-0.0003599354345
-0.0003156799767
-0.0002768821007
-0.0002428334558
-0.0002129068384
-0.0001865631071
-0.0001633415394
-0.0001428420789
-0.0001247168479
-0.0001086601771
-9.440032204e-05
-8.169473297e-05
-7.032691093e-05
-6.010417198e-05
-5.08554773e-05
-4.242963915e-05
-3.468848869e-05
-2.751417381e-05
-2.076043211e-05
-1.444034205e-05
-8.050123019e-06
-3.6067303e-06
-0.06931600616
-0.07569281714
-0.08071789646
-0.0843263252
-0.0864941542
-0.08726034169
-0.08667574692
-0.08483594096
-0.08185708271
-0.07793666523
-0.07329753689
-0.06815149878
-0.06269871481
-0.05712487884
-0.05159090307
-0.04622634111
-0.04112822625
-0.03636330864
-0.03197211361
-0.02797363889
-0.0243704236
-0.02115259189
-0.01830176438
-0.01579279168
-0.01359605785
-0.01168320962
-0.01002390926
-0.008588200431
-0.007352181507
-0.006286962191
-0.005373538857
-0.004593797167
-0.003922359859
-0.003353229331
-0.002872251386
-0.002461222784
-0.002111574694
-0.001814740338
-0.001561491183
-0.001345089217
-0.001160383412
-0.001002596251
-0.0008675871569
-0.0007516776713
-0.0006521733109
-0.0005666587776
-0.0004929630484
-0.0004292925833
-0.0003742119456
-0.0003265004699
-0.0002850919367
-0.0002490830308
-0.0002177225067
-0.0001903764466
-0.0001664958285
-0.0001456028801
-0.000127288644
-0.0001112063341
-9.705966094e-05
-8.459329577e-05
-7.358458891e-05
-6.38366129e-05
-5.517409333e-05
-4.744162645e-05
-4.05026133e-05
-3.423741388e-05
-2.85410293e-05
-2.331761446e-05
-1.848506403e-05
-1.394048632e-05
-9.691596254e-06
-5.397029247e-06
-2.426524979e-06
-0.07733962463
-0.08447109297
-0.08998876951
-0.09382600455
-0.09597160621
-0.096490196
-0.09544039518
-0.09288120502
-0.08900846238
-0.08408745672
-0.07838651416
-0.07216440901
-0.06567032564
-0.059130859
-0.05273496656
-0.04662779748
-0.04091164849
-0.03565087743
-0.0308772373
-0.02659753058
-0.022800873
-0.01946329456
-0.01655342339
-0.01403349588
-0.01186161083
-0.0100015273
-0.008411542266
-0.007061173453
-0.005921344272
-0.004952005296
-0.004140893262
-0.003466359971
-0.002900465587
-0.002428212872
-0.002035393066
-0.001707524513
-0.001433849023
-0.00120595897
-0.00101615817
-0.0008578165262
-0.0007257174021
-0.000615451026
-0.0005232345215
-0.000445848872
-0.000380769637
-0.0003259697733
-0.0002796818742
-0.0002404437916
-0.0002070932611
-0.000178684698
-0.0001544233559
-0.00013364463
-0.0001158020636
-0.0001004451344
-8.719577192e-05
-7.573389977e-05
-6.579097106e-05
-5.714397002e-05
-4.960701634e-05
-4.302308105e-05
-3.725708206e-05
-3.21908695e-05
-2.772060276e-05
-2.375589647e-05
-2.021923907e-05
-1.704438855e-05
-1.417403263e-05
-1.155592836e-05
-9.145212011e-06
-6.887453458e-06
-4.782752014e-06
-2.653263203e-06
-1.204831181e-06
-0.08705682344
-0.09507217573
-0.1011510335
-0.1052433139
-0.1073677507
-0.1075480559
-0.1058531246
-0.1023758054
-0.09738226427
-0.09120474591
-0.08417487764
-0.07662053129
-0.0688557908
-0.06115674795
-0.05374467621
-0.04677976524
-0.04036602718
-0.03456187095
-0.02938400705
-0.02482120074
-0.02084387338
-0.01740808877
-0.01446353246
-0.01195620217
-0.009839421619
-0.008064411842
-0.006571582574
-0.005338364449
-0.004328005037
-0.003491903314
-0.002806848493
-0.00225166203
-0.001801052211
-0.00143530571
-0.001140123457
-0.0009030864017
-0.000713288916
-0.0005619358121
-0.0004417059531
-0.0003464208156
-0.0002711126875
-0.0002117994698
-0.0001651267929
-0.0001284666316
-9.971188125e-05
-7.722348668e-05
-5.965801168e-05
-4.593756597e-05
-3.522849278e-05
-2.688677529e-05
-2.040303467e-05
-1.537185203e-05
-1.14751297e-05
-8.4653979e-06
-6.148724204e-06
-4.372004043e-06
-3.015432605e-06
-1.986910836e-06
-1.215996435e-06
-6.479543991e-07
-2.389649681e-07
4.693414515e-08
2.391090195e-07
3.605270649e-07
4.28015237e-07
4.534180755e-07
4.454455217e-07
4.113172486e-07
3.571222787e-07
2.885379804e-07
2.143242009e-07
1.388467012e-07
3.80568676e-08
-0.0988758269
-0.1079082189
-0.1146077152
-0.1189623889
-0.1210393399
-0.120791989
-0.1182507489
-0.1136033508
-0.1071951309
-0.09942827705
-0.09072583894
-0.08151587523
-0.07219685938
-0.06310407961
-0.05449802716
-0.04655070336
-0.03935980359
-0.03297062458
-0.02737800555
-0.02254519658
-0.01841718343
-0.01492441911
-0.0119886618
-0.009531261618
-0.00751530875
-0.005873339132
-0.004533821774
-0.003456630695
-0.002599048678
-0.001909970858
-0.001365885041
-0.0009462696439
-0.0006243024319
-0.0003780568086
-0.0001927338812
-5.646974137e-05
4.132411942e-05
0.0001093953291
0.0001546519883
0.0001826030873
0.00019762606
0.00020312586
0.0002019475603
0.000196030035
0.000186954178
0.0001759162672
0.0001638036963
0.0001512628107
0.000138747035
0.0001265620142
0.0001149085728
0.0001039134133
9.364752256e-05
8.413962713e-05
7.538847844e-05
6.73729508e-05
6.005873195e-05
5.34026559e-05
4.735620376e-05
4.186873301e-05
3.688992412e-05
3.237111688e-05
2.82655018e-05
2.452766366e-05
2.111335304e-05
1.797982864e-05
1.508683084e-05
1.239598003e-05
9.873821367e-06
7.473863653e-06
5.220940945e-06
2.93604802e-06
1.282988011e-06
-0.1133198688
-0.1234906319
-0.1308745666
-0.1355452856
-0.1374860339
-0.1366498178
-0.1330456262
-0.1269296776
-0.1187262056
-0.1089390898
-0.09812604323
-0.08685565926
-0.07563380367
-0.06486493077
-0.05485588242
-0.04578815038
-0.03774340482
-0.03073887023
-0.02473913107
-0.01966925226
-0.01543757167
-0.0119417256
-0.00907968564
-0.006757426247
-0.004905026953
-0.003433071391
-0.002278073044
-0.001389364687
-0.0007127299105
-0.0001947408457
0.0001823970378
0.0004442018893
0.0006203793353
0.0007329714431
0.000796577911
0.0008226318795
0.0008210454527
0.000799908352
0.0007654069329
0.0007222370702
0.0006739952937
0.0006233728706
0.0005725629812
0.0005227250151
0.0004748312449
0.0004295441451
0.0003872382291
0.0003480835771
0.000312111276
0.0002792553125
0.0002493854112
0.0002223327619
0.0001979067041
0.0001759054522
0.000156124608
0.0001383640389
0.000122432223
0.0001081481564
9.534207615e-05
8.385592456e-05
7.354367769e-05
6.427120643e-05
5.591543154e-05
4.836302285e-05
4.150928914e-05
3.525738406e-05
2.951834431e-05
2.420854686e-05
1.925695162e-05
1.4575161e-05
1.015855242e-05
5.692991825e-06
2.509746198e-06
-0.1310573417
-0.1424342659
-0.1505247288
-0.1555409308
-0.1573309575
-0.1557430796
-0.1508113609
-0.1428332296
-0.1323089363
-0.119911466
-0.1064011205
-0.09254182349
-0.0789798661
-0.0662051339
-0.05456826364
-0.04425025956
-0.03529889215
-0.02768515723
-0.02132004282
-0.01607513527
-0.01181346945
-0.008387811771
-0.005674188697
-0.003558039738
-0.001929227673
-0.0006811202503
0.0002377183715
0.0008904834361
0.001341328063
0.001642041691
0.001820925205
0.001904623047
0.001919261977
0.00188496185
0.001815960775
0.001723176012
0.001615506122
0.001499942574
0.0013816517
0.001264335273
0.001150633799
0.001042393647
0.0009408243294
0.0008463638683
0.000759266579
0.0006795499116
0.0006070153828
0.0005413198501
0.0004820392011
0.0004287073713
0.0003808422989
0.0003379652945
0.0002996136714
0.0002653479658
0.0002347564918
0.0002074582348
0.0001831036011
0.0001613730805
0.0001419750402
0.0001246437335
0.0001091377583
9.523849895e-05
8.274809917e-05
7.148694041e-05
6.129131327e-05
5.201129656e-05
4.350995685e-05
3.565871009e-05
2.834682571e-05
2.143563985e-05
1.493749743e-05
8.362207519e-06
3.698003366e-06
-0.1530638594
-0.1655717833
-0.1744080859
-0.1797222265
-0.1812889904
-0.178894497
-0.1723867805
-0.1620684091
-0.1485429333
-0.132750714
-0.1157584665
-0.09860642389
-0.08213282846
-0.0669361197
-0.05341084153
-0.04171409838
-0.03181827836
-0.02361317284
-0.0169454812
-0.01162288925
-0.007441524286
-0.004193594094
-0.001731743114
8.993855848e-05
0.00140805431
0.002337631947
0.002953772893
0.003325877872
0.003516274271
0.003573586268
0.003532198494
0.003418827186
0.003256200629
0.003062458349
0.002851046817
0.002631895497
0.002412495039
0.002198375639
0.001993368129
0.001799933474
0.001619553877
0.001453077018
0.001300473747
0.00116142109
0.001035382559
0.0009216455897
0.0008193774403
0.0007276832062
0.0006456550992
0.000572404363
0.0005070812613
0.0004488878559
0.0003970846946
0.0003509928985
0.0003099937681
0.0002735267782
0.0002410858975
0.0002122146691
0.0001865011887
0.0001635739639
0.000143098633
0.0001247748798
0.0001083328819
9.352932089e-05
8.014358564e-05
6.797435929e-05
5.683850065e-05
4.656385728e-05
3.70020862e-05
2.796752305e-05
1.948479245e-05
1.090142583e-05
4.828695289e-06
-0.1804517137
-0.1937634153
-0.2032391487
-0.2090194074
-0.2100433176
-0.2070061781
-0.1985459546
-0.1851743431
-0.1677202683
-0.1475038732
-0.1260126498
-0.1047048078
-0.08468637462
-0.06664191651
-0.05096418736
-0.03777990077
-0.02696775144
-0.01829213881
-0.0114623263
-0.006217211445
-0.002275091851
0.0006323461084
0.002710530708
0.004135879784
0.005059623524
0.005604120357
0.005862140351
0.005907131294
0.005798933416
0.005584421462
0.005298749609
0.004967963115
0.004612314835
0.004247563861
0.003885301642
0.003533673938
0.003198294912
0.002882867671
0.002589546486
0.002319266252
0.002072134189
0.001847791431
0.001644879592
0.001462120482
0.001298140653
0.001151446937
0.001020518757
0.000903871934
0.0008000921208
0.000707853958
0.0006259328018
0.0005532097666
0.0004886707113
0.0004314014367
0.0003805810186
0.0003354741936
0.0002954229846
0.0002598382348
0.0002281920312
0.0002000115565
0.0001748739917
0.0001524016708
0.0001322567539
0.0001141357373
9.776401343e-05
8.289128061e-05
6.929042454e-05
5.674692597e-05
4.507956201e-05
3.406516369e-05
2.37289437e-05
1.327013114e-05
5.883692581e-06
-0.2142583596
-0.2280142833
-0.2379468657
-0.2444441677
-0.2476713705
-0.2429141006
-0.2320161288
-0.2144878836
-0.1915149335
-0.1651693815
-0.1376285306
-0.1108479193
-0.08631188031
-0.06484466395
-0.04677536991
-0.03204923692
-0.02041746623
-0.0114589065
-0.004708701902
0.0002363777195
0.00374734993
0.006147896868
0.007697616123
0.008603407234
0.009031390349
0.009112592438
0.008947420698
0.008611521788
0.008162776861
0.007645300189
0.007091698359
0.006525433227
0.005963577907
0.005418607221
0.004899223508
0.004411044431
0.003957343693
0.003539633734
0.003158055372
0.002811724172
0.002499155229
0.002218527524
0.001967083436
0.001742483691
0.001542412698
0.001364548491
0.001206652043
0.001066627071
0.0009425405264
0.0008326280509
0.000735294226
0.0006491071607
0.0005727878475
0.0005051968721
0.0004453206187
0.0003922577258
0.0003452061837
0.0003034515981
0.0002663572104
0.0002333557315
0.0002039422907
0.0001776676384
0.0001541308488
0.0001329724262
0.0001138685711
9.652280967e-05
8.066449179e-05
6.604525539e-05
5.245592894e-05
3.963341943e-05
2.760236403e-05
1.543082874e-05
6.846409941e-06
-0.2564291698
-0.2688698045
-0.2809307905
-0.2860312676
-0.2870239006
-0.2852509469
-0.2727942681
-0.2501900093
-0.2200669354
-0.1856785206
-0.150211634
-0.1165016373
-0.08639614869
-0.06094263428
-0.04031187603
-0.02415625151
-0.01192317514
-0.002937225051
0.003460574391
0.007840119984
0.01067969133
0.01237008525
0.01321925083
0.01346352444
0.01328327179
0.01281501488
0.01216007586
0.01139217649
0.01056485396
0.00971684695
0.008875529676
0.008059650783
0.007281816669
0.006550314103
0.005870174751
0.005243865678
0.004671860487
0.00415310598
0.003685386137
0.003265750835
0.002890885418
0.002556901155
0.00225995725
0.001996485782
0.001763109401
0.001556640433
0.001374115176
0.001212825671
0.00107032709
0.0009444301092
0.0008331866487
0.0007348708964
0.0006479571963
0.0005710974396
0.0005030999014
0.000442910078
0.0003895936783
0.0003423218962
0.0003003591428
0.0002630527508
0.0002298236791
0.0002001579438
0.0001735978346
0.0001497329359
0.0001281942573
0.000108644758
9.077717072e-05
7.43132209e-05
5.901530664e-05
4.458199276e-05
3.104328423e-05
1.735012019e-05
7.70192632e-06
-0.300219128
-0.3312104271
-0.3429654569
-0.3479481742
-0.3420519203
-0.325181668
-0.2958060667
-0.2554638926
-0.2097058777
-0.1634122958
-0.1207503897
-0.08395552276
-0.05401416404
-0.03076411965
-0.01341910261
-0.0009678594927
0.00761625039
0.01324977763
0.0166922782
0.01854523008
0.01927210834
0.01922181284
0.018651333
0.01774747289
0.01664459727
0.01543778233
0.01419295886
0.01295511468
0.0117544292
0.01061048796
0.009535304768
0.008535653229
0.007614756182
0.006773332185
0.006010189076
0.005322596584
0.004706579965
0.004157220595
0.00366916929
0.003236924543
0.0028544686
0.002516529866
0.002218314373
0.001955379046
0.001723662279
0.001519490288
0.001339572048
0.001180984639
0.001041148642
0.0009177968027
0.0008089396594
0.0007128313038
0.0006279377325
0.0005529089112
0.0004865546421
0.0004278239498
0.0003757874942
0.0003296230823
0.0002886038539
0.0002520866526
0.0002195003472
0.0001903366048
0.0001641419325
0.0001405051315
0.0001190564141
9.946548754e-05
8.141857061e-05
6.464923765e-05
4.883070795e-05
3.399764628e-05
1.899800216e-05
8.436650755e-06
-0.3264810602
-0.3371781638
-0.3800891154
-0.3889531812
-0.3892865317
-0.3744137831
-0.3407297524
-0.2908079584
-0.2331571548
-0.1751945279
-0.1226150913
-0.0784891267
-0.04381141224
-0.01804591122
0.0001552632994
0.01236630057
0.02006127231
0.0244798188
0.02659801275
0.02714921484
0.02666746054
0.0255332159
0.02401238299
0.02228755655
0.02048197423
0.01867699284
0.01692467678
0.01525697973
0.01369233403
0.0122401711
0.01090399444
0.009683534537
0.008576208019
0.007577968156
0.006683661632
0.005887110081
0.005181153522
0.004557847642
0.004009124522
0.00352680223
0.003102691591
0.002729930487
0.00240242567
0.002114708752
0.00186190626
0.001639700442
0.001444286903
0.001272332344
0.001120927732
0.0009875378157
0.0008699516846
0.0007662379671
0.0006747059288
0.0005938722551
0.0005224328938
0.0004592394103
0.0004032788889
0.0003536563213
0.0003095814674
0.000270359294
0.0002353729332
0.0002040697627
0.0001759592852
0.0001506021653
0.0001276003035
0.0001065930721
8.724313235e-05
6.926656132e-05
5.231316555e-05
3.641927795e-05
2.03485991e-05
9.039000215e-06
-0.3379980346
-0.3512842878
-0.3940120471
-0.4051492743
-0.4068233336
-0.3925287699
-0.3571250395
-0.3032278057
-0.2396203234
-0.1750106525
-0.1162466765
-0.06735587233
-0.02968440238
-0.002603837499
0.01560828897
0.02696442586
0.03331595867
0.03618466958
0.03673483265
0.03581076254
0.0340013422
0.03170573645
0.02918773338
0.02661692886
0.02409879571
0.0216959428
0.01944278235
0.01735557184
0.01543922631
0.01369183253
0.01210759796
0.01067880437
0.009396988848
0.008253476942
0.007239349614
0.006345104481
0.005560366222
0.004874095411
0.004275110695
0.003752010216
0.003294712627
0.002894617752
0.002544316201
0.002237401898
0.001968305914
0.001732178347
0.001524804194
0.001342531445
0.001182199226
0.001041067635
0.0009167551246
0.0008071860173
0.0007105470746
0.0006252510518
0.0005499054305
0.0004832860232
0.0004243151914
0.0003720427731
0.0003256281183
0.0002843325616
0.0002475040587
0.0002145638493
0.0001849918838
0.0001583212455
0.0001341305039
0.0001120382444
9.169197198e-05
7.279339834e-05
5.497303387e-05
3.826862872e-05
2.137982482e-05
9.49904251e-06
-0.340515779
-0.3560690944
-0.3834733765
-0.4066957958
-0.4065081754
-0.391212818
-0.3533622356
-0.2970077926
-0.2311530433
-0.1642069774
-0.1034180099
-0.0531107722
-0.01479750416
0.01212861411
0.02956183037
0.03973038993
0.04468398739
0.04610078011
0.04525187743
0.04304429217
0.04009608939
0.03681314311
0.03345247276
0.03016988575
0.027054288
0.02415153973
0.02148056016
0.01904397658
0.01683505405
0.01484218212
0.01305170675
0.01144975312
0.01002319724
0.008759850171
0.007647941298
0.006675314545
0.005828787023
0.005094614959
0.004458465255
0.003906124931
0.003425522725
0.003006547024
0.00264067511
0.002320721328
0.002040575913
0.001795002285
0.001579501442
0.001390208292
0.00122379651
0.001077391662
0.0009484986289
0.0008349442528
0.0007348316726
0.0006465024273
0.0005685037346
0.0004995594521
0.0004385458722
0.0003844736351
0.000336473785
0.0002937771748
0.0002557049584
0.0002216569983
0.0001910948848
0.0001635343582
0.0001385387674
0.0001157138752
9.469481724e-05
7.517311593e-05
5.676709457e-05
3.951574541e-05
2.207534366e-05
9.809635495e-06
-0.3323580271
-0.3494532707
-0.3715106254
-0.389895198
-0.3894364384
-0.3717296696
-0.3342570603
-0.2797117834
-0.2155032798
-0.1502212067
-0.09087916281
-0.04183474455
-0.004522190292
0.02146775689
0.03795891932
0.04718026144
0.0512097889
0.0517537711
0.05010413522
0.04717949056
0.04360083237
0.03977132451
0.03594173275
0.03225968721
0.0288052627
0.02561564094
0.02270176881
0.02005925003
0.01767528035
0.01553325481
0.01361558859
0.01190561086
0.01038820797
0.009049735196
0.007877083699
0.006856555992
0.005973144428
0.005211158948
0.004553883323
0.00398537881
0.003492242176
0.003063337284
0.002689416744
0.002362796174
0.002077034512
0.001826674667
0.00160706491
0.001414227874
0.001244749667
0.001095684856
0.0009644798714
0.0008489130478
0.0007470466013
0.0006571865031
0.0005778484521
0.0005077292845
0.0004456834657
0.0003907040718
0.0003419050112
0.0002985036556
0.0002598091398
0.0002252089556
0.0001941548262
0.0001661525662
0.0001407558506
0.0001175629978
9.620362048e-05
7.636588088e-05
5.766358942e-05
4.013695547e-05
2.242074987e-05
9.96414365e-06
-0.3406693383
-0.3358371838
-0.3406135232
-0.335840287
-0.3302514793
-0.3197322055
-0.3302791435
-0.319722407
-0.3380641947
-0.3401046519
-0.3380008495
-0.3400552602
-0.3461868436
-0.345476019
-0.3316580962
-0.3299509225
-0.3437157123
-0.3228136065
-0.3358950594
-0.3324065895
-0.3436618975
-0.3228102502
-0.3358851601
-0.3404548142
-0.3419224717
-0.3426072806
-0.3404167562
-0.3461976441
-0.3455308738
-0.340467463
-0.3419411673
-0.3426157318
-0.3404526848
-0.3280550174
-0.3303735812
-0.3292367756
-0.3265759188
-0.3292319141
-0.3268230437
-0.3275706071
-0.3213006357
-0.3199048707
-0.3221919159
-0.3180532135
-0.3222973461
-0.3178140688
-0.3214544344
-0.3316794851
-0.3299575067
-0.3280577124
-0.3303775286
-0.3292417551
-0.3265642793
-0.3292361438
-0.3268243727
-0.3275732285
-0.3213019518
-0.3199053091
-0.3221817511
-0.3180484098
-0.3222987501
-0.3178143655
-0.3214540316
-0.3274730535
-0.3375597062
-0.327547857
-0.3376503889
-0.3373915646
-0.3388529684
-0.362762164
-0.3264716906
-0.3374224919
-0.3386424437
-0.3627843414
-0.3433612253
-0.3433163559
-0.3363728914
-0.3402237031
-0.351805521
-0.3378242863
-0.3364343812
-0.3401264534
-0.3518563284
-0.3512275676
-0.3366293688
-0.3471580709
-0.3405748527
-0.3511744088
-0.336644789
-0.3472374252
-0.3713881602
-0.3531898204
-0.3808700777
-0.3560301725
-0.3714078134
-0.3532680101
-0.3808314746
-0.3324440399
-0.3284983902
-0.3285522108
-0.3313138468
-0.3351291475
-0.3350185206
-0.3314098378
-0.3640110285
-0.3420810366
-0.3621793221
-0.3493929851
-0.3640592047
-0.3420697739
-0.3621726138
-0.34197803
-0.3405591419
-0.3421387284
-0.3401514796
-0.3421705049
-0.3402540271
-0.3417399325
-0.3395101921
-0.3360526196
-0.3386121083
-0.3375645903
-0.3385672894
-0.3382208566
-0.3393765823
-0.3419888226
-0.3405606524
-0.3421486389
-0.3401916365
-0.3421798094
-0.3402635089
-0.3417688187
-0.3395185728
-0.3360573744
-0.3386002556
-0.3376015217
-0.3385720528
-0.3382296208
-0.3393986698
-0.3404198252
-0.3393313549
-0.3384663344
-0.337852037
-0.339275109
-0.3384767857
-0.3403997135
-0.3400110813
-0.3417111561
-0.3419853608
-0.3412768205
-0.338820127
-0.3388552656
-0.3412028076
-0.343435542
-0.3433299855
-0.3404251281
-0.3378385882
-0.3393728366
-0.3384739035
-0.3392802377
-0.3384758642
-0.3404187463
-0.3400105942
-0.3418405653
-0.3419965509
-0.3412814368
-0.3388786158
-0.3388602446
-0.3412415809
-0.3350755864
-0.3389146454
-0.3402425134
-0.3430274213
-0.3385995564
-0.3396605412
-0.3353593715
-0.322820756
-0.3248757144
-0.3248539886
-0.3280291069
-0.3263559771
-0.3261921602
-0.3282016461
-0.3320255785
-0.3374278497
-0.3306918249
-0.3351025647
-0.3366975276
-0.3303301098
-0.3323692091
-0.3324482244
-0.3284920902
-0.3285539001
-0.3313177226
-0.3351351195
-0.3350206404
-0.3314216758
-0.3350795032
-0.3430272458
-0.3388917308
-0.3402682789
-0.3386011761
-0.3396661732
-0.335364882
-0.3228221951
-0.3248633717
-0.324855782
-0.328030635
-0.3263579609
-0.3261940577
-0.328196162
-0.3320271738
-0.3351048148
-0.3374272454
-0.330695984
-0.3366985735
-0.330332933
-0.332371043
-0.2994397586
-0.3206506182
-0.2993933202
-0.3206204121
-0.3011069351
-0.3232531469
-0.3384116263
-0.3002285669
-0.3010796808
-0.3232856722
-0.338415806
-0.337685723
-0.3378310645
-0.3536879457
-0.3180067514
-0.339100465
-0.3247013288
-0.3150823662
-0.3372939954
-0.3531546461
-0.3311065351
-0.3602748607
-0.3889474342
-0.3372072699
-0.3310813584
-0.3603066938
-0.3889141053
-0.3380823192
-0.3375793194
-0.3380799529
-0.3402253242
-0.3385795118
-0.3377359112
-0.3404973671
-0.3545448981
-0.3601841592
-0.3895612573
-0.351262255
-0.3545018187
-0.3602460353
-0.3895071565
-0.3405308479
-0.3405877488
-0.3405924172
-0.3426993492
-0.3426044223
-0.3425434623
-0.342743684
-0.3695311951
-0.3578890063
-0.3583666524
-0.3538868296
-0.3552823687
-0.3574638574
-0.3693555631
-0.3808108276
-0.3881348135
-0.4055513555
-0.3835424961
-0.3807549098
-0.3881477463
-0.405548306
-0.3463153474
-0.3479844847
-0.3448674148
-0.3497481235
-0.3562843627
-0.3527541953
-0.3536888601
-0.3753264732
-0.3700106875
-0.3845127347
-0.3715162821
-0.3753231664
-0.3700121362
-0.3845113582
-0.3349853522
-0.3268234593
-0.3354855367
-0.3265433206
-0.3258694975
-0.334439382
-0.3356385967
-0.3429769584
-0.3428013269
-0.3418253315
-0.3419748563
-0.3386122822
-0.3374678672
-0.3385983372
-0.3372771651
-0.3361874132
-0.3356631612
-0.3376335535
-0.3376919733
-0.3298276586
-0.3290440055
-0.3378484084
-0.3349906738
-0.3265465862
-0.3267929189
-0.3355576267
-0.3258539705
-0.3344418324
-0.3356715671
-0.3430007958
-0.342814005
-0.3418346304
-0.3419708249
-0.3374643075
-0.3387432456
-0.3386209695
-0.3373043913
-0.3364196678
-0.3356784382
-0.3377463692
-0.338549518
-0.3362227429
-0.3371252754
-0.3409273893
-0.3360289649
-0.3406950743
-0.3375911858
-0.3348769052
-0.3323845936
-0.3468405074
-0.3634181982
-0.3294995733
-0.3453198765
-0.3366690053
-0.3537069883
-0.3246922064
-0.3180271546
-0.3390056779
-0.3150902282
-0.3372421919
-0.3531795147
-0.33845489
-0.3362845591
-0.3368716378
-0.3410743773
-0.3359023992
-0.3407708708
-0.3377077832
-0.3349177282
-0.3634261522
-0.3324443178
-0.3469240001
-0.3295214412
-0.3453539041
-0.3367676944
-0.3448834267
-0.3398506802
-0.3544319504
-0.3338248947
-0.3380238773
-0.35530316
-0.3456570297
-0.3399438945
-0.3387587739
-0.3385738994
-0.3408950032
-0.3424007307
-0.3422869762
-0.3412433356
-0.3443391209
-0.3501815975
-0.3460348943
-0.3513359449
-0.3492517821
-0.3458415323
-0.3449762342
-0.3375393631
-0.3381365543
-0.3380823007
-0.3402278773
-0.3384396847
-0.3377489604
-0.340482016
-0.344891559
-0.3338277684
-0.3398518761
-0.3544327668
-0.3380401796
-0.3553008573
-0.3456663069
-0.339940803
-0.3387647999
-0.3385758139
-0.3408903795
-0.3423758879
-0.3422862745
-0.3411930669
-0.3443429439
-0.3513421955
-0.350211819
-0.3460697984
-0.349251752
-0.3458472294
-0.3449837098
-0.3463313011
-0.3461745996
-0.3518820134
-0.3502986106
-0.3458197323
-0.3516580966
-0.3464596933
-0.3367240451
-0.3393029804
-0.3392147636
-0.3387866414
-0.3388597102
-0.3413480415
-0.341408103
-0.3422706309
-0.3469223563
-0.3422805834
-0.3447751906
-0.3498471235
-0.3494537446
-0.3449501521
-0.3405393135
-0.340605115
-0.3405974436
-0.3427035239
-0.3426445329
-0.3425472702
-0.3427521979
-0.3463360565
-0.350297827
-0.3461822384
-0.3519071348
-0.3458235477
-0.3516631775
-0.3464704019
-0.3367289582
-0.3392783578
-0.339217131
-0.3388443053
-0.3388662388
-0.3413501244
-0.341414356
-0.3469316006
-0.34236773
-0.3422910242
-0.3447754913
-0.3498518443
-0.3494521337
-0.3449566779
-0.3524498893
-0.3610874244
-0.3556797416
-0.3608955174
-0.3546779305
-0.3587698722
-0.3629059445
-0.3652284336
-0.3731386138
-0.3701352504
-0.3788676228
-0.3703498997
-0.3651664138
-0.3687083311
-0.3695360449
-0.3538900698
-0.3578600545
-0.3584070142
-0.3552836449
-0.3574739008
-0.3693569002
-0.3524603887
-0.3610880885
-0.3556886222
-0.3608954683
-0.3546787042
-0.3587703688
-0.3629074451
-0.365234461
-0.378867346
-0.3731500242
-0.3701005117
-0.3703597194
-0.3651664801
-0.3687119429
-0.3542844412
-0.362891199
-0.3686453021
-0.3597875284
-0.3553175728
-0.366628944
-0.3623250858
-0.3434796134
-0.3402559961
-0.3417905289
-0.3462274139
-0.3496920602
-0.3447644895
-0.3508820069
-0.3495989056
-0.3626015828
-0.3582828674
-0.3589848314
-0.3594101014
-0.3482658005
-0.3592794993
-0.3479843896
-0.34631636
-0.3448697806
-0.3497473237
-0.3562506341
-0.3527505568
-0.3536689738
-0.3542828166
-0.3597937167
-0.3629269187
-0.3686399399
-0.3553202097
-0.3666273544
-0.3623253966
-0.3402560554
-0.3434896009
-0.3417903589
-0.3462302133
-0.3496972249
-0.3447650864
-0.3509104311
-0.3496007365
-0.3589854994
-0.3626407234
-0.3582871084
-0.3594150002
-0.3482667048
-0.3592923612
-0.329180545
-0.328854944
-0.3051196488
-0.3067208773
-0.3292163599
-0.3288488924
-0.3051034713
-0.3067283562
-0.3557099407
-0.3723048108
-0.3584948841
-0.3542897755
-0.3718036239
-0.3573755442
-0.3595777037
-0.3584999312
-0.3557684912
-0.3723563991
-0.3542847309
-0.3717941971
-0.3573600093
-0.359598625
-0.3220699666
-0.3208650056
-0.3193017062
-0.324631751
-0.3247255083
-0.3258550477
-0.3145784151
-0.3128880691
-0.3109827555
-0.3150301026
-0.314666063
-0.3152554998
-0.3121936117
-0.3105229663
-0.3085738478
-0.3174136106
-0.3170247614
-0.3176961781
-0.3220716939
-0.3208666485
-0.319303344
-0.3246332713
-0.3247267037
-0.3258560064
-0.3145788686
-0.3128884428
-0.3109831351
-0.3150256782
-0.3146615123
-0.315250718
-0.3121934376
-0.3105227278
-0.3085736324
-0.3174114689
-0.3170222428
-0.3176934017
)
;

boundaryField
{
    inlet
    {
        type            zeroGradient;
    }
    outlet
    {
        type            fixedValue;
        value           uniform 0;
    }
    topAndBottom
    {
        type            symmetry;
    }
    frontAndBack
    {
        type            empty;
    }
    cylinder
    {
        type            zeroGradient;
    }
    procBoundary1to0
    {
        type            processor;
        value           nonuniform List<scalar> 
116
(
-0.03505930871
-0.03544428672
-0.0362250334
-0.03741812259
-0.03905378011
-0.04117299656
-0.04383134953
-0.04710217029
-0.05108061512
-0.05589056812
-0.06169443975
-0.06870371646
-0.07720279192
-0.08757489191
-0.1003309295
-0.1161759685
-0.1362264401
-0.1618063369
-0.1947272841
-0.2906569816
-0.2360416395
-0.2531489191
-0.2359039479
-0.2530376478
-0.2906097013
-0.2906569816
-0.2906569816
-0.2906569816
-0.3513441864
-0.3512802792
-0.3456122624
-0.3526122081
-0.3451901771
-0.3451901771
-0.351811531
-0.3456122624
-0.3339144802
-0.3303798132
-0.3433409458
-0.3449951119
-0.3420242235
-0.3396364594
-0.3456270906
-0.352623806
-0.3453474765
-0.3453474765
-0.3518782884
-0.3456270906
-0.3433600443
-0.3450558135
-0.3420458229
-0.3396454473
-0.3339337813
-0.3303861079
-0.3504163604
-0.332033888
-0.3502985859
-0.3513104839
-0.3443511998
-0.3443511998
-0.3443751074
-0.3443751074
-0.3463428203
-0.3465838894
-0.3456423895
-0.3456470734
-0.3513025265
-0.344355074
-0.344355074
-0.3444120185
-0.3444120185
-0.3463719178
-0.3465810547
-0.3456423166
-0.3456360002
-0.3232816783
-0.2906097013
-0.2906097013
-0.2906097013
-0.3233427767
-0.3290433802
-0.3404313657
-0.3298092621
-0.3298092621
-0.3298092621
-0.340598217
-0.3290433802
-0.3290433802
-0.3290433802
-0.3503685881
-0.3470312138
-0.3470337389
-0.3404355578
-0.3313790059
-0.3406264692
-0.3503483075
-0.3470225025
-0.3469994083
-0.3076774212
-0.3216429123
-0.3062321912
-0.3216516523
-0.3077170012
-0.3062267575
-0.3339144802
-0.3346846689
-0.3359621046
-0.3339337813
-0.3347031471
-0.3359804157
-0.3303798132
-0.3298794218
-0.328393165
-0.3303861079
-0.3298856256
-0.3283992031
)
;
    }
    procBoundary1to3
    {
        type            processor;
        value           nonuniform List<scalar> 
125
(
-0.3898673816
-0.3893992073
-0.3716894269
-0.3342159007
-0.2796762651
-0.2154763816
-0.1502033457
-0.09086885313
-0.04182892397
-0.004517649712
0.02147144454
0.03796168164
0.04718206725
0.0512103207
0.05175261519
0.05010153791
0.04717547573
0.04359596378
0.03976622083
0.0359367934
0.03225511868
0.02880122769
0.02561214522
0.02269872094
0.02005664778
0.01767312791
0.01553141736
0.01361400961
0.01190422021
0.01038700629
0.009048708922
0.007876205303
0.006855772783
0.005972711557
0.005210971996
0.004553703973
0.003985164127
0.003492023618
0.003063133281
0.002689241483
0.002362658153
0.002076929639
0.001826588686
0.00160698342
0.001414144134
0.001244664667
0.001095602296
0.0009644019015
0.0008488399951
0.0007469793513
0.0006571281105
0.0005778029948
0.0005076987944
0.0004456653268
0.0003906915302
0.0003418899737
0.0002984791789
0.0002597722175
0.0002251615405
0.0001941024662
0.0001661020798
0.000140713039
0.0001175311046
9.618295976e-05
7.635454355e-05
5.765856312e-05
4.013522702e-05
2.242012134e-05
9.963790552e-06
-0.3228129201
-0.3420808132
-0.3700066513
-0.3197319244
-0.3197231064
-0.3358943777
-0.3228117527
-0.3358882105
-0.319903907
-0.3180529981
-0.3178133851
-0.31990473
-0.3180486222
-0.3178138412
-0.3621760932
-0.3420718373
-0.362169614
-0.3228190693
-0.3263547939
-0.3261894545
-0.3306913083
-0.3351003919
-0.3303282432
-0.3228212613
-0.3263606866
-0.3261927473
-0.3351040627
-0.3307004593
-0.3303329976
-0.3845043498
-0.3700080804
-0.3845029204
-0.3402546645
-0.3496914139
-0.3447627716
-0.3582816049
-0.3589808723
-0.3482633997
-0.3402556236
-0.3496977911
-0.3447638833
-0.3589816377
-0.3582864143
-0.3482645651
-0.3150292046
-0.314665044
-0.3152543954
-0.3121922863
-0.3105215256
-0.3085723408
-0.3150255553
-0.3146613518
-0.3152505452
-0.3121924062
-0.3105216276
-0.3085724923
)
;
    }
}


// ************************************************************************* //
