/*--------------------------------*- C++ -*----------------------------------*\
| =========                 |                                                 |
| \\      /  F ield         | OpenFOAM: The Open Source CFD Toolbox           |
|  \\    /   O peration     | Version:                                        |
|   \\  /    A nd           | Website:  www.openfoam.com                      |
|    \\/     M anipulation  |                                                 |
\*---------------------------------------------------------------------------*/
FoamFile
{
    version     2.0;
    format      ascii;
    class       surfaceScalarField;
    location    "0.4";
    object      phi;
}
// * * * * * * * * * * * * * * * * * * * * * * * * * * * * * * * * * * * * * //

dimensions      [0 3 -1 0 0 0 0];
oriented        oriented;


internalField   nonuniform List<scalar> 
5126
(
-5.184073046e-05
-1.368990503e-07
-9.657036887e-05
0.0001485337309
-0.0005109126547
-9.711360035e-05
-7.489223387e-08
0.000608110094
-0.0008157041603
0.003584216704
-0.0003362151879
-1.673179088e-09
-0.0008078387704
-0.0008162000386
-0.0008082548887
0.01679479359
-0.001342010477
-0.003848849915
-0.003877620634
-0.003848789165
-0.003877559248
0.0176661499
-0.0008713877915
0.01824617685
-0.0005800460091
0.01865276527
-0.0004066056921
0.01895369145
-0.000300941271
0.01918272212
-0.0002290409357
0.01935943222
-0.0001767168567
0.01949745455
-0.0001380268419
0.01960671398
-0.0001092620377
0.01969432441
-8.761151978e-05
0.01976537169
-7.104725823e-05
0.01982354724
-5.817404516e-05
0.01987158528
-4.80352399e-05
0.01991174601
-4.015716294e-05
0.01994460947
-3.285894878e-05
0.01997220883
-2.759437379e-05
0.01999550022
-2.328706143e-05
0.02001523987
-1.973679809e-05
0.02003203264
-1.679128783e-05
0.02004636647
-1.433310668e-05
0.02005863779
-1.227076707e-05
0.02006917097
-1.053257767e-05
0.02007823239
-9.060776417e-06
0.02008604312
-7.81004516e-06
0.02009278787
-6.743881875e-06
0.02009862132
-5.83229258e-06
0.02010367352
-5.050800752e-06
0.0201080542
-4.379133838e-06
0.02011185638
-3.800582653e-06
0.02011515933
-3.301364289e-06
0.0201180308
-2.86991022e-06
0.02012052889
-2.496541709e-06
0.02012270347
-2.173047833e-06
0.02012240645
2.988136991e-07
0.02012055427
1.854600254e-06
0.02011844118
2.115340761e-06
0.0201160992
2.344006843e-06
0.0201135564
2.544680093e-06
0.02011083731
2.720912787e-06
0.02010796329
2.875812562e-06
0.02010495303
3.012012323e-06
0.02010182294
3.131798418e-06
0.0200985874
3.237195298e-06
0.02009525906
3.329946576e-06
0.02009184897
3.411634808e-06
0.0200883669
3.483569029e-06
0.02008482138
3.546974064e-06
0.02008121994
3.602847027e-06
0.02007756919
3.652123898e-06
0.02007387494
3.695589942e-06
0.02007014231
3.733946185e-06
0.02006637579
3.767799808e-06
0.02006257933
3.797712575e-06
0.0200587564
3.824140066e-06
0.02005491005
3.847522231e-06
0.02005104297
3.868222423e-06
0.02004715752
3.886562654e-06
0.02004325577
3.902856274e-06
0.02003933953
3.917340586e-06
0.02003541036
3.930261207e-06
0.02003146964
3.94179813e-06
0.02002751855
3.952141749e-06
0.02002355812
3.96146723e-06
0.02001958922
3.969905734e-06
0.02001561259
3.977613255e-06
0.02001162891
3.984676254e-06
0.02000763743
3.992454305e-06
0.02000362708
4.011337924e-06
3.990141395e-06
-0.0003627850342
0.0004260544197
-1.366318645e-07
-0.000535071261
0.0004719385097
0.0003455468851
-0.0006973354479
4.045319607e-07
0.0007518265083
-0.0004004424778
-0.0008898776377
0.0006296223364
0.003807852318
-0.0008406813882
-3.998377897e-09
-0.000888679239
-0.0008965750355
-0.000921657362
0.01717338169
-0.002282691535
-0.003995198156
-0.004120437683
-0.003995783609
-0.004121281184
0.01780244967
-0.001500455775
0.0182677572
-0.001045353547
0.01861283195
-0.0007516804346
0.01887957233
-0.0005676816477
0.01908678846
-0.0004362570749
0.01924975832
-0.0003396867142
0.01937936223
-0.0002676307603
0.01948360614
-0.0002135059447
0.01956835751
-0.0001723628981
0.0196379385
-0.0001406282477
0.01969555402
-0.0001157895708
0.01974361994
-9.610115391e-05
0.01978378469
-8.032189385e-05
0.01981847557
-6.754982116e-05
0.01984799997
-5.711875974e-05
0.01987324083
-4.852791221e-05
0.01989490395
-4.13999168e-05
0.01991355979
-3.54471246e-05
0.0199296738
-3.044712185e-05
0.01994362854
-2.622550613e-05
0.01995614316
-2.304719388e-05
0.01996607913
-1.899674658e-05
0.01997469893
-1.642985194e-05
0.01998218803
-1.423298712e-05
0.01998870322
-1.234749275e-05
0.01999437757
-1.072514756e-05
0.01999932449
-9.326051706e-06
0.02000364095
-8.117044925e-06
0.02000741014
-7.070542021e-06
0.02001070335
-6.163109848e-06
0.02001358213
-5.375301951e-06
0.02001578665
-4.377553786e-06
0.02001596901
1.164653435e-07
0.02001711967
7.039514927e-07
0.02001801626
1.218767953e-06
0.02001868979
1.670485149e-06
0.02001916715
2.067323847e-06
0.02001947223
2.415831313e-06
0.02001962597
2.722080957e-06
0.02001964664
2.991339115e-06
0.02001955024
3.228201603e-06
0.02001935078
3.43665944e-06
0.02001906054
3.620194829e-06
0.02001869035
3.781821815e-06
0.02001824969
3.924231603e-06
0.02001774695
4.049716038e-06
0.02001718943
4.160368802e-06
0.02001658361
4.257952158e-06
0.02001593517
4.344029023e-06
0.02001524911
4.420011634e-06
0.02001452982
4.487096803e-06
0.02001378117
4.546366146e-06
0.02001300656
4.598753583e-06
0.02001220898
4.645101701e-06
0.02001139106
4.68614639e-06
0.02001055509
4.722529049e-06
0.0200097031
4.754846329e-06
0.02000883687
4.783578144e-06
0.02000795791
4.809215361e-06
0.02000706759
4.832118374e-06
0.02000616706
4.852665961e-06
0.02000525734
4.871182824e-06
0.02000433927
4.88796343e-06
0.02000341361
4.903273893e-06
0.02000248095
4.917335527e-06
0.02000154294
4.930468879e-06
0.0200006104
4.943878563e-06
4.957012207e-06
-0.001063470079
0.0007434384524
8.384947504e-08
-0.0007416774763
0.001061625249
0.0004733106783
-0.001007118315
0.00100218488
-0.0004683232384
-5.400504732e-08
0.01767457069
-0.00385411933
0.0009497586881
0.000762859396
0.0009496594669
0.0007647627812
-0.004215000686
-0.004408461238
-0.004215447088
-0.004408582678
0.01802735806
-0.002635478904
0.018296754
-0.001769851724
0.01856966194
-0.001318261472
0.01878879001
-0.000970808501
0.01898759829
-0.0007664899285
0.01914916839
-0.0005978271656
0.01928381789
-0.000474336217
0.01939424939
-0.0003780622558
0.01948537043
-0.0003046269952
0.01956090372
-0.000247896186
0.0196239123
-0.0002036368301
0.01967678592
-0.0001686631923
0.01972139499
-0.0001407102192
0.01975921701
-0.0001181439068
0.01979142974
-9.976254033e-05
0.01981897683
-8.466584779e-05
0.01984262025
-7.217132472e-05
0.01986297955
-6.175921206e-05
0.01988056228
-5.302985564e-05
0.01989578656
-4.567140395e-05
0.019908999
-3.943794687e-05
0.01992008585
-3.413404628e-05
0.01993069275
-2.960364832e-05
0.01993998369
-2.572079007e-05
0.01994813272
-2.238202675e-05
0.0199552883
-1.950307278e-05
0.01996157772
-1.701456323e-05
0.01996711067
-1.485900578e-05
0.01997198194
-1.298830391e-05
0.01997672689
-1.181548822e-05
0.01998005668
-9.492897417e-06
0.01998297438
-8.292991628e-06
0.0199836251
-5.028268568e-06
0.01998585727
-2.115693652e-06
0.01998781004
-1.248821846e-06
0.01998951815
-4.893300444e-07
0.01999101167
1.769721521e-07
0.01999231689
7.621017336e-07
0.0199934565
1.276225921e-06
0.01999445015
1.728436436e-06
0.01999531537
2.12611195e-06
0.01999606764
2.475938685e-06
0.01999672047
2.7838266e-06
0.01999728569
3.054973761e-06
0.01999777369
3.293825134e-06
0.01999819363
3.50429928e-06
0.01999855354
3.689801176e-06
0.01999886052
3.853391946e-06
0.01999912081
3.997673666e-06
0.01999933986
4.124985187e-06
0.0199995225
4.237375691e-06
0.01999967299
4.336610548e-06
0.01999979506
4.4243016e-06
0.01999989199
4.501822626e-06
0.01999996666
4.570432586e-06
0.02000002162
4.631187381e-06
0.02000005909
4.685058024e-06
0.02000008104
4.732895243e-06
0.02000008915
4.775461994e-06
0.02000008494
4.813425454e-06
0.0200000697
4.847359296e-06
0.02000004454
4.87781546e-06
0.02000001046
4.90526324e-06
0.01999996826
4.930154897e-06
0.01999991869
4.952850867e-06
0.01999986232
4.973703188e-06
0.0199997996
4.993190336e-06
0.01999973315
5.010333096e-06
5.035327281e-06
0.000587179054
-0.001414585442
6.656463332e-07
0.001345082624
-0.0005183418789
-0.001216503676
0.001543386334
0.00481393084
-0.00141984906
-4.718760215e-09
-0.001213452724
-0.001231757602
-0.001275749391
0.01883085017
-0.003532946421
-0.004754095584
-0.004822066126
-0.004753618789
-0.004822242585
0.01879370318
-0.002598331919
0.0189579126
-0.00193406115
0.01907819836
-0.001438547226
0.01913641706
-0.001029027203
0.01922384714
-0.0008539200019
0.01929753646
-0.0006715164901
0.01938731892
-0.0005641186722
0.01946779362
-0.0004585369579
0.01954045115
-0.0003772845234
0.01960273932
-0.0003101843671
0.01965606878
-0.0002569662882
0.01970166983
-0.0002142642285
0.019740743
-0.0001797833901
0.01977429552
-0.0001516964124
0.01980317803
-0.0001286450565
0.01982810124
-0.0001095890478
0.01984965579
-9.372587545e-05
0.01986833571
-8.04391245e-05
0.01988455637
-6.925051592e-05
0.01989866747
-5.978250801e-05
0.01991096392
-5.173439734e-05
0.01992169549
-4.486561731e-05
0.01993107416
-3.898232627e-05
0.01993928026
-3.392689643e-05
0.01994646861
-2.957037561e-05
0.0199527721
-2.58065636e-05
0.01995830494
-2.254740813e-05
0.01996316542
-1.97194764e-05
0.01996743844
-1.726131973e-05
0.01997074407
-1.512111731e-05
0.01997450635
-1.325516233e-05
0.01997783983
-1.16264722e-05
0.01998144116
-8.62958304e-06
0.01998363903
-4.313561432e-06
0.01998557449
-3.184278951e-06
0.01998727898
-2.193817687e-06
0.01998877958
-1.323626137e-06
0.01999010189
-5.601991301e-07
0.01999126734
1.107772446e-07
0.01999229497
7.008061524e-07
0.01999320111
1.219972023e-06
0.01999400005
1.676992752e-06
0.01999470457
2.079311886e-06
0.01999532591
2.433628559e-06
0.01999587394
2.745803174e-06
0.0199963573
3.020945248e-06
0.0199967836
3.263497229e-06
0.01999715957
3.477429889e-06
0.01999749112
3.666137789e-06
0.01999778343
3.832676312e-06
0.01999804111
3.979706277e-06
0.01999826816
4.109560566e-06
0.01999846815
4.224322909e-06
0.01999864417
4.325802552e-06
0.01999879901
4.415594771e-06
0.01999893505
4.495147849e-06
0.01999905442
4.565686425e-06
0.01999915897
4.628341122e-06
0.01999925032
4.684105683e-06
0.01999932992
4.733823003e-06
0.01999939898
4.778290551e-06
0.01999945858
4.818213945e-06
0.01999950964
4.854198307e-06
0.01999955296
4.886826646e-06
0.01999958923
4.916578722e-06
0.01999961898
4.943953198e-06
0.0199996427
4.96947933e-06
0.01999966105
4.991987131e-06
5.024774597e-06
0.0003726608738
-0.005823479646
0.005507243487
-0.001178916243
3.023579516e-08
0.0003619355344
0.0003872883321
0.0003732374272
0.0201792108
-0.003541329164
0.001229444983
0.001103502388
0.001229240186
0.001103370357
-0.005316427005
-0.005335447005
-0.00531618912
-0.005335376419
0.01963230692
-0.002986042544
0.01944262078
-0.002408645781
0.01941045384
-0.001901894216
0.01941284367
-0.00144093705
0.01951882444
-0.001135007972
0.01955344548
-0.0008885410428
0.01953268066
-0.0006507516679
0.01955240783
-0.0005838458464
0.01957160401
-0.0004777331396
0.01961550395
-0.0004211844649
0.01965833627
-0.0003530166845
0.01969979798
-0.0002984279944
0.01973686448
-0.0002513307133
0.0197693127
-0.0002122316081
0.01979767426
-0.0001800579694
0.01982245444
-0.0001534252297
0.01984410583
-0.0001312404429
0.01986302545
-0.0001126454924
0.01987956454
-9.697820989e-05
0.01989403301
-8.371898445e-05
0.01990670014
-7.24496493e-05
0.019917799
-6.283325704e-05
0.019927531
-5.459761753e-05
0.01993607072
-4.752204785e-05
0.0199435697
-4.142588273e-05
0.01995015916
-3.615984187e-05
0.01995595321
-3.160061394e-05
0.01996105074
-2.764492864e-05
0.01996553797
-2.420671305e-05
0.01996949004
-2.12133831e-05
0.01997297261
-1.860368319e-05
0.01997604277
-1.632530802e-05
0.01997875036
-1.433405599e-05
0.01998257077
-1.244998506e-05
0.0199846139
-6.356690599e-06
0.01998641487
-4.985247464e-06
0.01998800265
-3.781589377e-06
0.01998940359
-2.724563363e-06
0.01999063894
-1.795545325e-06
0.01999172831
-9.785988767e-07
0.01999268949
-2.603651727e-07
0.01999353797
3.714921846e-07
0.01999428707
9.278871691e-07
0.01999494842
1.417972038e-06
0.01999553236
1.84968303e-06
0.01999604799
2.230180936e-06
0.01999650347
2.565462604e-06
0.01999690573
2.86124935e-06
0.01999726106
3.122104201e-06
0.01999757489
3.352311428e-06
0.01999785223
3.555348858e-06
0.01999809719
3.73475243e-06
0.01999831349
3.893272058e-06
0.0199985046
4.033218536e-06
0.0199986733
4.157106147e-06
0.0199988221
4.26678934e-06
0.01999895345
4.363795142e-06
0.01999906908
4.450051255e-06
0.01999917091
4.526510045e-06
0.01999926034
4.594670124e-06
0.01999933886
4.655295858e-06
0.01999940741
4.709735245e-06
0.01999946708
4.758536145e-06
0.01999951881
4.802459566e-06
0.01999956325
4.842390946e-06
0.01999960107
4.878751617e-06
0.01999963284
4.912189309e-06
0.0199996588
4.943523778e-06
0.01999967983
4.970953078e-06
5.011055206e-06
0.02282039986
-0.002318813041
0.0009363138923
0.0009362031948
0.02164670457
-0.002663285016
0.0009670303976
0.000951449638
0.0009673734126
0.0009511268605
0.02077990497
-0.002674529563
0.02020837851
-0.002414516089
0.01987712575
-0.002077393021
0.01971926025
-0.001744028715
0.01969325233
-0.001414929125
0.01970582629
-0.00114758193
0.01970514277
-0.0008878575214
0.0197842384
-0.0007298473037
0.01979033782
-0.0005899452636
0.01974402278
-0.0004314181055
0.01973719927
-0.0004143609591
0.01973209333
-0.0003479107375
0.01974979185
-0.0003161265059
0.01977678906
-0.0002783279158
0.01980212015
-0.0002375626977
0.01982480004
-0.0002027378578
0.01984502013
-0.0001736453177
0.01986299077
-0.0001492110799
0.01987891675
-0.0001285714695
0.01989300219
-0.0001110636512
0.01990544604
-9.616283134e-05
0.01991643278
-8.343639386e-05
0.01992612869
-7.252916317e-05
0.01993468335
-6.315228175e-05
0.01994223033
-5.506903022e-05
0.01994888823
-4.808378709e-05
0.01995476242
-4.203403961e-05
0.01995994559
-3.678377816e-05
0.01996451991
-3.221925447e-05
0.01996855751
-2.824430533e-05
0.01997212228
-2.477815812e-05
0.01997527008
-2.175147581e-05
0.01997805047
-1.910568693e-05
0.01998050675
-1.679033086e-05
0.01998281948
-1.476271155e-05
0.01998593497
-9.472179227e-06
0.01998756971
-6.619982859e-06
0.01998901275
-5.224625325e-06
0.01999028676
-3.998573731e-06
0.01999141157
-2.920344884e-06
0.01999240512
-1.97215484e-06
0.01999328198
-1.137220879e-06
0.01999405633
-4.028518227e-07
0.01999474067
2.435463909e-07
0.01999534536
8.132883383e-07
0.01999587968
1.315368264e-06
0.01999635207
1.757792465e-06
0.01999676954
2.147997076e-06
0.01999713858
2.492217702e-06
0.01999746482
2.795869993e-06
0.01999775343
3.06371148e-06
0.01999800837
3.300409328e-06
0.01999823392
3.50921862e-06
0.01999843345
3.693747748e-06
0.01999860965
3.85701255e-06
0.01999876558
4.001185149e-06
0.01999890333
4.129036604e-06
0.01999902494
4.24217425e-06
0.01999913232
4.342673442e-06
0.01999922692
4.431906426e-06
0.01999931032
4.511266952e-06
0.01999938351
4.58209332e-06
0.01999944775
4.645488666e-06
0.01999950384
4.702439355e-06
0.01999955257
4.753730385e-06
0.0199995946
4.800358844e-06
0.0199996306
4.842747665e-06
0.01999966085
4.881934625e-06
0.01999968612
4.918258123e-06
0.01999970651
4.950568004e-06
4.997223929e-06
0.02246422276
-0.00160455875
0.02173114893
-0.001930211189
0.02104999451
-0.001993375138
0.02055571454
-0.00192023613
0.02018507708
-0.00170675556
0.01996122675
-0.001520178375
0.01985613805
-0.001309840428
0.01981448631
-0.001105930191
0.0198381807
-0.0009115519076
0.01986552973
-0.0007571963341
0.01986403218
-0.0005884477158
0.01992948391
-0.0004968698376
0.01992331576
-0.0004081928106
0.01985977118
-0.0002843661455
0.01981362971
-0.0002699850384
0.01982000092
-0.0002846991162
0.01983749701
-0.0002550587879
0.01985438001
-0.0002196208606
0.0198698584
-0.0001891237043
0.01988393773
-0.0001632904041
0.01989665952
-0.000141293259
0.01990809251
-0.0001224966381
0.01991832836
-0.0001063986871
0.01992746762
-9.257565666e-05
0.01993561029
-8.067182976e-05
0.01994285301
-7.039499944e-05
0.01994928738
-6.15034126e-05
0.01995499821
-5.379461851e-05
0.01996006322
-4.709904545e-05
0.01996455293
-4.127348949e-05
0.01996853096
-3.619729055e-05
0.01997205472
-3.176806042e-05
0.01997517533
-2.789876757e-05
0.01997793858
-2.451471927e-05
0.0199803852
-2.155229946e-05
0.01998255155
-1.895667891e-05
0.01998446956
-1.668071889e-05
0.01998747627
-1.247888827e-05
0.0199889187
-8.062415164e-06
0.01999019384
-6.499753191e-06
0.01999132092
-5.125659529e-06
0.01999231757
-3.91698677e-06
0.01999319849
-2.8530718e-06
0.01999397773
-1.91645253e-06
0.01999466618
-1.09129588e-06
0.01999527503
-3.65304039e-07
0.01999581372
2.746064442e-07
0.01999629021
8.388769261e-07
0.01999671175
1.336262963e-06
0.01999708466
1.775088684e-06
0.01999741482
2.162057951e-06
0.019997707
2.503701448e-06
0.01999796546
2.805259715e-06
0.01999819446
3.071421748e-06
0.01999839718
3.306495187e-06
0.01999857655
3.514388736e-06
0.01999873548
3.698074516e-06
0.01999887613
3.860539814e-06
0.01999900063
4.00453456e-06
0.01999911079
4.132012859e-06
0.01999920829
4.245168867e-06
0.01999929442
4.345768843e-06
0.01999937041
4.435279076e-06
0.0199994374
4.515091693e-06
0.01999949624
4.58664716e-06
0.01999954781
4.650854431e-06
0.01999959283
4.708708505e-06
0.01999963198
4.761205406e-06
0.01999966547
4.809258134e-06
0.01999969422
4.853184104e-06
0.01999971795
4.894526917e-06
0.01999973781
4.930715914e-06
4.983492376e-06
0.02213504712
-0.00116081428
0.02160285411
-0.00139801818
0.02110095425
-0.001491475283
0.02069356719
-0.001512849066
0.02039063916
-0.00140382753
0.02016483771
-0.001294376924
0.02002094412
-0.00116594683
0.01993370744
-0.001018693513
0.01989933576
-0.000877180238
0.01989311206
-0.0007509726321
0.01993025214
-0.0006255877991
0.01996049537
-0.0005271130735
0.01995466102
-0.000402358454
0.01998409418
-0.0003137992909
0.0198992266
-0.0001851174615
0.01986823103
-0.0002537035372
0.01987449608
-0.0002613238419
0.01988529068
-0.0002304154609
0.01989608258
-0.0001999155948
0.01990624631
-0.0001734541337
0.01991569202
-0.0001507389666
0.01992438099
-0.0001311856071
0.01993231102
-0.0001143287151
0.01993950422
-9.976885781e-05
0.01994599735
-8.716496347e-05
0.0199518369
-7.623455677e-05
0.0199570736
-6.674011674e-05
0.01996175928
-5.848030002e-05
0.01996594409
-5.128385678e-05
0.01996967609
-4.500548859e-05
0.01997300026
-3.952146247e-05
0.01997595856
-3.472635719e-05
0.01997858895
-3.052916204e-05
0.01998092667
-2.685243521e-05
0.01998300302
-2.362864551e-05
0.01998484677
-2.080042582e-05
0.01998648336
-1.831730714e-05
0.01998920931
-1.520483719e-05
0.01999043713
-9.290229918e-06
0.01999152454
-7.587163889e-06
0.01999248778
-6.088889546e-06
0.01999334052
-4.769725595e-06
0.01999409588
-3.608421674e-06
0.01999476484
-2.58540444e-06
0.0199953569
-1.683354036e-06
0.01999588077
-8.891681454e-07
0.01999634484
-1.89458246e-07
0.01999675606
4.276609752e-07
0.01999712032
9.720063355e-07
0.01999744328
1.452129916e-06
0.01999772932
1.876022608e-06
0.01999798284
2.250193436e-06
0.01999820766
2.580446572e-06
0.01999840697
2.872120163e-06
0.01999858365
3.12981083e-06
0.01999874048
3.357565162e-06
0.01999887959
3.558957029e-06
0.01999900289
3.73724131e-06
0.01999911241
3.895005005e-06
0.01999920951
4.034911796e-06
0.01999929554
4.159142216e-06
0.01999937188
4.269427551e-06
0.01999943947
4.367681502e-06
0.01999949913
4.455427459e-06
0.01999955195
4.533823306e-06
0.01999959841
4.604382869e-06
0.01999963912
4.667995059e-06
0.01999967469
4.725640699e-06
0.01999970553
4.778409781e-06
0.01999973193
4.826788028e-06
0.01999975435
4.87210919e-06
0.01999977305
4.91201331e-06
4.96988624e-06
0.02181543547
-0.000851147812
0.02146558864
-0.001048171349
0.02113028282
-0.001156169469
0.02078852364
-0.001171089881
0.02054516554
-0.00116046943
0.02032020377
-0.001069415151
0.02016294229
-0.00100868535
0.02005954602
-0.0009152972444
0.01999214947
-0.0008097836997
0.01995088595
-0.0007097091085
0.01994232533
-0.0006170271888
0.01994936478
-0.0005341525188
0.01999055191
-0.000443545575
0.02002207802
-0.0003453253964
0.01998931084
-0.000152350278
0.01992936124
-0.0001937539336
0.01991885464
-0.0002508172463
0.01991762045
-0.000229181261
0.01992287687
-0.000205172014
0.01992925096
-0.0001798282213
0.01993547351
-0.000156961516
0.01994142527
-0.0001371373691
0.01994702921
-0.0001199326495
0.01995224002
-0.0001049796683
0.01995703879
-9.196373637e-05
0.01996142546
-8.06212309e-05
0.01996541376
-7.072842431e-05
0.01996902408
-6.209062524e-05
0.0199722808
-5.454057568e-05
0.01997521003
-4.793472042e-05
0.01997783852
-4.214995843e-05
0.01998019266
-3.708049028e-05
0.01998229784
-3.263433608e-05
0.01998417792
-2.87325101e-05
0.01998585541
-2.530614045e-05
0.0199873507
-2.229570899e-05
0.01998868286
-1.964947344e-05
0.01999110225
-1.762421886e-05
0.01999209764
-1.028561831e-05
0.01999298158
-8.47110831e-06
0.01999376612
-6.873424865e-06
0.0199944626
-5.466194291e-06
0.0199950805
-4.226317934e-06
0.01999562878
-3.133673946e-06
0.01999611568
-2.170243788e-06
0.01999654715
-1.320625725e-06
0.01999692997
-5.722820365e-07
0.01999726979
8.784974012e-08
0.01999757141
6.703881769e-07
0.01999783903
1.18450868e-06
0.01999807682
1.638246491e-06
0.01999828799
2.039025602e-06
0.01999847554
2.392898662e-06
0.01999864233
2.705337006e-06
0.01999879049
2.981649901e-06
0.01999892229
3.225755546e-06
0.01999903948
3.441768552e-06
0.01999914376
3.632958965e-06
0.01999923655
3.802204955e-06
0.01999931912
3.952339913e-06
0.01999939267
4.085594699e-06
0.01999945806
4.204035075e-06
0.01999951625
4.309494292e-06
0.01999956797
4.403702572e-06
0.01999961388
4.487913236e-06
0.01999965453
4.563725536e-06
0.01999969042
4.632105036e-06
0.01999972195
4.69410158e-06
0.01999974969
4.75066822e-06
0.01999977363
4.802846499e-06
0.0199997943
4.851443989e-06
0.01999981186
4.894445613e-06
4.956612791e-06
0.02157015515
-0.0006387930252
0.02133823708
-0.0008162532911
0.0210665563
-0.0008844886885
0.02080737831
-0.0009119118879
0.0205896411
-0.0009427322089
0.02041529469
-0.0008950687435
0.02026768685
-0.0008610775131
0.02016191123
-0.0008095216276
0.02008599162
-0.0007338640953
0.02003162413
-0.000655341621
0.01999574743
-0.0005811504882
0.01997456423
-0.0005129693129
0.01997985663
-0.0004488379746
0.02001552125
-0.0003809900067
0.0201182277
-0.0002550567332
0.02006432635
-0.0001398525805
0.02001846161
-0.0002049524998
0.01996719381
-0.0001779134532
0.01995134612
-0.0001893243212
0.01995235515
-0.0001808372546
0.01995551026
-0.0001601166241
0.01995881511
-0.0001404422112
0.01996213813
-0.0001232556715
0.0199653846
-0.0001082261415
0.01996848891
-9.506804865e-05
0.01997141144
-8.354377141e-05
0.01997413205
-7.34490381e-05
0.01997664364
-6.460221822e-05
0.01997894637
-5.684330046e-05
0.01998104611
-5.003446785e-05
0.01998295257
-4.40564112e-05
0.01998467731
-3.880523091e-05
0.01998623319
-3.419021265e-05
0.01998763344
-3.013275536e-05
0.0199888912
-2.656390306e-05
0.01999001921
-2.342371848e-05
0.01999102955
-2.06598149e-05
0.01999163158
-1.822624262e-05
0.01999387115
-1.252519011e-05
0.019994539
-9.138951038e-06
0.01999513413
-7.468549963e-06
0.01999566419
-5.996247006e-06
0.01999613619
-4.698310568e-06
0.01999655631
-3.553787819e-06
0.01999693039
-2.544316365e-06
0.01999726295
-1.653179018e-06
0.01999755863
-8.679563536e-07
0.0199978217
-1.752178073e-07
0.01999805626
4.358272199e-07
0.01999826512
9.756536916e-07
0.01999845113
1.452248732e-06
0.01999861687
1.873284096e-06
0.0199987646
2.245175533e-06
0.0199988963
2.573635465e-06
0.01999901384
2.864105678e-06
0.01999911868
3.120909559e-06
0.0199992123
3.348141682e-06
0.01999929612
3.54913227e-06
0.01999937092
3.727402256e-06
0.01999943795
3.885311956e-06
0.01999949784
4.025705723e-06
0.01999955153
4.150350109e-06
0.01999959955
4.261468436e-06
0.01999964258
4.360671786e-06
0.01999968091
4.449585447e-06
0.01999971526
4.529373313e-06
0.019999746
4.601359055e-06
0.01999977326
4.666845051e-06
0.01999979739
4.726532286e-06
0.01999981863
4.781604877e-06
0.01999983724
4.832826746e-06
0.01999985352
4.878164348e-06
4.94375896e-06
0.02136381384
-0.0004847291595
0.02118365926
-0.0006360987165
0.0210017221
-0.0007025515271
0.02083258036
-0.0007427701385
0.02063632862
-0.0007464804678
0.0204990329
-0.0007577730272
0.02035018427
-0.0007122288928
0.02023992026
-0.000699257618
0.02016195671
-0.000655900547
0.0201035915
-0.000596976407
0.02005996941
-0.0005375283999
0.02002807761
-0.0004810775108
0.0200078168
-0.0004285771635
0.02000633832
-0.0003795115189
0.02007384316
-0.0003225615683
0.02018503863
-0.0002510480536
0.02018850142
-0.0002084152818
0.02008433706
-7.37490931e-05
0.01999991638
-0.0001049036361
0.01997703537
-0.0001579562498
0.01997560756
-0.0001586888118
0.01997618389
-0.0001410185371
0.01997732816
-0.0001243999426
0.01997867107
-0.0001095690521
0.01998011738
-9.651436555e-05
0.01998159565
-8.502204082e-05
0.01998305767
-7.491105855e-05
0.01998447107
-6.601562443e-05
0.01998581477
-5.818700318e-05
0.01998707614
-5.129583503e-05
0.01998824899
-4.522925915e-05
0.01998933163
-3.988786796e-05
0.01999032509
-3.518367553e-05
0.01999123241
-3.104006952e-05
0.01999205781
-2.738930173e-05
0.01999280628
-2.417218788e-05
0.01999348337
-2.133690406e-05
0.01999409455
-1.883742282e-05
0.01999572723
-1.415785982e-05
0.01999617042
-9.582144393e-06
0.01999656826
-7.866380675e-06
0.01999692491
-6.352889205e-06
0.01999724437
-5.017765982e-06
0.01999753031
-3.839720392e-06
0.01999778626
-2.800255984e-06
0.01999801567
-1.882592233e-06
0.01999822034
-1.072618001e-06
0.01999840371
-3.585844571e-07
0.01999856774
2.718014078e-07
0.01999871456
8.288312143e-07
0.01999884609
1.320729652e-06
0.01999896398
1.755394768e-06
0.01999906975
2.139404935e-06
0.01999916458
2.478804497e-06
0.01999924972
2.778958497e-06
0.0199993263
3.044323223e-06
0.01999939523
3.279209296e-06
0.0199994572
3.487149186e-06
0.01999951325
3.671355883e-06
0.01999956359
3.834972682e-06
0.01999960928
3.980017826e-06
0.01999965041
4.10922412e-06
0.0199996877
4.224174234e-06
0.01999972144
4.326932487e-06
0.01999975195
4.419071896e-06
0.01999977963
4.501699351e-06
0.01999980461
4.576377124e-06
0.01999982731
4.644142815e-06
0.01999984771
4.706129569e-06
0.01999986616
4.763150194e-06
0.01999988257
4.816406513e-06
0.01999989735
4.863384903e-06
4.931390288e-06
0.02120090456
-0.0003735398057
0.02106758509
-0.0005027792367
0.02094286842
-0.0005778348547
0.02078967061
-0.0005895723251
0.02063894938
-0.0005957592407
0.02050794707
-0.000626770721
0.02039848455
-0.0006027663674
0.02029703048
-0.0005978035546
0.02022057879
-0.0005794488547
0.02016159406
-0.0005379916803
0.02011542074
-0.0004913550803
0.0200796565
-0.0004453132661
0.02005239801
-0.0004013186755
0.02003295792
-0.0003600714272
0.02003157914
-0.0003211827815
0.0200622965
-0.0002817654118
0.02009485918
-0.0002409779665
0.02016493275
-0.0001438226605
0.02009827107
-3.824195072e-05
0.02002100931
-8.069449411e-05
0.02000215761
-0.0001398371054
0.01999414514
-0.0001330060622
0.01999230124
-0.0001225560486
0.01999185103
-0.0001091188447
0.01999171094
-9.637427075e-05
0.01999179302
-8.510411886e-05
0.01999202902
-7.514706108e-05
0.01999236616
-6.635277177e-05
0.0199927639
-5.858474692e-05
0.01999319353
-5.172546065e-05
0.01999363533
-4.567105458e-05
0.01999407517
-4.032770864e-05
0.0199945035
-3.561200739e-05
0.0199949136
-3.145016023e-05
0.01999530152
-2.777722172e-05
0.01999566513
-2.453579415e-05
0.01999600346
-2.167523469e-05
0.01999631645
-1.915040641e-05
0.01999763412
-1.547552926e-05
0.01999784822
-9.796242043e-06
0.01999804434
-8.062497661e-06
0.01999822349
-6.532027413e-06
0.01999838677
-5.181040145e-06
0.01999853528
-3.988227745e-06
0.01999867026
-2.935235745e-06
0.01999879297
-2.005294476e-06
0.0199989042
-1.183847838e-06
0.01999900471
-4.590933768e-07
0.0199990963
1.802163635e-07
0.01999917943
7.456992115e-07
0.01999925479
1.24537382e-06
0.01999932341
1.686774217e-06
0.01999938584
2.076983166e-06
0.01999944264
2.422000619e-06
0.01999949445
2.727140047e-06
0.01999954175
2.997014339e-06
0.01999958497
3.235985306e-06
0.01999962458
3.447529938e-06
0.01999966084
3.635102505e-06
0.01999969423
3.801583747e-06
0.01999972492
3.949325619e-06
0.01999975326
4.080891734e-06
0.01999977924
4.198192401e-06
0.01999980336
4.302817044e-06
0.01999982577
4.396661568e-06
0.01999984641
4.481053447e-06
0.01999986562
4.557173739e-06
0.01999988338
4.626377291e-06
0.01999989989
4.689613176e-06
0.01999991523
4.747808464e-06
0.01999992945
4.802183779e-06
0.01999994265
4.850185069e-06
4.919550421e-06
0.0210674752
-0.0002912915296
0.02096282276
-0.0003981267865
0.02085463176
-0.0004696438576
0.02075281919
-0.0004877597559
0.02065929008
-0.0005022301296
0.02053288254
-0.000500363177
0.02044989978
-0.0005197836086
0.0203445703
-0.0004924740804
0.02026588937
-0.0005007679212
0.02020746156
-0.000479563874
0.02016083949
-0.0004447330081
0.02012335092
-0.0004078246992
0.02009346218
-0.0003714299425
0.02006984026
-0.0003364495065
0.02005206948
-0.0003034120025
0.02004275573
-0.000272451657
0.02004477182
-0.0002429940653
0.02010160492
-0.0002006557592
0.0201779315
-0.0001145685263
0.02012253751
-2.530049624e-05
0.02007794707
-9.524665988e-05
0.02002755524
-8.261423239e-05
0.02000847223
-0.0001034730436
0.02000470083
-0.0001053474379
0.02000307647
-9.474990104e-05
0.0200018368
-8.386445132e-05
0.02000089993
-7.421019165e-05
0.02000019894
-6.565179212e-05
0.01999967898
-5.806478695e-05
0.01999929739
-5.134387439e-05
0.01999902255
-4.539620532e-05
0.01999882977
-4.013493048e-05
0.01999869957
-3.548180007e-05
0.01999861668
-3.136726712e-05
0.0199985697
-2.773024158e-05
0.01999854948
-2.451557531e-05
0.01999854894
-2.167469047e-05
0.01999856308
-1.916454459e-05
0.01999956052
-1.647296652e-05
0.01999954468
-9.780397201e-06
0.01999953798
-8.055797875e-06
0.0199995386
-6.532641078e-06
0.01999954433
-5.18676961e-06
0.01999955427
-3.998161457e-06
0.01999956709
-2.948050583e-06
0.01999958204
-2.020239815e-06
0.01999959822
-1.200024794e-06
0.01999961569
-4.765637539e-07
0.01999963378
1.621304728e-07
0.01999965214
7.273400558e-07
0.01999967075
1.226756154e-06
0.01999968923
1.668300816e-06
0.0199997076
2.058613077e-06
0.01999972574
2.403862106e-06
0.01999974364
2.709231698e-06
0.01999976113
2.979513994e-06
0.01999977836
3.218754726e-06
0.01999979507
3.430817915e-06
0.01999981132
3.618847477e-06
0.01999982739
3.785516031e-06
0.01999984285
3.933868858e-06
0.01999985788
4.065864124e-06
0.01999987277
4.183308486e-06
0.019999887
4.28858797e-06
0.01999990096
4.382696117e-06
0.01999991456
4.467458501e-06
0.01999992768
4.54405481e-06
0.01999994051
4.613538976e-06
0.01999995307
4.677059461e-06
0.01999996533
4.735542823e-06
0.0199999772
4.790309085e-06
0.01999998868
4.8387039e-06
4.908261128e-06
0.02095885519
-0.0002296328232
0.02087856834
-0.0003178399266
0.02079314149
-0.0003842170037
0.02072192743
-0.0004165456932
0.02062387151
-0.0004041742058
0.02052013072
-0.0003966223885
0.02044089662
-0.0004405495075
0.02036393819
-0.0004155156525
0.02029772495
-0.0004345546877
0.02024312514
-0.0004249640715
0.02019750799
-0.0003991158559
0.02015965366
-0.0003699703749
0.02012849256
-0.0003402688514
0.02010300718
-0.0003109641273
0.02008227121
-0.0002826760287
0.02006564448
-0.000255824933
0.02005332839
-0.000230677973
0.02005883847
-0.0002061658347
0.02011731256
-0.0001730426162
0.02021600434
-0.0001239922736
0.02021902485
-9.826716973e-05
0.02012295604
1.345457737e-05
0.02004315036
-2.366735133e-05
0.0200188929
-8.108997442e-05
0.02001427101
-9.012800441e-05
0.02001157068
-8.116412871e-05
0.02000953298
-7.217249584e-05
0.02000784887
-6.396768247e-05
0.02000645247
-5.666838549e-05
0.02000529213
-5.018353529e-05
0.02000432641
-4.443048325e-05
0.02000352084
-3.932935978e-05
0.02000284736
-3.480831489e-05
0.02000228357
-3.080347259e-05
0.02000181061
-2.725728324e-05
0.02000141357
-2.411852828e-05
0.02000108
-2.134112315e-05
0.02000079936
-1.88839053e-05
0.0200014752
-1.714880212e-05
0.02000123223
-9.537424893e-06
0.02000102526
-7.848826043e-06
0.02000084868
-6.356049251e-06
0.0200006984
-5.036492702e-06
0.0200005705
-3.870253639e-06
0.02000046185
-2.839403327e-06
0.02000036955
-1.927935346e-06
0.02000029172
-1.122195384e-06
0.02000022607
-4.109121217e-07
0.02000017084
2.173641369e-07
0.02000012479
7.733872886e-07
0.02000008657
1.264976046e-06
0.02000005516
1.699713246e-06
0.0200000296
2.084169409e-06
0.02000000917
2.424290419e-06
0.01999999314
2.725255993e-06
0.01999998089
2.991761336e-06
0.01999997187
3.22776977e-06
0.01999996581
3.436875702e-06
0.0199999622
3.622461515e-06
0.01999996067
3.787046336e-06
0.01999996101
3.93352874e-06
0.01999996305
4.063826558e-06
0.01999996625
4.180110504e-06
0.01999997081
4.284035755e-06
0.01999997633
4.377168074e-06
0.01999998278
4.461008795e-06
0.01999999002
4.53681622e-06
0.01999999783
4.605725128e-06
0.02000000633
4.66856678e-06
0.02000001532
4.726552434e-06
0.02000002484
4.780782062e-06
0.02000003481
4.828741192e-06
4.897622396e-06
0.02086969283
-0.0001825214495
0.02080687408
-0.0002550211541
0.02073488256
-0.0003122254795
0.02066393787
-0.0003456010012
0.02058834148
-0.0003285778158
0.02052231018
-0.0003305910878
0.02044640605
-0.0003646453832
0.02038792495
-0.0003570345617
0.0203236018
-0.0003702315349
0.02027073722
-0.0003720995045
0.02022681556
-0.0003551941966
0.0201895485
-0.0003327033187
0.02015805285
-0.0003087732047
0.02013157313
-0.0002844844149
0.02010939813
-0.0002605010338
0.02009087913
-0.0002373059359
0.02007543952
-0.0002152383593
0.02006378772
-0.0001945140305
0.02006532302
-0.0001745779149
0.02009404451
-0.0001527137665
0.02012378892
-0.0001280115739
0.02018710325
-4.985974895e-05
0.02012451626
3.891964829e-05
0.02005116528
-7.738998488e-06
0.02003152634
-7.048905835e-05
0.0200217878
-7.142559052e-05
0.02001781526
-6.81999579e-05
0.02001521027
-6.136269119e-05
0.02001298904
-5.444715508e-05
0.02001109183
-4.828632926e-05
0.02000946881
-4.28074576e-05
0.02000807826
-3.793880594e-05
0.02000688463
-3.361468598e-05
0.02000585843
-2.977726502e-05
0.02000497502
-2.637387536e-05
0.0200042138
-2.33573058e-05
0.02000355727
-2.068459698e-05
0.0200029908
-1.831743381e-05
0.02000206344
-1.622143934e-05
0.02000288413
-1.03581071e-05
0.02000248173
-7.446426303e-06
0.02000213284
-6.007156921e-06
0.02000183032
-4.733972283e-06
0.0200015679
-3.6078245e-06
0.02000134043
-2.611930578e-06
0.02000114337
-1.730878765e-06
0.02000097308
-9.51901632e-07
0.02000082605
-2.638796939e-07
0.02000069901
3.44396412e-07
0.02000058968
8.827166394e-07
0.02000049568
1.358981083e-06
0.02000041526
1.780126349e-06
0.02000034653
2.152905601e-06
0.02000028806
2.482755505e-06
0.02000023864
2.774679864e-06
0.02000019719
3.033206466e-06
0.0200001626
3.262352586e-06
0.02000013399
3.46548704e-06
0.02000011077
3.645681863e-06
0.02000009206
3.805758252e-06
0.02000007746
3.948129765e-06
0.02000006635
4.074938823e-06
0.02000005847
4.187989964e-06
0.02000005333
4.289179561e-06
0.02000005048
4.380021392e-06
0.02000004991
4.461570504e-06
0.02000005118
4.535544045e-06
0.02000005427
4.602639795e-06
0.02000005878
4.664055391e-06
0.02000006466
4.720672253e-06
0.0200000718
4.773651172e-06
0.02000008008
4.820457287e-06
4.887512466e-06
0.0207964219
-0.0001458757823
0.02074683173
-0.000205430968
0.02068827045
-0.0002536641915
0.02062750373
-0.0002848342894
0.0205814423
-0.0002825163892
0.02053958987
-0.0002887386608
0.02046303306
-0.0002880885761
0.02041663929
-0.0003106407947
0.0203468041
-0.0003003963499
0.02029254757
-0.0003178429773
0.02025017095
-0.000312817578
0.02021406301
-0.0002965953833
0.0201828715
-0.0002775817064
0.0201560242
-0.0002576371173
0.02013299941
-0.000237476245
0.02011330237
-0.0002176088954
0.02009647809
-0.0001984140833
0.02008212019
-0.0001801561334
0.02007054165
-0.0001629993725
0.02006469934
-0.0001468714589
0.02006782292
-0.0001311351435
0.02012036131
-0.0001023981365
0.02019067233
-3.139136848e-05
0.02013824897
4.468436206e-05
0.02009554743
-2.778752549e-05
0.02004671919
-2.259734427e-05
0.02002721528
-4.869604345e-05
0.02002217894
-5.632635155e-05
0.02001919351
-5.1461731e-05
0.0200166126
-4.570541116e-05
0.02001437679
-4.057165061e-05
0.02001243699
-3.599900284e-05
0.02001075287
-3.193056292e-05
0.02000928924
-2.83136385e-05
0.02000801638
-2.510100834e-05
0.02000690865
-2.224958514e-05
0.02000594419
-1.972013119e-05
0.02000510415
-1.747740023e-05
0.02000437233
-1.54896087e-05
0.02000447446
-1.046023434e-05
0.02000388524
-6.857206071e-06
0.02000337092
-5.492827724e-06
0.020002922
-4.285047439e-06
0.02000253031
-3.21613695e-06
0.02000218874
-2.270353134e-06
0.02000189056
-1.432698382e-06
0.02000163147
-6.928122553e-07
0.02000140575
-3.816357011e-08
0.02000120944
5.407006744e-07
0.02000103896
1.05319247e-06
0.02000089125
1.506693756e-06
0.02000076338
1.908002374e-06
0.020000653
2.26329126e-06
0.02000055793
2.577818552e-06
0.02000047628
2.856332527e-06
0.02000040646
3.103023732e-06
0.020000347
3.321804721e-06
0.02000029672
3.515765288e-06
0.02000025439
3.688019169e-06
0.0200002191
3.841048688e-06
0.02000019009
3.977144335e-06
0.02000016649
4.098540426e-06
0.02000014763
4.206845481e-06
0.02000013314
4.303670694e-06
0.0200001224
4.390754294e-06
0.02000011489
4.469083938e-06
0.02000011051
4.539916424e-06
0.02000010876
4.604395247e-06
0.02000010945
4.663368482e-06
0.02000011225
4.717873705e-06
0.0200001173
4.76861432e-06
0.02000012399
4.813773456e-06
4.87798767e-06
0.02073619643
-0.0001168418523
0.02069646706
-0.0001657015986
0.02064925707
-0.0002064542
0.02060145788
-0.0002370351021
0.02056750437
-0.000248562877
0.02051134572
-0.0002325800164
0.02044912582
-0.0002258686791
0.02040125488
-0.0002627698551
0.02035240522
-0.0002515466994
0.02030759921
-0.0002730369671
0.02026858753
-0.0002738059031
0.02023407267
-0.0002620805272
0.02020361569
-0.0002471247342
0.0201768548
-0.0002308762293
0.02015342116
-0.0002140426076
0.02013295663
-0.0001971443674
0.02011512196
-0.0001805794115
0.0200996027
-0.0001646368839
0.02008611496
-0.0001495116271
0.0200745662
-0.0001353227045
0.0200655654
-0.0001221343337
0.02007200325
-0.0001088359897
0.02012723914
-8.662726134e-05
0.02022024393
-4.832042613e-05
0.02022350433
-3.104792882e-05
0.02013151755
6.938944062e-05
0.02005450306
2.831844823e-05
0.02003047541
-3.229869438e-05
0.02002500607
-4.59923977e-05
0.02002179451
-4.249384794e-05
0.02001898973
-3.776687e-05
0.02001653982
-3.35490932e-05
0.02001439936
-2.979010754e-05
0.02001252815
-2.644242152e-05
0.02001089134
-2.346420458e-05
0.02000945903
-2.08172712e-05
0.02000820573
-1.846683603e-05
0.02000710868
-1.638034211e-05
0.02000614845
-1.452938254e-05
0.02000597884
-1.029061029e-05
0.02000521363
-6.092000603e-06
0.02000454332
-4.82250856e-06
0.02000395628
-3.698005268e-06
0.0200034424
-2.702250623e-06
0.02000299247
-1.82042089e-06
0.02000259952
-1.039747026e-06
0.02000225598
-3.492786949e-07
0.02000195605
2.61767339e-07
0.02000169412
8.026203385e-07
0.02000146572
1.281598358e-06
0.02000126689
1.705525891e-06
0.02000109404
2.080851217e-06
0.020000944
2.41333453e-06
0.02000081416
2.707657888e-06
0.02000070197
2.968524934e-06
0.02000060526
3.199729245e-06
0.02000052224
3.40482313e-06
0.02000045124
3.586766437e-06
0.02000039089
3.748370239e-06
0.02000033981
3.892137893e-06
0.02000029695
4.020002493e-06
0.02000026153
4.133958236e-06
0.02000023238
4.235989884e-06
0.02000020895
4.327098498e-06
0.02000019058
4.409124389e-06
0.02000017669
4.482967817e-06
0.0200001668
4.549807097e-06
0.02000016058
4.610614774e-06
0.02000015758
4.666374459e-06
0.0200001577
4.717766667e-06
0.0200001605
4.765820161e-06
0.02000016581
4.808472825e-06
4.86908231e-06
0.02068679559
-9.340481024e-05
0.02065435486
-0.000133260866
0.02061494951
-0.0001670488498
0.02057160292
-0.0001936885165
0.02053037929
-0.0002073392529
0.02048668261
-0.0001888833316
0.02044874703
-0.0001879331015
0.0204010588
-0.0002150816333
0.02036462945
-0.0002151173525
0.02032097016
-0.0002293776732
0.02028330763
-0.0002361433816
0.02025043066
-0.0002292035602
0.02022096533
-0.0002176594156
0.02019457952
-0.000204490416
0.0201710345
-0.0001904975931
0.02015009498
-0.0001762048569
0.02013152822
-0.0001620126567
0.02011510773
-0.000148216397
0.020100617
-0.0001350208948
0.02008785283
-0.000122558531
0.02007662625
-0.0001109077517
0.02006789619
-0.0001001059357
0.02007078956
-8.952063413e-05
0.02009894596
-7.647683163e-05
0.02012791253
-6.001449844e-05
0.02018845739
8.844588904e-06
0.02012764998
8.912585775e-05
0.02005582108
3.953020884e-05
0.02003211174
-2.228305783e-05
0.02002656082
-3.694293262e-05
0.02002324515
-3.445119672e-05
0.02002033267
-3.063661905e-05
0.0200177756
-2.723303221e-05
0.0200155309
-2.419772183e-05
0.02001356013
-2.149343688e-05
0.0200118296
-1.908674537e-05
0.02001030994
-1.694717598e-05
0.02000897555
-1.504594782e-05
0.02000780408
-1.335790436e-05
0.02000737475
-9.861272209e-06
0.02000644691
-5.1641562e-06
0.02000563234
-4.007937996e-06
0.02000491756
-2.983222795e-06
0.02000429047
-2.075159526e-06
0.02000374033
-1.270271178e-06
0.02000325878
-5.582056912e-07
0.02000283695
7.254840406e-08
0.02000246771
6.310049925e-07
0.02000214472
1.12561319e-06
0.02000186257
1.563750904e-06
0.02000161626
1.951843512e-06
0.02000140158
2.295534141e-06
0.0200012148
2.600107682e-06
0.02000105247
2.869988624e-06
0.02000091172
3.109273907e-06
0.02000079004
3.321404621e-06
0.02000068505
3.509821828e-06
0.02000059491
3.67690913e-06
0.02000051765
3.82563406e-06
0.020000452
3.957784998e-06
0.0200003965
4.075504419e-06
0.02000034974
4.180717775e-06
0.02000031106
4.274659926e-06
0.02000027935
4.358798675e-06
0.02000025392
4.434555876e-06
0.02000023405
4.502825504e-06
0.02000021917
4.564690478e-06
0.02000020875
4.621037081e-06
0.02000020247
4.672670563e-06
0.02000019984
4.720402334e-06
0.0200002007
4.764970485e-06
0.02000020458
4.804601958e-06
4.860508878e-06
0.02064649905
-7.411625118e-05
0.02061952875
-0.0001062905712
0.02058636106
-0.0001338811562
0.02054877898
-0.0001561064407
0.02051069981
-0.0001692600781
0.02048396867
-0.0001621521983
0.02045968745
-0.0001636518832
0.02041044527
-0.0001658394547
0.02038170338
-0.000186375465
0.02033429285
-0.0001819671456
0.02029567395
-0.0001975244852
0.02026400058
-0.0001975301941
0.02023559208
-0.0001892509278
0.02020971056
-0.0001786088974
0.02018621281
-0.0001669998542
0.0201649777
-0.0001549697463
0.0201458691
-0.0001429040666
0.02012873842
-0.0001310857165
0.02011343093
-0.0001197134053
0.02009979106
-0.0001089186595
0.02008766634
-9.878303577e-05
0.02007690959
-8.934919122e-05
0.02006801995
-8.063099911e-05
0.02006400807
-7.246495219e-05
0.02006816447
-6.417088953e-05
0.02011964759
-4.263853608e-05
0.02018738127
2.139218051e-05
0.020127504
9.940747613e-05
0.02005618376
4.903717682e-05
0.02003262731
-1.338647883e-05
0.02002709086
-2.891475194e-05
0.02002376764
-2.731339519e-05
0.020020839
-2.430439077e-05
0.02001825938
-2.161810879e-05
0.02001598786
-1.922190996e-05
0.02001398815
-1.708703331e-05
0.02001222785
-1.518687483e-05
0.02001067881
-1.349690268e-05
0.02000931577
-1.199486361e-05
0.02000864128
-9.186776719e-06
0.02000756633
-4.089198849e-06
0.02000662113
-3.062730506e-06
0.02000579055
-2.152642255e-06
0.02000506034
-1.34495175e-06
0.02000442002
-6.299453761e-07
0.02000385806
3.752459883e-09
0.02000336515
5.654580546e-07
0.02000293303
1.063121113e-06
0.02000255454
1.504112552e-06
0.0200022234
1.894893078e-06
0.02000193393
2.241310925e-06
0.02000168115
2.548318811e-06
0.02000146083
2.820425919e-06
0.02000126899
3.061823324e-06
0.02000110242
3.275846407e-06
0.02000095789
3.465931628e-06
0.02000083306
3.634660412e-06
0.02000072527
3.784698942e-06
0.02000063287
3.918034088e-06
0.02000055375
4.036906053e-06
0.02000048652
4.142737054e-06
0.02000042987
4.237357343e-06
0.0200003824
4.322128448e-06
0.02000034313
4.398064124e-06
0.02000031133
4.466348588e-06
0.02000028599
4.52815268e-06
0.02000026654
4.584148401e-06
0.02000025246
4.635122008e-06
0.02000024315
4.681987891e-06
0.02000023829
4.725277334e-06
0.02000023744
4.765823361e-06
0.02000024018
4.801873238e-06
4.852459089e-06
0.02061397788
-5.791029796e-05
0.02059110268
-8.341538552e-05
0.0205627204
-0.0001054988758
0.02053042814
-0.0001238141836
0.02049833865
-0.0001371705932
0.02047626468
-0.0001400782298
0.02043957414
-0.0001269613421
0.02039941654
-0.0001256818536
0.02036891606
-0.000155874987
0.02033605267
-0.0001491037616
0.02030465767
-0.0001661294932
0.02027538596
-0.0001682584862
0.02024805354
-0.0001619185232
0.02022268378
-0.0001532391347
0.02019928722
-0.0001436033057
0.02017784591
-0.0001335284365
0.02015831002
-0.0001233681798
0.02014059974
-0.0001133754401
0.02012461439
-0.0001037280495
0.02011024028
-9.45445573e-05
0.02009735628
-8.589904376e-05
0.02008583931
-7.783222256e-05
0.02007556908
-7.036077075e-05
0.02006658647
-6.348234559e-05
0.02005959814
-5.718255241e-05
0.02006711883
-5.015922946e-05
0.02011881377
-3.0302762e-05
0.02018609117
3.213007166e-05
0.02012647898
0.0001086493632
0.02005560304
5.74894615e-05
0.02003224476
-5.55646962e-06
0.02002680591
-2.18745441e-05
0.02002355038
-2.104886686e-05
0.02002067625
-1.874396886e-05
0.02001814121
-1.668686694e-05
0.02001590528
-1.485110738e-05
0.02001393328
-1.321486569e-05
0.02001219462
-1.175823858e-05
0.02001066246
-1.046270356e-05
0.02000976
-8.284314152e-06
0.0200085553
-2.884485775e-06
0.02000749517
-2.002598581e-06
0.0200065618
-1.219267456e-06
0.02000574181
-5.2496819e-07
0.02000502113
9.073554332e-08
0.02000438788
6.370015246e-07
0.02000383205
1.121288352e-06
0.02000334435
1.550824904e-06
0.02000291673
1.931740146e-06
0.0200025421
2.269522546e-06
0.02000221446
2.568950076e-06
0.02000192803
2.834749842e-06
0.02000167799
3.070463828e-06
0.02000146011
3.279703774e-06
0.02000127046
3.465496641e-06
0.02000110587
3.630527224e-06
0.02000096335
3.777176746e-06
0.0200008402
3.907857528e-06
0.02000073419
4.024043254e-06
0.0200006434
4.127696467e-06
0.02000056594
4.220193041e-06
0.02000050025
4.303044787e-06
0.02000044525
4.377119226e-06
0.02000039945
4.443857344e-06
0.0200003619
4.503889046e-06
0.02000033191
4.558146863e-06
0.02000030848
4.607578369e-06
0.02000029105
4.652557658e-06
0.02000027904
4.693997294e-06
0.02000027209
4.732238824e-06
0.02000026972
4.768197275e-06
0.02000027143
4.800168075e-06
4.844505908e-06
0.02058820775
-4.397948854e-05
0.02056837087
-6.357851317e-05
0.02054353786
-8.066586271e-05
0.02051474003
-9.501636401e-05
0.02048363634
-0.0001060668967
0.02045409179
-0.0001105336905
0.02042368307
-9.65526181e-05
0.02039534764
-9.734642796e-05
0.02036719563
-0.0001277229815
0.02034100328
-0.0001229114194
0.0203130368
-0.0001381630116
0.02028533563
-0.0001405573295
0.02025887089
-0.0001354537918
0.02023389863
-0.0001282668726
0.02021055272
-0.000120257402
0.02018891044
-0.0001118861578
0.02016899526
-0.000103453008
0.02015078453
-9.516471013e-05
0.02013422078
-8.71642972e-05
0.02011922286
-7.954664297e-05
0.02010569505
-7.23712385e-05
0.02009353363
-6.56708034e-05
0.02008263157
-5.945871065e-05
0.0200728828
-5.373357546e-05
0.02006418429
-4.848405371e-05
0.02005771639
-4.369132967e-05
0.02006547001
-3.80563847e-05
0.02011710769
-1.950761181e-05
0.02018415568
4.160137324e-05
0.02012476917
0.0001168759715
0.02005428063
6.493207667e-05
0.02003116221
1.243873244e-06
0.02002588284
-1.576949815e-05
0.02002275918
-1.562029682e-05
0.02001999712
-1.392480912e-05
0.02001755773
-1.24117125e-05
0.02001540409
-1.106121888e-05
0.02001350306
-9.857201102e-06
0.02001182578
-8.78542703e-06
0.02001071488
-7.173402238e-06
0.02000939972
-1.569325105e-06
0.0200082406
-8.434802253e-07
0.02000722071
-1.993706127e-07
0.0200063235
3.722364396e-07
0.02000553407
8.801660889e-07
0.02000484015
1.330919445e-06
0.02000423029
1.731159202e-06
0.02000369495
2.086166003e-06
0.02000322538
2.401313278e-06
0.02000281381
2.681090761e-06
0.0200024534
2.929367434e-06
0.02000213818
3.149972061e-06
0.0200018628
3.345842917e-06
0.02000162263
3.519867197e-06
0.02000141351
3.6746176e-06
0.02000123165
3.812387818e-06
0.0200010739
3.934924846e-06
0.02000093761
4.044155681e-06
0.02000082014
4.141512845e-06
0.02000071928
4.228556176e-06
0.02000063308
4.30639299e-06
0.02000055992
4.37619686e-06
0.02000049821
4.438823471e-06
0.02000044694
4.495125127e-06
0.02000040476
4.546063014e-06
0.02000037058
4.592318452e-06
0.02000034386
4.634303145e-06
0.02000032375
4.672668685e-06
0.02000030964
4.708116597e-06
0.02000030099
4.740890355e-06
0.02000029751
4.771675987e-06
0.02000029844
4.799240843e-06
4.836806398e-06
0.02056841527
-3.169417494e-05
0.02055078365
-4.594689616e-05
0.02052855467
-5.843689505e-05
0.02050254455
-6.900624665e-05
0.02047375445
-7.727679609e-05
0.02044452582
-8.130506669e-05
0.02042107532
-7.310212189e-05
0.02039600053
-7.227164051e-05
0.02037028815
-0.0001020105999
0.02034717848
-9.980175411e-05
0.02032107486
-0.0001120593982
0.02029444102
-0.0001139234916
0.02026850025
-0.0001095130328
0.02024368092
-0.0001034475482
0.0202202389
-9.681538278e-05
0.02019833092
-8.997817745e-05
0.02017803327
-8.31553568e-05
0.02015936211
-7.649355925e-05
0.02014228881
-7.009099975e-05
0.02012675485
-6.401268632e-05
0.0201126814
-5.829779494e-05
0.02009997786
-5.296726364e-05
0.02008854709
-4.802794208e-05
0.02007829015
-4.347664184e-05
0.02006910884
-3.930274432e-05
0.02006090795
-3.549043815e-05
0.02005487181
-3.202024997e-05
0.02006296097
-2.759676739e-05
0.0201147282
-1.016585351e-05
0.02018174141
4.986275704e-05
0.02012256038
0.0001241131059
0.02005240465
7.139961066e-05
0.02002955019
7.084963363e-06
0.02002469302
-1.076311969e-05
0.02002152802
-1.075980609e-05
0.02001892274
-9.806433758e-06
0.02001662054
-8.759008615e-06
0.02001458646
-7.823119258e-06
0.02001278977
-6.988737675e-06
0.02001149113
-5.874755864e-06
0.02001008598
-1.641672434e-07
0.02000884822
3.942731396e-07
0.02000775756
8.912943985e-07
0.02000679682
1.332975235e-06
0.02000595111
1.725871994e-06
0.02000520739
2.0746459e-06
0.02000455379
2.384762633e-06
0.0200039797
2.660258247e-06
0.02000347578
2.905238883e-06
0.02000303398
3.122891973e-06
0.02000264691
3.316442291e-06
0.0200023082
3.488679496e-06
0.02000201225
3.641792208e-06
0.02000175382
3.778302022e-06
0.02000152864
3.899792721e-06
0.02000133289
4.008136084e-06
0.020001163
4.104816085e-06
0.020001016
4.191149441e-06
0.02000088901
4.268504341e-06
0.02000078005
4.337517554e-06
0.02000068684
4.399609938e-06
0.02000060763
4.455400519e-06
0.02000054083
4.505618699e-06
0.02000048494
4.551014899e-06
0.02000043883
4.59216982e-06
0.02000040164
4.629503174e-06
0.02000037236
4.663581523e-06
0.02000035001
4.695025685e-06
0.0200003342
4.723918453e-06
0.02000032439
4.750698581e-06
0.02000031995
4.776113942e-06
0.02000032046
4.798723286e-06
4.829204764e-06
0.02055402418
-2.054519688e-05
0.02053792169
-2.984439401e-05
0.02051750792
-3.802313285e-05
0.02049348852
-4.498685291e-05
0.02046680483
-5.059311195e-05
0.02043982289
-5.432312694e-05
0.02041938946
-5.26686956e-05
0.02039893845
-5.18206272e-05
0.02037605754
-7.912969502e-05
0.02035468614
-7.843036286e-05
0.02032949668
-8.686993773e-05
0.02030319925
-8.762606329e-05
0.0202772453
-8.355909458e-05
0.02025222648
-7.842872193e-05
0.02022847932
-7.306822974e-05
0.02020619923
-6.769808743e-05
0.0201854857
-6.24418301e-05
0.02016637059
-5.737846277e-05
0.02014883839
-5.255880467e-05
0.02013284094
-4.801523014e-05
0.02011830821
-4.376507033e-05
0.02010515633
-3.981538664e-05
0.02009329382
-3.616543704e-05
0.02008262526
-3.280808477e-05
0.02007305532
-2.973280613e-05
0.02006449027
-2.692539071e-05
0.02005684058
-2.437056e-05
0.02005129514
-2.205131705e-05
0.02005980521
-1.867592461e-05
0.02011185376
-2.185796286e-06
0.02017899514
5.697172804e-05
0.02011999153
0.0001304032242
0.02005071896
7.635753885e-05
0.02003248212
7.473724971e-06
0.02002341951
-1.69718779e-06
0.02001998591
-6.372828759e-06
0.020017567
-6.340104465e-06
0.02001542968
-5.685788307e-06
0.02001354143
-5.100487278e-06
0.0200120794
-4.412717348e-06
0.02001060681
1.308424865e-06
0.02000930755
1.693533572e-06
0.02000816239
2.036446019e-06
0.02000715344
2.341927032e-06
0.02000626545
2.613854955e-06
0.02000548404
2.856059757e-06
0.02000479715
3.071657758e-06
0.02000419351
3.263912334e-06
0.02000366367
3.435080593e-06
0.02000319892
3.587650355e-06
0.0200027916
3.72375836e-06
0.02000243517
3.845113153e-06
0.02000212344
3.953522038e-06
0.02000185132
4.050412844e-06
0.02000161416
4.136953827e-06
0.02000140782
4.214471001e-06
0.02000122867
4.2839638e-06
0.0200010736
4.346219135e-06
0.02000093989
4.402223734e-06
0.02000082473
4.452675912e-06
0.02000072625
4.498096157e-06
0.02000064251
4.539136645e-06
0.02000057184
4.576289235e-06
0.02000051276
4.610092487e-06
0.02000046399
4.640937901e-06
0.02000042451
4.668975675e-06
0.02000039317
4.694920233e-06
0.02000036944
4.71875527e-06
0.02000035251
4.740839045e-06
0.0200003417
4.761500401e-06
0.02000033687
4.780941973e-06
0.02000033696
4.798629049e-06
4.821335413e-06
0.02054465202
-1.010188322e-05
0.02052949685
-1.46892137e-05
0.02051021208
-1.873835993e-05
0.02048742583
-2.220060095e-05
0.02046184048
-2.500776107e-05
0.02043451617
-2.699881502e-05
0.0204086079
-2.676043219e-05
0.02040014468
-4.335741067e-05
0.02038558152
-6.456653494e-05
0.0203647469
-5.759574846e-05
0.02033881756
-6.094059206e-05
0.02031179242
-6.060093369e-05
0.02028517968
-5.694635328e-05
0.02025957329
-5.282233477e-05
0.02023529712
-4.879205882e-05
0.02021253073
-4.493171121e-05
0.02019136082
-4.12719219e-05
0.02017181188
-3.782953163e-05
0.02015386511
-3.461203823e-05
0.02013747119
-3.162131251e-05
0.02012256053
-2.885440678e-05
0.02010905018
-2.630503864e-05
0.02009684917
-2.396443278e-05
0.02008586343
-2.182234537e-05
0.02007599741
-1.986679055e-05
0.02006715779
-1.808577528e-05
0.02005925424
-1.646700323e-05
0.0200522007
-1.499777795e-05
0.02004719037
-1.366558589e-05
0.02005618545
-1.118088117e-05
0.02010864404
4.513143532e-06
0.02017639109
6.265617511e-05
0.02012499651
0.0001277521314
0.02008354775
4.892248056e-05
0.02003568683
4.616373638e-05
0.02002152956
7.784451121e-06
0.02001823461
-3.045150309e-06
0.02001602494
-3.476114636e-06
0.02001407224
-3.147782868e-06
0.02001247066
-2.811136403e-06
0.02001095179
2.827292295e-06
0.02000961177
3.033549865e-06
0.02000843026
3.217953393e-06
0.02000738931
3.382872417e-06
0.02000647263
3.530545159e-06
0.02000566603
3.662661742e-06
0.0200049567
3.780996539e-06
0.02000433343
3.887190729e-06
0.02000378618
3.982331963e-06
0.02000330607
4.067761596e-06
0.02000288534
4.144496202e-06
0.02000251691
4.213540897e-06
0.02000219493
4.275500163e-06
0.02000191375
4.331588733e-06
0.02000166856
4.382141353e-06
0.0200014553
4.427721774e-06
0.02000127014
4.469130406e-06
0.02000110974
4.506611244e-06
0.02000097141
4.540558246e-06
0.02000085247
4.571621207e-06
0.02000075066
4.599911047e-06
0.02000066409
4.625704504e-06
0.02000059094
4.64944819e-06
0.02000052986
4.671161975e-06
0.02000047946
4.691342173e-06
0.02000043847
4.709964417e-06
0.0200004062
4.727186447e-06
0.02000038169
4.743250675e-06
0.02000036414
4.758386857e-06
0.02000035312
4.772510266e-06
0.02000034797
4.786072957e-06
0.02000034814
4.798458164e-06
4.813321744e-06
0.02053996087
0.02052527165
0.02050653329
0.02048433269
0.02045932493
0.02043232611
0.02040556568
0.02036220827
0.02029764173
0.02024004598
0.02017910539
0.02011850445
0.0200615581
0.02000873576
0.0199599437
0.01991501198
0.01987374006
0.01983591053
0.01980129849
0.01976967717
0.01974082277
0.01971451773
0.01969055329
0.01966873094
0.01964886416
0.01963077838
0.01961431138
0.0195993136
0.01958564802
0.01957446714
0.01957898028
0.01964163646
0.0197693886
0.01981831108
0.01986447481
0.01987225927
0.01986921412
0.01986573801
0.01986259023
0.01985977909
0.01986260638
0.01986563993
0.01986885788
0.01987224075
0.0198757713
0.01987943397
0.01988321497
0.01988710216
0.0198910845
0.01989515226
0.01989929675
0.01990351029
0.01990778579
0.01991211738
0.01991649952
0.01992092724
0.01992539637
0.01992990298
0.01993444354
0.01993901517
0.01994361508
0.01994824078
0.01995289023
0.01995756139
0.01996225273
0.01996696269
0.01997168988
0.01997643312
0.0199811915
0.01998596401
0.01999075008
0.01999554853
1.196204707e-08
-1.632485445e-06
-5.023446224e-05
-0.0003113453017
0.0002242817115
5.071792021e-07
0.0001993162219
-0.0001127598103
5.184012273e-05
1.085592019e-08
-1.632509104e-06
-5.023211606e-05
-0.0003113595172
0.0002243213058
5.034107582e-07
0.000199307715
-0.0001127729132
-4.329122696e-08
-0.0002379373244
-0.0004361497177
-0.0007491909595
0.000872370433
5.877741956e-08
0.0006774569082
-0.0008006951661
0.0003627750958
-4.636161069e-08
-0.000237964805
-0.0004361234353
-0.0007493524372
0.0008724568417
7.776308714e-08
0.0006774802852
-0.0008006624598
-0.0003958005031
-0.0001149595471
-1.43017047e-07
-3.061704167e-08
0.0003088579871
0.0003415087645
0.0006319920589
-0.0004066937884
0.0003226231864
-0.0005479111653
-1.029206569e-08
-1.38136393e-07
-9.656839593e-05
0.0001485326666
0.0005108898485
-1.430907574e-07
-0.000395799739
-0.0001149482717
-0.0004259387578
-3.743932486e-08
0.0003088519351
0.0003414455772
0.0006319378019
-0.0004068119807
-2.604216214e-09
0.0003226833434
-0.0005478065607
0.0001364622913
-3.543773327e-07
-0.0002588856839
1.253231871e-09
0.0002281434929
-2.950638627e-07
-0.0001345190586
2.249295304e-05
0.0001146587837
2.381505191e-05
1.514939308e-09
0.0001145093137
-0.0002591831112
0.0002282248361
8.0308283e-08
-0.001031520397
-0.0007812209494
0.00136812988
-0.0006139384166
0.0006925066933
-0.001446784386
8.623124034e-08
0.001063319424
1.045916888e-07
-0.001031620365
-0.0007811560808
0.001368148992
-0.0006140510578
9.806331216e-08
0.0006925105223
-0.001446706517
3.087420278e-06
1.203854521e-05
-1.223793576e-07
-1.588949849e-05
1.058869312e-09
8.848561409e-07
-1.87954093e-06
-5.065277197e-05
6.026629252e-10
5.252931459e-05
-8.144820921e-09
-2.835275369e-06
1.202166037e-06
7.766652328e-08
-1.151853514e-05
-0.0001136825173
7.488892938e-05
8.320574243e-10
1.190016162e-06
-0.0001142075798
1.202816573e-09
7.566981443e-05
-1.539641393e-05
9.202358667e-07
-1.404787281e-07
2.498831259e-05
2.570136938e-05
1.083334277e-09
4.366539775e-05
-6.06322765e-05
-1.723769965e-08
1.703920885e-09
1.09291818e-06
0.0002002352466
-0.0001126479366
7.889906582e-10
-0.0003123294185
0.0002252485171
1.778412065e-07
-4.345024734e-05
0.0001289061173
6.119167756e-08
5.994445208e-05
-0.0001477771411
1.606161458e-09
0.0001298693099
1.60805538e-09
-0.000147519226
1.080570118e-06
3.086861743e-06
1.203865533e-05
-1.212932985e-07
-1.588820805e-05
8.850570256e-07
-1.879628246e-06
-5.065120537e-05
5.252817569e-05
-9.020562207e-09
-2.834239415e-06
1.202167894e-06
7.664913118e-08
-1.151805072e-05
-0.0001136783569
7.488764288e-05
1.190249495e-06
-0.0001142034174
7.566872775e-05
-1.539381766e-05
9.202342962e-07
-1.415856263e-07
2.49852819e-05
-2.248787602e-05
2.570201505e-05
-2.3814073e-05
4.366747811e-05
-6.063113353e-05
-1.587857957e-08
1.093049525e-06
0.0002002212002
-0.0001126487901
-0.0003123457967
0.0002252776077
1.775174692e-07
-4.34535917e-05
0.0001289054392
6.083473754e-08
5.994373315e-05
-0.0001477921921
0.0001298643986
-0.0001475154427
1.080462356e-06
-1.757134775e-07
6.304704771e-10
0.0004220985841
0.0004202996471
0.0001364651779
-3.528767097e-07
-0.0002588851227
0.0002281430737
-2.957403749e-07
-0.0001345258376
0.0001146714811
0.0001145151784
-0.0002591848183
0.0002282236985
-1.77905048e-07
0.0004221080297
0.0004203139164
-9.691159072e-05
0.0001492894345
1.734998987e-10
-1.289633826e-07
0.0001774733739
-0.0001990258489
0.0001782296658
-0.0001996008764
4.686102462e-10
0.0001218074398
2.238117102e-07
0.0002993285801
-0.0002431304911
3.281872142e-10
-2.542953639e-07
-0.0001215557062
0.000270329813
0.0002708279276
1.900657637e-12
0.0002988102858
-0.0002426688065
-0.0007586600618
-5.70811389e-05
3.814758926e-08
0.000274220454
8.594500349e-08
0.000703232551
-0.0002015362362
0.0008441791441
0.0001617849812
-0.0008037962447
-6.316455174e-07
-7.456974969e-08
-9.713580401e-05
0.0006080999783
0.0008156255769
3.74811107e-08
-0.0007586492815
-5.701547457e-05
-0.0003454959798
8.151772818e-08
0.0002742136303
0.0007031386341
-0.0002015395991
0.0008442849535
-6.259904357e-07
0.0001617524309
-0.0008038717958
-0.000634717113
9.110699663e-08
-0.0004694032245
4.471197011e-08
0.0007054533177
0.0009103108661
0.0009443836422
-0.0005462225669
0.0005331290497
-0.0009315501443
2.600190933e-07
-1.473288396e-07
-0.0005347429273
0.0004717265969
0.0006973307385
1.125988111e-07
-0.000634391289
-0.000469864029
-0.000743384942
2.690780395e-08
0.0007054360043
0.0009103788823
0.0009442981006
-0.0005462128849
2.618771635e-07
0.0005331842396
-0.0009315313328
-0.0008479436811
-0.0002416732401
-1.796948719e-06
0.0004621233289
0.0009559286581
-3.576638036e-07
-1.424368398e-09
0.003921181517
-0.001308757333
0.0003107174208
0.0002725148445
0.0002817578616
0.0002990299026
-0.0009250364545
-0.0009620064271
-0.0009640334761
-0.000925366437
4.0858591e-07
0.0007518414024
-0.0004004152219
0.0008897265535
-1.798232163e-06
-0.0008478607003
-0.000241607214
-0.0004732759465
-3.572703959e-07
0.0004620252723
0.0009559060449
0.00392088944
-0.001308528612
0.000310641373
0.0002724695914
0.0002817022145
0.0002988887552
-0.000924969508
-0.0009619113941
-0.0009639470846
-0.0009252361901
-0.001015509117
-0.0005398399882
2.008226206e-06
0.0006544974373
1.669444561e-07
0.001300644555
-0.0004563299327
0.001176287365
0.0004934466429
-0.00121239221
-1.011865659e-06
9.993294138e-08
-0.0007417178248
0.001061552378
0.001007161087
2.007018745e-06
-0.001015554343
-0.0005398266469
-0.0005871385461
1.541942721e-07
0.0006544663681
0.001300666969
-0.0004563503764
0.001176403512
-1.015503243e-06
0.0004933466114
-0.001212384243
-0.001478362336
3.031022284e-07
-0.0005504646199
0.001396631169
-0.0003716301776
0.0004266013894
-0.001455205375
3.602996614e-06
0.001414455691
3.16655014e-07
-0.001478420875
-0.0005504025362
0.001396587988
-0.0003714623995
3.583237532e-06
0.0004265919532
-0.001455300776
-0.001243806422
-0.0004257685122
-3.258673369e-06
0.0004178161532
0.001352812732
-1.336844909e-06
-1.289510108e-09
0.005143819779
-0.001340088354
0.0004281662619
0.0003922399572
0.0004085475073
0.0004084157271
-0.001370682071
-0.001325037033
-0.001394151604
-0.001351228879
6.736930233e-07
0.001345062894
-0.0005184194397
0.001216505081
-3.259397563e-06
-0.001243841755
-0.0004257543129
-0.0003726887886
-1.337756568e-06
0.0004177819465
0.00135283259
0.005144125462
-0.001340348371
0.0004281738337
0.0003922011572
0.0004085269638
0.0004084321167
-0.001370688823
-0.001325021431
-0.001394156423
-0.001351245772
0.0002722961844
0.0003877062266
-7.058398724e-07
-0.0004311538464
7.767099888e-10
-0.0002392661675
-0.0004372014578
2.925055163e-09
0.0003640920124
-1.882532812e-08
-0.0002710368588
9.717292012e-08
-0.0003863267435
-0.0005670151722
0.0005170950145
1.281471296e-09
-0.0005678160957
2.207690095e-09
0.0005184158363
-0.0004298446073
0.0005785900091
-0.0005876345645
-1.022919578e-08
-4.787383705e-10
0.0006782423251
-0.0008024118977
-9.097508153e-09
-0.0007493571407
0.0008735945899
-8.956563367e-08
-0.0005770391625
0.0006875704563
2.511766387e-07
0.0005865943555
-0.0007171073163
2.253045195e-09
0.0006889244382
-3.714773258e-09
-0.0007176603071
0.0002723071433
0.0003877065611
-7.052482247e-07
-0.000431164559
-0.0002392855973
-0.000437189049
0.0003640853999
-2.255684599e-08
-0.0002710629601
1.02253359e-07
-0.0003863219547
-0.0005670034062
0.0005170996641
-0.0005677752069
0.0005183971881
-0.0004298664716
0.0005786029777
-0.0005876474207
-1.256400003e-08
0.000678249375
-0.0008023406615
-0.0007495126755
0.0008736726376
-9.66165612e-08
-0.0005770745674
0.0006876480623
2.816311574e-07
0.0005866397067
-0.0007171605751
0.0006889827753
-0.0007176164707
0.00012544981
0.0004202288643
1.876626452e-07
-0.0002465357101
-2.042438855e-09
-2.193314774e-07
-0.0001252496648
-1.240737896e-07
-0.0004199191415
-0.0002232181003
0.0005283017639
-0.0003960591721
-0.0001150845996
-1.547977909e-09
0.0005110090917
-1.065882396e-09
-0.0002234021357
-2.022291408e-09
0.0005284243495
-0.0002461708512
0.0003095229614
0.0003424350633
2.815139829e-09
-0.0004267429369
-1.398549645e-07
0.0002388781186
0.0002396515242
2.355122811e-11
-0.0003597303299
2.082161414e-07
0.0003560418446
1.307742845e-09
-1.412701363e-07
0.0003592240227
0.0004512229938
-0.0004687969762
0.0004518228788
3.793262078e-09
-0.0004692631954
0.0003556415703
0.0004667886891
-0.0003574311098
1.535523816e-07
-4.993245471e-09
-9.529448603e-08
-0.0004666367294
0.0005661371173
-9.587498516e-08
0.00035701246
-0.0004536047506
0.0003229875991
-0.0005484818812
-6.259116352e-09
0.0006324746813
-0.0004069844338
-2.568973726e-09
0.0005662814302
-1.681649392e-08
-0.0004541691722
-9.691283267e-05
0.0001492887539
-1.301373503e-07
0.0001774633904
-0.0001990140011
0.0001782221373
-0.0001995959053
0.000121806741
2.248198301e-07
0.000299319728
-0.0002431288088
-2.549701749e-07
-0.0001215528011
0.0002703251384
0.0002708253569
0.0002987870246
-0.0002426516286
0.0001254553338
0.0004202260546
1.855409071e-07
-0.0002465492324
-0.0003960577975
-0.0001150703821
0.0005109858712
-2.183102199e-07
-0.0001252626062
-1.210156467e-07
-0.000419912592
-0.00022319738
0.00052828271
-0.0002233746126
0.0005284072348
-0.0002462026504
0.0003095312059
0.0003424062407
-0.0004266944598
-1.4006125e-07
0.0002388834418
0.000239659659
-0.0003597033552
2.080771019e-07
0.0003560274436
-1.48659232e-07
0.0003591635818
0.0004507625659
-0.0004683319012
0.0004516403058
-0.0004690822985
0.0003556034725
0.0004667986327
-0.0003574711706
1.457622426e-07
0.0003230258069
-0.0005484102444
0.0006324020211
-0.0004070264322
-8.867350116e-08
-0.00046665826
0.0005662328958
-6.750678033e-08
0.0003571116764
-0.0004540881611
0.0005663585763
-0.0004543254267
-0.001033057784
-0.0007812065699
-7.414545718e-09
0.001064994933
1.534340621e-07
-0.0007833155579
-0.0007833585995
8.74359992e-13
0.001225043253
-7.612220576e-08
-0.0007727207786
-1.307525143e-09
6.946493928e-08
-0.00122376872
-0.000755903555
0.001198381869
-0.0007557775687
9.211337177e-10
0.001199682795
-0.0007729907096
0.001362568044
-0.0007103834092
-4.542348833e-08
-3.329099574e-09
1.977628004e-08
-0.001361361928
0.001297945287
9.736476587e-08
0.0007112255864
-0.0006412902614
0.0006922425305
-0.00144813897
-3.038870351e-09
0.001369104948
-0.000613119228
1.575894905e-09
0.001299051211
-1.901429817e-09
-0.0006404898478
-0.001033146471
-0.0007811184245
0.001064849412
1.335932665e-07
-0.0007833310171
-0.0007833630648
0.001225049513
-7.19296877e-08
-0.0007727735136
6.266389667e-08
-0.001223787707
-0.0007558792114
0.001198448184
-0.0007557373391
0.001199732036
-0.0007731030754
0.001362572134
-0.0007103967217
-4.987565387e-08
0.0006922523633
-0.001448060403
0.001369142153
-0.0006132390687
1.149543747e-08
-0.001361375995
0.001297995808
1.021228256e-07
0.0007112573504
-0.0006412552574
0.001299100224
-0.0006404379283
-6.001523569e-08
0.0006161941712
-0.0001849459869
-9.729992452e-05
0.0006082425067
-1.921013315e-09
0.0006160884497
-0.0001850215339
-2.508313467e-09
8.240191553e-05
1.150848449e-08
0.0006914185095
-0.0001577424665
-1.021195418e-09
-1.315918737e-08
-8.22601875e-05
0.0006903892196
0.0006906362843
-9.248626012e-10
0.0006916715322
-0.0001577260462
-0.0002646335767
-1.663240761e-09
0.003656898922
-2.139137401e-09
-0.0008368858559
-0.0008451783184
-0.0008372463109
-1.321418086e-09
-0.0004853539668
0.003584222374
-0.0003361324577
-0.0008161251336
-0.0008079639926
-0.0008083789934
-0.0002645725736
0.003656909825
-0.0006295100252
-0.0008452802783
-0.0008368057101
-0.000837163453
-0.0004852233217
-0.0005358032199
0.0004730085963
7.061667163e-09
-2.161580486e-08
0.0006113549628
-0.0006293096043
0.0006123373546
-0.0006297454635
-8.966288991e-10
-1.012732141e-07
-0.0005586733074
0.0005619161146
-0.0005586797677
0.0005623104178
1.347312056e-08
2.089605347e-08
0.0006847349986
-0.0006311087853
1.047148859e-08
0.0006833181827
-0.0006306156231
0.0007535955241
-0.0004004310203
0.0003454741137
-0.0006982340764
-6.979265808e-12
0.0003338135145
-0.0008199672427
-4.071306262e-06
0.0008610281849
-0.0003708009082
-2.243057309e-09
1.059307576e-06
-0.0003364321438
0.0002813511698
0.0008058481793
1.031821685e-06
0.0008151328332
-0.0007833577282
-0.0004332493996
0.000280266277
0.0008082044981
-2.432556619e-09
-0.0007849475664
-0.000434419055
1.749073927e-10
0.0008409468835
-0.0003663175098
-0.00067269673
-3.080796691e-09
0.004030262992
-4.187129409e-09
-1.202918499e-08
0.003807593613
-0.000840597886
-0.000896421297
-0.0008886921731
-0.0009216697096
-0.0006734163952
0.004029946829
-0.0007420160369
0.001063453269
0.0007436454415
-3.883533612e-09
1.394492094e-07
0.001165985884
-0.0007094209354
0.00116723085
-0.0007094208392
-3.7966011e-09
0.0006672706205
-5.763419986e-07
0.001142217653
-0.0006416776989
-3.377467191e-09
3.565808139e-07
-0.0006676913189
0.0006915426484
0.001037417344
0.0006916618946
0.001039415775
2.800645871e-09
0.001138875519
-0.0006411573001
-0.001387541503
4.678313489e-09
-0.001011779225
-0.001025525445
-0.001077264509
-0.001021652022
0.004501289044
-1.221167112e-08
-0.001165671088
-0.0011776026
-0.001165246939
0.0004383228429
0.000459721248
0.0004236388685
0.0004052345382
-4.673041136e-09
-0.001294709048
-5.305619237e-08
0.001002267
-0.0004683288045
-0.001387413187
-0.00101185463
-0.001025586042
-0.001077348526
-0.001021768643
0.004501564081
-0.001543840909
-0.001177728844
-0.001165468477
-0.001165031348
0.0004382527647
0.0004596449887
0.0004236839848
0.0004053150537
-0.001294436466
0.001348137101
-0.0005181148652
0.0005866653857
-0.001416020865
-1.109980934e-09
0.0004934871824
-0.001386552128
-6.273656787e-06
0.001344074512
-0.0004447369398
1.031596521e-09
1.92925428e-06
-0.000495808106
0.0005513750048
0.001287586478
7.463846288e-07
0.001376294151
-0.001429054443
-0.0004663279631
0.0005499243811
0.001293626667
2.472522101e-09
-0.00143213196
-0.0004717872458
-1.408631588e-09
0.001305583693
-0.0004313713161
-0.001234866322
-7.479294521e-09
0.004953422681
-6.972132372e-09
-7.376645307e-09
0.004813717984
-0.001420134299
-0.001231739015
-0.001213438756
-0.001275746486
-0.001234344759
0.004953224365
-0.001192695215
-1.612678167e-08
0.0003544042873
0.0003901288006
0.0003716735131
-3.117752382e-08
0.005745170636
-0.001192410109
0.005823207544
0.0003899878457
0.0003545484059
0.0003718715225
0.005745271009
-0.0011492855
1.362521196e-08
0.005533271478
1.330039516e-08
-1.137977171e-08
0.00550715524
-0.001179028144
0.000387307246
0.0003618909179
0.0003732237209
-0.001149368634
0.005533629571
6.845357008e-05
0.0007552040413
-7.181790306e-08
-0.0001321660035
-1.27883156e-09
9.383384088e-08
-6.836167943e-05
-6.277986921e-08
-0.000755253996
-0.0001096031332
-0.0007591865966
-5.697450204e-05
-4.533354658e-10
-8.69680963e-10
-0.0001100870483
-1.082726822e-09
-0.0001320159729
-1.965777331e-08
0.0006554312441
0.0002743815755
0.0007036537906
-6.244568613e-10
0.0006556235471
-1.734256906e-09
-0.0002279326969
-5.326563128e-08
0.0007258688862
-1.845800814e-09
1.534123485e-07
0.0002279968127
0.0007564334932
0.0007561442733
-3.491365942e-09
0.000725648749
0.0007850745007
-0.0001912648964
-1.053173442e-07
-1.404968842e-09
1.281241474e-08
-0.0007847168195
-1.233258464e-07
0.000191189369
-0.0002384287857
0.0001622453237
-0.0008036186116
-1.172657602e-09
-0.0002044355032
-7.250605992e-10
-1.501618191e-09
-0.0002388610674
-9.732600964e-05
0.0006082381418
-5.610827135e-08
0.0006162692036
-0.000185066193
0.0006161528568
-0.0001851302569
8.240250678e-05
6.841845109e-09
0.0006914227183
-0.0001576802302
-1.107275347e-08
-8.226743397e-05
0.0006903777778
0.0006906301664
0.000691683157
-0.0001576745543
6.845549481e-05
0.0007552197829
-7.44968426e-08
-0.0001321793536
-0.0007591800283
-5.690886742e-05
9.496677252e-08
-6.836766746e-05
-5.796040247e-08
-0.0007552822631
-0.0001096392428
-0.0001101271175
-0.0001320412719
0.0002743651046
0.000703561944
-0.0003454441336
-1.741724437e-08
0.0006553977486
0.0006555742755
-0.0002279320707
-5.338120388e-08
0.0007258776564
1.520693659e-07
0.000227993241
0.0007565011812
-0.0002815078557
0.0007562089801
-0.0002804305214
0.0007256630512
0.0007850676475
-0.0001912634874
-1.072702087e-07
0.0001622103404
-0.0008036856295
-0.0002044321494
1.330199951e-08
-0.0007847058163
-1.18485105e-07
0.0001911913031
-0.0002384434253
-0.0002388601263
-6.34128711e-08
-0.0005263423281
-0.0006352445351
-0.000469870571
-1.230623003e-08
-0.000527134548
-3.214895158e-08
0.0007420628352
-3.135804096e-08
-0.0005844191536
-1.186768406e-08
2.655199906e-07
-0.0007409910724
-0.0005120354047
-0.0005124870694
-2.708832415e-09
-0.0005840465704
0.0007058745763
0.0009114020621
8.103282305e-09
-3.943510616e-08
0.0007637536133
0.0007650109548
3.157449018e-09
-0.0006786039773
9.238907287e-09
0.000812489221
7.696500707e-09
8.221294902e-08
0.0006782755587
0.0009234957443
0.0009245354349
6.766814058e-09
0.0008114227976
0.0008434308673
-0.0006152911049
-6.922500334e-08
-4.637073827e-10
2.461906289e-07
-0.0008424449117
0.0008632923727
1.573417149e-07
0.0006151379056
-0.0006233496443
0.0005326351699
-0.0009324746009
-5.706736191e-10
0.000944549874
-0.000544449849
1.003823152e-09
0.0008638241545
2.565072143e-09
-0.0006230754909
-0.0005356418735
0.0004728925501
-1.919639877e-08
0.0006116714128
-0.0006292954964
0.0006125215726
-0.0006297863393
-1.338423643e-07
-0.0005572048156
0.0005607333401
-0.0005582164551
0.000561906348
2.717685007e-08
0.0006852035923
-0.0006309151567
0.0006847599184
-0.0006302661494
-0.0006350816593
-0.0004701068444
0.000698262374
-1.747939356e-08
-0.0005277286215
-0.0005275503726
0.0007422842347
-4.056005134e-08
-0.0005846023211
2.713747244e-07
-0.0007414136335
-0.0005120090516
0.000783287289
-0.0005124090244
0.0007848550825
-0.0005844228991
0.0007058705308
0.0009114507941
-0.000743613672
-4.290031111e-08
0.0007638314568
0.000765027225
-0.0006785835768
1.582279633e-08
0.0008126875385
7.222808799e-08
0.0006782352077
0.0009235795973
-0.0006915081554
0.0009245777969
-0.0006916315847
0.0008118163288
0.0008434724738
-0.0006153189852
-6.87312918e-08
0.0005326730149
-0.0009324450871
0.0009444713408
-0.0005444379598
2.474601789e-07
-0.000842524516
0.000863452241
1.559341854e-07
0.0006151998094
-0.0006233074846
0.0008639849349
-0.0006230277688
0.0002835774826
0.0008920643299
-3.896036253e-06
-1.74216471e-10
-1.627149874e-08
-0.000280508011
-2.264895995e-06
-0.0008555727387
-0.0008529060512
-0.0002499003551
-1.077565449e-09
-1.406208571e-09
-4.245709722e-10
-0.0008923026268
-0.0004026759491
-8.564181347e-07
-2.372209737e-09
4.686151863e-07
0.0008916976913
-1.288070999e-06
0.0004008426755
-0.0004056323744
0.0004624305651
0.000956150377
3.887518039e-10
-0.0004743891208
1.660201538e-09
-8.437201438e-10
-0.000411846282
0.0007536550407
-0.000400428221
0.0003338430123
-0.0008199007034
-4.071184387e-06
0.0008610998195
-0.0003709731915
1.060568228e-06
-0.0003364883407
0.0008057613242
1.029043995e-06
0.0008149940542
-0.0004331510281
0.0008081256651
-0.0004344446118
0.0008410994106
-0.0003666648845
0.0002835830745
0.0008920534179
-3.895476127e-06
-0.0008528298614
-0.0002498229028
-1.733476897e-08
-0.0002805254633
-2.262582039e-06
-0.0008555672145
-0.000892381518
-0.0004027059343
-8.576243269e-07
0.0004623708018
0.000956097618
-0.000474353958
4.687411958e-07
0.0008918577596
-1.287921935e-06
0.0004009009513
-0.0004056183761
-0.0004118441845
0.0006019277439
0.001106970187
-1.896426904e-06
-0.0005647856358
1.786119077e-09
7.885989661e-07
-0.0006022300191
6.856734978e-06
-0.001098669133
-0.0005086671312
0.001060639545
-0.001019053482
-0.000535796286
7.993047729e-10
0.001012407355
3.130420383e-09
-0.0005162883429
2.762491011e-10
0.001094318697
-0.0005639200699
1.220480572e-07
0.00124289975
0.0006542923529
0.001301641328
3.591568635e-09
0.001244042322
2.452492707e-09
-0.0006020432509
-3.53547626e-07
0.001204763004
-1.577850621e-09
2.471132175e-07
0.0006022564536
0.001249515986
0.001249767847
1.721283425e-09
0.001203645354
0.001184562341
-0.000543771428
-8.133117887e-07
-2.353522408e-10
1.574752633e-06
-0.001182466334
-1.897098828e-07
0.0005435543762
-0.0005062408892
0.0004953973465
-0.001212432367
-2.934697315e-10
-0.000461579169
-8.592884746e-10
-3.009995507e-11
-0.0005066256417
-0.0007420714529
0.001063403248
1.503634535e-07
0.001165963959
-0.0007093839631
0.001167180965
-0.0007093738128
0.0006672955133
-5.842683048e-07
0.001142220652
-0.000641754307
3.522401291e-07
-0.0006677434228
0.001037435397
0.001039422221
0.001138881869
-0.0006412456011
0.000601915897
0.001106984212
-1.892788576e-06
-0.0005647848818
-0.001019096372
-0.0005357829663
0.001012449186
7.828853899e-07
-0.0006022093317
6.855145014e-06
-0.001098700216
-0.0005087147655
0.001060733184
-0.0005163517277
0.001094408394
-0.0005639204744
0.000654267023
0.001301666803
-0.0005866338772
1.104312137e-07
0.001242967786
0.001244106326
-0.0006020347093
-3.561321547e-07
0.00120474128
2.428068933e-07
0.0006022398862
0.001249516224
-0.0005513319493
0.001249758925
-0.0005498822912
0.001203605945
0.001184534321
-0.000543764247
-8.139120005e-07
0.0004952743061
-0.001212408766
-0.0004616102019
1.575327031e-06
-0.001182411971
-1.885075347e-07
0.0005435404301
-0.0005062199469
-0.0005066026387
2.542170689e-07
-0.0005685485496
-0.001479232514
-0.0005496014641
-3.023588967e-09
-0.0005670960606
4.853918822e-09
0.001491101862
-2.552938274e-07
-0.00049037069
2.734106248e-09
3.075187641e-09
-0.001490013066
-0.0004895090649
-0.0004906291601
6.740566748e-10
-0.0004922972612
0.001504127234
-0.0004183213284
-1.87806432e-06
2.462406198e-10
-7.137456986e-07
-0.001490256692
0.001428062757
9.832273087e-06
0.0004181168023
0.0004350548087
-0.0015289957
6.29813697e-10
0.001487672057
1.313248391e-09
0.00144783783
-3.607297103e-09
-0.001479286341
-0.0005495349294
0.00141589584
2.309365991e-07
-0.0005684811596
-0.000567031656
0.001491110949
-2.473341006e-07
-0.0004904052814
-2.825090408e-09
-0.001490034215
-0.0004894757973
0.001429110307
-0.0004905968769
0.001432170734
-0.000492365765
0.001504136405
-0.0004183470746
-1.876301471e-06
0.0004350747308
-0.001529134073
0.001487631058
-7.226798618e-07
-0.001490277877
0.001428116711
9.835711548e-06
0.0004181572133
0.001447892903
0.0004684024831
0.001311254677
-7.41709825e-06
7.104694698e-10
3.624432089e-07
-0.000462823283
-3.222232225e-06
-0.001243759048
-0.00125576475
-0.000440830615
-8.863097825e-11
1.202684166e-09
-4.953416321e-11
-0.001404399999
-0.0004147175076
3.69833177e-06
1.636588861e-10
-2.575721313e-06
0.001382126665
-7.063964836e-06
0.0003967751954
0.0004309248681
0.001442697256
1.41512614e-09
-2.66364411e-10
1.604796829e-09
0.00134811698
-0.0005181824353
0.0004934780455
-0.001386534633
-6.272462305e-06
0.001344067611
-0.0004447375399
1.923615529e-06
-0.000495792395
0.001287599726
7.509245755e-07
0.001376263099
-0.0004663231593
0.001293638829
-0.0004717968133
0.001305570544
-0.0004313722886
0.0004683995374
0.001311257575
-7.414941847e-06
-0.001255795462
-0.0004408132503
3.58540513e-07
-0.0004628205296
-3.224743737e-06
-0.001243767177
-0.001404410657
-0.0004147131538
3.697609831e-06
0.0004308927306
0.001442709229
-2.577893825e-06
0.001382153399
-7.064973339e-06
0.0003967670512
-3.838997714e-06
-0.0004113877235
6.258739454e-06
0.0010243804
0.001012976461
-0.0004750126796
4.50012853e-10
-0.0004282352964
1.03200109e-09
0.001085285671
3.284976417e-10
3.42480943e-06
-8.856576396e-11
0.001013063789
-0.0004750211776
-3.838018817e-06
-0.000411367992
6.258515742e-06
0.001024398621
-0.0004282034348
0.001085291037
3.422973604e-06
5.273141075e-07
-5.709895705e-07
4.725683015e-09
9.237518167e-07
5.941759345e-11
1.55123726e-07
-4.39468871e-07
4.748866467e-09
8.068881978e-07
2.776430815e-11
-1.650930385e-07
4.423202807e-09
3.157828932e-07
1.176358508e-11
6.145480165e-07
-6.325756181e-09
5.934519108e-07
1.662906745e-07
-4.257308221e-09
4.523075114e-07
-3.048367526e-09
1.692895749e-07
6.121422329e-07
5.468065431e-11
1.681953554e-07
2.126377471e-11
5.48131323e-12
5.371873556e-07
9.812264028e-07
1.53574422e-07
8.406687593e-07
3.272859862e-07
5.558344954e-07
1.60462731e-08
5.153406536e-11
1.629283695e-07
1.221488709e-08
2.288421939e-11
9.738880887e-09
8.49209447e-12
5.361242348e-07
1.495198507e-07
5.274173799e-07
-5.710984382e-07
4.841099693e-09
9.239563969e-07
1.551492423e-07
-4.395616969e-07
4.812018701e-09
8.070489908e-07
-1.651215473e-07
4.452964806e-09
3.158310223e-07
6.145287827e-07
-6.42336706e-09
5.935919431e-07
1.66276854e-07
-4.315569148e-09
4.523885728e-07
-3.081317197e-09
1.693155829e-07
6.122982664e-07
1.682474555e-07
5.371839097e-07
9.814851283e-07
1.535692003e-07
8.408195413e-07
3.273344708e-07
5.559232317e-07
1.617758021e-08
1.629466211e-07
1.228539498e-08
9.772560459e-09
5.36083449e-07
1.495045859e-07
)
;

boundaryField
{
    inlet
    {
        type            calculated;
        value           nonuniform 0();
    }
    outlet
    {
        type            calculated;
        value           nonuniform List<scalar> 
25
(
0.01999963787
0.01999964353
0.01999965484
0.0199996716
0.01999969355
0.01999972034
0.01999975154
0.01999978665
0.01999982513
0.01999986637
0.01999990972
0.01999995448
0.01999999997
0.02000004545
0.0200000902
0.02000013352
0.02000017472
0.02000021316
0.02000024823
0.02000027938
0.02000030613
0.02000032806
0.02000034482
0.02000035615
0.02000036185
)
;
    }
    topAndBottom
    {
        type            symmetry;
        value           uniform 0;
    }
    frontAndBack
    {
        type            empty;
        value           nonuniform 0();
    }
    cylinder
    {
        type            calculated;
        value           uniform 0;
    }
    procBoundary3to1
    {
        type            processor;
        value           nonuniform List<scalar> 
125
(
3.585529248e-08
3.148672037e-08
1.905590213e-08
1.726975342e-08
1.50999509e-08
1.027872221e-08
6.771384566e-09
4.545387134e-09
2.625698594e-09
1.120251615e-09
-2.324293224e-11
-1.511320963e-09
-2.808365366e-09
-3.570773408e-09
-4.520538256e-09
-4.997186966e-09
-4.32838779e-09
-2.858793894e-09
-1.483524867e-09
-7.187782644e-10
-5.472650743e-10
-5.952329177e-10
-6.288120036e-10
-6.882160139e-10
-8.692247059e-10
-1.144867361e-09
-1.391000996e-09
-1.525719848e-09
-1.567448903e-09
-1.562872344e-09
-1.555501645e-09
-1.564920273e-09
-1.563007838e-09
-1.839393011e-09
-2.458995431e-09
-2.295423769e-09
-2.060081176e-09
-1.902688088e-09
-1.834342558e-09
-1.783768557e-09
-1.733105306e-09
-1.68283573e-09
-1.631976614e-09
-1.582990178e-09
-1.537517879e-09
-1.494827421e-09
-1.454786133e-09
-1.417403014e-09
-1.380694138e-09
-1.345310499e-09
-1.31219378e-09
-1.28047231e-09
-1.249501101e-09
-1.219674289e-09
-1.19183253e-09
-1.166381213e-09
-1.14285447e-09
-1.120596481e-09
-1.099165883e-09
-1.078364173e-09
-1.05846256e-09
-1.039398947e-09
-1.020907615e-09
-1.003526056e-09
-9.881706724e-10
-9.752048279e-10
-9.643867723e-10
-9.61015761e-10
-9.305886095e-10
1.427222403e-08
-8.943686136e-09
-1.992181167e-09
1.425515396e-08
1.36468722e-08
-9.605093385e-09
1.399589024e-08
1.2438676e-09
1.436585452e-08
8.776927696e-09
8.875945551e-09
1.4127464e-08
8.595838951e-09
8.7915998e-09
-1.105686044e-09
2.323612197e-10
1.701704631e-09
1.437971807e-08
1.392052961e-08
1.464573237e-08
-1.710783223e-09
-6.805925081e-09
2.894109829e-10
1.428015736e-08
1.529863307e-08
1.517282954e-08
-2.34377119e-09
6.313294992e-09
3.501584574e-09
2.040643171e-09
2.110825777e-09
4.116911552e-09
-6.468890619e-09
-5.78026136e-09
-4.106016335e-09
-3.013028631e-09
-3.512291224e-10
-2.055946204e-09
-2.770732732e-09
6.964341067e-10
-1.526510613e-09
7.860078471e-10
1.191682932e-09
-2.696727656e-10
4.963586812e-10
2.043511902e-10
4.930496011e-11
4.955324555e-10
2.052049091e-10
4.941593998e-11
4.660844735e-10
1.853386543e-10
4.273603014e-11
4.830035375e-10
1.968038129e-10
4.65024946e-11
)
;
    }
    procBoundary3to2
    {
        type            processor;
        value           nonuniform List<scalar> 
103
(
0.0008974918075
0.0008971904556
-0.006067561751
-0.006017031608
-0.006068075737
-0.006016117071
-0.02317847705
-0.02257879161
-0.02212510194
-0.02178250993
-0.02151787769
-0.0213120939
-0.02114972346
-0.02102051392
-0.02091680425
-0.02083306762
-0.02076523042
-0.02071023268
-0.02066578763
-0.02063018382
-0.02060213854
-0.02058070056
-0.02056517317
-0.02055509538
-0.02055006282
-0.0001053669688
-2.337609589e-06
-0.0001039151925
-2.158624125e-06
-2.354886772e-06
-2.027871588e-06
-2.355827593e-06
-2.028457189e-06
-0.0002416777353
-0.000439131441
-0.0002419914796
-0.0004376669539
-0.0006704333443
-0.0006721312656
-0.0001053690094
-2.337773303e-06
-0.000103917567
-2.158296814e-06
-0.0002416844426
-0.0004391301543
-0.0002420068094
-0.0004376698217
-0.0006704231931
-0.0006720937018
-0.000965465601
-0.0009672060853
-0.001235603665
-0.001234169659
-0.001424856652
-0.001516817083
-0.001517933261
-0.001423172438
-0.0009655835151
-0.000967266268
-0.001235568466
-0.001234087578
-0.001424902353
-0.001516810733
-0.001517918971
-0.001423271598
-0.001551358266
-0.001552376937
-0.001567574667
-0.001566519685
-0.001528737251
-0.001541689551
-0.001553345953
-0.001494832344
-0.006001520777
-0.001528825494
-0.001541735105
-0.001553319213
-0.001494803907
-0.006001509102
-0.001574298788
-0.001528750166
-0.001565807631
-0.001566315238
-0.001551425884
-0.001552456817
-0.001567487249
-0.001566396942
-0.001574318054
-0.001528745295
-0.001565777523
-0.001566362713
1.541715748e-06
1.239488627e-06
4.865434869e-07
1.542046334e-06
1.239682392e-06
4.86610469e-07
1.444745392e-06
1.187556837e-06
4.689623768e-07
1.444955694e-06
1.187765532e-06
4.690153617e-07
)
;
    }
}


// ************************************************************************* //
