/*--------------------------------*- C++ -*----------------------------------*\
| =========                 |                                                 |
| \\      /  F ield         | OpenFOAM: The Open Source CFD Toolbox           |
|  \\    /   O peration     | Version:                                        |
|   \\  /    A nd           | Website:  www.openfoam.com                      |
|    \\/     M anipulation  |                                                 |
\*---------------------------------------------------------------------------*/
FoamFile
{
    version     2.0;
    format      ascii;
    class       volScalarField;
    location    "1.7";
    object      p;
}
// * * * * * * * * * * * * * * * * * * * * * * * * * * * * * * * * * * * * * //

dimensions      [0 2 -2 0 0 0 0];


internalField   nonuniform List<scalar> 
2403
(
-0.3678688067
-0.357489504
-0.1723493564
0.0224101434
0.07821954296
0.08219409679
0.06976115507
0.05592543739
0.04430451205
0.0350075877
0.027853985
0.02250300531
0.0184317909
0.01522984232
0.01267596703
0.01063004073
0.008973571712
0.007614931691
0.006490860611
0.00555545758
0.004772469592
0.004113125133
0.003554989617
0.003080402896
0.002675217007
0.002327996767
0.002029452935
0.001771998094
0.001549398032
0.001356488722
0.001188966304
0.001043224116
0.0009162220817
0.0008053833523
0.0007085159316
0.000623751744
0.0005495143762
0.0004844495986
0.000427358835
0.0003772051457
0.0003331094113
0.000294310269
0.0002601462366
0.0002300431731
0.0002035024589
0.0001800892116
0.0001594220935
0.0001411653817
0.0001250239824
0.0001107393487
9.808592988e-05
8.68678125e-05
7.691500719e-05
6.807954122e-05
6.023180072e-05
5.325736422e-05
4.705431891e-05
4.153095086e-05
3.660383086e-05
3.219649936e-05
2.823894141e-05
2.466777345e-05
2.142671043e-05
1.846676038e-05
1.574568892e-05
1.322702875e-05
1.087784421e-05
8.670306255e-06
6.568880896e-06
4.579209852e-06
2.565982769e-06
1.10962046e-06
-0.4489448085
-0.4352382463
-0.2447059661
-0.02724176512
0.03723016828
0.05233780392
0.05096879513
0.04485925942
0.0376499975
0.03085342275
0.02520627295
0.02076359756
0.01723691533
0.0143763911
0.01204958184
0.01016037869
0.008614903707
0.007336788437
0.006272479109
0.005382066082
0.004633365056
0.004000457491
0.003462937333
0.00300460356
0.00261235151
0.002275538091
0.001985438714
0.001734891537
0.001517977264
0.001329772605
0.001166162778
0.001023689432
0.0008994312214
0.0007909078497
0.000696004645
0.0006129143272
0.0005401190211
0.0004762910451
0.0004202554553
0.0003710080669
0.0003276946529
0.0002895746804
0.0002560022461
0.0002264157625
0.0002003262286
0.0001773069864
0.0001569833913
0.0001390259095
0.0001231458889
0.0001090906166
9.663928809e-05
8.559943298e-05
7.5803593e-05
6.710599901e-05
5.937918764e-05
5.251077557e-05
4.640063262e-05
4.095858336e-05
3.610267993e-05
3.175806806e-05
2.785644112e-05
2.433597497e-05
2.114148395e-05
1.822447314e-05
1.554273961e-05
1.305971455e-05
1.074256703e-05
8.563887285e-06
6.488991988e-06
4.523847493e-06
2.535525112e-06
1.095436192e-06
-0.4818215593
-0.4660621554
-0.2165699624
-0.07069003562
-0.002187040692
0.02193287928
0.02954994483
0.03058462051
0.02822440023
0.02455992206
0.02093408953
0.01779239726
0.01511284917
0.01282170054
0.01088930177
0.009279467194
0.007936248045
0.006807418442
0.00585479733
0.005049027954
0.004365224103
0.003782623521
0.003284513376
0.00285736768
0.002490025049
0.002173273487
0.0018995111
0.001662331795
0.001456424987
0.001277344157
0.00112134093
0.0009852417437
0.0008663467018
0.0007623596023
0.000671307243
0.0005915110919
0.0005215432527
0.0004601489042
0.0004061944969
0.0003587385375
0.0003169740546
0.0002801976583
0.0002477939786
0.0002192253076
0.0001940234976
0.0001717788684
0.0001521323721
0.0001347674759
0.0001194067333
0.0001058068121
9.375545707e-05
8.306758059e-05
7.358177822e-05
6.515728378e-05
5.767092756e-05
5.101413134e-05
4.509019085e-05
3.981203938e-05
3.510058482e-05
3.088364491e-05
2.709542859e-05
2.36764117e-05
2.057336954e-05
1.773933013e-05
1.513319043e-05
1.271919589e-05
1.046527125e-05
8.344776847e-06
6.324240379e-06
4.409686185e-06
2.472648133e-06
1.066488181e-06
-0.4503105956
-0.3490475688
-0.1772601486
-0.08368204709
-0.02848972019
-0.001722377652
0.01085036076
0.01657675677
0.01811545557
0.01738355105
0.01579500247
0.01404824973
0.01234565628
0.01075197799
0.009320509303
0.008073311905
0.006997077446
0.006068220594
0.005267207825
0.004577556543
0.003983613119
0.003471248676
0.003028550927
0.002645514782
0.00231359455
0.00202550015
0.001775047073
0.00155699037
0.001366881357
0.001200931461
0.001055902649
0.0009290222875
0.0008179052647
0.000720507198
0.0006350764079
0.0005600901736
0.0004942542213
0.0004363898752
0.0003854749005
0.0003406471399
0.000301159898
0.0002663599231
0.0002356747524
0.0002086040541
0.0001847099637
0.0001636077395
0.0001449590585
0.0001284671642
0.0001138720496
0.0001009443605
8.948342546e-05
7.931467717e-05
7.028609013e-05
6.226463396e-05
5.513358772e-05
4.879001059e-05
4.314223811e-05
3.810775099e-05
3.361158537e-05
2.958531092e-05
2.596652715e-05
2.269873516e-05
1.973135957e-05
1.701970074e-05
1.452458456e-05
1.221190797e-05
1.005110269e-05
8.01684443e-06
6.07738485e-06
4.238593008e-06
2.378389754e-06
1.023244728e-06
-0.3115361494
-0.2172524663
-0.1487472776
-0.0870939094
-0.04353985265
-0.01808419535
-0.003778760349
0.004430591421
0.008640942574
0.01026137916
0.01044710568
0.00999776859
0.009256094942
0.00838377776
0.007491278605
0.006645584816
0.005871322965
0.005172606093
0.00454864917
0.003996280863
0.003509728879
0.003082135075
0.002706909263
0.002378000141
0.002089832019
0.001837351277
0.001616081719
0.001422100216
0.001251971704
0.001102692202
0.0009716405635
0.0008565333419
0.0007553808666
0.0006664493476
0.0005882244551
0.0005193945191
0.0004588381785
0.0004055232126
0.0003585383326
0.0003171124528
0.0002805756521
0.000248339422
0.0002198859917
0.0001947609006
0.0001725649202
0.0001529468279
0.0001355970444
0.0001202430281
0.0001066435498
9.459032912e-05
8.389899151e-05
7.440754654e-05
6.597534398e-05
5.84796381e-05
5.181233546e-05
4.587785498e-05
4.059107799e-05
3.587538622e-05
3.166113707e-05
2.788469469e-05
2.448796298e-05
2.141827717e-05
1.8628447e-05
1.607674316e-05
1.372660191e-05
1.154622312e-05
9.507147465e-06
7.585845952e-06
5.752813163e-06
4.013626703e-06
2.254455312e-06
9.664863513e-07
-0.2301575004
-0.205726647
-0.168806357
-0.1248026771
-0.08250231244
-0.04969219363
-0.02789109948
-0.01394215201
-0.004880352608
0.000747370053
0.003883286756
0.005413507129
0.006051056008
0.006152941826
0.005941474332
0.005561398082
0.005109370802
0.004639586963
0.004178878912
0.003741936438
0.003337021432
0.002967459017
0.002633417058
0.002333529167
0.002065661488
0.001827249601
0.001615575449
0.001427973127
0.001261924416
0.001115091845
0.0009853359459
0.0008707224089
0.0007695162922
0.000680167515
0.0006012949137
0.0005316718084
0.0004702130389
0.0004159846627
0.0003681523415
0.0003259040917
0.0002885792798
0.0002556032466
0.0002264643157
0.0002007090318
0.0001779377314
0.0001577980209
0.000139978482
0.0001242033576
0.0001102291039
9.784123357e-05
8.685047809e-05
7.709313948e-05
6.842550613e-05
6.071958884e-05
5.386401173e-05
4.776134225e-05
4.232515708e-05
3.747825827e-05
3.315114285e-05
2.928059994e-05
2.580878513e-05
2.268280677e-05
1.985465497e-05
1.728127425e-05
1.49245857e-05
1.27512473e-05
1.073230339e-05
8.841885556e-06
7.058645838e-06
5.355779231e-06
3.738456864e-06
2.102860791e-06
8.971229254e-07
-0.171564083
-0.1574837935
-0.1337800214
-0.1046042099
-0.07551274263
-0.05114842146
-0.03309791477
-0.02035630191
-0.0114216309
-0.005317709399
-0.001380884068
0.001031597505
0.002455739523
0.003228672372
0.003579836401
0.003655082525
0.003560668854
0.003374213117
0.003141675542
0.002888913758
0.002632101234
0.002381807477
0.002144459327
0.001923484004
0.001720322742
0.00153519131
0.001367597226
0.001216650916
0.001081236403
0.0009601212614
0.0008520445939
0.0007557788159
0.0006701603
0.000594101015
0.0005265950757
0.0004667231672
0.0004136519434
0.0003666478206
0.000325058824
0.0002882266516
0.0002556041111
0.0002267175176
0.0002011410341
0.0001784939115
0.0001584378201
0.0001406723914
0.0001249307578
0.0001109759833
9.859847775e-05
8.761283324e-05
7.78551669e-05
6.918222366e-05
6.146943925e-05
5.460672651e-05
4.849506479e-05
4.304846576e-05
3.819124486e-05
3.385551698e-05
2.998000561e-05
2.650894553e-05
2.339122609e-05
2.058001103e-05
1.803271269e-05
1.571110106e-05
1.358136167e-05
1.161390894e-05
9.783087068e-06
8.066012383e-06
6.44382917e-06
4.892824828e-06
3.417657074e-06
1.92614695e-06
8.163076148e-07
-0.1313035768
-0.1222512121
-0.1068450688
-0.08757756703
-0.06745145079
-0.04937663941
-0.03484466405
-0.02380918657
-0.01559031123
-0.009593949101
-0.005378957102
-0.0025100309
-0.0005995323871
0.0006433936032
0.001414765998
0.001864952383
0.002077963371
0.002138844088
0.002110466006
0.002027835323
0.001911501303
0.001776504885
0.001634079102
0.001491695231
0.001353857116
0.001223169607
0.001101093105
0.0009883448751
0.0008851133558
0.0007912147455
0.0007062330325
0.0006296283296
0.0005608007177
0.0004991245672
0.0004439736432
0.0003947420363
0.0003508561235
0.0003117911794
0.000277074206
0.0002462214944
0.0002188050397
0.0001944534544
0.000172832859
0.0001536415733
0.0001366076951
0.0001214875649
0.0001080634908
9.614129641e-05
8.554824086e-05
7.613119632e-05
6.775468506e-05
6.029855493e-05
5.36568383e-05
4.773869826e-05
4.246134215e-05
3.775104878e-05
3.354355383e-05
2.978154265e-05
2.641303374e-05
2.339055747e-05
2.067053507e-05
1.821293805e-05
1.59812793e-05
1.394275524e-05
1.206834199e-05
1.033266221e-05
8.713739309e-06
7.192000594e-06
5.751340562e-06
4.371477725e-06
3.05646172e-06
1.727205128e-06
7.253511205e-07
-0.09972762817
-0.09524327501
-0.08575634344
-0.07307658691
-0.05914211577
-0.04585017907
-0.03443691434
-0.02521638578
-0.01797144972
-0.01240054796
-0.008239676716
-0.005214582308
-0.003054845404
-0.001529880497
-0.0004769433037
0.0002486175179
0.000710851174
0.000979267635
0.001124934978
0.001190839539
0.001200833652
0.001172296693
0.001119278739
0.001052078172
0.0009775985097
0.0009004070813
0.0008235953304
0.0007492408522
0.0006786593176
0.0006125989177
0.0005514147651
0.0004952054276
0.0004439003151
0.0003973137402
0.0003551861397
0.0003172181524
0.0002830928193
0.0002524970087
0.0002251298725
0.0002006881436
0.0001788657153
0.0001593966294
0.0001420437532
0.0001265874923
0.0001128250981
0.0001005725373
8.966401929e-05
7.995052588e-05
7.129860401e-05
6.358925251e-05
5.671671204e-05
5.058661396e-05
4.51154642e-05
4.022779116e-05
3.586093649e-05
3.195506508e-05
2.845744698e-05
2.53221848e-05
2.250762541e-05
1.997540649e-05
1.769016521e-05
1.561931361e-05
1.373303051e-05
1.200443048e-05
1.040970402e-05
8.928044859e-06
7.541460652e-06
6.233954201e-06
4.99238366e-06
3.800187111e-06
2.660728933e-06
1.509265758e-06
6.257199297e-07
-0.07728790557
-0.07533651769
-0.06946628686
-0.06105077892
-0.05135449364
-0.04161533652
-0.03277347607
-0.02523843256
-0.01903625206
-0.01405585223
-0.01015757583
-0.007177181802
-0.004936356795
-0.003270585983
-0.002051006215
-0.001157252098
-0.0005128712097
-7.729914016e-05
0.0002138537941
0.0004043541498
0.0005218815638
0.0005867966103
0.0006146146191
0.0006168410192
0.0006017700556
0.0005754146571
0.0005421777055
0.0005052339208
0.0004668057204
0.0004284104286
0.0003910662114
0.0003554386256
0.000321934513
0.0002907684586
0.0002620191947
0.0002356752252
0.0002116647534
0.0001898759686
0.0001701771258
0.0001524577433
0.0001365044769
0.0001221689911
0.0001093140653
9.780177533e-05
8.749935525e-05
7.828396489e-05
7.004335167e-05
6.267529342e-05
5.608720133e-05
5.019561578e-05
4.492548321e-05
4.020904021e-05
3.598455366e-05
3.219807744e-05
2.880276088e-05
2.575482108e-05
2.301476915e-05
2.054873747e-05
1.832595907e-05
1.631775099e-05
1.449745871e-05
1.284038465e-05
1.13237947e-05
9.927097474e-06
8.632024433e-06
7.422621572e-06
6.285120608e-06
5.20731179e-06
4.179190428e-06
3.188153675e-06
2.236822903e-06
1.275829949e-06
5.19005271e-07
-0.05993875079
-0.05961295339
-0.05625848108
-0.05078490747
-0.04411265902
-0.03707393742
-0.03033929676
-0.02431323718
-0.01914055523
-0.01482340926
-0.01130786413
-0.008506811206
-0.006311711775
-0.004611951498
-0.003311353228
-0.002324343885
-0.001574681494
-0.001020705704
-0.0006113848842
-0.0003162769568
-0.0001092453958
3.416917164e-05
0.0001319316736
0.0001960511971
0.0002350505772
0.0002556448555
0.0002631839701
0.000261701517
0.0002541165134
0.0002425364262
0.0002285063973
0.0002131636277
0.0001973271393
0.0001815644066
0.0001662552804
0.0001516476551
0.0001378948467
0.0001250803533
0.0001132354877
0.0001023815298
9.245643733e-05
8.341317675e-05
7.520421398e-05
6.777246394e-05
6.10561963e-05
5.499421049e-05
4.952796776e-05
4.460232157e-05
4.016587553e-05
3.617103403e-05
3.257380943e-05
2.933358335e-05
2.641292317e-05
2.377854109e-05
2.139917725e-05
1.924874557e-05
1.730207389e-05
1.55371905e-05
1.39346174e-05
1.247583699e-05
1.114328989e-05
9.920495429e-06
8.792090537e-06
7.744035129e-06
6.76383191e-06
5.840580185e-06
4.964911056e-06
4.128562231e-06
3.324800804e-06
2.545169418e-06
1.791507647e-06
1.030614057e-06
4.06899425e-07
-0.04670468138
-0.04736889596
-0.04568292185
-0.04223367229
-0.03770258132
-0.03266019661
-0.02759127456
-0.02284851721
-0.01861537834
-0.01495494001
-0.01186894993
-0.009322608897
-0.007256605569
-0.005601117275
-0.004288380612
-0.003257231236
-0.002450733067
-0.001826648748
-0.001341847893
-0.0009662205861
-0.0006841213176
-0.0004754728807
-0.0003193183032
-0.0002021876823
-0.0001155833804
-5.274880909e-05
-7.934922194e-06
2.341565372e-05
4.471887616e-05
5.853030859e-05
6.680147014e-05
7.103492199e-05
7.237733653e-05
7.169037053e-05
6.961488548e-05
6.662689656e-05
6.307880344e-05
5.922794131e-05
5.525790177e-05
5.131354562e-05
4.747073412e-05
4.378253528e-05
4.028509052e-05
3.699945697e-05
3.393387704e-05
3.108769653e-05
2.84551049e-05
2.602740702e-05
2.379408965e-05
2.174334144e-05
1.986241407e-05
1.813791143e-05
1.655603294e-05
1.51038726e-05
1.37689479e-05
1.254137263e-05
1.141041374e-05
1.03670062e-05
9.403124844e-06
8.510525707e-06
7.680903895e-06
6.906123088e-06
6.178323999e-06
5.490161663e-06
4.835049941e-06
4.20727074e-06
3.601972409e-06
3.014950245e-06
2.44283818e-06
1.881455418e-06
1.3318396e-06
7.774926063e-07
2.911695203e-07
-0.03636119215
-0.03762215788
-0.03705615765
-0.03503796008
-0.03203389023
-0.02848133956
-0.02473701747
-0.02107282817
-0.01767319939
-0.01463255307
-0.01198562918
-0.009731790572
-0.007845836027
-0.006288487321
-0.005015893134
-0.003985193648
-0.003155646338
-0.002492384331
-0.001963647454
-0.001539324877
-0.0012003612
-0.0009379806517
-0.0007326924146
-0.0005711851336
-0.000444334893
-0.000344820976
-0.00026679525
-0.0002056618599
-0.0001578327986
-0.000120465889
-9.129434779e-05
-6.853271643e-05
-5.079050864e-05
-3.698357897e-05
-2.626058236e-05
-1.795060044e-05
-1.152697761e-05
-6.579583401e-06
-2.787083959e-06
1.022438093e-07
2.290407159e-06
3.927087845e-06
5.126508541e-06
5.983383954e-06
6.572608168e-06
6.951613037e-06
7.165470004e-06
7.250514582e-06
7.235996847e-06
7.144999104e-06
6.99526715e-06
6.800140786e-06
6.569795232e-06
6.312006597e-06
6.032971456e-06
5.738169304e-06
5.432494657e-06
5.119881597e-06
4.803306513e-06
4.484793967e-06
4.165391361e-06
3.845314929e-06
3.524218194e-06
3.201488784e-06
2.876502186e-06
2.548777821e-06
2.218037185e-06
1.884190278e-06
1.547289829e-06
1.207502911e-06
8.650613072e-07
5.204420292e-07
1.736322389e-07
-0.02820767245
-0.02982764991
-0.03000695041
-0.0289938172
-0.02710223904
-0.02467108803
-0.02196039487
-0.01917935211
-0.01649657032
-0.014015841
-0.0117886194
-0.009835413264
-0.008153986834
-0.006726985049
-0.005529245831
-0.004532839478
-0.003709513467
-0.003032930879
-0.002479637902
-0.002027449889
-0.001655397861
-0.001353928326
-0.001107396535
-0.000907727086
-0.0007470032301
-0.0006165825504
-0.0005098691082
-0.0004223337241
-0.0003505868295
-0.0002917467256
-0.000243342948
-0.0002033736291
-0.0001702645414
-0.0001427671072
-0.0001198720667
-0.0001007554467
-8.474610125e-05
-7.130260202e-05
-5.998134207e-05
-5.044070373e-05
-4.236538551e-05
-3.551873459e-05
-2.971243791e-05
-2.478237368e-05
-2.059208044e-05
-1.70297735e-05
-1.400205881e-05
-1.14296934e-05
-9.245493478e-06
-7.392894102e-06
-5.824453785e-06
-4.500441211e-06
-3.387941073e-06
-2.459251511e-06
-1.688211137e-06
-1.053847801e-06
-5.371961051e-07
-1.214394587e-07
2.076855524e-07
4.622682039e-07
6.524532326e-07
7.866644029e-07
8.719711314e-07
9.144317776e-07
9.193483892e-07
8.914622285e-07
8.350635901e-07
7.541797599e-07
6.522893955e-07
5.339163212e-07
3.984969997e-07
2.634853972e-07
5.612826208e-08
-0.02171258458
-0.02354110049
-0.02421995963
-0.02391872214
-0.0228492367
-0.02125485627
-0.01934356015
-0.01728165231
-0.01520649937
-0.01321887731
-0.0113782669
-0.009717004738
-0.008247441511
-0.006967418485
-0.005865765172
-0.004926525939
-0.004131584131
-0.003462517116
-0.002901901259
-0.002433612046
-0.002041930647
-0.001715942453
-0.001442290796
-0.001212123654
-0.001021974288
-0.0008653056919
-0.0007343494684
-0.0006240709088
-0.0005312562215
-0.000453174769
-0.0003873303914
-0.0003316169864
-0.0002843386525
-0.0002441235556
-0.0002098420095
-0.0001805538687
-0.000155475745
-0.0001339582043
-0.0001154598944
-9.95511975e-05
-8.580939536e-05
-7.39445709e-05
-6.369080511e-05
-5.481876832e-05
-4.71363649e-05
-4.04817693e-05
-3.471644311e-05
-2.972092425e-05
-2.539236708e-05
-2.164252734e-05
-1.839578965e-05
-1.558712785e-05
-1.316019612e-05
-1.107021428e-05
-9.271773273e-06
-7.728107276e-06
-6.405237781e-06
-5.274450303e-06
-4.311106909e-06
-3.493363948e-06
-2.802227276e-06
-2.221316461e-06
-1.736345052e-06
-1.334742374e-06
-1.005401354e-06
-7.384517521e-07
-5.251049598e-07
-3.572726884e-07
-2.280925184e-07
-1.287402914e-07
-6.055140904e-08
1.06362196e-08
-5.950390475e-08
-0.01650070886
-0.01844583156
-0.01946101597
-0.01966161708
-0.01919549992
-0.01823446749
-0.01694661294
-0.01546513662
-0.01389717992
-0.01233453454
-0.01083922389
-0.009449304716
-0.008185910184
-0.007057086467
-0.006061782002
-0.005193252412
-0.004441446862
-0.003794687275
-0.00324088732
-0.002768346122
-0.00236575615
-0.002023656149
-0.001732643497
-0.00148310342
-0.001269539298
-0.001090333941
-0.0009383274258
-0.0008086432082
-0.0006978368967
-0.0006029748006
-0.0005216057142
-0.0004517040093
-0.0003915584719
-0.0003397164464
-0.0002949549895
-0.0002562463969
-0.0002227234821
-0.0001936527239
-0.0001684098601
-0.0001464852686
-0.0001274022614
-0.0001107817188
-9.629859454e-05
-8.367103251e-05
-7.26561708e-05
-6.304568442e-05
-5.465955694e-05
-4.734143434e-05
-4.095553759e-05
-3.53841156e-05
-3.0524992e-05
-2.628880642e-05
-2.25947141e-05
-1.939015703e-05
-1.660196662e-05
-1.418065239e-05
-1.207943348e-05
-1.025823328e-05
-8.682062575e-06
-7.319817474e-06
-6.144179921e-06
-5.131170285e-06
-4.259572841e-06
-3.510553162e-06
-2.867405147e-06
-2.315296414e-06
-1.841076842e-06
-1.432714111e-06
-1.080054208e-06
-7.700947487e-07
-5.049076659e-07
-2.341579357e-07
-1.714550326e-07
-0.01230074175
-0.01430486671
-0.01554616394
-0.01610289533
-0.01608034973
-0.01560166989
-0.01480057347
-0.01378075723
-0.0126295018
-0.01142719404
-0.01023371598
-0.009088785082
-0.008018286383
-0.007036799872
-0.006150317112
-0.005358928809
-0.004658865229
-0.004043972298
-0.003506813359
-0.003039483864
-0.002634016228
-0.002283036674
-0.001979818737
-0.001717523369
-0.001489247609
-0.001292677888
-0.001122109713
-0.0009750980271
-0.0008488316753
-0.0007396642527
-0.0006448202183
-0.0005623685952
-0.000490714739
-0.0004284049095
-0.0003741516503
-0.0003268581991
-0.0002855960121
-0.0002495712955
-0.0002180972661
-0.0001905971596
-0.0001665443491
-0.0001454903387
-0.0001270549892
-0.0001109108591
-9.677007459e-05
-8.438233259e-05
-7.353025281e-05
-6.402419846e-05
-5.569843038e-05
-4.840821913e-05
-4.202725751e-05
-3.644525283e-05
-3.156778596e-05
-2.729412368e-05
-2.356540819e-05
-2.031111679e-05
-1.74712486e-05
-1.499463893e-05
-1.28364201e-05
-1.095684702e-05
-9.320792006e-06
-7.8971094e-06
-6.658037288e-06
-5.578816166e-06
-4.637431965e-06
-3.814336319e-06
-3.092224778e-06
-2.455300871e-06
-1.890262596e-06
-1.380117199e-06
-9.276263293e-07
-4.670729843e-07
-2.779721964e-07
-0.008910607167
-0.01093916736
-0.0123322069
-0.01314325479
-0.01344886769
-0.01333867462
-0.01291234286
-0.01225679732
-0.01144600102
-0.01054565101
-0.009611159601
-0.008682071865
-0.007786344499
-0.006942469337
-0.00616123376
-0.005447706047
-0.004802904984
-0.004225064079
-0.003710603534
-0.003254888226
-0.002852750411
-0.002498943718
-0.002188437705
-0.001916394921
-0.001677688106
-0.001469050063
-0.001285504769
-0.001123898638
-0.0009837767598
-0.000862155416
-0.0007558378257
-0.0006625671786
-0.0005808072593
-0.0005092116922
-0.0004465003665
-0.0003915266051
-0.0003433064179
-0.0003009971235
-0.0002638663523
-0.0002312870118
-0.0002026943969
-0.0001775829776
-0.0001555225556
-0.0001361459565
-0.0001191267539
-0.0001041778745
-9.104876236e-05
-7.952020347e-05
-6.939962922e-05
-6.051776648e-05
-5.272581659e-05
-4.589269929e-05
-3.990291701e-05
-3.465134384e-05
-3.005163577e-05
-2.602333247e-05
-2.249632286e-05
-1.94095396e-05
-1.67091509e-05
-1.434752069e-05
-1.22823465e-05
-1.047585811e-05
-8.894227572e-06
-7.507196062e-06
-6.287814219e-06
-5.212140742e-06
-4.258991975e-06
-3.409047733e-06
-2.64605174e-06
-1.949270858e-06
-1.322098469e-06
-6.844680861e-07
-3.773867568e-07
-0.006182211568
-0.008214946108
-0.009709368817
-0.01070218342
-0.01124910867
-0.01141740785
-0.01128106603
-0.01091347471
-0.01037729994
-0.009725888197
-0.009009192898
-0.008265598637
-0.007523551502
-0.00680367615
-0.006119873434
-0.00548071201
-0.0048907611
-0.004351648071
-0.003862891283
-0.0034225772
-0.003027887825
-0.002675510732
-0.002361931511
-0.002083626801
-0.001836955484
-0.001618893553
-0.00142604942
-0.00125483133
-0.001102934106
-0.0009700623968
-0.0008537957437
-0.0007514052386
-0.0006610380505
-0.0005813880015
-0.0005112653156
-0.0004495339563
-0.0003951733244
-0.0003472977593
-0.0003051370526
-0.0002680251186
-0.000235370426
-0.0002066222253
-0.0001813061538
-0.0001590205238
-0.0001394065388
-0.0001221460029
-0.0001069595255
-9.360176447e-05
-8.18565092e-05
-7.153272796e-05
-6.246072937e-05
-5.4493729e-05
-4.749658389e-05
-4.135389169e-05
-3.596179445e-05
-3.122922476e-05
-2.707668101e-05
-2.343413532e-05
-2.023978088e-05
-1.743888135e-05
-1.498261491e-05
-1.282719422e-05
-1.093328656e-05
-9.265642023e-06
-7.792829804e-06
-6.48691345e-06
-5.323172449e-06
-4.279062193e-06
-3.335613143e-06
-2.468659425e-06
-1.682156069e-06
-8.829440206e-07
-4.681415333e-07
-0.004004428615
-0.006030299219
-0.007591870573
-0.008714337543
-0.009438496083
-0.009815712096
-0.00990279492
-0.009760976848
-0.009442076073
-0.008991878884
-0.008454695535
-0.007866868146
-0.007256362307
-0.006644717976
-0.006047742274
-0.005476405328
-0.004937860097
-0.004436309449
-0.003973707147
-0.003550344853
-0.003165340973
-0.002817031751
-0.002503264132
-0.0022216169
-0.001969485326
-0.001744380067
-0.00154387007
-0.001365232985
-0.001205657238
-0.001063584748
-0.000938424402
-0.0008282030676
-0.0007306726921
-0.000644261353
-0.0005678157402
-0.0005002719454
-0.0004406141523
-0.0003879255907
-0.0003414026413
-0.0003003467307
-0.0002641474648
-0.0002322207702
-0.000204055273
-0.0001792192905
-0.0001573263392
-0.0001380323785
-0.0001210342352
-0.0001060646381
-9.288683635e-05
-8.129024932e-05
-7.108998304e-05
-6.211819215e-05
-5.423158225e-05
-4.729882345e-05
-4.120454194e-05
-3.584815003e-05
-3.11412365e-05
-2.700591458e-05
-2.337348548e-05
-2.018294718e-05
-1.737969976e-05
-1.491464e-05
-1.274357597e-05
-1.082685387e-05
-9.129089775e-06
-7.618819247e-06
-6.268186675e-06
-5.051774342e-06
-3.948181818e-06
-2.930169751e-06
-2.002173053e-06
-1.059400362e-06
-5.488167326e-07
-0.002294200449
-0.004308302341
-0.005913787226
-0.00712801095
-0.007981392399
-0.008514131444
-0.008771472364
-0.008802269002
-0.008651933124
-0.008361074136
-0.007968310534
-0.007507556568
-0.007005994767
-0.006485386081
-0.005962616657
-0.005450269712
-0.004957348748
-0.004489963791
-0.004051923721
-0.003645246919
-0.003270601576
-0.002927672928
-0.002615453464
-0.002332469991
-0.002076940383
-0.00184695076
-0.001640569754
-0.001455798622
-0.001290397973
-0.001142213205
-0.001009869585
-0.0008927518953
-0.000789184397
-0.0006972727833
-0.0006156459385
-0.0005432662109
-0.0004791686388
-0.0004224390718
-0.0003722492654
-0.0003278699456
-0.0002886740475
-0.0002540536962
-0.0002234694561
-0.0001964665801
-0.0001726361566
-0.0001516125145
-0.000133072029
-0.0001167280894
-0.0001023282037
-8.964516776e-05
-7.847922922e-05
-6.865249328e-05
-6.000505575e-05
-5.239555849e-05
-4.570001152e-05
-3.980923975e-05
-3.462722816e-05
-3.006957423e-05
-2.606169801e-05
-2.253717934e-05
-1.94364453e-05
-1.670584037e-05
-1.429702568e-05
-1.216660195e-05
-1.027583002e-05
-8.590245321e-06
-7.079310672e-06
-5.715131484e-06
-4.474195395e-06
-3.326595316e-06
-2.27715272e-06
-1.211084211e-06
-6.181493972e-07
-0.0009899319553
-0.002991231349
-0.004624883624
-0.005902986816
-0.006848827192
-0.007494531215
-0.007877473497
-0.008037490676
-0.00801478515
-0.007845777411
-0.00756491493
-0.007203742823
-0.006788574414
-0.006341066089
-0.005878646745
-0.005414918593
-0.004960160891
-0.004521856506
-0.00410518612
-0.003713473034
-0.003348578526
-0.003011244168
-0.002701375064
-0.002418269036
-0.002160796654
-0.001927555236
-0.001716992249
-0.001527477745
-0.001357302821
-0.001204633597
-0.001067659576
-0.0009451362593
-0.0008364030439
-0.0007400058695
-0.0006543066923
-0.0005781092287
-0.000510456201
-0.0004504685018
-0.000397319055
-0.0003502581915
-0.000308643961
-0.0002718484327
-0.0002393072454
-0.0002105464027
-0.0001851387414
-0.0001627057006
-0.0001429091964
-0.0001254451671
-0.0001100468733
-9.647873636e-05
-8.452666387e-05
-7.399997863e-05
-6.472991359e-05
-5.656719098e-05
-4.937991884e-05
-4.305194334e-05
-3.748128331e-05
-3.257820212e-05
-2.826323289e-05
-2.446548075e-05
-2.112128571e-05
-1.817326867e-05
-1.556972218e-05
-1.326422459e-05
-1.121533468e-05
-9.386162123e-06
-7.743981848e-06
-6.258855252e-06
-4.905506191e-06
-3.651803383e-06
-2.502849455e-06
-1.33567105e-06
-6.750743235e-07
-4.737631603e-05
-0.002037219262
-0.003688270441
-0.005009167258
-0.006018425787
-0.006742602662
-0.007213539858
-0.007465600328
-0.007534375596
-0.007453415056
-0.007254338463
-0.006966641574
-0.006615771113
-0.006223165585
-0.005806510025
-0.005380021159
-0.004954811209
-0.00453929873
-0.004139625913
-0.003760050781
-0.003403303852
-0.003070906193
-0.002763443407
-0.002480794613
-0.002222320321
-0.00198701754
-0.001773644809
-0.00158081749
-0.001407078663
-0.00125090838
-0.001110694449
-0.000984897659
-0.0008723432266
-0.0007723098553
-0.0006834767841
-0.0006044452438
-0.0005341582278
-0.0004717323289
-0.0004163507458
-0.0003672588936
-0.0003238083181
-0.000285361033
-0.000251335204
-0.0002212462507
-0.0001946472526
-0.0001711478578
-0.000150397092
-0.0001320843707
-0.0001159311439
-0.000101689933
-8.913838251e-05
-7.807834299e-05
-6.833406011e-05
-5.974961708e-05
-5.218728353e-05
-4.552591199e-05
-3.965901967e-05
-3.449272039e-05
-2.994374599e-05
-2.59377322e-05
-2.240786642e-05
-1.929393046e-05
-1.654168451e-05
-1.410245782e-05
-1.193280351e-05
-9.994017081e-06
-8.251709999e-06
-6.674360506e-06
-5.235301018e-06
-3.900656713e-06
-2.675688625e-06
-1.431181408e-06
-7.186413015e-07
0.000565754189
-0.001415995469
-0.003077222315
-0.004424497916
-0.005473466474
-0.006247241982
-0.006774170883
-0.007085573542
-0.007213324045
-0.007189545483
-0.007044042091
-0.006804780257
-0.006496509857
-0.006140461748
-0.005754442913
-0.00535303216
-0.00494785623
-0.004547923221
-0.004159985988
-0.003788900497
-0.003437958707
-0.003109190392
-0.002803629515
-0.002521541708
-0.002262614567
-0.002026115646
-0.001811021114
-0.00161611661
-0.001440078183
-0.001281532585
-0.001139052219
-0.001011203474
-0.0008966318902
-0.0007942231774
-0.0007031554439
-0.0006221109962
-0.0005500510468
-0.0004860116967
-0.0004291498221
-0.0003787079932
-0.0003340354016
-0.0002944841122
-0.0002594608966
-0.000228466549
-0.0002010632902
-0.0001768452516
-0.0001554524759
-0.0001365672633
-0.0001199041569
-0.0001052080921
-9.225155739e-05
-8.083137018e-05
-7.0766722e-05
-6.189733785e-05
-5.408176628e-05
-4.719551338e-05
-4.112898584e-05
-3.578540326e-05
-3.107883107e-05
-2.693247965e-05
-2.327736823e-05
-2.0051375e-05
-1.719860674e-05
-1.466895008e-05
-1.241767194e-05
-1.04048821e-05
-8.59506911e-06
-6.955607843e-06
-5.458828616e-06
-4.069632582e-06
-2.793293702e-06
-1.496497423e-06
-7.48062217e-07
0.0008681174204
-0.001109121248
-0.002774924928
-0.004134787222
-0.00520295225
-0.006000865583
-0.00655517347
-0.006895684838
-0.00705286679
-0.007057597145
-0.006938680979
-0.006723443702
-0.006436313108
-0.006098420673
-0.005727640523
-0.005338727828
-0.004943555001
-0.004551415561
-0.004169362974
-0.003802549915
-0.003454546979
-0.003127635674
-0.002823071479
-0.002541311189
-0.002282204361
-0.002045152903
-0.001829241904
-0.001633343614
-0.001456199191
-0.00129648508
-0.001152860829
-0.001023933893
-0.0009084420487
-0.0008052245781
-0.0007131213333
-0.0006310620294
-0.0005580574688
-0.0004931630489
-0.0004355362278
-0.0003844075138
-0.0003391177405
-0.0002990168839
-0.0002634995297
-0.0002320638649
-0.0002042625781
-0.0001796881315
-0.0001579771631
-0.0001388072122
-0.0001218900236
-0.000106967387
-9.380874213e-05
-8.22082879e-05
-7.198299868e-05
-6.297078778e-05
-5.502853743e-05
-4.803008741e-05
-4.18641952e-05
-3.643249738e-05
-3.164758461e-05
-2.743134468e-05
-2.371366803e-05
-2.043151129e-05
-1.752824059e-05
-1.495312772e-05
-1.266088695e-05
-1.061108314e-05
-8.767633246e-06
-7.097308329e-06
-5.571817647e-06
-4.15546355e-06
-2.853080268e-06
-1.530920423e-06
-7.615082763e-07
-0.3580051869
-0.4180138472
-0.3580022393
-0.4180530364
-0.4427695065
-0.4710818595
-0.4427584319
-0.4709424351
-0.3736442711
-0.4261754455
-0.4291435422
-0.3678736609
-0.3736441545
-0.4262701647
-0.4291502756
-0.4551768799
-0.4577062665
-0.4595640996
-0.4556955297
-0.4745314501
-0.4757895386
-0.4744257891
-0.4757141276
-0.3696801766
-0.3575486907
-0.3529803571
-0.3717509332
-0.3528387808
-0.3712204488
-0.3698552151
-0.4227059937
-0.4198672315
-0.3998869554
-0.4180529838
-0.3955583093
-0.4134015882
-0.3956414623
-0.4127673549
-0.3986640281
-0.3696846526
-0.3575520188
-0.3529827121
-0.3717510913
-0.352841757
-0.3712260944
-0.3698632978
-0.4227233613
-0.4198721628
-0.399892043
-0.4180590657
-0.3955548372
-0.4134033913
-0.3956466855
-0.4127712965
-0.3986722509
-0.4706918892
-0.4696312672
-0.455174053
-0.457698513
-0.4595629928
-0.455688273
-0.4706905396
-0.4696186634
-0.3676590045
-0.3804980437
-0.380314185
-0.3880887033
-0.3761420366
-0.3759593009
-0.388230843
-0.2529301534
-0.4120091301
-0.2886352059
-0.3574906596
-0.2529301449
-0.4119568562
-0.2886771912
-0.4523567297
-0.4790948886
-0.4852943695
-0.4489559803
-0.4524953578
-0.479141998
-0.4852350888
-0.3344388249
-0.4661726253
-0.375727515
-0.4353159173
-0.3344033815
-0.4661095141
-0.3757514559
-0.4812625301
-0.4695501464
-0.4197390785
-0.4816781879
-0.4813132978
-0.4696222803
-0.4197935767
-0.4608218065
-0.3762459175
-0.4607464564
-0.3763410027
-0.4097927558
-0.3598829017
-0.3336364159
-0.4502591815
-0.4098119957
-0.3599016199
-0.3336423646
-0.4547796629
-0.4432008011
-0.4446786647
-0.4571691023
-0.4457279713
-0.457110922
-0.4547357272
-0.4632425788
-0.4709560127
-0.465766104
-0.4668531634
-0.4659052234
-0.4665331463
-0.4630511523
-0.4547713434
-0.4432011651
-0.4447033352
-0.4570859475
-0.4457301068
-0.4570921402
-0.4547115988
-0.4632388175
-0.4709363468
-0.4657617449
-0.4667489473
-0.4658997474
-0.4665259461
-0.4630206036
-0.3908338988
-0.3791887006
-0.38503122
-0.3733903295
-0.3790342232
-0.3848850212
-0.390915515
-0.4263951046
-0.4023234779
-0.4024490332
-0.4092102307
-0.4330991064
-0.4331675692
-0.4091347913
-0.4115086263
-0.4052010539
-0.4354761323
-0.4292411683
-0.4053432776
-0.4355118807
-0.4114141094
-0.367663483
-0.3804999004
-0.380321028
-0.3880977263
-0.3761548418
-0.3759650867
-0.3882479384
-0.3908441091
-0.3733954506
-0.3792045945
-0.3850448428
-0.3790412819
-0.3848914068
-0.3909424866
-0.4264032224
-0.4023378364
-0.4024554653
-0.4092240983
-0.4332655093
-0.4331785038
-0.4091998974
-0.4115224922
-0.4292428048
-0.4052609688
-0.4356539352
-0.4053563973
-0.4355103784
-0.4114773008
-0.4744995417
-0.4699882736
-0.4700744283
-0.4755235055
-0.4777230326
-0.4780869909
-0.4754872773
-0.4815859099
-0.4798191909
-0.4803713495
-0.476522257
-0.480335645
-0.4809768849
-0.4812351596
-0.4744848428
-0.47011226
-0.4700817203
-0.4755190438
-0.4777748919
-0.4780874411
-0.4755136346
-0.4815819869
-0.4765029307
-0.4798619114
-0.4803699076
-0.4803374566
-0.4809767982
-0.4812359045
-0.3685894121
-0.3569876829
-0.3682114939
-0.3390296607
-0.3301790172
-0.3283710576
-0.3404558957
-0.08421399428
-0.2010656526
-0.09742721239
-0.1723553505
-0.0842180456
-0.201072275
-0.09743049309
-0.4493612837
-0.4647794724
-0.4650261615
-0.455676531
-0.4561840975
-0.473194559
-0.472485793
-0.4364140526
-0.4289169592
-0.4070932899
-0.4532433987
-0.4095031239
-0.454819506
-0.4217320578
-0.1496177323
-0.262478343
-0.1567950275
-0.2447150168
-0.1496088476
-0.2625152998
-0.1567923078
-0.4818289289
-0.4826856814
-0.4831007879
-0.4882606323
-0.4892864833
-0.4904201444
-0.4867907861
-0.380072738
-0.4060466897
-0.3208823017
-0.4661135092
-0.37999239
-0.405985873
-0.3208015541
-0.4530134665
-0.4191833409
-0.4359130459
-0.4222798336
-0.4421575425
-0.4269893657
-0.3998893638
-0.2908530075
-0.293096821
-0.2557057556
-0.3490577831
-0.2908256191
-0.2930795247
-0.2556654677
-0.3389023269
-0.2944495983
-0.3388757731
-0.2944016629
-0.2811926354
-0.2687496013
-0.2559021836
-0.3115941513
-0.2812273203
-0.2687713779
-0.2558794238
-0.2982198765
-0.2942197177
-0.255888709
-0.2495002762
-0.2893151566
-0.2531722122
-0.3022524567
-0.3886734092
-0.4120297796
-0.3887004387
-0.3602062879
-0.3832431191
-0.3830872697
-0.3605926215
-0.3212397847
-0.2848370401
-0.3398901875
-0.2850755744
-0.2856789988
-0.3368606146
-0.32279105
-0.3569892138
-0.3685912276
-0.3682098374
-0.3390349663
-0.3301872987
-0.3283731155
-0.3404838179
-0.2982218156
-0.249503187
-0.2942250843
-0.2559149059
-0.2893168845
-0.2531757913
-0.3022637693
-0.4120341852
-0.3886940861
-0.3887084434
-0.3602082135
-0.383191513
-0.3830771044
-0.3605806081
-0.3212400465
-0.2850821661
-0.2848354173
-0.3399210379
-0.2856800011
-0.3368642628
-0.3227937908
-0.4583989333
-0.4531922671
-0.4589306536
-0.4766588496
-0.4705656541
-0.4715173574
-0.4758923684
-0.4794382219
-0.47432819
-0.4746461166
-0.4837142397
-0.4879130116
-0.4886650179
-0.4831306268
-0.4880117158
-0.48298586
-0.4910115836
-0.4863020657
-0.4842747501
-0.4919619736
-0.4871437277
-0.4493696095
-0.464663668
-0.4650101943
-0.4558629657
-0.4562114327
-0.4731744392
-0.4719625108
-0.4532000611
-0.4588467335
-0.4589351042
-0.4766022697
-0.4705021576
-0.4715019055
-0.4755525032
-0.4794415143
-0.4742844132
-0.4746457221
-0.4837353654
-0.4879407426
-0.4886649848
-0.4830493464
-0.4880117154
-0.4862923421
-0.4830607192
-0.4909925602
-0.4842831465
-0.4919562478
-0.4870911281
-0.3727748142
-0.366921361
-0.3327378874
-0.3292671948
-0.3631396699
-0.3268304941
-0.3691661476
-0.4541114281
-0.4687510145
-0.4285393596
-0.4645025371
-0.4694220681
-0.4230894013
-0.450695684
-0.4364301153
-0.4288978742
-0.4070829848
-0.4531655142
-0.409495975
-0.4548071149
-0.421683069
-0.3727764743
-0.3292685327
-0.3668865327
-0.3327533569
-0.3631391568
-0.3268394171
-0.3691665031
-0.4540993553
-0.464495291
-0.4687904064
-0.428464098
-0.4694242613
-0.4230721457
-0.4506665757
-0.4874429507
-0.4897657673
-0.4648672937
-0.4871711841
-0.4923671806
-0.4829487449
-0.4827715523
-0.4798496947
-0.4706834972
-0.4807128169
-0.4801375184
-0.4613112398
-0.4626325298
-0.4788884787
-0.4750113413
-0.4641643779
-0.448331904
-0.4167301131
-0.4690012471
-0.448450391
-0.4732227238
-0.4818176341
-0.482624778
-0.4830882755
-0.4882442552
-0.4892504737
-0.4904163363
-0.4867042915
-0.4874459143
-0.4871707965
-0.4898047017
-0.4648986473
-0.4923710309
-0.4829444567
-0.4827823086
-0.4706981098
-0.4799381823
-0.4807205438
-0.4801229834
-0.4613406585
-0.4626366163
-0.4788668914
-0.4750059203
-0.4167242486
-0.4641373087
-0.4483268802
-0.4689920375
-0.4484463797
-0.4732092056
-0.4682581475
-0.4623102999
-0.4693121337
-0.4476479393
-0.4357395919
-0.437928258
-0.4461433802
-0.4205848806
-0.4067441644
-0.3796023153
-0.3892587449
-0.4096483273
-0.3951140173
-0.4163292296
-0.4622915323
-0.4683844843
-0.4693390429
-0.4476649178
-0.4357811588
-0.4379362753
-0.4461973808
-0.4205892045
-0.3892601202
-0.4068011765
-0.3795651886
-0.4096594413
-0.395100349
-0.4163455273
-0.4021532139
-0.4215169675
-0.3770121513
-0.4038960861
-0.4246124415
-0.3702368781
-0.3795895623
-0.3773216995
-0.393218063
-0.3584350151
-0.3642942563
-0.3930562988
-0.3480550004
-0.3800535821
-0.4530102721
-0.4191916736
-0.4359619124
-0.4222538609
-0.4421740233
-0.4269828608
-0.3999108991
-0.4021633655
-0.4039005399
-0.421559927
-0.3770444803
-0.4246228443
-0.3702466747
-0.3796187683
-0.377324558
-0.3643022354
-0.3932321717
-0.3584516252
-0.3930563848
-0.3480635919
-0.3800570017
-0.4525937422
-0.4386739927
-0.4664137533
-0.4450189557
-0.4562830508
-0.4138362074
-0.4227656733
-0.4664096072
-0.4526110034
-0.438719088
-0.4449935796
-0.4562713769
-0.4138048909
-0.4227512526
-0.3515624354
-0.3476977579
-0.3444193528
-0.3406350057
-0.3381880168
-0.3374120718
-0.3373052921
-0.3334040002
-0.3299554773
-0.3550641554
-0.352681325
-0.3522070328
-0.385479993
-0.3832375602
-0.3811344233
-0.3883829951
-0.3877090142
-0.3887673756
-0.3515665339
-0.3477018805
-0.3444235073
-0.3406379048
-0.3381909222
-0.3374149161
-0.3373079527
-0.3334066829
-0.3299581958
-0.3550714131
-0.3526884958
-0.3522142146
-0.3854849645
-0.3832426585
-0.3811396413
-0.3883920975
-0.3877182782
-0.3887768541
)
;

boundaryField
{
    inlet
    {
        type            zeroGradient;
    }
    outlet
    {
        type            fixedValue;
        value           uniform 0;
    }
    topAndBottom
    {
        type            symmetry;
    }
    frontAndBack
    {
        type            empty;
    }
    cylinder
    {
        type            zeroGradient;
    }
    procBoundary3to1
    {
        type            processor;
        value           nonuniform List<scalar> 
125
(
0.02240493737
0.07821702306
0.08219376773
0.06976112529
0.05592537157
0.04430474808
0.03500835796
0.02785549874
0.02250493329
0.01843395079
0.01523209088
0.01267819253
0.01063215947
0.008975583538
0.007616702814
0.006492322909
0.00555664907
0.004773437342
0.004113901192
0.00355559026
0.003080844601
0.002675527473
0.002328216181
0.002029624817
0.001772154922
0.001549550876
0.001356634265
0.001189096427
0.001043332355
0.0009163063976
0.0008054460864
0.0007085610958
0.0006237827058
0.0005495164743
0.0004844304292
0.0004273371962
0.0003771849355
0.0003330892938
0.0002942908133
0.000260129638
0.0002300312635
0.0002034955491
0.0001800860878
0.0001594205724
0.0001411631913
0.0001250197101
0.0001107329276
9.807827401e-05
8.685981847e-05
7.690671333e-05
6.807013152e-05
6.022039479e-05
5.324383117e-05
4.703940837e-05
4.151576694e-05
3.658925109e-05
3.218303579e-05
2.822700401e-05
2.465791571e-05
2.141953158e-05
1.846252172e-05
1.574398621e-05
1.322683285e-05
1.087792314e-05
8.669768458e-06
6.567520877e-06
4.577477327e-06
2.56461838e-06
1.109147762e-06
-0.3678635349
-0.3574814044
-0.1723502502
-0.3579972095
-0.3579919017
-0.3736370874
-0.3678643379
-0.3736319957
-0.3575410514
-0.3529699661
-0.3528286271
-0.3575435225
-0.3529706981
-0.352831007
-0.2529295471
-0.3574800186
-0.2529295197
-0.3676545561
-0.3761385511
-0.3759576995
-0.3791817366
-0.373384948
-0.3790288504
-0.3676577338
-0.3761449675
-0.3759612683
-0.3733882575
-0.3791906473
-0.3790332995
-0.08421552026
-0.172356314
-0.08421966326
-0.3569809957
-0.3301754726
-0.3283683876
-0.2942182226
-0.2494994798
-0.289313695
-0.3569816979
-0.330182549
-0.3283699564
-0.249502316
-0.2942231965
-0.289315218
-0.3406242409
-0.3381769705
-0.3374007712
-0.3372947257
-0.333393165
-0.3299444504
-0.3406249053
-0.3381774772
-0.3374010951
-0.3372965363
-0.333394937
-0.3299462261
)
;
    }
    procBoundary3to2
    {
        type            processor;
        value           nonuniform List<scalar> 
103
(
-0.3018829055
-0.3017989344
-0.2503002939
-0.2335612676
-0.2503746668
-0.2335515072
-0.1730663153
-0.1306495334
-0.09743120129
-0.0741439534
-0.05656567807
-0.04327265224
-0.03300938955
-0.02498103475
-0.01862966884
-0.01356015047
-0.009493022387
-0.006221877108
-0.00359692621
-0.001506815691
0.0001315300924
0.001379080716
0.002279588488
0.0028649443
0.003152774319
-0.4666332341
-0.4593165995
-0.4692183811
-0.4566317662
-0.4281440069
-0.4235538376
-0.4281584064
-0.4235584133
-0.486534635
-0.4709727408
-0.4850470354
-0.4709497434
-0.4709497434
-0.4709727408
-0.4666327004
-0.4593128541
-0.4692245636
-0.4566320672
-0.4865314647
-0.4709697123
-0.4850352672
-0.4709280116
-0.4709280116
-0.4709697123
-0.4749868934
-0.47507817
-0.4800142973
-0.4801100786
-0.4863304477
-0.4870815576
-0.4874456254
-0.4861471357
-0.4750754974
-0.4750809879
-0.4800053497
-0.4800837825
-0.486329277
-0.4871849411
-0.4874693094
-0.4861718845
-0.4787163794
-0.4792804393
-0.4597473962
-0.4586955613
-0.3651168638
-0.3649825474
-0.3459729619
-0.3472542241
-0.3018829055
-0.3651619476
-0.3649793724
-0.345955924
-0.3472591738
-0.3017989344
-0.4325829687
-0.393805933
-0.4038568419
-0.4290299829
-0.4787722092
-0.4792992972
-0.4597374629
-0.4586318633
-0.4325782417
-0.3938030813
-0.4038561819
-0.4290044737
-0.4281440069
-0.4295499177
-0.4312030735
-0.4281584064
-0.4295637727
-0.4312167798
-0.4235538376
-0.4232724377
-0.4213361964
-0.4235584133
-0.4232768777
-0.4213403692
)
;
    }
}


// ************************************************************************* //
