/*--------------------------------*- C++ -*----------------------------------*\
| =========                 |                                                 |
| \\      /  F ield         | OpenFOAM: The Open Source CFD Toolbox           |
|  \\    /   O peration     | Version:                                        |
|   \\  /    A nd           | Website:  www.openfoam.com                      |
|    \\/     M anipulation  |                                                 |
\*---------------------------------------------------------------------------*/
FoamFile
{
    version     2.0;
    format      ascii;
    class       volScalarField;
    location    "6.1";
    object      p;
}
// * * * * * * * * * * * * * * * * * * * * * * * * * * * * * * * * * * * * * //

dimensions      [0 2 -2 0 0 0 0];


internalField   nonuniform List<scalar> 
2429
(
-0.03319683271
-0.03629362677
-0.03891862907
-0.04104439014
-0.04265629194
-0.04375311022
-0.04434617074
-0.04445953352
-0.04412674343
-0.04338929862
-0.04229526909
-0.04089725204
-0.03924988891
-0.03740631643
-0.03541586209
-0.03332724759
-0.03118643856
-0.02903298955
-0.02689978898
-0.02481388545
-0.02279709266
-0.02086629201
-0.01903380059
-0.01730789076
-0.01569337528
-0.01419218814
-0.01280392638
-0.01152633141
-0.01035570648
-0.009287282774
-0.008315545109
-0.007434515667
-0.006637985865
-0.005919691095
-0.005273436658
-0.004693191556
-0.004173162903
-0.003707855308
-0.003292112874
-0.002921140985
-0.002590508865
-0.002296146694
-0.00203430955
-0.001801733707
-0.001595251225
-0.001411930832
-0.001249256652
-0.001104979556
-0.0009770674003
-0.0008636966241
-0.0007632343439
-0.0006742188682
-0.0005953381026
-0.0005254246141
-0.0004634464048
-0.0004084834403
-0.0003597134261
-0.0003164006785
-0.0002778898031
-0.0002435993668
-0.0002130138702
-0.0001856708841
-0.0001611551541
-0.0001390950339
-0.0001191576847
-0.0001010403297
-8.44668557e-05
-6.918094558e-05
-5.496489278e-05
-4.155047064e-05
-2.894999206e-05
-1.62528119e-05
-7.057546182e-06
-0.03363258407
-0.03676528515
-0.03941435722
-0.0415518948
-0.04316339427
-0.04424825748
-0.0448182895
-0.04489991404
-0.04452814013
-0.04374616035
-0.04260390653
-0.04115536132
-0.03945712206
-0.03756432414
-0.03552860639
-0.03339979858
-0.0312232936
-0.02903842328
-0.02687833118
-0.02477022417
-0.0227357538
-0.02079143596
-0.0189491473
-0.01721669956
-0.01559844586
-0.01409587288
-0.01270814886
-0.01143261241
-0.01026520304
-0.009200839835
-0.008233750957
-0.007357750145
-0.006566456484
-0.005853460337
-0.005212447442
-0.00463729463
-0.004122143998
-0.003661459108
-0.003250060986
-0.00288314216
-0.002556266483
-0.002265367615
-0.00200672424
-0.001777141457
-0.001573163333
-0.001392147942
-0.001231581696
-0.001089211701
-0.0009630243757
-0.0008512054882
-0.0007521368502
-0.0006643691472
-0.0005865998047
-0.000517676996
-0.0004565852268
-0.0004024142764
-0.0003543531757
-0.0003116750476
-0.0002737301707
-0.0002399456223
-0.0002098135769
-0.0001828766511
-0.0001587252549
-0.0001369932488
-0.0001173526996
-9.950665176e-05
-8.31823079e-05
-6.81281466e-05
-5.412936327e-05
-4.091994339e-05
-2.851458945e-05
-1.600581595e-05
-6.966953009e-06
-0.03451463469
-0.03771872064
-0.04041577435
-0.04257680758
-0.04418722567
-0.04524734374
-0.04577117519
-0.04578859313
-0.04533768218
-0.04446522039
-0.04322521124
-0.04167525641
-0.0398759804
-0.03788558185
-0.03575870514
-0.03354710067
-0.03129678407
-0.02904745489
-0.02683259891
-0.02467940639
-0.02260905839
-0.02063732163
-0.01877520329
-0.01702959032
-0.01540388511
-0.01389863218
-0.01251210548
-0.01124083039
-0.01008003271
-0.009024018719
-0.008066494263
-0.007200829534
-0.006420272559
-0.005718112318
-0.005087800957
-0.004523043764
-0.004017860375
-0.003566631201
-0.003164123032
-0.002805492466
-0.00248628792
-0.002202446344
-0.00195024877
-0.001726407741
-0.001527908335
-0.001351745315
-0.001195556676
-0.001057114609
-0.0009344462358
-0.0008257895991
-0.000729579356
-0.0006443710366
-0.0005688729973
-0.000501976994
-0.0004427003474
-0.0003901446788
-0.0003435183431
-0.0003021169565
-0.0002653123698
-0.0002325561297
-0.0002033489602
-0.0001772399591
-0.0001538313879
-0.0001327669495
-0.0001137249559
-9.641917578e-05
-8.0593809e-05
-6.600537613e-05
-5.244171093e-05
-3.964324626e-05
-2.762466018e-05
-1.55075001e-05
-6.751679708e-06
-0.03586478053
-0.03917875986
-0.04194945987
-0.04414614706
-0.04575415145
-0.04677521997
-0.04722677682
-0.0471435614
-0.04656899785
-0.04555544392
-0.044163375
-0.04245804352
-0.0405045533
-0.03836465127
-0.03609824818
-0.03375987861
-0.03139695262
-0.02905003995
-0.02675290764
-0.02453239093
-0.02240881052
-0.02039674528
-0.01850582301
-0.01674145588
-0.01510555369
-0.01359721591
-0.01221336801
-0.0109493136
-0.009799196984
-0.008756385815
-0.007813785169
-0.006964096669
-0.006200024897
-0.005514426476
-0.004900421704
-0.004351469823
-0.003861407912
-0.003424496484
-0.003035421883
-0.002689281708
-0.002381613853
-0.002108399744
-0.001865955369
-0.001651017404
-0.001460418015
-0.001291476621
-0.001141850222
-0.001009317711
-0.0008919214356
-0.0007879713153
-0.000695998875
-0.0006145685564
-0.0005424350685
-0.0004785671476
-0.0004220120505
-0.0003718730523
-0.0003273739263
-0.0002878351065
-0.0002527191258
-0.0002215040946
-0.000193681623
-0.0001688099343
-0.0001465140232
-0.000126455467
-0.0001083188932
-9.182041706e-05
-7.674679568e-05
-6.28580839e-05
-4.994316736e-05
-3.775499168e-05
-2.630936005e-05
-1.477103275e-05
-6.430293771e-06
-0.03772012819
-0.04118577799
-0.04405719781
-0.04630118059
-0.04790301089
-0.04886719541
-0.04921727836
-0.04899159872
-0.04824178285
-0.04702954104
-0.04542765178
-0.04350818108
-0.04134013086
-0.03899481263
-0.03653812407
-0.03402733944
-0.03151192816
-0.029033791
-0.02662687852
-0.02431727103
-0.02212393207
-0.02005969153
-0.01813218485
-0.01634472455
-0.01469713005
-0.01318650495
-0.01180792892
-0.01055504098
-0.009420520155
-0.008396474641
-0.007474746477
-0.00664716281
-0.005905726242
-0.005242733891
-0.004650886276
-0.004123327412
-0.003653646419
-0.003235978048
-0.002864919025
-0.00253547263
-0.002243178249
-0.001984119928
-0.001754627721
-0.001551414762
-0.001371388219
-0.001212046644
-0.001071022225
-0.0009461733765
-0.0008357848336
-0.0007381544425
-0.000651727925
-0.0005751066462
-0.000507374813
-0.0004475464011
-0.0003946168442
-0.0003476932839
-0.0003060313064
-0.0002689592877
-0.0002361208705
-0.0002069742413
-0.000180990813
-0.0001577540171
-0.000136922234
-0.0001181849919
-0.0001012498279
-8.584490403e-05
-7.17583163e-05
-5.877266619e-05
-4.669664103e-05
-3.53009478e-05
-2.459996249e-05
-1.381301947e-05
-6.010839747e-06
-0.04013157806
-0.04379540704
-0.0467969124
-0.04909988872
-0.05068990637
-0.05157481012
-0.05178498411
-0.05136746172
-0.05038242172
-0.04890803476
-0.04703157652
-0.04482731418
-0.04237840975
-0.03976736688
-0.03706540773
-0.03433344381
-0.03162395813
-0.02898033425
-0.02643634137
-0.02401673703
-0.02173845983
-0.01961185439
-0.01764180125
-0.01582877115
-0.01416980251
-0.01265938325
-0.0112902072
-0.01005378567
-0.008940948468
-0.007942233238
-0.007048163282
-0.00624950467
-0.005537411385
-0.004903485979
-0.004339960484
-0.003839615531
-0.003395708195
-0.003002288942
-0.002653841052
-0.002345267382
-0.002072192393
-0.001830800856
-0.00161724213
-0.001428365998
-0.001261469319
-0.00111399268
-0.0009832687237
-0.00086786016
-0.0007662269315
-0.0006765198796
-0.0005970197761
-0.0005263567755
-0.0004641741201
-0.0004094446194
-0.000361013161
-0.000318061091
-0.0002799580607
-0.000246115851
-0.0002161035722
-0.000189430866
-0.0001656457934
-0.0001443802604
-0.0001253197952
-0.0001081776271
-9.268857299e-05
-7.858602315e-05
-6.568302474e-05
-5.378894111e-05
-4.273264918e-05
-3.230305927e-05
-2.251057783e-05
-1.264096447e-05
-5.497775966e-06
-0.04316822045
-0.04708303013
-0.0502468433
-0.05261989777
-0.05418829939
-0.05496429576
-0.05498797071
-0.05431880069
-0.05303075461
-0.05122345885
-0.04898828965
-0.04641775822
-0.04361420871
-0.04066975741
-0.03766163077
-0.03465608036
-0.03170916602
-0.02886537955
-0.02615762861
-0.02360854697
-0.02123213725
-0.0190352919
-0.01701918717
-0.01518056693
-0.01351289002
-0.01200733901
-0.01065364275
-0.009440697095
-0.008357106737
-0.007391535005
-0.00653291442
-0.005770815087
-0.005095425074
-0.00449749086
-0.003968796756
-0.003501688815
-0.003089051945
-0.002724994902
-0.00240355398
-0.002119803624
-0.00186974481
-0.001649364181
-0.00145421027
-0.001282185467
-0.001131099104
-0.0009978569437
-0.0008793670258
-0.000775461138
-0.0006843822734
-0.0006040438406
-0.0005329620938
-0.0004699877929
-0.0004144911755
-0.0003655499091
-0.0003222345603
-0.0002838400474
-0.0002498058054
-0.0002196181824
-0.0001928184543
-0.0001689872906
-0.0001477479641
-0.000128772701
-0.0001117770084
-9.650915628e-05
-8.273077077e-05
-7.010858265e-05
-5.858202353e-05
-4.796844723e-05
-3.810677878e-05
-2.8806244e-05
-2.007420094e-05
-1.127448457e-05
-4.900148042e-06
-0.04692112966
-0.05114760424
-0.05450930147
-0.05696261298
-0.05849476174
-0.05912360209
-0.05890132507
-0.05790536458
-0.05623309295
-0.05400167897
-0.05131013829
-0.04828167313
-0.04503860954
-0.04168333911
-0.03830152843
-0.03496615076
-0.03173668005
-0.02865790557
-0.02576088186
-0.02306497943
-0.02058001055
-0.01830815479
-0.01624570833
-0.01438463145
-0.01271387535
-0.011220565
-0.009890842146
-0.008710443269
-0.007665420405
-0.006742283706
-0.005928054838
-0.005211071692
-0.004580402734
-0.004025836113
-0.003538898315
-0.003110972391
-0.002734904262
-0.002405173042
-0.002114369447
-0.001859302161
-0.001636307974
-0.001440356062
-0.001266352216
-0.001114627165
-0.00098229609
-0.0008659118954
-0.0007629502217
-0.0006725000196
-0.000593093402
-0.0005231043279
-0.0004612930573
-0.000406695568
-0.0003585251858
-0.0003160171112
-0.0002784484963
-0.0002452027113
-0.0002157607169
-0.000189663368
-0.0001664984043
-0.0001459039851
-0.0001275570352
-0.0001111707434
-9.649802248e-05
-8.334126972e-05
-7.162379166e-05
-6.054834261e-05
-5.05714143e-05
-4.140859287e-05
-3.289690614e-05
-2.486905985e-05
-1.733122981e-05
-9.736159084e-06
-4.227286434e-06
-0.05150863366
-0.05611723043
-0.0597161984
-0.06225822809
-0.06373200925
-0.06416182309
-0.06361919506
-0.06221152329
-0.0600571387
-0.05727418455
-0.05400850939
-0.05041634675
-0.04663540499
-0.0427810532
-0.03895087806
-0.03522538683
-0.03166667973
-0.02831860548
-0.0252089149
-0.02235206473
-0.01975196913
-0.01740447944
-0.01529958068
-0.0134231819
-0.01175862451
-0.01028821498
-0.008993861671
-0.007857493515
-0.006862395594
-0.005992571014
-0.005232866042
-0.004570627468
-0.003993026286
-0.003489277051
-0.003051102567
-0.00266750118
-0.002333419612
-0.002043121048
-0.001787776812
-0.001566465385
-0.001374898784
-0.001207647261
-0.001060496772
-0.0009320557588
-0.00081997867
-0.000721673573
-0.0006351917364
-0.000559219305
-0.0004925375751
-0.0004339261904
-0.0003823252694
-0.0003368616401
-0.000296792245
-0.0002614680278
-0.0002302955731
-0.000202746435
-0.0001783680539
-0.0001567701892
-0.0001376082736
-0.0001205775994
-0.0001054067993
-9.185349396e-05
-7.969860051e-05
-6.872614811e-05
-5.864033022e-05
-4.990182363e-05
-4.175035504e-05
-3.420339182e-05
-2.717944262e-05
-2.054979079e-05
-1.432237337e-05
-8.048850144e-06
-3.488727037e-06
-0.05708403604
-0.06215663772
-0.06603588526
-0.06867091912
-0.07005116801
-0.0702198098
-0.06928390139
-0.06735160689
-0.06455806023
-0.06107606126
-0.05710229112
-0.05281873634
-0.0483820966
-0.04392693894
-0.0395653676
-0.03538506912
-0.03144931226
-0.0277991315
-0.02445677874
-0.02142942773
-0.01871282537
-0.01629445336
-0.01415629688
-0.01227668009
-0.0106319713
-0.009198975246
-0.007954588681
-0.006876312264
-0.005944832287
-0.005140399239
-0.004446015638
-0.00384870225
-0.003331814615
-0.002886893878
-0.002504997563
-0.002172634799
-0.001888087978
-0.001644800354
-0.00143378626
-0.001251386917
-0.001093873105
-0.000957194422
-0.0008381462072
-0.0007344435906
-0.0006441974439
-0.0005655094138
-0.0004967244006
-0.0004365272512
-0.0003838491514
-0.0003377092373
-0.0002972231005
-0.0002616450093
-0.0002303515473
-0.0002028083181
-0.000178538665
-0.0001571200381
-0.0001381887514
-0.0001214322764
-0.0001065766188
-9.337939533e-05
-8.162602499e-05
-7.112596451e-05
-6.170860152e-05
-5.321962739e-05
-4.553040005e-05
-3.865819544e-05
-3.23272651e-05
-2.648655093e-05
-2.10513976e-05
-1.591954601e-05
-1.10968934e-05
-6.240381657e-06
-2.696745616e-06
-0.06384683827
-0.06947823563
-0.07368405957
-0.07641188658
-0.0776596059
-0.07749647791
-0.0760350398
-0.07341552686
-0.06981090161
-0.06546094609
-0.06061127797
-0.05547683504
-0.05024375443
-0.04507111979
-0.04008615642
-0.03538233755
-0.03102185481
-0.02704005662
-0.02345039234
-0.0202494451
-0.01742186991
-0.01494422319
-0.01278857469
-0.01092377262
-0.009317650701
-0.007941166123
-0.006764281459
-0.005760195614
-0.004907797048
-0.004180699797
-0.003563954055
-0.00304315667
-0.002597398888
-0.002222628945
-0.001908178833
-0.001640155769
-0.001412629891
-0.001219720084
-0.001054967538
-0.0009138605196
-0.0007930557733
-0.0006894390171
-0.0006003311192
-0.0005233964414
-0.0004569779204
-0.0003995554357
-0.0003497560763
-0.0003064610444
-0.0002687785276
-0.0002359382787
-0.00020725947
-0.0001821644876
-0.000160172377
-0.0001408751599
-0.0001239173172
-0.0001089880594
-9.581968575e-05
-8.418255727e-05
-7.387740478e-05
-6.472965682e-05
-5.658608229e-05
-4.931199848e-05
-4.278888815e-05
-3.691363821e-05
-3.160171857e-05
-2.679066981e-05
-2.241973467e-05
-1.837563143e-05
-1.460924127e-05
-1.105129011e-05
-7.705438956e-06
-4.33890012e-06
-1.863867785e-06
-0.07205463991
-0.07835426083
-0.08293665246
-0.08574624815
-0.08679911696
-0.08620186317
-0.0840679618
-0.08055498302
-0.0759214261
-0.07048548417
-0.0645466436
-0.05836586254
-0.05216973337
-0.04614583719
-0.0404359852
-0.03513693698
-0.03030619792
-0.02596918698
-0.0221256434
-0.01875707843
-0.01583333034
-0.01331672196
-0.01116702834
-0.009340847718
-0.007796715396
-0.006499815731
-0.005409116444
-0.00449879064
-0.003744233086
-0.003110807249
-0.002589226387
-0.002162383546
-0.001808022386
-0.001515189292
-0.00127378118
-0.001073417783
-0.0009067472726
-0.000768254228
-0.0006529060731
-0.0005564424918
-0.0004756324027
-0.0004077932079
-0.0003506364532
-0.0003022532079
-0.0002611828899
-0.000226255259
-0.000196441345
-0.000170895534
-0.0001489488051
-0.0001300500164
-0.0001137286965
-9.958936719e-05
-8.730648694e-05
-7.661036618e-05
-6.727280649e-05
-5.90986811e-05
-5.192211109e-05
-4.560284091e-05
-4.002149059e-05
-3.507538565e-05
-3.067587452e-05
-2.674653427e-05
-2.322171211e-05
-2.00458787e-05
-1.717376075e-05
-1.456870607e-05
-1.219345949e-05
-9.998632343e-06
-7.953593991e-06
-6.021123362e-06
-4.201208336e-06
-2.374227288e-06
-1.003300596e-06
-0.08204440753
-0.08913223136
-0.09414023092
-0.09702596814
-0.09783544237
-0.09664178363
-0.09361077064
-0.08894712956
-0.08301071196
-0.07620839763
-0.06891143303
-0.061445675
-0.05408919853
-0.04706088397
-0.04051571981
-0.03454897111
-0.02920720533
-0.02450016648
-0.02040716973
-0.01688909147
-0.01389622619
-0.01137202421
-0.009259722462
-0.007499593635
-0.006047767821
-0.004859813292
-0.003881293472
-0.003093117293
-0.002464482414
-0.001954696644
-0.001546443112
-0.001223857072
-0.0009676526121
-0.0007635829184
-0.0006019539082
-0.0004744845399
-0.0003740287305
-0.0002950462996
-0.0002330649124
-0.0001843977281
-0.0001461882278
-0.0001162215212
-9.265628758e-05
-7.411473492e-05
-5.951362971e-05
-4.802489345e-05
-3.897147227e-05
-3.181543292e-05
-2.614611361e-05
-2.164620639e-05
-1.806246352e-05
-1.519338621e-05
-1.288272918e-05
-1.101030229e-05
-9.482077724e-06
-8.22328343e-06
-7.174700677e-06
-6.290086981e-06
-5.533425374e-06
-4.876462321e-06
-4.297106694e-06
-3.77853479e-06
-3.308481189e-06
-2.878774557e-06
-2.484892428e-06
-2.124316663e-06
-1.79240923e-06
-1.481818658e-06
-1.187905645e-06
-9.077309657e-07
-6.390057475e-07
-3.771355419e-07
-1.285147451e-07
-0.09426104795
-0.1022640388
-0.1077345787
-0.1106654077
-0.1111559283
-0.1092058187
-0.1049861431
-0.09882826328
-0.0912263861
-0.08269180173
-0.07369384153
-0.06464794045
-0.0558953114
-0.04768701661
-0.04018896176
-0.0334859814
-0.02760278318
-0.02252406875
-0.01820175483
-0.0145691647
-0.01155099334
-0.009066733174
-0.007036108615
-0.005381160607
-0.004066149908
-0.00302998945
-0.002211249233
-0.001577029986
-0.001093005868
-0.0007172412885
-0.0004336303877
-0.0002275210506
-7.904405812e-05
2.71683056e-05
0.0001006361614
0.0001486932002
0.0001778165718
0.0001931573772
0.0001985715759
0.000196994058
0.0001906483536
0.0001811763187
0.0001699134721
0.000157639539
0.0001449871698
0.0001324100038
0.0001202167991
0.0001086096257
9.771009166e-05
8.758167775e-05
7.824882026e-05
6.970884999e-05
6.193891323e-05
5.490204456e-05
4.855309621e-05
4.284315541e-05
3.772194795e-05
3.313913402e-05
2.904530514e-05
2.539280488e-05
2.213609541e-05
1.923181619e-05
1.663854265e-05
1.4316784e-05
1.22291297e-05
1.034042058e-05
8.621570185e-06
7.04337535e-06
5.583229776e-06
4.209185174e-06
2.925467104e-06
1.621164457e-06
7.468494761e-07
-0.1092799203
-0.1183231745
-0.1243063436
-0.1272888183
-0.1272725896
-0.1243267733
-0.1185725118
-0.1105007914
-0.1007648065
-0.0900210958
-0.07888393042
-0.0678929032
-0.05746226405
-0.04787171937
-0.03929264333
-0.03178927536
-0.02534972203
-0.01991690305
-0.01540792095
-0.01171771919
-0.008736381351
-0.006353698808
-0.004470634396
-0.002999216278
-0.001876493307
-0.00102361535
-0.0003900764835
6.437750799e-05
0.0003822920311
0.0006054052062
0.0007448142126
0.0008185000258
0.0008475953556
0.0008466967608
0.0008245084525
0.0007874663222
0.0007410420699
0.0006894920237
0.0006358150262
0.0005820901872
0.000529767193
0.0004798156215
0.0004329646103
0.0003893417588
0.000349078642
0.0003121988755
0.0002786131583
0.0002481657084
0.0002206676454
0.0001959125818
0.0001736867191
0.0001537768226
0.0001359753093
0.0001200834689
0.0001059139147
9.329217429e-05
8.205717729e-05
7.20609219e-05
6.316785858e-05
5.525410383e-05
4.820647328e-05
4.192154363e-05
3.630454613e-05
3.126857731e-05
2.673391042e-05
2.262602444e-05
1.888296702e-05
1.544281096e-05
1.225385065e-05
9.249480275e-06
6.436346653e-06
3.589334421e-06
1.609041709e-06
-0.1278345264
-0.1379988859
-0.144521672
-0.147575333
-0.146972368
-0.1426506559
-0.1348766572
-0.1243113914
-0.111791932
-0.09819860782
-0.08435617753
-0.07096704988
-0.05853005456
-0.04734697006
-0.03757348873
-0.02923543308
-0.02226330709
-0.01653880756
-0.01192100739
-0.008256925239
-0.005397217393
-0.003192178661
-0.001528136423
-0.000303195663
0.0005766295152
0.001200102338
0.001606043175
0.001843366232
0.00196096492
0.001997187264
0.001970651068
0.001898844791
0.001798863954
0.001682973636
0.001558934564
0.001432179089
0.001306877756
0.001186036671
0.001071567933
0.0009645625566
0.000865573853
0.0007748086588
0.0006921664925
0.0006171795259
0.0005494165213
0.0004884079702
0.0004336390931
0.0003845833415
0.0003407292326
0.0003015900255
0.0002667072139
0.0002356533776
0.0002080337708
0.0001834862743
0.0001616804929
0.0001423164362
0.0001251227369
0.000109854441
9.629066085e-05
8.423223565e-05
7.349949394e-05
6.393009341e-05
5.537705567e-05
4.770691334e-05
4.079801408e-05
3.454125985e-05
2.883138256e-05
2.358447257e-05
1.871852782e-05
1.413369305e-05
9.838366739e-06
5.4964077e-06
2.4444866e-06
-0.1510109351
-0.1622655893
-0.169363799
-0.1724178335
-0.1711134762
-0.1651392232
-0.1548187171
-0.1409928422
-0.1247927415
-0.1074640267
-0.09014473906
-0.07375264555
-0.05888771924
-0.04586159445
-0.03478706761
-0.02560867577
-0.01815841024
-0.01222799519
-0.007606719822
-0.004086872267
-0.001464700224
0.0004561942876
0.001805844904
0.00270726128
0.003271669334
0.003590016081
0.003718106401
0.00370655337
0.003600179462
0.003432781556
0.003226564654
0.002997769382
0.002759671479
0.002522097071
0.002291433366
0.00207168111
0.001865377944
0.0016739921
0.001498111481
0.001337664337
0.001192181315
0.001061002467
0.0009430483889
0.0008372498803
0.0007425828791
0.000658047499
0.0005826811702
0.0005155768913
0.0004558947287
0.0004028632659
0.0003557773403
0.0003139955662
0.0002769372969
0.0002440786769
0.0002149483424
0.0001891231582
0.0001662239712
0.0001459113935
0.0001278816504
0.0001118625955
9.761020824e-05
8.490535071e-05
7.355093015e-05
6.336903979e-05
5.419554492e-05
4.58850912e-05
3.830626496e-05
3.133891366e-05
2.487491479e-05
1.878454957e-05
1.307778091e-05
7.312275688e-06
3.239989094e-06
-0.180044153
-0.1922303564
-0.199956079
-0.2030492726
-0.2006678543
-0.1925150642
-0.1788624546
-0.1607239408
-0.1396656984
-0.1174856608
-0.09576616155
-0.07571636283
-0.05803340661
-0.04297341525
-0.03054037093
-0.0205709916
-0.01277794906
-0.006826535875
-0.002379444618
0.0008289894388
0.003060439452
0.004552050213
0.0054756443
0.005971491876
0.006155946536
0.006120321768
0.005930913414
0.005638264875
0.005282518636
0.004893992967
0.004493973015
0.004096815373
0.003712636106
0.003348367966
0.003008093896
0.002693728713
0.002405812439
0.002144004723
0.001907330436
0.001694369383
0.00150351193
0.001333098462
0.001181057368
0.001045618646
0.0009251601912
0.0008181460658
0.0007231557586
0.0006388975599
0.000564203938
0.0004980217466
0.0004394032071
0.0003874978111
0.0003415441653
0.0003008618154
0.0002648434144
0.000232947515
0.0002046918108
0.000179646787
0.0001574298185
0.0001376994532
0.0001201505728
0.0001045101984
9.053405219e-05
7.800215231e-05
6.671397403e-05
5.648326666e-05
4.715703147e-05
3.858154134e-05
3.062470223e-05
2.312835117e-05
1.610330383e-05
9.008173593e-06
3.982954561e-06
-0.2159180301
-0.2287553826
-0.2373399532
-0.2414875215
-0.2388321605
-0.2282367773
-0.2099754813
-0.1856856262
-0.1577512536
-0.1288636052
-0.1012950825
-0.07655776319
-0.05545386956
-0.03813885594
-0.02439443949
-0.01379204156
-0.005884164572
-0.0001655428857
0.0038441142
0.006521917807
0.008188145764
0.009109324245
0.009489651359
0.009484373786
0.009213565332
0.008768836049
0.008217712387
0.007608837901
0.006977912475
0.006350800201
0.00574503264
0.005171488244
0.004636518051
0.004143387425
0.003693018764
0.00328464437
0.00291645386
0.002586043757
0.002290662427
0.002027378117
0.001793341994
0.001585765709
0.001401601682
0.00123835365
0.001093772956
0.0009657930122
0.000852546321
0.0007523656425
0.0006637655328
0.0005854216877
0.0005161542945
0.0004549137853
0.0004007674764
0.0003528870729
0.0003105373292
0.0002730658973
0.0002398941095
0.0002105085415
0.0001844535106
0.0001613231574
0.0001407556783
0.0001224286764
0.0001060524932
9.13703702e-05
7.814120456e-05
6.616372593e-05
5.524259528e-05
4.519700785e-05
3.587652243e-05
2.709598546e-05
1.886674904e-05
1.055713409e-05
4.661557212e-06
-0.2613478444
-0.2730481587
-0.2829177951
-0.2858412757
-0.2841172663
-0.2719222712
-0.2480928672
-0.2156302421
-0.1785421917
-0.1409044017
-0.1059129725
-0.07552786264
-0.0504934246
-0.03082323178
-0.01593607504
-0.00503038608
0.002652404993
0.007829216679
0.01112108846
0.01302109168
0.01391451764
0.01410066317
0.01380553145
0.01319498381
0.01239024423
0.01147940824
0.01052498502
0.009569994472
0.008643678692
0.007765381289
0.006946756046
0.00619351352
0.00550718586
0.004886580995
0.00432876107
0.00382973449
0.003384978825
0.002989785161
0.002639450281
0.002329459549
0.002055656804
0.001813858024
0.00160029462
0.001411711889
0.001245218939
0.001098238598
0.0009684841828
0.0008539359262
0.0007528100832
0.0006635294779
0.0005846992153
0.0005150860259
0.0004535997412
0.0003992766528
0.0003512647297
0.0003088107048
0.000271248409
0.0002379883799
0.0002085096073
0.0001823480942
0.0001590910999
0.0001383698303
0.0001198586863
0.0001032560008
8.830842671e-05
7.477427741e-05
6.243161216e-05
5.107922513e-05
4.054661018e-05
3.062416691e-05
2.132411691e-05
1.193456204e-05
5.265002131e-06
-0.3097852742
-0.3444307723
-0.352398356
-0.3490411612
-0.3311125408
-0.2986344482
-0.2541764486
-0.2033576172
-0.1533042511
-0.1084343242
-0.07118483083
-0.04193180927
-0.02008831078
-0.004469469157
0.006227830723
0.01317056878
0.01734090611
0.01952630612
0.02032973732
0.02019827316
0.0194588477
0.01834672446
0.01702716358
0.01561423971
0.01418561111
0.01279282221
0.01146869883
0.01023301963
0.009096465899
0.00806304734
0.007131779231
0.00629819341
0.005555733318
0.004896857397
0.004313779348
0.003798891911
0.003344968568
0.002945242938
0.00259360139
0.002284488517
0.00201249203
0.001773041735
0.001562208083
0.001376522845
0.001212939089
0.001068788277
0.0009417325828
0.000829720183
0.0007309474924
0.0006438278972
0.0005669650252
0.0004991293546
0.0004392377879
0.0003863355202
0.0003395806707
0.0002982304152
0.0002616291987
0.000229201377
0.0002004270651
0.0001748535883
0.0001520714284
0.0001317184636
0.0001134753369
9.70498715e-05
8.217417414e-05
6.860940269e-05
5.613435091e-05
4.456019801e-05
3.36564214e-05
2.34361328e-05
1.311845217e-05
5.783625531e-06
-0.3406780594
-0.3568976127
-0.406216466
-0.4068305014
-0.3903244327
-0.3528748139
-0.2962278949
-0.2297496501
-0.1650211131
-0.1085946784
-0.06341669744
-0.02959950808
-0.005757435562
0.0101194481
0.02001986183
0.02562785815
0.02826265758
0.02891028938
0.02828130574
0.02687261787
0.02502479344
0.02296713006
0.02085030889
0.01877047157
0.01678683441
0.01493390362
0.01322973243
0.01168153474
0.01028928522
0.009047792625
0.007948008663
0.006978265617
0.006125642507
0.00537721005
0.00472084999
0.004145583517
0.003641576014
0.003200033543
0.002813314226
0.002474512608
0.002177210749
0.001916123897
0.001686718783
0.001485040758
0.001307645745
0.001151538959
0.001014111174
0.000893082733
0.0007864581457
0.0006924887208
0.0006096406157
0.0005365671566
0.0004720852654
0.0004151546287
0.0003648595065
0.0003203896604
0.0002810327395
0.0002461862797
0.0002152639375
0.0001877818895
0.0001633091692
0.0001414524341
0.0001218607606
0.0001042191583
8.824356356e-05
7.367726655e-05
6.028157113e-05
4.785313599e-05
3.614445402e-05
2.516925884e-05
1.409006477e-05
6.2092094e-06
-0.3528066808
-0.3757782339
-0.4307024482
-0.4333731698
-0.4162007729
-0.3759167238
-0.3124676629
-0.2375849659
-0.1639281156
-0.09984974878
-0.049293329
-0.01264457875
0.01193327505
0.02711164148
0.03548238854
0.03919048928
0.03986153703
0.03865729598
0.03637284117
0.0335336792
0.03047680959
0.02741162542
0.02446280292
0.02169985162
0.01915731155
0.01684828588
0.01477314626
0.01292485728
0.01129179614
0.009858923508
0.008608383988
0.00752044371
0.006574978042
0.005753015414
0.005037716864
0.004414601344
0.003871279976
0.003397162252
0.002983212672
0.002621269131
0.002304293045
0.002026412451
0.001782604687
0.001568536394
0.001380456063
0.001215112549
0.001069682
0.0009417049603
0.0008290349803
0.0007297961568
0.0006423471561
0.0005652499826
0.0004972431475
0.0004372188103
0.0003842122358
0.0003373569197
0.0002959084368
0.0002591787348
0.0002266095344
0.000197672514
0.0001719053636
0.00014889438
0.0001282694972
0.000109699352
9.28842376e-05
7.755283673e-05
6.34535281e-05
5.037215477e-05
3.804809543e-05
2.649546852e-05
1.483361956e-05
6.53475336e-06
-0.3556994942
-0.3809001229
-0.4158812801
-0.4364383666
-0.4157201814
-0.3737131481
-0.3052899499
-0.2274999666
-0.1505604411
-0.08378563231
-0.03160156291
0.005402425446
0.02925826873
0.0429886764
0.04952415826
0.05127818267
0.05005878811
0.04713196891
0.043338838
0.03921373778
0.03508111626
0.03112720903
0.02745000553
0.02409294819
0.02106717624
0.01836605904
0.01597414099
0.01387203971
0.01203823562
0.01044912323
0.009078837521
0.007900001981
0.006885527903
0.006010608624
0.005253931298
0.00459781401
0.004027655516
0.003531456176
0.003098991123
0.002721296659
0.002390892452
0.002101526196
0.001847865331
0.001625324935
0.001429945081
0.001258298541
0.001107412794
0.0009747036032
0.0008579199384
0.0007550979367
0.0006645220136
0.0005846920611
0.0005142933144
0.0004521734301
0.0003973132169
0.000348835311
0.0003059521652
0.0002679690697
0.0002342858983
0.0002043616073
0.0001777164545
0.0001539238546
0.0001326012527
0.0001134045779
9.602277188e-05
8.01748567e-05
6.560047878e-05
5.207796667e-05
3.933775225e-05
2.739422634e-05
1.533776621e-05
6.755237077e-06
-0.3458921899
-0.3714244697
-0.4005817091
-0.411405446
-0.3921463888
-0.3488721419
-0.2836766174
-0.2079667631
-0.1331823221
-0.06823767149
-0.01761749856
0.01806372661
0.04059411673
0.05295505845
0.05813351751
0.05860268765
0.05621114807
0.05224640288
0.04755553737
0.04266750204
0.03789444274
0.0334071748
0.02928769499
0.02556461167
0.0222363223
0.01928622508
0.01669122461
0.0144261482
0.0124644935
0.01077762151
0.009334290204
0.008101662952
0.007047646497
0.006143332427
0.005364349775
0.004690876125
0.004106884904
0.003599457352
0.003157573806
0.00277189245
0.002434691859
0.002139506419
0.001880850165
0.001654014736
0.001454935867
0.001280097334
0.001126451091
0.0009913491979
0.0008724871287
0.0007678562391
0.0006757028089
0.0005944930184
0.0005228850501
0.0004597032588
0.0004039155835
0.0003546189637
0.0003110134591
0.0002723945724
0.0002381465187
0.0002077227972
0.0001806359062
0.0001564512928
0.0001347791987
0.0001152689925
9.760389132e-05
8.14977775e-05
6.668551097e-05
5.294142544e-05
3.999145851e-05
2.78501349e-05
1.559364826e-05
6.866581532e-06
-0.3546634107
-0.3496520758
-0.3546101938
-0.3496546743
-0.3427944534
-0.3288338198
-0.34282286
-0.3288239556
-0.3517693711
-0.3537221271
-0.3517041581
-0.3536708663
-0.36028632
-0.3594964917
-0.3441378244
-0.3422855286
-0.3630493043
-0.3329863318
-0.3518740552
-0.3459421533
-0.3629927128
-0.33298302
-0.3518634844
-0.3540380272
-0.3562629581
-0.3570615214
-0.35404942
-0.3602975009
-0.359552443
-0.3540510121
-0.3562819558
-0.3570701322
-0.3540862316
-0.3395054718
-0.3429002914
-0.3411593719
-0.3379397832
-0.3410814927
-0.3381787253
-0.3389358313
-0.330908461
-0.3289480426
-0.332140927
-0.3266070303
-0.3321860848
-0.3263733696
-0.3310694453
-0.3441597992
-0.342292337
-0.3395082795
-0.3429043047
-0.3411643344
-0.3379278772
-0.3410858314
-0.3381801494
-0.3389385353
-0.3309098571
-0.3289485736
-0.3321306999
-0.3266024678
-0.3321876089
-0.3263737568
-0.3310692132
-0.3410082947
-0.3516488505
-0.341086285
-0.3517429392
-0.3548312315
-0.3540092783
-0.3836890921
-0.3406683606
-0.3548632485
-0.3537879382
-0.3837104913
-0.3562790208
-0.3562244818
-0.3564394194
-0.3550612845
-0.373645923
-0.3526262467
-0.3565061024
-0.3549599521
-0.3736997909
-0.3732705042
-0.3513320187
-0.3679431627
-0.3557614597
-0.373213036
-0.3513472256
-0.3680260334
-0.4034481956
-0.376818025
-0.4142909928
-0.3808586484
-0.4034628151
-0.3768998553
-0.4142487279
-0.3459575385
-0.3407160636
-0.3407470463
-0.3449198725
-0.3501438495
-0.3499918216
-0.3450675202
-0.3918160842
-0.3606678819
-0.3875613617
-0.3713601646
-0.3918644703
-0.3606550678
-0.3875538917
-0.3558368807
-0.3545456956
-0.355591476
-0.3544244057
-0.3555978319
-0.3545197142
-0.3555917129
-0.3534386378
-0.3498845001
-0.3528884238
-0.3513559057
-0.3528257683
-0.3521014227
-0.3533037136
-0.3558478117
-0.3545471804
-0.3555938191
-0.3544670882
-0.355607057
-0.3545296475
-0.3556197791
-0.3534470481
-0.3498891776
-0.35287574
-0.3513937776
-0.3528305801
-0.3521103521
-0.3533259543
-0.3531816834
-0.3523885212
-0.3518461008
-0.3515421559
-0.3523197188
-0.3518381383
-0.3531783663
-0.3536065255
-0.3547159886
-0.3549759735
-0.3540132107
-0.352149251
-0.3521608709
-0.3539570495
-0.3563575009
-0.3562393641
-0.3531872019
-0.3515282865
-0.3524320157
-0.3518544346
-0.3523253894
-0.3518373439
-0.3531979198
-0.3536055356
-0.3548473103
-0.3549879053
-0.3540181894
-0.3522100148
-0.3521663461
-0.3539968103
-0.3505640175
-0.3558969881
-0.3581527006
-0.3621843447
-0.3554983318
-0.3573622821
-0.350951375
-0.3329382824
-0.335809864
-0.3357379868
-0.3403767951
-0.3380548505
-0.3378089388
-0.3406242421
-0.3462600729
-0.3540974166
-0.344357616
-0.3507974739
-0.3531044075
-0.3438514471
-0.346737011
-0.3459618274
-0.340709556
-0.3407487324
-0.344923829
-0.3501500616
-0.3499940926
-0.3450796988
-0.3505679651
-0.3621839941
-0.3558731936
-0.3581790912
-0.3555001014
-0.3573679925
-0.3509567774
-0.3329397978
-0.3357972441
-0.3357398123
-0.3403782556
-0.3380569363
-0.3378108791
-0.3406184578
-0.3462616091
-0.3507996535
-0.3540960856
-0.344362004
-0.3531052818
-0.3438543575
-0.3467385841
-0.3085145048
-0.3320123602
-0.3084659762
-0.33198112
-0.3135330545
-0.3351247135
-0.3501744572
-0.3097945227
-0.3135032517
-0.3351583251
-0.3501773767
-0.3508029233
-0.3509612821
-0.3696870012
-0.3334363661
-0.3540488176
-0.3388621579
-0.3305667363
-0.3521334403
-0.3692644582
-0.3524643061
-0.3835666799
-0.4161716711
-0.35692859
-0.3524408868
-0.3835981498
-0.4161307712
-0.3525987314
-0.3523669744
-0.3525736657
-0.3564233233
-0.3549120553
-0.3540313849
-0.3567315867
-0.3829201576
-0.3852089178
-0.4230567876
-0.3757533903
-0.3828735309
-0.3852747055
-0.4229964105
-0.3557038904
-0.3560170304
-0.3560165551
-0.3598929988
-0.3596153753
-0.3595389604
-0.3599474303
-0.3978324605
-0.3847654163
-0.3840631661
-0.3785146047
-0.3818901956
-0.3829556689
-0.3974430382
-0.412993699
-0.423388214
-0.4433879789
-0.4159361916
-0.4129463294
-0.4233951377
-0.443384715
-0.3668632379
-0.369571714
-0.364948601
-0.3718838061
-0.3810418269
-0.3765294162
-0.3770763592
-0.4029518224
-0.3972932235
-0.4128994814
-0.4005861788
-0.4029479669
-0.3972938511
-0.4128973747
-0.3484289995
-0.3397233604
-0.3496170283
-0.3400917347
-0.338764938
-0.3485195288
-0.3491191777
-0.3562355881
-0.3560550361
-0.3552346641
-0.3553883143
-0.3520543068
-0.3515488572
-0.3520376933
-0.3509465725
-0.3504946714
-0.3499648286
-0.3513073213
-0.3508093268
-0.3422299345
-0.3414529068
-0.3509791883
-0.3484351286
-0.3400950491
-0.3396923768
-0.3496926773
-0.3387492939
-0.3485227382
-0.349154451
-0.3562621663
-0.3560688908
-0.3552444321
-0.3553851779
-0.3515460238
-0.3521923468
-0.3520624186
-0.3509758909
-0.3507368686
-0.3499817335
-0.3514266674
-0.3536826628
-0.3526069939
-0.3523859716
-0.3574960658
-0.351267942
-0.3572377564
-0.3539964046
-0.3525451551
-0.351391364
-0.36521316
-0.3843101211
-0.3484210673
-0.3635834068
-0.3544157579
-0.3697054389
-0.3388527221
-0.3334561221
-0.3539496477
-0.3305742174
-0.3520797502
-0.3692868226
-0.3535838602
-0.3526700272
-0.3521186627
-0.3576483938
-0.3511355737
-0.3573159862
-0.3541152826
-0.3525873048
-0.3843175601
-0.3514526392
-0.3652992365
-0.3484432477
-0.3636183509
-0.3545178786
-0.363254915
-0.3581070707
-0.3755519614
-0.3537861093
-0.3561970673
-0.3764345986
-0.3640994699
-0.3547530323
-0.353292805
-0.3530771497
-0.3572339968
-0.3590877296
-0.3589557757
-0.3576133952
-0.3629569145
-0.3714747315
-0.3650829716
-0.3731385201
-0.3704709175
-0.3648681834
-0.3636337961
-0.3523251396
-0.3526551817
-0.3525762067
-0.3564258441
-0.3547683466
-0.3540451896
-0.356715449
-0.3632635333
-0.3537895631
-0.3581110865
-0.3755525947
-0.3562146955
-0.3764320851
-0.3641098665
-0.3547491373
-0.3532989285
-0.3530790347
-0.3572290584
-0.3590620199
-0.3589548855
-0.3575610463
-0.3629611318
-0.3731451545
-0.3715072082
-0.3651199578
-0.3704709883
-0.3648743718
-0.3636423218
-0.3658197174
-0.3655296893
-0.3741015475
-0.3722442257
-0.3651398342
-0.3737936503
-0.365962298
-0.3514275536
-0.3546198165
-0.3545234225
-0.3550218697
-0.3550857267
-0.3583182106
-0.3583877981
-0.3605593396
-0.3676223377
-0.3605361337
-0.3638979878
-0.3715802174
-0.3711028351
-0.3641008824
-0.3557123193
-0.3560354779
-0.3560214589
-0.3598971554
-0.3596573317
-0.3595428414
-0.3599551061
-0.3658242984
-0.3722427508
-0.3655371104
-0.3741237017
-0.365143657
-0.3737980599
-0.3659719614
-0.3514323897
-0.3545935412
-0.3545254413
-0.3550813487
-0.355092366
-0.3583199499
-0.35839311
-0.3676319714
-0.3606606984
-0.3605472441
-0.3638980106
-0.3715829253
-0.3711005022
-0.3641062569
-0.3759078089
-0.3882713142
-0.3803411826
-0.3875334313
-0.3791711609
-0.3849902372
-0.3903205466
-0.3946422748
-0.4052196
-0.3999720728
-0.4121012465
-0.4021050608
-0.3941968723
-0.3986330294
-0.3978361724
-0.3785173518
-0.3847332687
-0.3841044201
-0.3818894721
-0.3829648237
-0.3974454032
-0.3759187322
-0.3882709254
-0.3803488536
-0.3875310007
-0.3791712987
-0.3849893583
-0.3903205712
-0.394647003
-0.4120995215
-0.4052291692
-0.3999334448
-0.4021138308
-0.3941956823
-0.3986346388
-0.3783132027
-0.3901104325
-0.3971302713
-0.3866608137
-0.3805743812
-0.3946404456
-0.3886731256
-0.362748613
-0.3581952215
-0.360466221
-0.3667369456
-0.3711654496
-0.3644986309
-0.3730028368
-0.3715298551
-0.3886118111
-0.3825446664
-0.3834196872
-0.3845862784
-0.3693379098
-0.3842131566
-0.3695712176
-0.3668630843
-0.3649505044
-0.3718822476
-0.3810037104
-0.3765241081
-0.3770538391
-0.3783107766
-0.3866665758
-0.3901457086
-0.3971232408
-0.3805762752
-0.3946380432
-0.388671541
-0.3581947677
-0.3627576286
-0.3604653742
-0.3667395148
-0.3711698383
-0.3644988176
-0.373031349
-0.371531208
-0.383419893
-0.388651215
-0.3825482537
-0.3845909689
-0.3693383378
-0.3842250573
-0.339926451
-0.3394726114
-0.3164290229
-0.3179473678
-0.3399630652
-0.3394660463
-0.3164121209
-0.3179550089
-0.3798333603
-0.4009181941
-0.3834124839
-0.3782476541
-0.4004173912
-0.3836220988
-0.386060468
-0.3834176588
-0.3798954439
-0.4009720063
-0.3782419979
-0.4004061981
-0.383604154
-0.3860807505
-0.3328461093
-0.3315523061
-0.3299303473
-0.3354692639
-0.335519433
-0.3366755525
-0.3230003783
-0.3210667216
-0.3189936941
-0.3226094604
-0.3220224346
-0.3224671244
-0.3196742925
-0.3177427409
-0.3156040825
-0.3259499342
-0.3253573621
-0.3259135023
-0.3328478841
-0.3315540014
-0.3299320251
-0.3354707515
-0.3355205685
-0.3366764461
-0.3230008681
-0.3210671346
-0.3189941
-0.322605155
-0.3220179744
-0.3224624498
-0.3196741351
-0.3177425423
-0.3156038943
-0.3259477686
-0.3253547872
-0.3259106744
)
;

boundaryField
{
    inlet
    {
        type            zeroGradient;
    }
    outlet
    {
        type            fixedValue;
        value           uniform 0;
    }
    topAndBottom
    {
        type            symmetry;
    }
    frontAndBack
    {
        type            empty;
    }
    cylinder
    {
        type            zeroGradient;
    }
    procBoundary1to0
    {
        type            processor;
        value           nonuniform List<scalar> 
116
(
-0.02966707423
-0.03005597352
-0.03084500801
-0.03205209904
-0.03370929938
-0.03586036431
-0.03856472858
-0.04190105374
-0.04597172345
-0.05091024548
-0.05689198617
-0.06414567806
-0.07297866924
-0.08380523696
-0.09717864498
-0.1138562271
-0.1350321251
-0.1621163882
-0.1969942153
-0.2991335858
-0.2408694143
-0.2587149469
-0.2407270443
-0.2586008121
-0.299084564
-0.2991335858
-0.2991335858
-0.2991335858
-0.3645767752
-0.364512166
-0.3590390799
-0.3670314636
-0.3586188334
-0.3586188334
-0.3661769395
-0.3590390799
-0.3469427012
-0.3432649749
-0.357463795
-0.3592073752
-0.3569682
-0.3545253377
-0.3590545648
-0.3670437112
-0.3587785142
-0.3587785142
-0.3662455854
-0.3590545648
-0.3574835244
-0.3592700074
-0.3569903204
-0.3545345585
-0.3469624766
-0.3432714185
-0.3638685313
-0.3441670584
-0.3637467736
-0.3645425661
-0.3570220449
-0.3570220449
-0.3570625518
-0.3570625518
-0.3593548015
-0.3595760627
-0.3583482564
-0.3583704123
-0.364534754
-0.3570261139
-0.3570261139
-0.3571007478
-0.3571007478
-0.3593730746
-0.3595725406
-0.358348198
-0.3583576024
-0.3342643287
-0.299084564
-0.299084564
-0.299084564
-0.3343275558
-0.3414525391
-0.3533803439
-0.3422113975
-0.3422113975
-0.3422113975
-0.3535495492
-0.3414525391
-0.3414525391
-0.3414525391
-0.3638226397
-0.3604414946
-0.3604403296
-0.3533847636
-0.3435072819
-0.353578948
-0.3638015227
-0.3604324147
-0.3604046204
-0.3179339299
-0.3325523749
-0.3164521639
-0.3325614287
-0.3179745565
-0.3164464233
-0.3469427012
-0.3478289831
-0.3491732535
-0.3469624766
-0.3478479892
-0.3491920095
-0.3432649749
-0.3428202777
-0.341287935
-0.3432714185
-0.3428266113
-0.3412940752
)
;
    }
    procBoundary1to3
    {
        type            processor;
        value           nonuniform List<scalar> 
125
(
-0.4113723446
-0.3921151252
-0.3488524156
-0.2836718217
-0.2079734324
-0.1331937603
-0.06824703504
-0.0176209933
0.01806603657
0.04059903358
0.05295988848
0.0581365105
0.05860330145
0.05620955621
0.05224248401
0.04755009072
0.04266141437
0.03788830831
0.03340141009
0.02928257712
0.02556014663
0.02223260299
0.01928314269
0.01668870721
0.01442412916
0.01246288798
0.01077634008
0.009333262158
0.00810084111
0.007046998387
0.006142828316
0.005363958819
0.004690573541
0.004106787361
0.003599488688
0.003157580404
0.00277185078
0.002434632119
0.002139446704
0.001880796993
0.001653969905
0.001454898985
0.001280066849
0.001126425143
0.0009913261662
0.0008724658436
0.0007678359804
0.0006756832366
0.0005944740465
0.0005228667517
0.0004596858462
0.0004038997631
0.0003546060488
0.0003110037003
0.0002723845419
0.0002381362567
0.0002077128942
0.0001806267713
0.0001564430507
0.0001347718675
0.0001152625832
9.759843165e-05
8.149330247e-05
6.668204396e-05
5.293895329e-05
3.998992803e-05
2.784945435e-05
1.559365062e-05
6.866816011e-06
-0.3329831256
-0.3606649726
-0.3972821459
-0.3288310414
-0.3288222832
-0.3518707523
-0.3329821769
-0.3518641237
-0.3289445559
-0.3266040971
-0.3263698681
-0.3289455202
-0.3266000304
-0.326370466
-0.3875541999
-0.3606545798
-0.3875469493
-0.3329340509
-0.3380510531
-0.3378035654
-0.3443545372
-0.3507926663
-0.3438470226
-0.3329363751
-0.338057313
-0.3378070019
-0.3507963677
-0.3443641383
-0.3438519706
-0.4128811123
-0.397282775
-0.4128789507
-0.3581911573
-0.3711619353
-0.3644939142
-0.3825403358
-0.3834117453
-0.3693321913
-0.3581916658
-0.3711675953
-0.3644946141
-0.383412037
-0.3825445111
-0.36933287
-0.3226053198
-0.3220180581
-0.3224625794
-0.3196696932
-0.3177379433
-0.315599169
-0.322601922
-0.3220146072
-0.3224589876
-0.3196699253
-0.3177381705
-0.3155994224
)
;
    }
}


// ************************************************************************* //
