/*--------------------------------*- C++ -*----------------------------------*\
| =========                 |                                                 |
| \\      /  F ield         | OpenFOAM: The Open Source CFD Toolbox           |
|  \\    /   O peration     | Version:                                        |
|   \\  /    A nd           | Website:  www.openfoam.com                      |
|    \\/     M anipulation  |                                                 |
\*---------------------------------------------------------------------------*/
FoamFile
{
    version     2.0;
    format      ascii;
    class       surfaceScalarField;
    location    "6.1";
    object      phi;
}
// * * * * * * * * * * * * * * * * * * * * * * * * * * * * * * * * * * * * * //

dimensions      [0 3 -1 0 0 0 0];
oriented        oriented;


internalField   nonuniform List<scalar> 
5191
(
0.02141328685
-4.522710296e-05
0.02144933164
-3.604478416e-05
0.02147655232
-2.722068647e-05
0.0214950874
-1.853508489e-05
0.02150504062
-9.953219443e-06
0.02150641636
-1.375749097e-06
0.02149911733
7.299034853e-06
0.02148296574
1.615158639e-05
0.02145786044
2.51053024e-05
0.02142395538
3.390506341e-05
0.0213820577
4.189767902e-05
0.02133504992
4.700777243e-05
0.02128572643
4.932349097e-05
0.0212072668
7.845962944e-05
0.02110321883
0.0001040479678
0.02099477395
0.0001084448752
0.0208877772
0.0001069967476
0.02078392019
0.0001038570156
0.02068395015
9.997003809e-05
0.02058830669
9.564345917e-05
0.02049727202
9.103466102e-05
0.02041102524
8.624678392e-05
0.02032966571
8.1359541e-05
0.02025322371
7.644200328e-05
0.02018167016
7.155353923e-05
0.02011492412
6.674602904e-05
0.02005286203
6.206208008e-05
0.01999532612
5.753591827e-05
0.01994213142
5.319470564e-05
0.0198930732
4.905823686e-05
0.01984793262
4.514058319e-05
0.01980648198
4.145063342e-05
0.01976848962
3.799235887e-05
0.01973372319
3.476643166e-05
0.01970195343
3.176976072e-05
0.01967295652
2.899690963e-05
0.01964651639
2.644012996e-05
0.01962242654
2.408984646e-05
0.01960049051
2.193602278e-05
0.01958052357
1.996693932e-05
0.01956235238
1.817119914e-05
0.01954581488
1.653750149e-05
0.01953076175
1.50531372e-05
0.01953896238
-8.200625547e-06
0.01954874143
-9.779054176e-06
0.01955943423
-1.069280519e-05
0.01957094894
-1.151471135e-05
0.01958320217
-1.225322378e-05
0.0195961182
-1.291602849e-05
0.01960962875
-1.351054901e-05
0.01962367182
-1.404307041e-05
0.01963819122
-1.451939661e-05
0.01965313602
-1.494480299e-05
0.01966846022
-1.532419544e-05
0.01968412202
-1.56618054e-05
0.01970008325
-1.596122519e-05
0.01971640235
-1.631910014e-05
0.01973285522
-1.645286835e-05
0.01974951094
-1.665572637e-05
0.01976634145
-1.683051102e-05
0.01978331949
-1.697803333e-05
0.01980041788
-1.709838764e-05
0.01981760774
-1.718985925e-05
0.01983501941
-1.741166662e-05
0.01985344475
-1.842533829e-05
0.01987065617
-1.721142313e-05
0.01988762539
-1.696922143e-05
0.01990438111
-1.675571173e-05
0.01992072723
-1.634612495e-05
0.01993628804
-1.556080127e-05
0.01995027185
-1.398381663e-05
0.01996095143
-1.067957496e-05
-4.439457994e-06
0.02142704191
-9.117220303e-05
0.0214635612
-7.256407418e-05
0.02149099415
-5.46536467e-05
0.02150946669
-3.700762135e-05
0.02151908542
-1.95719575e-05
0.02151986458
-2.154906745e-06
0.02151175923
1.540438347e-05
0.02149462057
3.329024119e-05
0.0214684029
5.132297138e-05
0.02143353491
6.877305063e-05
0.02139270507
8.272751446e-05
0.02135417354
8.553930073e-05
0.0213010535
0.0001024435304
0.02124589433
0.0001336187979
0.02119010583
0.0001598364669
0.0211280648
0.0001704859012
0.02106186304
0.0001731985012
0.02099387884
0.0001718412229
0.02092574048
0.0001681083901
0.02085855271
0.00016283124
0.02079310661
0.0001564807584
0.02072998443
0.0001493689617
0.02066961192
0.0001417320435
0.02061229077
0.0001337631423
0.02055821848
0.0001256258256
0.02050750749
0.0001174570151
0.02046019857
0.0001093710164
0.02041627513
0.0001014593657
0.02037567422
9.379562147e-05
0.02033829691
8.643553741e-05
0.02030401616
7.942132815e-05
0.02027268498
7.278181715e-05
0.02024414175
6.653559386e-05
0.02021821629
6.069189032e-05
0.02019473392
5.525213812e-05
0.02017351919
5.021163496e-05
0.0201543989
4.556041454e-05
0.02013720429
4.128445172e-05
0.02012177348
3.736683972e-05
0.02010795171
3.378872026e-05
0.02009559284
3.053007162e-05
0.02008456001
2.757033724e-05
0.02007529114
2.432201479e-05
0.02006715105
-6.054152116e-08
0.02005942027
-2.048275783e-06
0.02005256171
-3.834250804e-06
0.02004648434
-5.437335372e-06
0.02004110566
-6.874542612e-06
0.02003635107
-8.161438226e-06
0.02003215366
-9.313134003e-06
0.02002858072
-1.047013223e-05
0.02002531754
-1.125620976e-05
0.02002244893
-1.207619359e-05
0.02001993235
-1.280761608e-05
0.02001772955
-1.345900514e-05
0.02001610721
-1.43388852e-05
0.02001660704
-1.681893544e-05
0.02001526648
-1.511230623e-05
0.02001385272
-1.524197045e-05
0.02001262344
-1.560122727e-05
0.02001156363
-1.59182172e-05
0.02001066237
-1.619712767e-05
0.02001009565
-1.662313585e-05
0.02001199264
-1.930864966e-05
0.02002061228
-2.704498279e-05
0.02002098515
-1.75842859e-05
0.02001930576
-1.528982368e-05
0.02001776683
-1.521678226e-05
0.02001662925
-1.520854201e-05
0.02001613323
-1.506477991e-05
0.02001673731
-1.458789944e-05
0.02001903517
-1.297743695e-05
-6.56601888e-06
0.02145460716
-0.0001385560267
0.02149205852
-0.0001100154369
0.02151988009
-8.247521802e-05
0.02153817577
-5.53033054e-05
0.02154705693
-2.845312883e-05
0.02154657603
-1.674003997e-06
0.02153676901
2.521139688e-05
0.0215175582
5.250104468e-05
0.02148908513
7.979603441e-05
0.02145257712
0.0001052810534
0.02141229705
0.0001230075891
0.02136971303
0.0001281233174
0.02130877453
0.0001633820175
0.02124613952
0.0001962538121
0.02118516959
0.0002208064
0.02112123893
0.0002344165586
0.02105438903
0.0002400483949
0.0209860628
0.000240167462
0.02091763582
0.0002365353693
0.02085018725
0.0002302798095
0.02078452982
0.0002221381758
0.02072126711
0.000212631665
0.02066083738
0.0002021617735
0.02060354498
0.0001910555529
0.02054958434
0.0001795864726
0.02049905951
0.0001679818509
0.02045200149
0.0001564290239
0.02040838222
0.0001450786235
0.02036812769
0.0001340501413
0.02033112793
0.0001234352993
0.02029724618
0.0001133030857
0.02026632629
0.0001037017221
0.02023819913
9.466276157e-05
0.02021268816
8.620285693e-05
0.02018961325
7.832705159e-05
0.0201687946
7.10302728e-05
0.02015005598
6.429903156e-05
0.02013322627
5.811416576e-05
0.02011814112
5.245199176e-05
0.02010464473
4.728511302e-05
0.02009259036
4.258444731e-05
0.0200818402
3.832050639e-05
0.0200733979
3.276431385e-05
0.02006488665
8.45070907e-06
0.02005732828
5.510091398e-06
0.02005078031
2.713717939e-06
0.02004483181
5.111633166e-07
0.02003956568
-1.608408046e-06
0.02003490713
-3.502895525e-06
0.02003119636
-5.602352207e-06
0.02003054969
-9.823460724e-06
0.02002755293
-8.259456762e-06
0.02002455772
-9.080976911e-06
0.0200219001
-1.014999592e-05
0.02001986897
-1.142787108e-05
0.02002247993
-1.694985147e-05
0.02003893448
-3.327348538e-05
0.02004027553
-1.645336042e-05
0.02003734529
-1.231172811e-05
0.02003429089
-1.25468216e-05
0.02003138311
-1.30104337e-05
0.02002868413
-1.349814827e-05
0.02002754135
-1.548035271e-05
0.02003559091
-2.735820577e-05
0.02006202105
-5.347512468e-05
0.02006499227
-2.055549922e-05
0.02005731946
-7.617010595e-06
0.02004842633
-6.32365535e-06
0.02003964858
-6.430788834e-06
0.02003115361
-6.569809666e-06
0.0200232529
-6.68718369e-06
0.0200170225
-6.747044271e-06
-6.949971329e-06
0.02149644757
-0.0001881492073
0.02153532881
-0.000148896685
0.02156373652
-0.0001108829296
0.02158173929
-7.330607864e-05
0.02158946693
-3.618077504e-05
0.02158699263
8.002848433e-07
0.02157451831
3.768571005e-05
0.02155219763
7.482171403e-05
0.02152175537
0.0001102382997
0.02148933685
0.0001376995641
0.02145708703
0.0001552573983
0.02139408046
0.0001911298818
0.02132251733
0.0002349451517
0.02125454698
0.0002642241619
0.02118733229
0.0002880210959
0.02111885248
0.0003028963594
0.02104903245
0.0003098684188
0.02097865627
0.0003105436291
0.02090872002
0.0003064716239
0.02084013141
0.0002988684117
0.02077362705
0.0002886425371
0.02070977036
0.0002764883628
0.02064897132
0.0002629608149
0.02059150853
0.000248518349
0.02053755085
0.0002335441489
0.02048717685
0.0002183558437
0.02044039285
0.0002032130244
0.02039714758
0.0001883238933
0.0203573452
0.0001738525255
0.02032085606
0.0001599244465
0.020287526
0.0001466331432
0.0202571838
0.0001340439256
0.02022964733
0.0001221992257
0.02020472879
0.0001111214019
0.02018223953
0.0001008163087
0.02016199263
9.127717345e-05
0.02014380597
8.248569015e-05
0.02012750453
7.441561185e-05
0.02011292076
6.703576191e-05
0.02009989657
6.030931111e-05
0.02008828419
5.419682633e-05
0.02007811835
4.848634534e-05
0.02007023972
4.064295121e-05
0.0200620328
1.665762835e-05
0.02005524517
1.229771175e-05
0.02005246272
5.496172643e-06
0.02004704284
5.931041535e-06
0.0200418141
3.620331055e-06
0.02003760509
7.061206136e-07
0.02003985119
-7.848448132e-06
0.02006148238
-3.145464705e-05
0.02006299877
-9.775850062e-06
0.02005876257
-4.844771793e-06
0.0200545745
-5.961931731e-06
0.02005326244
-1.011580892e-05
0.02006963459
-3.332200386e-05
0.02012534956
-8.89884493e-05
0.02013925844
-3.036224783e-05
0.02013222839
-5.28167664e-06
0.02012248543
-2.803857089e-06
0.02011274137
-3.266370855e-06
0.02010302962
-3.786393856e-06
0.02009204275
-4.493486569e-06
0.02007299449
-8.309936786e-06
0.02003860031
-1.908094482e-05
0.02002417793
-6.133115179e-06
0.02001963748
-3.076559137e-06
0.02001643521
-3.121381447e-06
0.02001332965
-3.325229095e-06
0.02001026035
-3.500511221e-06
0.02000722536
-3.652195637e-06
0.02000424252
-3.764197359e-06
-3.929890476e-06
0.02155323875
-0.0002408166865
0.02159410809
-0.0001897660476
0.02162332199
-0.0001400968364
0.02164089371
-9.087779744e-05
0.02164695851
-4.224558531e-05
0.02164178708
5.97170942e-06
0.02162565743
5.381535162e-05
0.02160041296
0.0001000661825
0.0215751861
0.0001354651518
0.02155182811
0.0001610575487
0.02149417468
0.0002129108208
0.02141405427
0.0002712502926
0.02134027369
0.0003087257206
0.02126711932
0.0003373785297
0.0211934749
0.0003616655073
0.02111934866
0.0003770225899
0.02104507547
0.0003841416012
0.02097128316
0.0003843359367
0.02089873522
0.0003790195636
0.02082816483
0.0003694388053
0.02076019227
0.0003566150933
0.02069529957
0.0003413810612
0.02063383325
0.0003244271319
0.0205760182
0.0003063334022
0.02052197475
0.0002875876083
0.02047173762
0.0002685929758
0.02042527244
0.0002496782028
0.02038249131
0.0002311050336
0.02034326583
0.0002130780096
0.02030743749
0.0001957527761
0.02027482703
0.0001792435995
0.02024524167
0.0001636292854
0.02021848099
0.0001489598951
0.02019434235
0.0001352600521
0.02017262449
0.0001225341672
0.0201531304
0.0001107712748
0.02013567129
9.994480466e-05
0.02012023454
8.985235754e-05
0.0201063116
8.095870574e-05
0.02009390883
7.271208261e-05
0.0200834042
6.470145508e-05
0.02007771732
5.417322536e-05
0.02007121539
4.714488898e-05
0.02006379616
2.407685103e-05
0.02006449889
1.159498841e-05
0.02008935521
-1.936014457e-05
0.02009004908
5.237171898e-06
0.02008404486
9.624554202e-06
0.02008155882
3.19215714e-06
0.02010326361
-2.955324019e-05
0.02018020878
-0.0001083998101
0.0202016466
-3.121366737e-05
0.02019454974
2.252088769e-06
0.02018362156
4.966243603e-06
0.02017029544
3.210312995e-06
0.02014156724
-4.593806049e-06
0.02007997359
-2.739479771e-05
0.02005379807
-4.18673152e-06
0.02004702272
1.493675933e-06
0.02004312371
1.095157189e-06
0.02003947393
3.834081675e-07
0.02003593203
-2.444945628e-07
0.02003223624
-7.976887583e-07
0.02002544449
-1.518190207e-06
0.02000978066
-3.417105215e-06
0.02000568191
-2.034361951e-06
0.02000475098
-2.145630169e-06
0.02000405993
-2.430333259e-06
0.02000341199
-2.677287727e-06
0.02000280059
-2.889101534e-06
0.02000222073
-3.072340492e-06
0.02000167078
-3.214246646e-06
-3.400391921e-06
0.02162591171
-0.0002975537985
0.02166941286
-0.00023326721
0.02169969527
-0.0001703792542
0.02171670821
-0.00010789074
0.02172061395
-4.615133158e-05
0.02171182864
1.475701961e-05
0.02169145664
7.418734948e-05
0.02166617996
0.0001253428531
0.0216559697
0.00014567541
0.02160114414
0.0002158831035
0.02151805846
0.0002959965017
0.02144037752
0.0003489312296
0.02136282554
0.0003862776841
0.02128274785
0.0004174562172
0.02120194313
0.0004424702224
0.02112129025
0.0004576754682
0.02104148412
0.000463947726
0.02096320341
0.0004626166477
0.02088711501
0.000455107957
0.02081382332
0.000442730497
0.02074382838
0.0004266100269
0.02067750892
0.0004077005196
0.0206151227
0.0003868133498
0.02055681567
0.0003646404326
0.02050263823
0.0003417650502
0.02045256143
0.0003186697749
0.02040649468
0.0002957449612
0.0203642997
0.0002733000056
0.0203258044
0.0002515733095
0.02029081164
0.0002307455328
0.02025911001
0.0002109452245
0.02023047869
0.0001922606108
0.02020469367
0.0001747449163
0.02018153423
0.0001584194937
0.02016094863
0.0001431197714
0.0201423983
0.0001293216187
0.02012636141
0.0001159816954
0.02011563084
0.0001005829254
0.02010307968
9.350986672e-05
0.02009203258
8.375917581e-05
0.02009009365
6.66403887e-05
0.02011620136
2.806551652e-05
0.02011900396
4.43422944e-05
0.02011483679
2.824401537e-05
0.02013986765
-1.343586512e-05
0.02023361335
-0.0001131058432
0.02026045905
-2.160852913e-05
0.02025234405
1.773955478e-05
0.02023649335
1.904286163e-05
0.02019961483
7.325276545e-06
0.02011675044
-2.553541245e-05
0.0200810652
4.471572063e-06
0.02007200441
1.131287965e-05
0.02006704314
9.927507361e-06
0.02006205957
8.193883704e-06
0.02005124837
6.217396684e-06
0.02002198779
1.865777153e-06
0.02001386821
3.932853676e-06
0.02001205937
3.302514751e-06
0.02001079031
2.364216892e-06
0.0200096375
1.536225492e-06
0.02000858708
8.059209594e-07
0.02000762627
1.631301349e-07
0.02000651081
-4.027271684e-07
0.02000406455
-9.708454939e-07
0.02000335571
-1.325522319e-06
0.02000291544
-1.70534994e-06
0.02000252104
-2.035931815e-06
0.02000216593
-2.322176507e-06
0.02000184485
-2.568021497e-06
0.02000155265
-2.780138796e-06
0.02000128261
-2.944205535e-06
-3.160032625e-06
0.02171568591
-0.0003595320395
0.02176257715
-0.0002801584552
0.02179423944
-0.0002020415507
0.02181053838
-0.000124189677
0.02181174217
-4.735511764e-05
0.0217988458
2.76533915e-05
0.02177361404
9.941910282e-05
0.02174520055
0.0001537563485
0.02170901299
0.0001818629653
0.02163540555
0.000289490535
0.02155650039
0.0003749016617
0.02147527376
0.0004301578586
0.0213893002
0.0004722512315
0.02130061981
0.0005061366053
0.02121157374
0.0005315162949
0.02112342191
0.0005458272975
0.02103712649
0.0005502431353
0.02095346007
0.0005462830699
0.02087305719
0.0005355108253
0.02079642713
0.0005193605523
0.02072395425
0.0004990829132
0.02065590147
0.0004757532902
0.02059241629
0.0004502985308
0.02053354442
0.0004235123127
0.0204792447
0.0003960647616
0.02042940712
0.0003685073549
0.02038386758
0.0003412844962
0.02034242486
0.0003147427211
0.0203048512
0.0002891469727
0.0202709017
0.0002646950325
0.02024032563
0.0002415212941
0.02021303006
0.0002195561806
0.02018844142
0.0001993335642
0.02016697904
0.000179881884
0.02015133259
0.0001587662181
0.02013499485
0.0001456593707
0.02012771419
0.0001232623562
0.02014845921
7.983790354e-05
0.0201457624
9.620666921e-05
0.02014065683
8.886474594e-05
0.02016777956
3.951766383e-05
0.02027574493
-7.989985456e-05
0.02031323147
6.855756222e-06
0.02029970044
4.177504978e-05
0.02025528687
3.097769773e-05
0.02015373027
-1.154923555e-05
0.02010933506
2.278667577e-05
0.02009769645
2.937817034e-05
0.02009066688
2.607243286e-05
0.02007608484
2.19073164e-05
0.0200359475
1.460192828e-05
0.02002422389
1.619518195e-05
0.0200212404
1.429636937e-05
0.02001908067
1.208724111e-05
0.02001714405
1.013050106e-05
0.02001496311
8.398334836e-06
0.02001010594
6.722950714e-06
0.02000851874
5.520052135e-06
0.02000749814
4.323114745e-06
0.02000659618
3.26618452e-06
0.02000579871
2.333690974e-06
0.02000509299
1.511643192e-06
0.02000446818
7.879419561e-07
0.02000391375
1.517075741e-07
0.02000334973
-4.068271325e-07
0.02000292014
-8.95925918e-07
0.0200025378
-1.323008251e-06
0.02000219611
-1.694240915e-06
0.02000188964
-2.015698547e-06
0.02000161312
-2.291503792e-06
0.02000136242
-2.529438234e-06
0.02000113146
-2.713245881e-06
-2.955329052e-06
0.02182416107
-0.0004281439321
0.02187534109
-0.0003313384615
0.02190875231
-0.0002354527691
0.02192430509
-0.0001397424556
0.02192373388
-4.678390815e-05
0.02191129713
4.009014488e-05
0.0218916569
0.0001190593325
0.02187511339
0.0001702998597
0.02179048644
0.0002664899192
0.02169583063
0.000384146342
0.02160808402
0.0004626482677
0.02151588201
0.0005223598663
0.02141896496
0.0005691682726
0.02131997009
0.0006051314725
0.02122133107
0.0006301553091
0.02112456942
0.0006425889399
0.02103083516
0.0006439773948
0.02094097702
0.000636141207
0.0208556061
0.0006208817302
0.02077514315
0.0005998234986
0.02069985234
0.0005743737196
0.02062986447
0.0005457411618
0.02056519771
0.0005149652935
0.02050577463
0.0004829353962
0.0204514431
0.0004503962916
0.02040199264
0.0004179578088
0.02035717013
0.0003861070032
0.02031669916
0.0003552136958
0.02028044254
0.0003254035961
0.02024778491
0.0002973526637
0.02021907724
0.0002702289627
0.02019689345
0.0002417399757
0.02017479635
0.0002214306665
0.02016229056
0.0001923876806
0.02017819809
0.0001428586905
0.020175696
0.0001481614635
0.0201979913
0.0001009670596
0.02029973094
-2.190174698e-05
0.02033505136
6.088624962e-05
0.02032896405
9.49520573e-05
0.0202900671
7.841461271e-05
0.02018445277
2.571447606e-05
0.02013624367
5.506485792e-05
0.02012124166
5.677707034e-05
0.02010242168
4.97976769e-05
0.02005247199
3.840045832e-05
0.02003711606
3.814260569e-05
0.02003261394
3.388029473e-05
0.02002924293
2.944344323e-05
0.02002564732
2.550292863e-05
0.02001843947
2.180977399e-05
0.02001571904
1.891561639e-05
0.02001384572
1.616968062e-05
0.02001219498
1.373798386e-05
0.02001074028
1.158520154e-05
0.02000945775
9.680867037e-06
0.02000818384
7.996854445e-06
0.02000719496
6.508937179e-06
0.02000632332
5.194752183e-06
0.02000555479
4.034715275e-06
0.0200048768
3.011688489e-06
0.02000427837
2.11007195e-06
0.02000374956
1.316750677e-06
0.02000328198
6.192977908e-07
0.02000286733
7.81748454e-09
0.02000249968
-5.282682667e-07
0.02000217244
-9.957666401e-07
0.02000188023
-1.402028805e-06
0.02000161828
-1.753745151e-06
0.02000138204
-2.055259028e-06
0.02000116805
-2.3154504e-06
0.02000097089
-2.516085007e-06
-2.780733503e-06
0.02195338104
-0.0005050565708
0.02200991759
-0.0003878749979
0.02204562518
-0.0002711603538
0.02206198966
-0.0001561069311
0.02206851737
-5.331161066e-05
0.02207154171
3.706580225e-05
0.02206159853
0.0001290025131
0.02198025399
0.0002516444057
0.02186538457
0.0003813593388
0.02176718645
0.0004823444529
0.02166734847
0.0005624862472
0.02156124013
0.0006284682024
0.02145109613
0.0006793122643
0.02133984793
0.0007163796607
0.02123006233
0.000739940904
0.02112346196
0.0007491893063
0.02102132396
0.0007461153853
0.02092453199
0.0007329331774
0.02083364884
0.0007117648739
0.02074898763
0.0006844847
0.02067067075
0.0006526905953
0.02059867481
0.000617737104
0.02053286245
0.0005807776465
0.02047300887
0.0005427889822
0.02041883164
0.0005045735267
0.02037015566
0.0004666337899
0.02032631475
0.0004299479082
0.02028758118
0.0003939472718
0.02025639865
0.000356586122
0.02022636079
0.0003273905342
0.02020672438
0.0002898653693
0.0202159538
0.0002325105521
0.02020789007
0.0002294943979
0.0202250487
0.0001752290626
0.02032124413
4.666325564e-05
0.0203486292
0.0001207764047
0.02031209991
0.0001374963485
0.02020551381
8.468435154e-05
0.02015569577
0.0001107042884
0.02014123782
0.0001094100024
0.0201223915
9.726093597e-05
0.02006760924
8.049674006e-05
0.02005006156
7.261253682e-05
0.02004392513
6.291350555e-05
0.02003850865
5.521416261e-05
0.02002879078
4.811833135e-05
0.0200246586
4.227478096e-05
0.02002167577
3.686312665e-05
0.02001905918
3.206003405e-05
0.02001676239
2.779972053e-05
0.02001454846
2.402370424e-05
0.02001278491
2.067916496e-05
0.02001123604
1.771855101e-05
0.02000987511
1.509891296e-05
0.02000867861
1.278169786e-05
0.02000762654
1.073294346e-05
0.02000670086
8.922535607e-06
0.02000588635
7.323442845e-06
0.02000516955
5.911560422e-06
0.02000453816
4.666097754e-06
0.02000398185
3.568000018e-06
0.02000349132
2.600605012e-06
0.02000305857
1.749501704e-06
0.02000267616
1.001717922e-06
0.02000233798
3.459950206e-07
0.02000203782
-2.281070767e-07
0.02000177102
-7.289610535e-07
0.02000153309
-1.164100842e-06
0.02000132002
-1.540666619e-06
0.02000112803
-1.863266156e-06
0.02000095422
-2.141639865e-06
0.02000079429
-2.356156559e-06
-2.639434573e-06
0.02210583035
-0.0005922860107
0.02216903309
-0.0004510777385
0.02220817352
-0.0003103007783
0.0222288079
-0.0001767413141
0.0222442554
-6.875909999e-05
0.02222171575
5.96054447e-05
0.02216336498
0.0001873532853
0.02206263571
0.0003523736687
0.02195874526
0.0004852497939
0.02185055438
0.0005905353214
0.02173365724
0.0006793833898
0.02161061662
0.0007515088226
0.02148464764
0.000805281249
0.02135896366
0.0008420636326
0.02123630302
0.0008626015474
0.02111854957
0.0008669427453
0.02100704766
0.0008576172933
0.02090265791
0.000837322928
0.02080584464
0.0008085781363
0.02071677083
0.000773558512
0.02063537907
0.0007340823498
0.02056145839
0.0006916577802
0.02049483646
0.0006473995704
0.02043480689
0.0006028185526
0.02038156561
0.0005578148026
0.02033742502
0.0005107743859
0.02029593437
0.0004714385632
0.02026612595
0.0004237556865
0.02026611818
0.0003565938898
0.02025018642
0.0003433223
0.02026028387
0.0002797679223
0.02034970137
0.000143093051
0.02037182093
0.0002073748373
0.02033152069
0.0002155293045
0.0202228379
0.0001553460548
0.02016973108
0.0001738832229
0.02014208029
0.0001651471389
0.02008476607
0.0001419985732
0.02006417019
0.0001313001658
0.02005616083
0.0001174193654
0.02004915879
0.0001042629781
0.02003741957
9.223596201e-05
0.02003277031
7.726179569e-05
0.02002864882
6.703499491e-05
0.02002506619
5.879680386e-05
0.02002170592
5.147860184e-05
0.02001899699
4.498371588e-05
0.02001663544
3.922467561e-05
0.02001457466
3.41208091e-05
0.02001277423
2.96001547e-05
0.02001119985
2.559808756e-05
0.02000982207
2.205694068e-05
0.02000861561
1.892501097e-05
0.02000755862
1.615589833e-05
0.02000663187
1.370845206e-05
0.02000581891
1.154589882e-05
0.02000510544
9.636004771e-06
0.02000447909
7.949796273e-06
0.02000392877
6.461885957e-06
0.02000344533
5.149533286e-06
0.02000302021
3.993122965e-06
0.02000264604
2.974773225e-06
0.02000231637
2.0791772e-06
0.02000202571
1.292380259e-06
0.02000176893
6.027805629e-07
0.02000154149
-6.693598099e-10
0.02000133971
-5.271777275e-07
0.02000116008
-9.844619442e-07
0.0200009995
-1.380085774e-06
0.02000085516
-1.718925925e-06
0.02000072474
-2.011218286e-06
0.02000060502
-2.236438195e-06
-2.533770962e-06
0.02228464923
-0.0006922659984
0.02235607815
-0.0005225066706
0.02239958356
-0.0003538061818
0.02242254344
-0.0001997012004
0.02242456834
-7.078399836e-05
0.02240115321
8.302056946e-05
0.02230211708
0.0002863893996
0.02219053675
0.0004639540008
0.02207346115
0.0006023253942
0.02194462722
0.0007193692528
0.02180642734
0.0008175832795
0.02166301048
0.0008949256842
0.02151822699
0.0009500647423
0.02137565793
0.0009846327039
0.02123823804
0.001000021437
0.02110796607
0.0009972147072
0.02098621753
0.0009793658255
0.02087367824
0.0009498622172
0.02077067609
0.000911580283
0.0206771591
0.0008670755032
0.02059283443
0.0008184070154
0.02051773506
0.0007667571382
0.02045410071
0.0007110339162
0.02039530769
0.0006616115671
0.02035023818
0.000602884314
0.02033675158
0.0005242609841
0.02030908907
0.0004991010714
0.02030893014
0.0004239146168
0.02038944098
0.0002760830584
0.0204039129
0.0003288503808
0.02035760359
0.0003260772325
0.02024484043
0.000255856212
0.02018763363
0.0002645816405
0.02015635071
0.0002468122252
0.02009633995
0.0002153568168
0.02007328709
0.0001969360877
0.02006243518
0.0001759990521
0.02004829341
0.0001561403391
0.02004075552
0.0001388380537
0.02003504735
0.0001231275294
0.02003019126
0.0001091190738
0.02002582122
9.660600565e-05
0.02002318958
7.989343898e-05
0.02002011098
7.01135964e-05
0.02001746534
6.144245043e-05
0.02001518607
5.375787069e-05
0.02001321829
4.695150285e-05
0.0200115168
4.092616502e-05
0.02001004295
3.559465348e-05
0.02000876408
3.087902849e-05
0.0200076529
2.670926607e-05
0.02000668613
2.302370638e-05
0.02000584419
1.976695771e-05
0.02000511029
1.688979394e-05
0.02000446987
1.434887637e-05
0.02000391061
1.21051597e-05
0.02000342196
1.01246572e-05
0.02000299472
8.377037988e-06
0.02000262081
6.835787265e-06
0.02000229343
5.476922354e-06
0.02000200661
4.279935596e-06
0.02000175512
3.226270551e-06
0.02000153435
2.299945866e-06
0.02000134021
1.486519018e-06
0.02000116943
7.735697583e-07
0.02000101863
1.501310417e-07
0.02000088543
-3.939785148e-07
0.02000076742
-8.66447936e-07
0.02000066216
-1.27482437e-06
0.02000056811
-1.624868146e-06
0.02000048335
-1.926458864e-06
0.02000040581
-2.158900676e-06
-2.46585548e-06
0.02249389504
-0.0008079684923
0.02257628684
-0.0006048984764
0.02263149812
-0.0004090174652
0.02267250128
-0.0002407043695
0.02264633067
-4.46133939e-05
0.02257614729
0.0001532039423
0.02246774002
0.0003947966672
0.02234438535
0.0005873086753
0.02220394597
0.0007427647654
0.02204895678
0.0008743584605
0.02188488907
0.0009816509784
0.02171702774
0.001062787019
0.02154999758
0.001117094902
0.02138786206
0.001146768228
0.02123367117
0.001154212317
0.02108963068
0.001141255193
0.02095762906
0.001111367432
0.02083666149
0.001070829786
0.0207274172
0.001020824573
0.02062965526
0.0009648374399
0.02054326535
0.0009047969215
0.02047418586
0.0008358366252
0.02043979338
0.0007454263921
0.02039375824
0.0007076467032
0.02037756624
0.0006190763064
0.02044394825
0.000457878979
0.02044635213
0.0004966971825
0.02039059517
0.000479671586
0.02027492481
0.0003917534222
0.0202114947
0.0003922804935
0.02017441959
0.0003631523364
0.02010985075
0.0003204250539
0.02008294425
0.000291488151
0.02006894901
0.0002608074598
0.02005234939
0.0002319564422
0.02004288955
0.0002063959343
0.02003573668
0.0001831519217
0.02002956146
0.000162315553
0.02002469479
0.0001437047283
0.02002068348
0.0001271388311
0.02001736991
0.0001124326483
0.02001570596
9.826995977e-05
0.02001336121
8.223819889e-05
0.02001139704
7.207776627e-05
0.0200097455
6.309399746e-05
0.02000835125
5.51521168e-05
0.02000717043
4.81323275e-05
0.02000616747
4.192912726e-05
0.02000531322
3.644890336e-05
0.02000458384
3.160840759e-05
0.02000395943
2.733366866e-05
0.02000342382
2.355932164e-05
0.0200029635
2.022727506e-05
0.02000256722
1.728606987e-05
0.02000222574
1.469036438e-05
0.02000193098
1.239991597e-05
0.02000167635
1.037929557e-05
0.02000145603
8.597353179e-06
0.02000126549
7.026333404e-06
0.02000110026
5.642144174e-06
0.02000095702
4.423182887e-06
0.02000083261
3.350683926e-06
0.02000072461
2.407937508e-06
0.0200006308
1.580333465e-06
0.0200005491
8.552734215e-07
0.02000047797
2.21266968e-07
0.02000041585
-3.318537376e-07
0.02000036138
-8.119845158e-07
0.02000031362
-1.22705847e-06
0.02000027141
-1.582659673e-06
0.02000023401
-1.889049871e-06
0.0200002002
-2.125095356e-06
-2.436774108e-06
0.02273848291
-0.0009429013715
0.02283430043
-0.0007007159969
0.02289927149
-0.0004739885404
0.02293006808
-0.0002715009605
0.02291788553
-3.243085329e-05
0.02280559681
0.0002654926678
0.02267202842
0.0005283650484
0.0225218452
0.000737491906
0.02235035832
0.000914251631
0.02216322316
0.001061493629
0.02196781593
0.001177058202
0.02177069524
0.001259907694
0.02157761553
0.001310174607
0.02139383705
0.001330546714
0.02122101169
0.001327037682
0.02106351924
0.001298747635
0.02092625193
0.001248634733
0.02079822873
0.001198852976
0.02068300622
0.001136047082
0.02058161355
0.001066230101
0.02049671074
0.0009896997298
0.02045014012
0.0008824072353
0.02048577201
0.0007097944991
0.02046732522
0.000726093497
0.02039853168
0.0006878698416
0.02026452863
0.0005918820261
0.02018920393
0.0005720218876
0.0201518297
0.0005170458159
0.02011797998
0.0004256031493
0.02009451884
0.0004157416417
0.02007607746
0.0003815937159
0.02005544165
0.0003410608587
0.02004282821
0.0003041015995
0.02003327884
0.0002703568246
0.02002535479
0.0002398805006
0.0200192889
0.0002124618249
0.02001453994
0.0001879008839
0.02001086247
0.0001659930174
0.02000803903
0.0001465281655
0.02000588486
0.0001292930082
0.02000424647
0.0001140710414
0.02000415368
9.836275021e-05
0.02000314269
8.324919602e-05
0.02000236344
7.2857016e-05
0.02000176197
6.369546842e-05
0.02000129798
5.561611513e-05
0.02000094059
4.848971206e-05
0.02000066621
4.220351025e-05
0.02000045626
3.665885585e-05
0.02000029636
3.176830181e-05
0.02000017536
2.745467453e-05
0.02000008454
2.365014207e-05
0.02000001739
2.029442529e-05
0.01999996849
1.733496688e-05
0.01999993395
1.472490305e-05
0.01999991044
1.242342454e-05
0.01999989551
1.039422836e-05
0.01999988715
8.605721343e-06
0.01999988386
7.029620152e-06
0.01999988432
5.641686921e-06
0.01999988776
4.419740218e-06
0.01999989334
3.345101518e-06
0.01999990059
2.400692e-06
0.01999990885
1.572074454e-06
0.0199999181
8.460305194e-07
0.01999992793
2.114321343e-07
0.01999993807
-3.41986325e-07
0.01999994863
-8.225441032e-07
0.01999995929
-1.237718096e-06
0.01999996995
-1.593312249e-06
0.01999998061
-1.899710432e-06
0.01999999109
-2.135574094e-06
-2.447292935e-06
0.02302586994
-0.00110229662
0.02314602488
-0.0008208709485
0.02324155795
-0.000569521614
0.02324354497
-0.0002734879914
0.02318027267
3.084145139e-05
0.02305902119
0.0003867441596
0.0229074278
0.0006799584396
0.02272366551
0.0009212541807
0.02251351426
0.001124402879
0.02228693395
0.00128807393
0.02205450913
0.001409483022
0.02182265787
0.001491758939
0.02160086153
0.001531970946
0.02139854564
0.001532862599
0.02120724165
0.001518341671
0.02103871351
0.001467275775
0.02090117093
0.001386177307
0.0207701372
0.001329886702
0.02064994076
0.001256243519
0.02054531053
0.001170860323
0.0204538349
0.001081175353
0.0203487303
0.0009875118307
0.02019025334
0.0008682714537
0.02010262473
0.0008137221095
0.02007329577
0.0007171988006
0.01999529924
0.0006698785565
0.01995572529
0.0006115958446
0.01995904744
0.0005137236663
0.02002027201
0.0003643785877
0.02003680042
0.0003992132342
0.02002781121
0.0003905829222
0.02001699355
0.0003518785188
0.020008678
0.0003124171459
0.02000240928
0.0002766255435
0.01999783075
0.0002444590353
0.01999463019
0.000215662385
0.01999253376
0.0001899973111
0.0199912955
0.0001672312873
0.01999069677
0.0001471268893
0.01999055218
0.0001294376049
0.01999071254
0.0001139106869
0.01999228161
9.679368154e-05
0.01999268001
8.28507959e-05
0.01999314271
7.239432382e-05
0.01999363476
6.320341494e-05
0.01999413346
5.511742197e-05
0.01999462423
4.799894337e-05
0.01999509724
4.173049558e-05
0.01999554625
3.620984476e-05
0.01999596756
3.134699146e-05
0.01999635907
2.706317176e-05
0.01999672031
2.328890139e-05
0.01999705167
1.996306689e-05
0.01999735458
1.703205563e-05
0.01999763026
1.444922771e-05
0.01999788069
1.21729904e-05
0.01999810757
1.016735004e-05
0.0199983128
8.40049678e-06
0.01999849806
6.844352845e-06
0.01999866543
5.474323587e-06
0.01999881617
4.268995986e-06
0.01999895229
3.20898163e-06
0.01999907498
2.278007227e-06
0.01999918601
1.46104554e-06
0.01999928635
7.456868224e-07
0.01999937733
1.204630784e-07
0.01999946007
-4.247258703e-07
0.01999953548
-8.979494887e-07
0.01999960456
-1.306799975e-06
0.01999966815
-1.656902481e-06
0.01999972694
-1.958498708e-06
0.01999978195
-2.190584331e-06
-2.497349441e-06
0.02336308158
-0.00129123577
0.02350662547
-0.0009644148396
0.02359838691
-0.0006612830525
0.0236259264
-0.0003010274814
0.02351767149
0.000139096361
0.02336753337
0.0005368822791
0.02318060663
0.0008668851821
0.02295278932
0.001149071477
0.02269575063
0.001381441581
0.02242274431
0.001561080234
0.02215238183
0.001679845503
0.02188134769
0.001762793077
0.02162943484
0.001783883789
0.02141061967
0.001751677774
0.02120014216
0.001728819178
0.02100410936
0.00166330857
0.02083314048
0.001557146179
0.0206857308
0.001477296375
0.02056033956
0.001381634752
0.02045891762
0.001272282264
0.0203881606
0.001151932367
0.02030895952
0.001066712907
0.02021183257
0.0009653984033
0.02018148943
0.0008440652495
0.02023021074
0.0006684774915
0.02022667525
0.0006734140476
0.02019961986
0.0006386512386
0.02014788848
0.0005654550487
0.02004442009
0.0004678469806
0.01999779222
0.000445841111
0.01998385676
0.0004045183797
0.01997707386
0.0003586614166
0.01997269882
0.0003167921813
0.01997009342
0.0002792309395
0.01996891188
0.0002456405759
0.01996885578
0.0002157184938
0.0199696578
0.0001891952916
0.01997107264
0.0001658164501
0.01997287966
0.0001453198737
0.01997489229
0.0001274249762
0.01997696592
0.000111837058
0.01998027369
9.348591637e-05
0.01998214027
8.098421725e-05
0.01998388434
7.065026091e-05
0.01998549534
6.159241403e-05
0.01998697326
5.363950234e-05
0.01998832261
4.664959784e-05
0.01998954995
4.050315431e-05
0.01999066231
3.509748752e-05
0.01999166707
3.0342228e-05
0.01999257207
2.615817343e-05
0.01999338524
2.247572493e-05
0.01999411455
1.923376737e-05
0.01999476778
1.63788231e-05
0.01999535233
1.386467482e-05
0.01999587488
1.165044587e-05
0.01999634174
9.700485219e-06
0.01999675854
7.983700902e-06
0.01999713069
6.472204606e-06
0.01999746286
5.142156569e-06
0.01999775949
3.972366583e-06
0.01999802442
2.944051107e-06
0.01999826151
2.040910328e-06
0.01999847359
1.248971121e-06
0.01999866381
5.554708958e-07
0.019998835
-5.072301124e-08
0.01999898922
-5.789512046e-07
0.01999912867
-1.037395571e-06
0.01999925535
-1.433472282e-06
0.01999937101
-1.772562845e-06
0.01999947722
-2.064706267e-06
0.019999576
-2.289362927e-06
-2.586346034e-06
0.02377197095
-0.001525605497
0.0239672038
-0.00115964768
0.02403463384
-0.0007287130717
0.02400988154
-0.0002762751794
0.02389798558
0.0002509923135
0.02372800549
0.0007068623679
0.02349798247
0.001096908208
0.02321689804
0.001430155886
0.02290986844
0.001688471193
0.02258515598
0.001885792701
0.0222731538
0.001991847695
0.02195573665
0.002080210222
0.02164946779
0.002090152642
0.02137316217
0.002027983397
0.02113096305
0.001971018284
0.02093136444
0.001862907177
0.02078438858
0.001704122031
0.02066698929
0.001594695665
0.02054861482
0.001500009222
0.02046374283
0.00135715425
0.02043762543
0.001178049769
0.02038728666
0.001117051677
0.02032218667
0.001030498399
0.02024575476
0.0009204971568
0.02012554161
0.0007886906484
0.02006289921
0.0007360564448
0.02003614018
0.0006654102652
0.02001030818
0.0005912870462
0.01995905844
0.000519096725
0.01994165584
0.0004632437032
0.01993679879
0.00040937543
0.01993495841
0.0003605017949
0.01993494289
0.0003168077055
0.01993635555
0.0002778182788
0.01993888025
0.0002431158775
0.0199422435
0.0002123552527
0.01994618904
0.0001852497469
0.01995047025
0.0001615352444
0.01995485935
0.0001409307824
0.0199591648
0.0001231195263
0.01996396624
0.000107035627
0.01996834719
8.910496375e-05
0.01997171473
7.761667744e-05
0.01997475438
6.76106119e-05
0.01997748728
5.885951453e-05
0.01997994113
5.118565988e-05
0.01998214345
4.444728019e-05
0.01998411812
3.852848024e-05
0.01998588637
3.332923541e-05
0.01998746712
2.876148496e-05
0.01998887783
2.474746212e-05
0.01999013538
2.121817916e-05
0.0199912553
1.811384118e-05
0.01999225171
1.538242323e-05
0.01999313813
1.297825408e-05
0.01999392627
1.086229934e-05
0.01999462697
8.99979306e-06
0.01999525004
7.360626561e-06
0.01999580385
5.918393052e-06
0.01999629638
4.649635404e-06
0.01999673468
3.534061019e-06
0.01999712493
2.553802222e-06
0.01999747262
1.693216925e-06
0.01999778308
9.385145928e-07
0.01999806071
2.778423745e-07
0.01999830951
-2.995206796e-07
0.01999853305
-8.024842388e-07
0.01999873462
-1.238963842e-06
0.01999891713
-1.61598183e-06
0.01999908336
-1.938789983e-06
0.01999923532
-2.216661449e-06
0.0199993765
-2.430541347e-06
-2.713055322e-06
0.02424792622
-0.001802230277
0.02445105631
-0.001362777765
0.02456630257
-0.0008439593324
0.02450208056
-0.000212053172
0.02436744552
0.0003856273452
0.02416072325
0.0009135846456
0.02388377887
0.001373852586
0.02354065831
0.001773276464
0.02317057047
0.002058559014
0.02276023113
0.002296132029
0.022348562
0.002403516825
0.02196280506
0.002465967146
0.021624295
0.002428662707
0.02135120597
0.002301072433
0.02111977021
0.002202454052
0.02088899336
0.002093684029
0.02068771545
0.001905399936
0.02058155094
0.001700860171
0.02047182941
0.001609730758
0.0203509092
0.001478074456
0.02021407921
0.001314879755
0.02012786248
0.001203268408
0.02007324276
0.001085118115
0.02002397067
0.0009697692479
0.01995358984
0.0008590714808
0.01992209992
0.0007675463602
0.01990711952
0.0006803906583
0.0198975784
0.0006008281668
0.01988771791
0.0005289572124
0.01988589784
0.0004650637757
0.019887347
0.0004079262637
0.01989070845
0.0003571403455
0.0198954811
0.0003120350592
0.01990130211
0.0002719972704
0.01990789294
0.0002365250521
0.0199150052
0.0002052429966
0.01992238659
0.0001778683655
0.01992977785
0.000154143983
0.01993693433
0.0001337743108
0.01994365799
0.0001163958682
0.01995126719
9.942643262e-05
0.0199567324
8.363975317e-05
0.01996160144
7.27476411e-05
0.01996592118
6.32908654e-05
0.01996975391
5.502679004e-05
0.01997316088
4.777869044e-05
0.01997619404
4.141412507e-05
0.01997889575
3.582676824e-05
0.01998130111
3.092387385e-05
0.01998343995
2.662264847e-05
0.01998533996
2.284744872e-05
0.01998702599
1.953215776e-05
0.01998852155
1.66182755e-05
0.01998984791
1.405606695e-05
0.01999102389
1.18022815e-05
0.01999206667
9.819512735e-06
0.01999299142
8.07504424e-06
0.01999381142
6.540627439e-06
0.01999453908
5.190730516e-06
0.01999518481
4.003907938e-06
0.01999575834
2.96053649e-06
0.01999626805
2.044089317e-06
0.01999672161
1.239659366e-06
0.0199971257
5.344233596e-07
0.01999748648
-8.293301954e-08
0.01999780926
-6.222974495e-07
0.01999809882
-1.092041686e-06
0.01999835945
-1.499599002e-06
0.01999859523
-1.851758934e-06
0.0199988094
-2.152957614e-06
0.01999900519
-2.412446629e-06
0.01999918661
-2.611963862e-06
-2.875638704e-06
0.02485966916
-0.00215188921
0.02504540577
-0.001548514372
0.02511526093
-0.0009138144919
0.0250713203
-0.0001681125641
0.02494190335
0.000515044308
0.02469725433
0.001158233674
0.02436196481
0.001709142084
0.02391480961
0.002220431666
0.02341306711
0.002560301522
0.02291357864
0.002795620494
0.02246058794
0.002856507533
0.02204430709
0.002882247989
0.0216324276
0.002840542208
0.0212684646
0.002665035441
0.02103000391
0.002440914746
0.02080213631
0.00232155163
0.02056778643
0.002139749811
0.02034710216
0.001921544439
0.0202013067
0.001755526218
0.02009676343
0.001582617726
0.0199978871
0.001413756077
0.0199365115
0.001264644014
0.0198955035
0.001126126107
0.01986561513
0.0009996576106
0.01984016705
0.0008845195594
0.01982708405
0.0007806293513
0.01982087399
0.0006866007154
0.01981959517
0.0006021069888
0.01982192186
0.0005266305176
0.01982737244
0.0004596132014
0.01983492401
0.0004003746885
0.01984395767
0.0003481066889
0.01985402073
0.0003019719991
0.01986478718
0.0002612308272
0.01987598909
0.0002253231513
0.01988735781
0.0001938742758
0.01989860021
0.000166625967
0.01990941443
0.0001433297701
0.01991953241
0.0001236563388
0.01992876312
0.0001071651545
0.01993850085
8.968870245e-05
0.01994570256
7.643804999e-05
0.01995202035
6.642985447e-05
0.01995756393
5.774728473e-05
0.01996244471
5.014600871e-05
0.01996675954
4.346385714e-05
0.01997058461
3.758905874e-05
0.01997397894
3.243243853e-05
0.01997698965
2.791316632e-05
0.01997965758
2.395472743e-05
0.01998201962
2.048540919e-05
0.01998410992
1.744185408e-05
0.01998595937
1.476882853e-05
0.0199875958
1.241963656e-05
0.01998904396
1.035412544e-05
0.01999032592
8.537554804e-06
0.01999146082
6.940146798e-06
0.01999246597
5.535470971e-06
0.01999335647
4.300235823e-06
0.01999414587
3.214510857e-06
0.01999484602
2.260386147e-06
0.01999546773
1.422377497e-06
0.01999602031
6.870768542e-07
0.01999651188
4.285744262e-08
0.01999695059
-5.216454844e-07
0.01999734256
-1.014259033e-06
0.01999769377
-1.443256378e-06
0.01999800965
-1.815472998e-06
0.01999829495
-2.137056018e-06
0.01999855394
-2.411946263e-06
0.01999879042
-2.648928772e-06
0.01999900938
-2.830918378e-06
-3.071672764e-06
0.02549317643
-0.002551529356
0.02577243465
-0.001827772593
0.02584064813
-0.0009820279632
0.02582010833
-0.000147572777
0.02568463949
0.0006505131429
0.02534884354
0.00149402962
0.02486434311
0.002193642511
0.02429680721
0.002787967572
0.02370834058
0.003148768157
0.02310429794
0.003399663139
0.02249325666
0.003467548813
0.02201692995
0.003358574696
0.02156586983
0.003291602333
0.02113352347
0.003097381797
0.02074698245
0.002827455772
0.02047328163
0.002595252453
0.02026832078
0.002344710656
0.02009340351
0.002096461709
0.01997682422
0.001872105504
0.01989500276
0.001664439192
0.01983283903
0.001475919799
0.01979099916
0.001306483875
0.01976301528
0.001154109982
0.0197454902
0.001017182686
0.01973595685
0.0008940528987
0.01973320986
0.0007833763407
0.01973567494
0.0006841356302
0.01974224149
0.0005955404359
0.01975197289
0.0005168991167
0.01976410256
0.0004474835361
0.01977802828
0.000386448967
0.01979327662
0.0003328583497
0.01980945057
0.000285798057
0.01982616971
0.0002445116919
0.01984302477
0.0002084680945
0.01985957042
0.0001773286361
0.01987536108
0.0001508353083
0.01989001316
0.0001286776972
0.0199032625
0.000110406998
0.01991503752
9.539013732e-05
0.01992675069
7.797553283e-05
0.01993555331
6.763542511e-05
0.01994319146
5.879170481e-05
0.01994985258
5.108617136e-05
0.01995569885
4.429973555e-05
0.01996085624
3.83064744e-05
0.0199654185
3.30267973e-05
0.01996945676
2.839417795e-05
0.0199730287
2.434122831e-05
0.01997618553
2.079790486e-05
0.01997897371
1.76972263e-05
0.01998143605
1.497952411e-05
0.01998361092
1.259395365e-05
0.0199855326
1.049796081e-05
0.01998723119
8.655532169e-06
0.01998873284
7.03590593e-06
0.01999006102
5.611969453e-06
0.01999123599
4.360503679e-06
0.01999227595
3.260270404e-06
0.01999319704
2.293428491e-06
0.01999401324
1.444184902e-06
0.01999473734
6.982733855e-07
0.01999538019
4.422918401e-08
0.01999595237
-5.293173634e-07
0.01999646183
-1.031106002e-06
0.01999691683
-1.469261232e-06
0.0199973243
-1.850721259e-06
0.01999769057
-2.181740296e-06
0.01999802092
-2.467411179e-06
0.01999832099
-2.712004991e-06
0.01999859437
-2.922308622e-06
0.01999884772
-3.084275343e-06
-3.298084678e-06
0.02623599828
-0.0006405238848
-0.0006406326565
0.02647252315
-0.0005853906412
-0.0004470989547
-0.000584654865
-0.0004471530051
0.02649164287
-0.001001147708
0.02648981052
-0.0001457404271
0.02626124661
0.0008790770488
0.02586218961
0.001893086622
0.02532934199
0.002726490126
0.02465441666
0.003462892891
0.02386921108
0.003933973722
0.02316352323
0.004105350996
0.02242599855
0.004205073482
0.02172352704
0.004061046213
0.02117901619
0.003836113195
0.02075314031
0.003523257685
0.02040293346
0.003177662623
0.02015575636
0.002842429549
0.01997840379
0.002522063211
0.01984786239
0.002227003112
0.01975862769
0.001961340199
0.01969850043
0.001724566447
0.01965947642
0.001514943797
0.0196362651
0.001329695196
0.01962455876
0.001165816313
0.01962130511
0.00102043633
0.01962428924
0.0008910687574
0.01963193507
0.0007757305076
0.01964315856
0.0006729121439
0.01965725487
0.0005814441231
0.01967381559
0.0005003384002
0.01969262785
0.0004286712783
0.01971352968
0.0003655471406
0.01973625052
0.0003101375086
0.01976029644
0.0002617521414
0.01978493158
0.000219876557
0.01980926534
0.0001841343411
0.01983240946
0.0001541845222
0.01985364256
0.0001296022081
0.01987252229
0.0001097979684
0.01988891354
9.401575055e-05
0.01990456867
7.973501323e-05
0.01991642429
6.611991355e-05
0.01992656111
5.749860748e-05
0.0199353089
5.004391039e-05
0.01994293572
4.345935132e-05
0.01994963922
3.759623723e-05
0.01995555745
3.238825224e-05
0.01996078905
2.779519457e-05
0.01996541074
2.377249703e-05
0.01996948911
2.026286127e-05
0.01997308524
1.720177526e-05
0.01997625538
1.45270928e-05
0.01997905087
1.218402697e-05
0.01998151724
1.012759381e-05
0.01998369446
8.320738303e-06
0.01998561702
6.732973294e-06
0.01998731533
5.337599527e-06
0.0199888159
4.111391626e-06
0.01999014264
3.033770979e-06
0.01999131581
2.087096436e-06
0.01999235406
1.255177851e-06
0.01999327357
5.246765368e-07
0.01999408867
-1.168193729e-07
0.01999481236
-6.794672159e-07
0.01999545551
-1.172467831e-06
0.01999602809
-1.603684347e-06
0.01999653919
-1.98035782e-06
0.01999699661
-2.308136066e-06
0.01999740741
-2.592540802e-06
0.01999777802
-2.838018659e-06
0.01999811402
-3.048005619e-06
0.01999842058
-3.228871574e-06
0.01999870405
-3.367737681e-06
-3.551497086e-06
-0.006631454249
0.006617139688
-0.0005710846875
8.595123284e-09
0.0255219942
-0.0002925219129
-0.006576286818
-0.0062290073
-0.006576644431
-0.006229239629
-0.0001637566867
-0.0002920882649
-0.0001635968641
0.02535693657
1.931717137e-05
0.02516602491
0.001069988718
0.02484948585
0.002209625664
0.02432778972
0.003248186262
0.02376579144
0.004024891167
0.02304799605
0.004651769104
0.02226481925
0.004888527792
0.02158496726
0.004884925457
0.02099612858
0.00464988489
0.02054000949
0.004292232285
0.02019027169
0.003872995491
0.01992602741
0.003441906904
0.01973961352
0.003028843437
0.01961265295
0.002649023779
0.0195304893
0.002309166759
0.01948170906
0.00201012043
0.01945679561
0.001749479888
0.01944855538
0.00152318402
0.01945162545
0.001326625124
0.01946211358
0.001155328174
0.01947725793
0.001005291972
0.01949519586
0.0008731308292
0.01951484022
0.0007560861409
0.01953580258
0.0006519497824
0.01955828385
0.0005589628575
0.0195828662
0.0004757560484
0.01961018791
0.0004013495747
0.01964056649
0.0003351685652
0.01967370242
0.0002770015846
0.01970859619
0.0002268583733
0.01974372521
0.0001847475401
0.01977740803
0.0001504515271
0.01980820533
0.0001233872213
0.01983520778
0.000102599765
0.01985812771
8.687803562e-05
0.01987720596
7.49375101e-05
0.01989465058
6.229039339e-05
0.0199077577
5.301279067e-05
0.01991888407
4.637223601e-05
0.01992850183
4.042615143e-05
0.01993693197
3.502921092e-05
0.01994437643
3.015178382e-05
0.01995096328
2.580140354e-05
0.01995678406
2.197442063e-05
0.01996191699
1.863956731e-05
0.01996643633
1.574352608e-05
0.01997041314
1.322496826e-05
0.01997391379
1.102644235e-05
0.01997699749
9.100331314e-06
0.01997971599
7.409090784e-06
0.01998211382
5.922908605e-06
0.01998422981
4.616986678e-06
0.01998609771
3.469706162e-06
0.01998774714
2.461956438e-06
0.01998920413
1.576785203e-06
0.01999049212
7.991055297e-07
0.01999163109
1.162081756e-07
0.01999263957
-4.838064013e-07
0.01999353306
-1.010304245e-06
0.01999432566
-1.472064586e-06
0.0199950298
-1.87660905e-06
0.0199956566
-2.230485683e-06
0.01999621564
-2.539401629e-06
0.01999671584
-2.808333606e-06
0.01999716486
-3.041553523e-06
0.01999756974
-3.242903876e-06
0.01999793685
-3.4151088e-06
0.01999827131
-3.563326326e-06
0.01999858082
-3.677253257e-06
-3.827912863e-06
-0.001385764085
0.0001140501863
0.001358551596
-8.614055503e-05
-6.971499344e-07
-0.004955247875
0.004860346217
-0.000197654653
3.440116589e-08
0.0174652281
-0.0005669272973
-0.004771558364
-0.003667954175
-0.004772001412
-0.003667469677
0.01804061473
0.0004946020836
0.01857153649
0.001678703894
0.01887197862
0.002947744126
0.018957885
0.003938984782
0.01898051146
0.004629142644
0.01892949388
0.004939545362
0.01887527523
0.00493914411
0.01882033488
0.004704825233
0.01878340309
0.00432916407
0.01876910195
0.003887296641
0.01877809451
0.003432914343
0.01880772361
0.002999214326
0.01885290275
0.002603844641
0.01890843627
0.002253633227
0.01896975008
0.001948806616
0.0190332178
0.001686012165
0.01909612924
0.001460272574
0.01915656192
0.001266192439
0.01921325906
0.001098631022
0.01926555892
0.0009529921069
0.01931340406
0.0008252856882
0.01935739139
0.0007120988166
0.01939876004
0.0006105811268
0.0194392096
0.000518513301
0.01948051188
0.000434453774
0.01952399383
0.0003578676186
0.01957007173
0.0002890906704
0.01961803944
0.0002290338862
0.01966622504
0.0001786727695
0.01971246937
0.0001385032147
0.01975473631
0.0001081845926
0.01979162074
8.650279509e-05
0.01982258938
7.163112288e-05
0.01984792288
6.154453845e-05
0.01986860797
5.425241871e-05
0.01988685266
4.40457107e-05
0.01990072506
3.91403912e-05
0.01991257274
3.452455252e-05
0.0199229044
3.00944978e-05
0.01993202422
2.590939279e-05
0.01994010565
2.207034979e-05
0.01994725775
1.864931351e-05
0.01995356767
1.56645013e-05
0.01995911967
1.308757509e-05
0.01996399833
1.086486752e-05
0.01996828529
8.938010014e-06
0.0199720552
7.256533678e-06
0.0199753736
5.781928223e-06
0.01997829696
4.485733531e-06
0.01998087375
3.346121102e-06
0.01998314595
2.34478441e-06
0.01998515028
1.46537955e-06
0.01998691891
6.933263174e-07
0.01998848003
1.56721641e-08
0.01998985912
-5.799852661e-07
0.01999107815
-1.102822785e-06
0.01999215635
-1.562004433e-06
0.01999311098
-1.964932495e-06
0.01999395719
-2.318278505e-06
0.01999470838
-2.62780071e-06
0.01999537642
-2.898518913e-06
0.01999597184
-3.134826424e-06
0.01999650401
-3.340504881e-06
0.01999698133
-3.518865433e-06
0.01999741125
-3.672827968e-06
0.01999780066
-3.804516203e-06
0.01999815518
-3.917840515e-06
0.01999848286
-4.004936317e-06
-4.120120693e-06
-0.0004613270757
6.722368416e-05
-7.289530034e-05
-1.841193148e-07
0.0004671828119
-0.0004986427942
0.0003677456996
0.001948542914
-2.960937712e-08
-0.0004103185839
-0.0004960249161
-0.0004088906838
-0.0001310539504
-0.0001295376319
-0.0001200150946
-0.0001217753663
0.00764849982
-0.0004440555682
-0.002045164519
-0.001347322208
-0.002045276656
-0.001347375802
-0.0002710829297
-0.0004445942372
-0.0002705551803
0.008437520709
-0.0002944188148
0.009255993314
0.0008602312918
0.0101529068
0.002050830644
0.01109367266
0.002998218906
0.01204525812
0.003677557178
0.01295591562
0.004028887848
0.01380532561
0.004089734124
0.0145770458
0.003933105031
0.01526588413
0.003640325736
0.0158729133
0.003280267473
0.01640310361
0.002902724031
0.01686344085
0.00253887709
0.01726177186
0.002205513629
0.0176059184
0.001909486688
0.01790316663
0.001651558381
0.01816001155
0.001429167238
0.01838206484
0.001238219279
0.01857410375
0.001074153527
0.0187402322
0.0009325025646
0.01888410315
0.0008091211492
0.01900913993
0.0007002489074
0.01911868195
0.0006025567999
0.0192159781
0.0005132849759
0.01930400033
0.0004304910751
0.01938513459
0.0003533195158
0.01946088272
0.0002821194877
0.01953172934
0.0002182440538
0.01959727124
0.0001634919939
0.01965659365
0.0001193503582
0.01970876464
8.633222672e-05
0.0197532673
6.368193967e-05
0.01979022607
4.954402616e-05
0.01982038214
4.147505303e-05
0.01984487848
3.704820641e-05
0.01986668694
3.244395462e-05
0.01988333249
2.740016117e-05
0.01989757851
2.489437695e-05
0.01991000428
2.209877476e-05
0.01992095878
1.913999854e-05
0.01993064527
1.622290706e-05
0.01993919556
1.352006725e-05
0.01994671763
1.112724279e-05
0.0199533165
9.065635234e-06
0.01995909722
7.306866678e-06
0.01996416046
5.80162328e-06
0.01996859785
4.500626878e-06
0.01997248949
3.364890713e-06
0.01997590426
2.367166073e-06
0.01997890119
1.488805387e-06
0.01998153129
7.160158695e-07
0.01998383888
3.71995825e-08
0.01998586329
-5.590322724e-07
0.01998763865
-1.082033216e-06
0.01998919542
-1.541089542e-06
0.0199905597
-1.944268874e-06
0.01999175513
-2.298256732e-06
0.01999280218
-2.609046658e-06
0.01999371903
-2.881785962e-06
0.01999452166
-3.120912932e-06
0.01999522424
-3.330373664e-06
0.01999583925
-3.513535329e-06
0.01999637782
-3.673389326e-06
0.01999684983
-3.812521658e-06
0.01999726413
-3.933163592e-06
0.01999762861
-4.037301084e-06
0.01999795044
-4.126350612e-06
0.0199982356
-4.202998965e-06
0.01999849443
-4.263755528e-06
-4.337935614e-06
-1.608111927e-05
0.0001575426767
1.851554852e-09
-0.0001787021875
3.723877894e-05
-8.707556121e-05
0.000180974704
9.388688952e-05
-0.0001867834327
-1.002599928e-06
-0.0001921470956
0.0001481043078
-0.000400078975
6.619598168e-08
-0.0009219520452
-0.0003541294633
-5.105867893e-05
0.0005418596102
-5.106190389e-05
0.0005419236692
-0.0004080859982
0.0003463652485
0.0006374968969
0.001005247748
0.002026336899
0.001609378899
0.003665220665
0.002038673404
0.005413909139
0.002280199373
0.007156642026
0.002347001226
0.008806499423
0.002283247618
0.01031539257
0.002131432572
0.01166192343
0.001933736611
0.01284332639
0.001721321074
0.01386864776
0.001513555725
0.01475306155
0.001321099856
0.01551386682
0.001148681428
0.01616809658
0.0009973286346
0.0167312919
0.0008659719257
0.01721700542
0.0007525057657
0.01763673332
0.0006544256262
0.0180000767
0.0005691591874
0.01831497985
0.0004942179825
0.01858795041
0.0004272783458
0.01882423189
0.0003662753152
0.01902794229
0.0003095745782
0.01920224157
0.0002561917926
0.01934958326
0.0002059778248
0.01947206197
0.0001596407832
0.01957179809
0.0001185079355
0.01965124614
8.404394633e-05
0.01971331688
5.727961379e-05
0.01976126925
3.837985674e-05
0.01979842329
2.652790838e-05
0.01982781295
2.015437387e-05
0.01985190733
1.738067954e-05
0.01987248044
1.647510588e-05
0.01989165877
1.326563431e-05
0.01990702245
1.203647796e-05
0.0199207981
1.111873388e-05
0.01993306999
9.826879752e-06
0.01994388112
8.328861431e-06
0.01995329797
6.806056813e-06
0.01996142797
5.39006673e-06
0.01996840853
4.146677999e-06
0.01997438635
3.087820769e-06
0.01997949955
2.193675468e-06
0.019983868
1.433175027e-06
0.0199875914
7.772268858e-07
0.0199907521
2.041953413e-07
0.01999341927
-3.000080616e-07
0.01999565257
-7.444933811e-07
0.01999750437
-1.135776198e-06
0.0199990211
-1.479530698e-06
0.02000024329
-1.781222992e-06
0.02000120706
-2.045800915e-06
0.02000194393
-2.277964314e-06
0.02000248146
-2.481792211e-06
0.02000284397
-2.660763615e-06
0.0200030528
-2.817880143e-06
0.02000312674
-2.955729866e-06
0.02000308242
-3.076590462e-06
0.02000293446
-3.182421397e-06
0.02000269589
-3.274960833e-06
0.02000237822
-3.355724115e-06
0.02000199171
-3.426001671e-06
0.02000154549
-3.486944063e-06
0.02000104773
-3.539537484e-06
0.02000050589
-3.58451454e-06
0.01999992729
-3.624391424e-06
0.01999933075
-3.667220236e-06
-3.676915146e-06
8.120147485e-05
0.0001723878775
2.773689553e-08
-0.0001444114989
-0.0001092055907
0.0002043768314
0.0001619499148
-0.000128549734
-7.798654412e-07
-0.000236997148
0.0003305405777
0.0003887713249
-0.001650455116
-0.0001870012223
4.343676966e-09
0.0003751484129
0.0003476445236
0.0003953471593
-0.008136908534
0.001802889118
0.002088353603
0.001802909788
0.002088350275
-0.00779116767
-0.006786883103
-0.005178640649
-0.00314103231
-0.0008616022397
0.001485025183
0.003768259162
0.005899999902
0.007834222482
0.009556095141
0.01107019179
0.01239176544
0.01354085075
0.01453849892
0.01540470732
0.01615737706
0.01681190307
0.01738110967
0.01787533644
0.01830259183
0.01866882775
0.01897835838
0.0192345086
0.01944045059
0.01960006215
0.01971854677
0.0198025721
0.01985983677
0.0198982048
0.01992472378
0.01994487189
0.01996224893
0.01997872185
0.01999198575
0.02000402043
0.02001513651
0.0200249596
0.02003328365
0.02004008413
0.02004546815
0.02004960857
0.02005269019
0.0200548779
0.02005630547
0.02005707753
0.02005727703
0.02005697276
0.02005622439
0.02005508507
0.02005360228
0.02005181802
0.02004976938
0.02004748875
0.02004500444
0.0200423413
0.02003952116
0.02003656327
0.02003348462
0.0200303002
0.02002702331
0.0200236657
0.02002023787
0.02001674914
0.02001320786
0.02000962164
0.02000599557
0.02000232671
0.0001416480395
-5.061661647e-08
3.461185284e-06
-0.0001611397223
-0.0001565776486
-6.882970764e-05
9.640494395e-08
0.0001680532768
5.725767524e-05
0.0001415636512
1.605577148e-05
-2.708627548e-08
3.482600931e-06
-0.0001610749373
-0.0001565652665
-6.88591787e-05
9.726401657e-08
0.0001680487832
5.727839835e-05
4.531490592e-08
5.756157449e-05
-0.0001329830561
-8.804047701e-05
4.843917002e-08
5.091744047e-05
3.709607629e-05
-8.120701829e-05
3.487429524e-08
5.753999523e-05
-0.0001329331169
-8.804784935e-05
5.284652039e-08
5.090809775e-05
3.710525749e-05
5.30618783e-05
-0.0004507599482
-6.353340999e-05
-9.559617755e-08
7.091540891e-05
-5.030154098e-08
-3.954341955e-05
0.0001103263563
5.295748482e-05
0.0004613150815
-7.397555452e-08
-0.0004506964667
-6.35021256e-05
7.080590215e-05
-2.84194759e-08
-3.952085639e-05
0.0001103070259
-3.2212016e-07
-9.782285808e-05
3.822749579e-09
-3.373371958e-05
-9.81838479e-05
-3.352587112e-05
-3.555953242e-07
5.895411102e-05
-5.848759748e-05
5.851104711e-05
-5.954341835e-05
1.246289172e-09
0.0001700807984
0.0001717878936
-0.0001371272423
-3.646240474e-07
-2.056798348e-08
5.507039036e-05
-0.0001430648889
-0.0002999846719
4.994976216e-05
0.0002505141888
-4.607061459e-07
0.0001724166798
8.351997134e-09
-0.0001443867682
-0.0001092452831
0.0001700227442
-0.0002043464917
-3.408102858e-07
0.0001717867817
-0.0001371222238
-1.850154321e-08
5.505580955e-05
-0.000143066982
-0.0002999747061
-4.552231174e-07
4.990755948e-05
0.0002505319122
-0.0001038082075
5.551729721e-09
6.687640002e-09
-3.739821531e-05
2.868906778e-07
0.0001036146259
-4.399225564e-05
3.658035111e-09
-4.434186081e-05
-3.70886065e-05
-3.038819926e-07
-9.783589733e-05
-3.374799135e-05
-9.822139096e-05
-3.35770287e-05
-0.0001038232508
1.716290391e-08
-3.740993269e-05
2.831447187e-07
0.0001036551676
-5.898312818e-05
-4.400000963e-05
-5.851698953e-05
-4.434750707e-05
-3.711695612e-05
0.0001209189204
-5.108348485e-05
-2.468618456e-07
-7.095935576e-05
1.45789234e-09
1.369324016e-06
5.791883441e-05
-0.0001328279333
1.66154064e-09
-8.132626555e-05
0.0001562790035
-4.050359018e-08
-0.0001205970679
0.0001197115389
1.02908527e-07
5.064929259e-05
-9.760598606e-05
-8.612927153e-05
2.721388965e-09
0.0001192510888
-9.741252725e-05
5.9326149e-10
-8.639660692e-05
-7.1238548e-05
1.043893051e-06
-4.04994919e-05
-3.360153003e-05
6.202003962e-08
5.91158829e-10
3.079041872e-06
5.079660908e-05
3.760377754e-05
2.177338467e-10
-8.83309023e-05
1.93708911e-08
4.013213218e-05
-8.684005183e-05
-8.59467712e-08
3.370861529e-05
3.483429e-06
6.321106426e-10
-8.7096683e-05
1.378179714e-10
3.926315158e-06
2.664223436e-06
-3.585756113e-07
-5.851373633e-05
-5.954993652e-05
0.0001209288225
-5.108614728e-05
-2.469053392e-07
-7.096374566e-05
1.36939105e-06
5.791774343e-05
-0.0001328320314
0.0001562819922
-8.133117855e-05
-4.082739236e-08
-0.0001206181898
0.0001196852689
1.086422093e-07
5.066062268e-05
-9.759362412e-05
-8.610875964e-05
0.0001192585051
-9.741683312e-05
-8.639212561e-05
-7.124913769e-05
1.044668579e-06
-4.050011754e-05
-3.360355056e-05
6.139343326e-08
3.079104988e-06
5.079680287e-05
3.760393578e-05
-8.832762063e-05
2.441138358e-08
4.013848423e-05
-8.684842465e-05
-8.412826769e-08
3.371432946e-05
3.48428462e-06
-8.709509975e-05
3.926297039e-06
2.665071788e-06
0.0001304302046
-0.001411873836
-0.0001039663975
-3.54039972e-07
0.0006918542244
-0.0006955958072
-4.066661796e-08
5.684411576e-05
0.001385651812
0.0001306811527
-3.829851033e-07
-0.001412022735
-0.0001039272543
0.0006928798172
-8.009339798e-08
-0.0006957124815
5.587024852e-05
3.077132618e-08
0.0003744099317
-0.001191665889
-0.001325496424
-0.001323272025
-0.00119234247
-8.432392715e-05
-6.496633565e-05
-6.215530876e-05
-8.546617761e-05
-1.345498777e-07
6.589264157e-05
0.0006933198047
-8.544381319e-05
0.000742125652
4.892091437e-05
-0.0007058518431
2.490873241e-07
0.0001140027185
-6.969820306e-07
0.001358472774
-8.612671876e-05
0.0003747294226
0.004954884914
-0.001191542468
-0.001325465824
-0.001323279393
-0.001192068686
-8.440718387e-05
-6.499953762e-05
-6.217962058e-05
-8.564087119e-05
-6.615762691e-05
-8.404297601e-08
6.350503632e-05
0.0006956164419
-8.545118438e-05
0.0007421245948
2.435080478e-07
4.902653098e-05
-0.0007059434515
-2.267692668e-08
0.0004459601495
4.197850094e-05
0.000445858302
5.258313891e-09
4.213450218e-05
-0.0004946422342
-8.835794258e-05
-1.08644146e-06
-1.335065951e-07
0.0001276345344
0.0001009570682
-0.0001810174688
0.0001750664122
0.0001552909984
-0.0001491307056
-2.092362508e-07
-1.260677466e-07
-7.277577032e-05
0.0004680592771
0.0004988101637
-1.112641131e-06
-0.0004947342554
-8.841445759e-05
-0.0001576157848
-9.126331852e-08
0.0001275717744
0.0001009411745
-0.0001809842921
0.0001751342388
-2.287485751e-07
0.0001552750724
-0.0001491962705
-7.302945526e-05
-0.0001946333084
-4.302651819e-07
4.016712203e-08
0.0001869277217
-8.340971008e-05
-0.0001398778107
0.0001198274275
-1.334095034e-07
0.0001902645918
-2.070390034e-08
-0.0001787380956
3.719878202e-05
8.70539498e-05
-4.066728151e-07
-7.300482878e-05
-0.000194626735
3.580634519e-08
0.0001869051775
-8.338348504e-05
-0.0001398906633
-1.639052526e-07
0.0001198398278
0.0001902374882
1.733444615e-08
0.0006496774319
-2.476077728e-05
-8.754619728e-05
-8.487144146e-05
-2.723782487e-05
-0.0001618547575
-0.0001463365198
-0.0001464289424
-0.000162805385
-3.784464297e-07
0.0001820967274
-0.000159646184
-0.0001274654382
-0.0001850926755
0.0001264410992
0.000187038066
-9.210524354e-07
0.0001809293012
-9.837944834e-07
9.39161925e-05
-0.0001868077515
0.0006498737294
0.000191948324
-2.476544866e-05
-8.760120635e-05
-8.485706679e-05
-2.723706865e-05
-0.0001618578958
-0.00014622829
-0.0001464478094
-0.0001628099562
-0.0001618597723
-4.080457448e-07
0.0001820727211
-0.0001596955682
-0.0001275029519
-0.0001850238773
-9.037269098e-07
0.0001263945835
0.0001870359718
-0.0001441621818
-0.0001094464358
1.761795555e-09
0.0001723083254
1.317593414e-08
-0.0001254391203
-0.0001051148303
-0.0001256219115
-0.0001049243942
6.931558587e-10
0.0001460178783
6.195348927e-08
-0.0001665631851
-0.0001051401051
1.54886321e-09
-6.442285816e-08
-0.0001461253949
-0.0001398435907
0.0001768278218
-0.0001401851336
1.064814076e-09
0.0001766910875
-0.0001662675886
-0.0001052349689
0.0002950614401
-8.985969095e-05
-2.126609818e-06
4.550337801e-05
-1.051870519e-06
-0.0003444186963
-0.0004429606166
2.964283172e-05
0.0004150697751
-1.740090678e-06
-7.527733258e-07
-0.0001285361384
-0.0002369173588
-0.0003306011142
-2.14472105e-06
0.0002950862684
-8.98433883e-05
-1.046541918e-06
4.548503195e-05
-0.0003444005042
-0.000442901677
-1.736661728e-06
2.957856689e-05
0.0004150714772
0.0001348301963
-2.889879584e-05
-1.01100002e-07
-0.0001395690974
5.075772643e-09
3.342010986e-06
-0.0001610112079
6.172003436e-10
0.0001416736718
1.594429532e-05
2.756462272e-09
-0.0001349057087
0.000116481786
3.939621856e-08
2.880170239e-05
-0.0001703154333
-1.966538162e-05
4.590255322e-09
0.0001162108902
-0.0001701518224
3.326417514e-09
-1.972210966e-05
-0.0001397309804
-4.421103225e-05
-0.0001327056724
-5.438618128e-08
3.775099923e-09
0.000167960923
5.749851119e-05
2.266222736e-09
-6.908628958e-05
-2.57786669e-08
4.419786464e-05
-4.643423335e-05
3.008603105e-07
0.0001326760983
1.914821717e-09
-4.642962222e-05
2.924229644e-09
0.0001348332207
-2.89081158e-05
-9.403684806e-08
-0.0001395739986
3.380212051e-06
-0.0001609990436
0.0001416285114
1.59638444e-05
5.740058591e-09
-0.0001348905127
0.0001163612304
2.586474445e-08
2.88133735e-05
-0.0001702561849
-1.965799006e-05
0.0001162302031
-0.0001701581019
-1.97198636e-05
-0.0001397482092
-4.422299128e-05
-0.0001327083559
-4.880966657e-08
0.0001679590513
5.750522724e-05
-6.908275489e-05
-1.857790167e-08
4.423951708e-05
-4.642833676e-05
2.892097271e-07
0.0001326744522
-4.643870597e-05
4.787087903e-05
0.0002568329602
-1.422845212e-09
-6.672221876e-05
1.944586235e-09
-2.860850888e-08
-4.784584035e-05
4.307464554e-05
-3.396480596e-09
-0.0002567149353
-8.191072882e-05
0.0002750956351
-0.0004505808272
-6.37129149e-05
-4.816090662e-09
0.0004613137572
5.288920406e-05
2.280603607e-09
4.311745465e-05
-8.184889127e-05
-3.279621247e-10
0.0002749658494
-6.659146807e-05
-3.951667981e-05
0.0001102883919
-4.164285451e-10
7.085208643e-05
1.126653061e-07
9.036368157e-05
9.037787462e-05
5.002290809e-09
0.0001199365678
-2.437889632e-08
2.090549804e-09
4.95404458e-09
-0.0001199685318
0.0001483792057
2.256899606e-09
0.0001483787791
-4.913310348e-08
0.0004459453339
4.208513577e-05
0.0004458785885
4.217746707e-05
4.787967838e-05
0.0002568171185
4.597518396e-09
-6.671539976e-05
-0.0004505444957
-6.367167747e-05
5.29123002e-05
0.0004612250883
-4.434017773e-08
-4.787208317e-05
4.316529596e-05
-7.289793906e-09
-0.0002566759581
-8.187907768e-05
0.0002750602001
4.317172018e-05
-8.184438506e-05
0.000274982212
-6.657106281e-05
-3.951096293e-05
0.0001103202102
7.079041928e-05
6.096018536e-08
9.035649903e-05
9.037992146e-05
0.0001199342647
-9.280848851e-09
-1.862277725e-08
-0.0001199723065
0.0001484188831
0.0001483937129
0.0001430076523
-0.0002079396602
1.617259353e-07
-0.0001017948884
1.98501696e-09
-1.683837381e-07
-0.0001431153094
0.0001752279947
-3.295566832e-07
0.000207390947
-9.618676672e-05
-0.0002480018649
0.0001724032583
-0.0001371383728
-1.429318237e-10
-0.0002055591201
0.0001699297529
7.232261496e-10
0.0001750566761
-9.606767987e-05
1.950579235e-09
-0.000249341853
-0.0001018302041
5.498832031e-05
-0.0001433155719
6.272596288e-10
-3.076084216e-08
-0.0001368537328
-0.0001370642759
7.553583321e-10
-5.487010162e-05
1.054837692e-07
-0.0001874403581
6.020834729e-10
-1.055799685e-07
5.492128529e-05
-0.0001978571219
-0.0001982695763
9.972333891e-10
-0.0001870619266
-0.0002365669189
-5.287185616e-05
2.027581023e-07
7.798721207e-10
-4.203901815e-07
0.0002357965742
-0.000281613189
-2.172206647e-07
5.289279662e-05
4.989437373e-05
0.0002513425671
9.021466988e-10
-0.0003016802094
3.5810933e-10
-0.0002831609695
1.510871147e-09
-0.0001441798692
-0.0001094497227
0.0001723085356
1.665957344e-08
-0.0001254350768
-0.0001050771158
-0.0001256253692
-0.0001049292765
0.0001460246885
6.54066498e-08
-0.0001665666871
-0.000105147219
-6.608663925e-08
-0.0001461355991
-0.000139855826
0.0001768122252
-0.0001401856802
0.0001766956335
-0.0001662809691
-0.0001052242926
0.0001430129942
-0.0002079437824
1.623415835e-07
-0.0001017962435
0.0001723979117
-0.000137145202
0.0001699418824
-0.0002055355475
-1.5755377e-07
-0.0001431056438
0.0001751941507
-3.382345899e-07
0.0002073886122
-9.611766854e-05
-0.0002480549315
0.0001750684094
-9.604902388e-05
-0.0002493762297
-0.000101835645
5.499005838e-05
-0.0001433135347
-2.457772933e-08
-0.0001368451575
-0.0001370581413
-5.486927894e-05
1.023897809e-07
-0.0001874378607
-1.056419905e-07
5.491435287e-05
-0.0001978644252
-0.0001982695899
-0.0001870527037
-0.000236565508
-5.287059286e-05
2.027782329e-07
4.988345643e-05
0.0002513442909
-0.0003016673285
-4.19440334e-07
0.00023579547
-0.0002815861354
-2.17853048e-07
5.289009694e-05
-0.0002831501542
-0.0006370152025
-5.110551557e-08
-3.416715768e-08
0.006400540896
-0.0001771871364
-0.0001283829348
-0.0001762008257
-0.001587918208
-0.00158714329
-0.001624395118
-0.001625864193
-0.0006374684248
0.006631611824
0.006399942631
-0.0001285792972
-0.0001768951492
-0.0001758554677
-0.001588059046
-0.00158723349
-0.001624349802
-0.001625791871
-0.0004062140242
-3.201861093e-08
0.006260814112
3.5581846e-08
-0.0001039627519
-0.0001119763481
-0.0001014041505
2.664846121e-09
0.006617956006
-0.0005709904821
-0.0004058734539
0.006260380989
-0.0001119367831
-0.0001040250497
-0.0001014287019
6.324141178e-08
0.001273142937
-0.0001108453518
2.728814403e-09
0.001272449861
-0.000110041192
6.818601973e-05
-0.001181069409
-1.655860978e-07
-7.862551636e-05
8.602707195e-09
-1.108779768e-06
-6.979881627e-05
-7.429691586e-07
0.001182963229
-0.001194854054
-7.350677612e-05
0.001357602042
-8.494317379e-05
-0.001385328052
-4.28153341e-09
3.071661666e-09
-0.001194456206
-7.227459494e-05
-2.475355242e-08
-7.93436358e-05
-7.494108362e-05
-2.776903611e-08
0.003437874014
3.630902791e-08
-0.0008935612331
-0.0007411572975
-0.000890975079
-3.869101449e-08
-0.0003049825709
0.004860278985
-0.0001974479651
-7.534706213e-05
0.003437688353
-0.0003673693634
-0.0007411417806
-0.0008935169205
-0.0008909473644
-0.0003051670848
-1.047747571e-08
0.0002979863834
-9.577558407e-05
-7.284822062e-05
0.000467164278
6.682781723e-05
-1.424568912e-08
0.0002978086941
-9.570257761e-05
1.02792328e-09
8.059118959e-05
1.286456473e-07
0.0003290541652
-0.0001119663158
1.016660387e-09
-3.616348269e-07
-8.074251849e-05
6.913912397e-05
0.0004791478354
6.923320585e-05
0.0004781551327
5.488278725e-09
0.0003296303033
-0.0001122578016
-0.0004015501758
-5.40087531e-08
0.0001536683148
0.000203110209
-7.37410673e-07
-6.85702182e-08
-0.0002419144891
-0.000239157251
-0.000307199613
-0.0003108550283
0.001948907514
-0.0004960950639
-0.0004102563905
-0.0004087472595
-0.0001311395005
-0.0001295561185
-0.0001199866521
-0.0001217153376
-0.0004015902416
-7.624261624e-07
0.0001536638186
0.0002031621516
-0.0002419649655
-0.0002391287141
-0.0003071989827
-0.0003108682313
-0.0001787747462
3.696973557e-05
0.0001577477356
3.43360402e-09
-1.986613581e-10
-8.644850557e-06
-0.0001897225127
-8.822175423e-06
-0.0001896765296
1.660256076e-09
0.0001894561797
2.299082307e-08
4.309973039e-07
-0.0001987344547
2.111939944e-09
-3.196881396e-08
-0.0001894211318
0.0001706388613
5.605302349e-05
0.000170723173
5.566920256e-05
1.569541805e-09
5.972314027e-07
-0.0001986402194
0.0001734052348
-1.520570339e-05
-1.654633113e-07
-0.0001827966931
1.843467685e-09
-1.217153552e-06
-0.0001730398886
0.0001805977272
-4.663645606e-07
1.751513729e-05
-1.166083073e-05
-0.0001921713771
9.170846032e-05
-0.0001869624629
-8.581086047e-05
1.117149393e-09
0.0001800611473
-2.962791059e-10
0.0001790253949
-1.085732135e-05
-0.0001917803645
3.154196523e-09
-0.0001829280388
-0.0001739909221
-4.639756233e-08
-0.0006330591059
6.678837437e-09
0.0001199902367
0.0001918406923
0.0001248211724
-4.103074902e-09
-0.0002651863151
0.000147724385
-0.0004003041164
-0.000173939079
-0.000633117264
-0.0003887684625
0.0001918098343
0.0001199213827
0.0001248331851
-0.0002651367731
-8.016692018e-07
-0.0002889047739
-8.684515563e-05
-0.0001287865531
-0.0002395291173
0.0001619768845
-2.020509389e-10
-0.0002919331149
-8.699782568e-05
8.68987769e-10
0.0001194287329
2.173125029e-06
-0.0003312258071
-8.230853181e-05
-6.310230265e-10
-1.885537326e-06
-0.0001185851673
0.0001497584428
-0.0002662848883
0.0001506578752
-0.0002726416532
-2.145073012e-09
-0.0003238045071
-8.151230807e-05
-0.0001127486159
-3.690128231e-09
-0.001975599248
6.401158913e-10
0.0004251029761
0.0004698932341
0.0004506645906
-2.019817257e-09
-0.001650490753
-0.0001869684591
0.0003476859606
0.0003750994297
0.0003953085904
-0.0001127214191
-0.001975619425
0.0004698537866
0.0004251832898
0.0004507375326
0.0001406838347
0.001222767885
2.763013219e-07
-9.058726424e-05
2.170559161e-09
-3.80631094e-07
-0.0001407164345
-4.278580686e-07
-0.001223042918
-7.534969662e-05
-0.001411665844
-0.0001024004416
1.241525976e-09
-7.318000547e-09
-7.451781536e-05
1.211598937e-09
-9.103320709e-05
-7.385568553e-08
6.644381694e-05
0.0007085269194
6.626896383e-05
0.0007084323467
6.757622675e-09
6.272397395e-08
0.00100036058
4.277092807e-09
0.001000755784
-6.721614787e-09
5.601248331e-05
-0.0006955460412
5.615880964e-05
-1.115590206e-09
0.0006922368987
5.598831759e-05
8.718143201e-09
0.0009656077291
1.443502477e-07
9.545963948e-09
-2.099837588e-07
-0.0009658794151
0.0009475838059
6.482820895e-09
0.000947032266
0.0001329594938
6.783803974e-08
0.001273164802
-0.0001108719673
-2.991851254e-07
-0.000133151784
0.001447932812
0.0001600020596
0.001447477703
0.0001593158869
0.001272504469
-0.0001101127479
0.0001406352767
0.001222781695
2.879494484e-07
-9.053792941e-05
-0.00141187578
-0.0001023496841
0.001385264399
-3.74444521e-07
-0.0001406106431
-4.56046162e-07
-0.001223102841
-7.501838418e-05
0.001194650018
-7.444688383e-05
0.001194424078
-9.092104856e-05
-7.90587829e-08
6.646624098e-05
0.0007085680336
6.621887593e-05
0.0007085003845
5.74418644e-08
0.001000273891
0.001000646388
-0.0006955921968
5.600767687e-05
0.0006924156217
-5.258240357e-08
5.607342838e-05
5.603601623e-05
0.0009656011632
1.803487049e-07
-2.991153112e-07
-0.0009659791086
0.0009471300806
0.000946869348
6.499194432e-05
0.0006939861486
-4.790182295e-08
-0.0009393648213
-6.934437995e-05
5.598453779e-07
0.0009294937316
3.009278208e-08
-4.472320749e-07
0.0009404169186
-1.0544834e-07
6.823989807e-05
0.0006943244903
-6.245666489e-08
0.0006937320652
3.746253598e-08
0.0009298730337
0.0009070459743
-6.265159872e-05
7.562956166e-07
1.913097864e-08
-1.188241512e-06
-0.000908418399
-6.558022576e-07
6.325520231e-05
-7.412676508e-05
4.728211339e-05
-0.0007037476909
2.646360717e-09
-8.44452795e-05
9.474023981e-09
1.524837326e-08
-7.333826139e-05
6.823687221e-05
-0.001180598274
-1.640351094e-07
-7.900845654e-05
0.001357581673
-8.495534441e-05
-1.113559887e-06
-6.990454209e-05
-7.246409674e-07
0.001182022523
-7.277461005e-05
-7.187892105e-05
-8.011471383e-05
6.371753232e-05
0.0006951177254
-6.655156297e-05
-0.0009382537004
-7.040930701e-05
5.823748363e-07
0.0009291022701
-3.91784481e-07
0.0009382523071
-1.3619004e-07
7.03689358e-05
0.0006949836322
-6.959994141e-05
0.0006940613823
-6.945171285e-05
0.000929088909
0.0009069821493
-6.304858102e-05
7.806285543e-07
4.73392746e-05
-0.0007037955517
-8.443934308e-05
-1.203907484e-06
-0.0009082860254
-6.771375998e-07
6.405735052e-05
-7.43400409e-05
-7.344463492e-05
8.897659806e-05
0.0003675824739
3.574191723e-07
-0.0001278667201
4.384329759e-09
-7.801939906e-07
-8.884096569e-05
3.746966695e-07
-0.000369119719
-0.0001299315042
-0.0004930050764
-8.855292858e-05
1.368923923e-09
8.19058757e-09
-0.0001294851588
-1.284369022e-09
-0.0001279729853
0.0001275025336
0.000100965412
-1.630803758e-09
-9.119004412e-08
0.000180329342
0.0001800866943
8.517861007e-10
-0.0001467415393
1.625755958e-07
0.0002147013807
-2.047677704e-09
-5.662537566e-08
0.0001465148281
0.0001251377246
0.0001248907969
-3.698062179e-10
0.0002147489601
0.000239965182
-0.0001534207081
2.880632466e-07
2.131780698e-09
-4.166356172e-07
-0.0002405836814
0.0002663598005
-8.973058473e-08
0.0001535196453
-0.0001774228945
0.0001552775596
-0.0001487279497
2.645928886e-09
-0.0001808320501
0.0001740705651
2.841679192e-11
0.0002653409117
2.309787923e-09
-0.0001773499022
-7.282430591e-05
0.0004673575405
-3.302445889e-08
0.0002980603168
-9.574285683e-05
0.000297854595
-9.572869181e-05
8.060694176e-05
1.208658508e-07
0.000329044624
-0.000111916852
-2.971857895e-07
-8.068293612e-05
0.0004794394665
0.0004782210699
0.0003296274915
-0.0001121292297
8.899159955e-05
0.0003675661137
3.581510711e-07
-0.0001278668679
-0.0004930014371
-8.864423124e-05
-7.747792758e-07
-8.886005385e-05
3.732663284e-07
-0.0003690949905
-0.0001299491254
-0.0001294534131
-0.0001279694033
0.0001274858416
0.0001009522861
-0.0001577406136
-9.299052394e-08
0.0001803407773
0.0001800587255
-0.0001467197758
1.422277827e-07
0.0002147173883
-4.596912449e-08
0.0001464589516
0.0001251859996
-0.0001706578134
0.0001249060607
-0.0001707198885
0.0002148127239
0.0002399830048
-0.0001534202677
2.899098099e-07
0.0001552831515
-0.0001487506768
-0.000180844897
0.0001740863105
-4.301319858e-07
-0.000240635193
0.0002663912727
-1.026096168e-07
0.0001535019616
-0.0001774096228
0.0002653826331
-0.0001773651984
0.0001942101615
7.076992449e-06
6.042807885e-08
-0.0002009188972
2.313444818e-09
-1.623078621e-07
-0.0001942370134
-1.302815768e-07
-7.401456542e-06
-0.0001987623948
-7.236523873e-05
-0.0001947073392
-5.977658555e-10
1.910448767e-09
-0.0001986195252
1.568971185e-09
-0.0002009808129
0.0001868037975
-8.354349021e-05
1.898456225e-09
-4.024853674e-08
-4.918876307e-05
-4.9343413e-05
8.148489668e-10
2.683902514e-08
0.0001940941705
-0.0001007028951
0.0001941134198
-0.0001009416846
2.700282692e-09
2.928902566e-08
-5.399447531e-05
7.428320778e-10
-5.370550971e-05
-9.674697924e-09
0.0001943621977
0.0001202403744
0.0001901997904
3.874605398e-09
-0.0001406476971
0.0001943412106
4.481145129e-09
-6.065801784e-05
8.584950513e-08
9.326651326e-12
-2.019474096e-07
6.02382777e-05
-6.853413233e-05
-9.546044955e-10
-6.927874438e-05
-0.0001787762853
3.698224188e-05
-5.859093495e-09
-8.694075439e-06
-0.0001896961503
-8.832071475e-06
-0.0001896682655
0.0001894530823
2.447557e-08
4.27958746e-07
-0.0001987354741
-4.790609151e-08
-0.000189436365
5.602523426e-05
5.566909987e-05
5.915947431e-07
-0.0001986975691
0.0001942068983
7.076421577e-06
6.25809992e-08
-0.0002009156292
-7.234890171e-05
-0.0001946857991
8.578253313e-05
-1.638109326e-07
-0.0001942254077
-1.377979502e-07
-7.405413481e-06
-0.0001987417584
1.165823199e-05
-0.0001986151649
1.086956228e-05
-0.0002009766417
0.0001868009842
-8.353748841e-05
-2.843049468e-08
-4.919087306e-05
-4.933360106e-05
4.631242612e-09
0.000194130011
-0.0001007059016
0.0001941081625
-0.0001009426787
3.079156812e-08
-5.399095811e-05
-5.372763513e-05
0.0001202525436
0.0001901980295
-0.0001406687213
-4.731576309e-08
0.0001943753929
0.0001943354398
-6.065924487e-05
8.810720296e-08
-2.040660505e-07
6.024077128e-05
-6.854097651e-05
-6.928139654e-05
0.0001821594794
-0.000161213134
4.393901264e-09
7.939200712e-05
-0.0001698219448
8.570298499e-07
-9.322360586e-05
-1.774868716e-10
-4.923255408e-07
-7.811645389e-05
-1.063187665e-06
0.0001690909035
-0.0001779154627
5.60692214e-11
-0.0001814399757
-4.142211334e-10
-9.109655187e-05
-0.0001055933901
-0.0001511544178
1.66717332e-06
2.272535672e-09
-1.302988538e-06
0.0001013978072
-2.417142754e-06
0.0001508369522
-0.0001392972133
0.0001285085171
0.000193590315
-7.015498145e-10
-0.0001311784938
4.370564371e-09
-4.817043297e-10
-0.0001414207453
0.0001734011629
-1.520397587e-05
-1.660311676e-07
-0.0001827947602
9.169231546e-05
-0.0001869691488
0.0001800766915
-1.203577386e-06
-0.0001730187263
0.00018053729
-4.799824105e-07
1.749788988e-05
-0.0001921674271
0.0001790325328
-0.0001917803829
-0.0001829239354
0.0001821573796
-0.0001612431449
-0.0001619866073
7.939982129e-05
-0.0001698253219
8.57211747e-07
-9.322664412e-05
-4.95476193e-07
-7.814020908e-05
-1.062449687e-06
0.0001690978983
-0.0001779443558
-0.0001497866686
-0.0001814315647
-0.0001506997689
-9.110902659e-05
-0.0001055904429
-0.0001511577893
1.66595801e-06
0.0001285041181
0.0001935751826
-0.0001311738943
-1.303421652e-06
0.0001013910941
-2.400884632e-06
0.0001508619308
-0.0001393694364
-0.0001414155339
0.0001087410707
-0.0003685194136
4.310586795e-06
-7.575686359e-05
-1.186482154e-09
-3.933533356e-06
-0.0001065871328
-1.037480817e-06
0.0003520647285
-6.573852474e-05
0.000309255626
-9.491851378e-05
2.298169867e-09
7.555428765e-10
-6.912741001e-05
-8.371693683e-10
-7.401632021e-05
-9.574156228e-07
-0.0003219975497
4.561637592e-05
-0.0003483306152
-1.867442385e-10
-0.0003254994922
-3.435131209e-10
-4.242187312e-05
2.596506094e-06
-0.000367983681
1.029140927e-09
-2.81519347e-06
4.20143741e-05
-0.0003836008619
-0.0003935502636
7.631269452e-11
-0.0003588989817
-0.0004111373279
-3.782449832e-05
5.220745249e-06
5.379613041e-10
-1.658674602e-06
0.0003906659549
-5.544966845e-06
3.702858481e-05
3.126067596e-05
0.0004369046461
8.358189732e-11
1.867543221e-09
1.738396403e-10
-0.0001287759404
-0.0002394991931
-8.008259577e-07
-0.0002889028077
-8.688742941e-05
-0.0002919094868
-8.704264065e-05
0.0001194222298
2.164169719e-06
-0.0003312259298
-8.227058639e-05
-1.871615672e-06
-0.0001185667798
-0.0002662656331
-0.0002726504923
-0.0003237900061
-8.151541117e-05
0.000108739322
-0.000368515525
4.310897539e-06
-7.576181573e-05
0.0003092740513
-9.490441113e-05
-3.948104122e-06
-0.0001066007072
-1.035412481e-06
0.0003520596897
-6.576823665e-05
-6.914759143e-05
-7.402012496e-05
4.562711014e-05
-0.0003483254418
-9.615896272e-07
-0.0003220269403
-0.0003255276251
-4.242076778e-05
2.607605538e-06
-0.0003679840197
-2.816896398e-06
4.20260644e-05
-0.0003835948049
-0.0003935463966
-0.0003589086816
-0.0004111446781
-3.782580387e-05
5.225198312e-06
3.122616605e-05
0.0004369032398
-1.673308724e-06
0.0003906669237
-5.546141884e-06
3.703667996e-05
-1.722478983e-07
0.0001627594971
0.0001613754465
-2.416844069e-09
5.7257261e-07
-6.733108074e-09
-1.88673785e-07
0.0001627501516
0.0001613705449
5.818989866e-07
-6.540867023e-07
0.0002896282526
-2.05955025e-07
0.0001419994045
0.0001525182868
0.000200873951
2.055732817e-09
0.0002876697355
-2.257109516e-09
0.0001405405912
-4.455276461e-09
1.002738887e-06
-7.138068234e-09
0.0001525165231
0.0002008861002
-6.821649547e-07
0.0002895977616
-2.32739028e-07
0.0001419672161
0.0002876586215
0.0001405527334
1.018588088e-06
5.489863714e-07
7.284076463e-08
-4.077403753e-06
5.429173043e-11
1.375440933e-07
5.659490542e-08
-1.959146873e-06
2.565410321e-11
4.525051664e-08
-5.421032753e-07
1.163305174e-11
3.548814539e-07
-4.075127967e-06
4.969633244e-08
-1.958970908e-06
-5.422622402e-07
1.217974035e-06
-2.305390032e-06
8.903436189e-08
1.452896669e-11
2.931543943e-07
-1.102078096e-06
6.774259692e-08
6.449104219e-12
-3.004043743e-07
5.14567951e-08
2.999572161e-12
1.274774222e-06
-9.355696864e-08
2.302822473e-06
2.460077074e-07
-7.178171983e-08
1.100846417e-06
-5.414635918e-08
3.00242264e-07
1.528000712e-06
-4.933492391e-12
3.544575844e-07
-3.296852479e-12
-1.475343399e-12
9.809471628e-07
1.905614238e-07
5.490198438e-07
7.283144959e-08
-4.077660203e-06
1.375451122e-07
5.658560253e-08
-1.959279317e-06
4.524409214e-08
-5.421410869e-07
3.552021589e-07
-4.075850509e-06
4.978124536e-08
-1.959356157e-06
-5.42377457e-07
1.217998672e-06
-2.30549354e-06
8.895264366e-08
2.931501713e-07
-1.10212905e-06
6.769391335e-08
-3.004180957e-07
5.143147868e-08
1.275129367e-06
-9.342568044e-08
2.303132781e-06
2.461010186e-07
-7.17109656e-08
1.101004565e-06
-5.411156759e-08
3.002892389e-07
1.527980911e-06
3.544399868e-07
9.813078542e-07
1.90654587e-07
)
;

boundaryField
{
    inlet
    {
        type            calculated;
        value           nonuniform 0();
    }
    outlet
    {
        type            calculated;
        value           nonuniform List<scalar> 
25
(
0.01996539089
0.02002116173
0.02001740646
0.02000122244
0.02000114128
0.02000104225
0.02000092676
0.02000079629
0.02000065299
0.02000049936
0.0200003379
0.02000017112
0.02000000161
0.01999983201
0.019999665
0.0199995032
0.0199993492
0.01999920541
0.01999907414
0.01999895746
0.01999885724
0.01999877507
0.01999871224
0.01999866973
0.01999864818
)
;
    }
    topAndBottom
    {
        type            symmetry;
        value           uniform 0;
    }
    frontAndBack
    {
        type            empty;
        value           nonuniform 0();
    }
    cylinder
    {
        type            calculated;
        value           uniform 0;
    }
    procBoundary1to0
    {
        type            processor;
        value           nonuniform List<scalar> 
116
(
-0.02136805976
-0.02138109683
-0.02140722335
-0.02144685438
-0.02150057123
-0.02156917456
-0.02165370764
-0.02175554917
-0.02187646842
-0.02201860093
-0.02218466924
-0.02237819252
-0.02260355001
-0.0228664747
-0.02317414246
-0.02353760126
-0.02397130148
-0.02451001022
-0.02509353627
-0.0007383090527
-0.006473303442
-0.006542714762
-0.00647166498
-0.006541911353
-0.0007384675342
-0.006634911893
0.0001739555894
0.0001759672365
-0.0004517581382
-0.0004518046512
0.0001009860327
3.088884875e-05
0.0001008343761
2.18823578e-05
3.05532222e-05
2.19594906e-05
-1.108913918e-07
6.75513664e-07
4.337131274e-05
4.252492687e-05
-9.551580541e-07
-6.720579753e-07
0.0001009968831
3.089470431e-05
0.0001009227774
2.200615163e-05
3.057177027e-05
2.199355957e-05
4.338678833e-05
4.256788363e-05
-9.55190965e-07
-6.719573846e-07
-1.107836298e-07
6.755964144e-07
-0.000732918356
-0.001474483881
-0.0007328700503
-0.0004518717398
-3.614901038e-05
-0.0002379821347
-3.615781651e-05
-0.0002379707242
-1.353798062e-05
-1.357600172e-05
-9.625863565e-05
-9.622070794e-05
-0.0004519453307
-3.615461604e-05
-0.0002379840669
-3.617669972e-05
-0.0002379723699
-1.357708922e-05
-1.359473014e-05
-9.625836513e-05
-9.619616923e-05
-0.001590606882
-0.006634827218
0.0001740191004
0.0001760587704
-0.001590618502
0.000132937306
-0.001295300875
0.000133100932
-0.001447963912
-0.0001598985853
-0.001295446401
-0.001447556151
-1.372004711e-10
-0.0001592031195
-0.0007326473997
-0.001045003999
-0.001044290455
-0.001295317421
-0.001474133156
-0.001295475724
-0.0007326140807
-0.001044980148
-0.001044235471
-0.001638499387
-0.001589485409
-0.001637541102
-0.001589479245
-0.001638518607
-0.001637586959
4.836979152e-06
2.320748247e-06
6.372119419e-07
4.838155165e-06
2.321365258e-06
6.374033383e-07
4.824834754e-06
2.313965004e-06
6.343883702e-07
4.825248776e-06
2.314185326e-06
6.344560412e-07
)
;
    }
    procBoundary1to3
    {
        type            processor;
        value           nonuniform List<scalar> 
125
(
2.762838981e-07
6.243737349e-07
9.631320726e-07
1.136422839e-06
1.065089389e-06
7.693408336e-07
3.738347534e-07
1.366967646e-08
-3.081397232e-07
-4.859700184e-07
-5.516203616e-07
-5.409762557e-07
-4.738525848e-07
-4.03944462e-07
-3.195816644e-07
-2.365126806e-07
-1.639897646e-07
-1.003730807e-07
-4.73848846e-08
-8.758836095e-09
2.296003573e-08
3.939589936e-08
4.393074517e-08
4.156632116e-08
3.583384061e-08
2.923414604e-08
2.332687604e-08
1.863434575e-08
1.494725863e-08
1.182303461e-08
8.915697876e-09
6.235615154e-09
3.626116646e-09
2.171078693e-09
1.729186943e-09
1.812266612e-09
2.679580005e-09
3.807070028e-09
4.829273899e-09
5.598185379e-09
6.071426443e-09
6.264093026e-09
6.21682217e-09
5.979868745e-09
5.609654169e-09
5.165253109e-09
4.701302554e-09
4.263052002e-09
3.875236882e-09
3.545817862e-09
3.26977056e-09
3.041332965e-09
2.844442121e-09
2.671411374e-09
2.516260249e-09
2.378363433e-09
2.257861765e-09
2.154330022e-09
2.066466141e-09
1.992859629e-09
1.931562029e-09
1.879564861e-09
1.833698336e-09
1.791393493e-09
1.75112526e-09
1.712975309e-09
1.677861544e-09
1.652364392e-09
1.616513559e-09
-2.541292092e-08
-1.748280384e-08
-2.403423858e-08
-2.148419729e-08
-1.835675009e-08
-1.85709459e-08
-1.817941287e-08
-9.542692413e-09
-2.126756459e-08
-1.002003226e-08
-1.016270344e-08
-2.006142233e-08
-9.232117536e-09
-9.890969312e-09
-1.190746187e-08
-1.269480084e-08
-1.170566333e-08
-2.484746327e-08
-2.346563607e-08
-2.268125635e-08
-1.851756424e-08
-1.834867502e-08
-1.760355647e-08
-2.202142739e-08
-1.126346234e-08
-1.787257436e-08
-1.474712706e-08
-4.760065224e-09
-1.223158421e-08
7.749044531e-09
-2.468022692e-08
7.409791591e-09
-1.765176738e-08
-1.701142015e-08
-1.74922668e-08
-1.469552035e-08
-1.225485354e-08
-1.525083487e-08
-1.572587052e-08
-1.487436709e-08
-1.663365141e-08
-1.219500141e-08
-1.386435658e-08
-1.492117596e-08
-6.104836836e-10
-3.001740769e-10
-8.630970042e-11
-6.297007964e-10
-3.121930157e-10
-9.06378372e-11
-5.488443151e-10
-2.674409544e-10
-7.583345024e-11
-6.058171409e-10
-2.992913201e-10
-8.649246861e-11
)
;
    }
}


// ************************************************************************* //
