/*--------------------------------*- C++ -*----------------------------------*\
| =========                 |                                                 |
| \\      /  F ield         | OpenFOAM: The Open Source CFD Toolbox           |
|  \\    /   O peration     | Version:                                        |
|   \\  /    A nd           | Website:  www.openfoam.com                      |
|    \\/     M anipulation  |                                                 |
\*---------------------------------------------------------------------------*/
FoamFile
{
    version     2.0;
    format      ascii;
    class       volScalarField;
    location    "7.6";
    object      p;
}
// * * * * * * * * * * * * * * * * * * * * * * * * * * * * * * * * * * * * * //

dimensions      [0 2 -2 0 0 0 0];


internalField   nonuniform List<scalar> 
2429
(
-0.04022585675
-0.0437901084
-0.04688000229
-0.04945903311
-0.05150292618
-0.05300069349
-0.05395448911
-0.05437935657
-0.05430126188
-0.05375543191
-0.05278498685
-0.05143908984
-0.04977069972
-0.04783312852
-0.04567741927
-0.04335612525
-0.04092144913
-0.03842074783
-0.03589563062
-0.03338238818
-0.0309121855
-0.0285109086
-0.02619916855
-0.0239926098
-0.02190239984
-0.01993578604
-0.01809666747
-0.01638615422
-0.01480308883
-0.01334451396
-0.01200608482
-0.01078242879
-0.009667453271
-0.008654604813
-0.007737083792
-0.006908019238
-0.00616060691
-0.005488215301
-0.004884464519
-0.004343282573
-0.003858941449
-0.003426087758
-0.003039722287
-0.00269546295
-0.002389049547
-0.002116325378
-0.001873773306
-0.001658234066
-0.001466824217
-0.00129692828
-0.00114618184
-0.00101246434
-0.0008938725002
-0.0007887006826
-0.0006954281218
-0.000612693901
-0.0005392809968
-0.0004740903526
-0.0004161417244
-0.0003645660438
-0.0003185897278
-0.0002775161875
-0.0002407198236
-0.0002076382961
-0.000177766877
-0.0001506463089
-0.0001258584099
-0.0001030137204
-8.178362407e-05
-6.175497639e-05
-4.297517932e-05
-2.39722192e-05
-1.069390954e-05
-0.04066235541
-0.04426928152
-0.04739078937
-0.04998978537
-0.05204189437
-0.05353636843
-0.05447568039
-0.05487637592
-0.05476564208
-0.05417998738
-0.05316404074
-0.05176817241
-0.0500473071
-0.04805697719
-0.04585081591
-0.04348301867
-0.04100557498
-0.0384658846
-0.03590611634
-0.03336301807
-0.03086782503
-0.02844622909
-0.02611852947
-0.02389999241
-0.0218013576
-0.01982941816
-0.01798761822
-0.01627663052
-0.01469488909
-0.01323906492
-0.0119044829
-0.01068548212
-0.009575722935
-0.008568444145
-0.007656675036
-0.006833406556
-0.006091724475
-0.005424912217
-0.004826527055
-0.004290451537
-0.003810928344
-0.003382590089
-0.003000445659
-0.002660126824
-0.002357200562
-0.002087659892
-0.00184804436
-0.001635183144
-0.001446187441
-0.001278488225
-0.001129740407
-0.0009978297623
-0.0008808548254
-0.0007771279239
-0.0006851571837
-0.0006035944089
-0.000531233094
-0.0004669834735
-0.0004098770513
-0.0003590566794
-0.0003137597643
-0.0002732964267
-0.0002370482769
-0.0002044604361
-0.0001750362391
-0.0001483249741
-0.0001239138749
-0.0001014202956
-8.051954411e-05
-6.080165801e-05
-4.231752227e-05
-2.359979521e-05
-1.05559772e-05
-0.0415451588
-0.04523695038
-0.04842160636
-0.05106067686
-0.05312924324
-0.05461691244
-0.05552748985
-0.05587949343
-0.05570255298
-0.0550360033
-0.05392783061
-0.05243176591
-0.05060696207
-0.04851209575
-0.04620444401
-0.04374107651
-0.04117536415
-0.03855573001
-0.03592534058
-0.03332152524
-0.03077552605
-0.02831263695
-0.0259525302
-0.02370969728
-0.02159400278
-0.01961131472
-0.01776415025
-0.01605229038
-0.01447333701
-0.01302320373
-0.01169654101
-0.01048709993
-0.009388038554
-0.008392173475
-0.007492185413
-0.006680783742
-0.005950829424
-0.005295433495
-0.004708025472
-0.004182392929
-0.003712718324
-0.003293608921
-0.002920068402
-0.00258768323
-0.002291975355
-0.002029053083
-0.001795506773
-0.001588168604
-0.001404186682
-0.001240994699
-0.001096326621
-0.0009681079426
-0.000854436689
-0.0007536639009
-0.0006643456266
-0.0005851789914
-0.0005149574984
-0.000452606441
-0.0003971990844
-0.0003479116384
-0.000303994402
-0.0002647736197
-0.0002296450489
-0.0001980622833
-0.0001695403808
-0.0001436455035
-0.0001199901975
-9.820302938e-05
-7.79625747e-05
-5.886866235e-05
-4.097118181e-05
-2.284930819e-05
-1.022526415e-05
-0.04289466616
-0.04671701931
-0.04999874846
-0.05269917246
-0.05479246956
-0.05626880778
-0.05713390291
-0.057409681
-0.05712952745
-0.05633681412
-0.0550850849
-0.05343547425
-0.05145171563
-0.04919613392
-0.04673267513
-0.04412255105
-0.04142165503
-0.03868038801
-0.03594324261
-0.03324807713
-0.03062596934
-0.02810154997
-0.02569348486
-0.02341502516
-0.0212746525
-0.01927679275
-0.01742253169
-0.01571028109
-0.01413637091
-0.01269556339
-0.01138148926
-0.01018701529
-0.009104547877
-0.008126272447
-0.007244352149
-0.006451081518
-0.005738988566
-0.005100938466
-0.004530174079
-0.004020333054
-0.003565517013
-0.003160331084
-0.00279975523
-0.002479295781
-0.002194469544
-0.001941549313
-0.001717092672
-0.001518022509
-0.001341528929
-0.001185117654
-0.001046558276
-0.0009238134795
-0.0008150389781
-0.0007187092589
-0.0006333799972
-0.0005577713685
-0.0004906959309
-0.0004311112677
-0.0003782279133
-0.0003312484178
-0.0002894052613
-0.0002520343703
-0.0002185754631
-0.0001885034386
-0.0001613439116
-0.0001366703319
-0.0001141557064
-9.343152858e-05
-7.417664147e-05
-5.600974329e-05
-3.898135878e-05
-2.17405687e-05
-9.731298213e-06
-0.04474598666
-0.04874840941
-0.05216330932
-0.05494696743
-0.05707237335
-0.05853043346
-0.05933013944
-0.05949810044
-0.0590721951
-0.05810163915
-0.05665183253
-0.05479058458
-0.0525845734
-0.05010718482
-0.04743037372
-0.04461965768
-0.04173456839
-0.0388284941
-0.03594759699
-0.03313018494
-0.03040691809
-0.02780138476
-0.02533074761
-0.02300644662
-0.02083498543
-0.01881876096
-0.01695686897
-0.0152458345
-0.01368025072
-0.01225332217
-0.0109573079
-0.009783894335
-0.008724492611
-0.007770452638
-0.006913268341
-0.006144696323
-0.005456816805
-0.004842210132
-0.004293886431
-0.003805255698
-0.003370325103
-0.002983760325
-0.002640476487
-0.00233587118
-0.002065555048
-0.001826055371
-0.001613466494
-0.00142519515
-0.001258677274
-0.001111313885
-0.0009808066247
-0.0008650294815
-0.0007626760089
-0.0006723130793
-0.0005923989245
-0.0005215293385
-0.0004586060231
-0.0004026743083
-0.0003531816073
-0.0003093075067
-0.0002702363638
-0.0002353287686
-0.0002040598393
-0.0001759704999
-0.0001506193066
-0.0001276035008
-0.0001065878462
-8.723603009e-05
-6.925641093e-05
-5.229432724e-05
-3.639563696e-05
-2.029835216e-05
-9.086379179e-06
-0.04714689231
-0.05138432233
-0.05497180511
-0.0578618295
-0.06002600914
-0.06145623104
-0.06216623926
-0.06218858988
-0.0615656208
-0.06036049881
-0.05865217118
-0.05650784386
-0.05400923018
-0.05124362502
-0.04829031941
-0.04522044508
-0.04209887073
-0.03898277715
-0.03592011007
-0.03294941209
-0.03010051384
-0.02739539373
-0.02484904059
-0.02247036839
-0.02026318831
-0.01822718674
-0.01635884237
-0.01465222758
-0.01309970417
-0.01169249689
-0.0104211293
-0.009275823236
-0.008246761834
-0.007324245296
-0.00649899008
-0.005762108152
-0.005105085672
-0.004520238231
-0.004000282868
-0.003538349347
-0.003128426097
-0.002765214056
-0.00244330173
-0.00215819808
-0.001905872186
-0.001682508311
-0.001484900174
-0.001309870688
-0.001155824739
-0.001019844772
-0.0008993825546
-0.0007923065219
-0.0006981217606
-0.0006152447265
-0.0005419465057
-0.0004769572515
-0.0004193689078
-0.0003682758811
-0.0003230135862
-0.0002828343574
-0.0002470505032
-0.0002150936653
-0.0001864849001
-0.0001607930155
-0.0001376140312
-0.0001165806184
-9.737158134e-05
-7.96805246e-05
-6.324921361e-05
-4.77548266e-05
-3.323489744e-05
-1.853412941e-05
-8.297113193e-06
-0.05016201361
-0.05469652858
-0.05850022494
-0.0615211228
-0.06372946986
-0.06511866002
-0.06570763698
-0.06553784759
-0.0646610063
-0.06315971486
-0.06111156774
-0.05860093232
-0.05573142333
-0.05260237378
-0.049301386
-0.04590791948
-0.04249372796
-0.03912013038
-0.0358367034
-0.03268181772
-0.0296838335
-0.02686230504
-0.02422915611
-0.02178987621
-0.01954471772
-0.01748986037
-0.01561845784
-0.01392150094
-0.01238860263
-0.0110085719
-0.009769800537
-0.008660809007
-0.007670341209
-0.006787389727
-0.006001867719
-0.005304106959
-0.004684853722
-0.004136302839
-0.003650487427
-0.003220528389
-0.002840755639
-0.002505480437
-0.002208299988
-0.001946262535
-0.001715827722
-0.001512486149
-0.001331664168
-0.001173419333
-0.001034561078
-0.0009121235723
-0.0008038854928
-0.0007080895082
-0.0006237202356
-0.0005493709844
-0.0004836413133
-0.000425454081
-0.0003739424018
-0.0003283080184
-0.0002878518238
-0.0002519339273
-0.0002199750215
-0.0001914677798
-0.0001659660714
-0.0001430721856
-0.0001224255913
-0.0001036995957
-8.660221503e-05
-7.086114163e-05
-5.62439367e-05
-4.246036614e-05
-2.954793384e-05
-1.647695892e-05
-7.377174044e-06
-0.05387611634
-0.05877861582
-0.06284714519
-0.06602483666
-0.06828093408
-0.06961072917
-0.0700390069
-0.06961780446
-0.06842011228
-0.06654097255
-0.06405812423
-0.06108800065
-0.05775696092
-0.05417697001
-0.05044754225
-0.04665929427
-0.04289183319
-0.03921063581
-0.03566655052
-0.03229708515
-0.02912814477
-0.02617571837
-0.02344749524
-0.0209444077
-0.01866208409
-0.01659227137
-0.01472399508
-0.01304443819
-0.0115399662
-0.01019653412
-0.008999920308
-0.007936811451
-0.006994265853
-0.00615968858
-0.005422368562
-0.004771296844
-0.004196642451
-0.003690804633
-0.003243973665
-0.002851258721
-0.002507296315
-0.002204811279
-0.001936493303
-0.001702228531
-0.001497962654
-0.001318530815
-0.001160027983
-0.001020967942
-0.0008989546029
-0.0007915536757
-0.0006968553232
-0.0006133430206
-0.000539767934
-0.0004749432556
-0.0004177519222
-0.0003672329492
-0.0003225725038
-0.0002830600544
-0.0002480599678
-0.0002170119814
-0.0001894136095
-0.0001648171901
-0.0001428276151
-0.0001230959984
-0.0001053097797
-8.918611911e-05
-7.447060986e-05
-6.092692025e-05
-4.835306441e-05
-3.649976499e-05
-2.539677692e-05
-1.416038508e-05
-6.341211929e-06
-0.05839867714
-0.06375079379
-0.06813854414
-0.07150007281
-0.07380336347
-0.0750465237
-0.07526598557
-0.07453156303
-0.07293376648
-0.07055778675
-0.0675256374
-0.0639881888
-0.06008880303
-0.05595579152
-0.05170602811
-0.04744384521
-0.04325725774
-0.03921569701
-0.0353705959
-0.03175742949
-0.02839817237
-0.02530368289
-0.02247590746
-0.01990978906
-0.0175950057
-0.01551785291
-0.01366233132
-0.01201090948
-0.01054630419
-0.009251112115
-0.008107912347
-0.007101725703
-0.006217165733
-0.005440101634
-0.004759594692
-0.004161864001
-0.003639165067
-0.003183267817
-0.002782052684
-0.002433657844
-0.0021317348
-0.001868269354
-0.001636882756
-0.001435149786
-0.001259448064
-0.001105720316
-0.0009708176919
-0.0008525843385
-0.0007490519417
-0.0006582798208
-0.0005785748902
-0.0005085329295
-0.0004469572329
-0.0003928098985
-0.000345149769
-0.0003031410631
-0.0002660674777
-0.0002333136049
-0.0002043370935
-0.0001786602181
-0.0001558592369
-0.0001355581731
-0.0001174251629
-0.000101167088
-8.652247589e-05
-7.325554244e-05
-6.115399939e-05
-5.002153576e-05
-3.969190646e-05
-2.99579313e-05
-2.084196183e-05
-1.161798442e-05
-5.204219972e-06
-0.06387072095
-0.06976631756
-0.07453354655
-0.07810656834
-0.08045159355
-0.08157798635
-0.08154337386
-0.08041435441
-0.07828029141
-0.0752720511
-0.07156218584
-0.06732638023
-0.06272859301
-0.05792213648
-0.05304649092
-0.04822153638
-0.04354399155
-0.03908671347
-0.03490043114
-0.03101669611
-0.02745143707
-0.02420827859
-0.02128152702
-0.01865829299
-0.01632056472
-0.01424817095
-0.01241906512
-0.01080981948
-0.009399452344
-0.008166057676
-0.007088700572
-0.006151237878
-0.005334035463
-0.004624979383
-0.004011693212
-0.003476304384
-0.003015691246
-0.002620311446
-0.002277362807
-0.001980975647
-0.001725211495
-0.001503740069
-0.001311468768
-0.001144581935
-0.0009998776927
-0.0008742087986
-0.0007648259771
-0.000669515229
-0.0005864644259
-0.0005140282619
-0.0004507370145
-0.0003953499851
-0.0003468301076
-0.0003042942865
-0.0002669627918
-0.0002341485295
-0.0002052610913
-0.0001797952002
-0.0001573111186
-0.000137422802
-0.0001197905792
-0.0001041152968
-9.013357579e-05
-7.761303373e-05
-6.634727249e-05
-5.615122658e-05
-4.685889827e-05
-3.831723074e-05
-3.039689828e-05
-2.293763345e-05
-1.595551263e-05
-8.890846761e-06
-3.984590233e-06
-0.07047460728
-0.07702082887
-0.08223320035
-0.08604434553
-0.08842561776
-0.08940482639
-0.08902365606
-0.0873738905
-0.08456172951
-0.08077404916
-0.07622669237
-0.07112657019
-0.06567186125
-0.06004993292
-0.05442674913
-0.0489392378
-0.04369292026
-0.03876288566
-0.03419684029
-0.03001950422
-0.02623786121
-0.02284552651
-0.01982687988
-0.0171589206
-0.01481345124
-0.01276299596
-0.01097780841
-0.009427546727
-0.00808789298
-0.006929823046
-0.005933480501
-0.005080004584
-0.004343245157
-0.003716809279
-0.003185820244
-0.002731177232
-0.002343713098
-0.002014229825
-0.001732839312
-0.001492239701
-0.001286789789
-0.001111251605
-0.0009610872605
-0.0008322441145
-0.0007217149401
-0.0006268037839
-0.0005450902752
-0.0004745698155
-0.0004136286593
-0.0003608894165
-0.0003151511156
-0.0002753995719
-0.0002407930076
-0.0002106227922
-0.0001842785553
-0.0001612322042
-0.0001410321452
-0.0001232940748
-0.0001076878417
-9.392697139e-05
-8.176210029e-05
-7.097573742e-05
-6.137770874e-05
-5.280117967e-05
-4.509900804e-05
-3.814027604e-05
-3.180823507e-05
-2.599577844e-05
-2.061265876e-05
-1.554812468e-05
-1.081108504e-05
-6.020435741e-06
-2.70077103e-06
-0.07844423187
-0.0857621758
-0.09149097806
-0.09556275704
-0.09796349331
-0.09876116443
-0.09793182788
-0.09560215943
-0.09193326683
-0.08717319512
-0.08158184054
-0.07541090749
-0.06890733243
-0.06230109954
-0.0557888812
-0.04952634487
-0.04362733617
-0.03816710604
-0.03318634943
-0.02869860073
-0.02469791916
-0.02116395143
-0.01806799463
-0.01537451854
-0.01304235668
-0.01103566032
-0.00931342887
-0.007844367155
-0.006598576233
-0.005535158037
-0.004641244695
-0.003894275461
-0.00326521313
-0.002738231343
-0.002298230108
-0.001929828819
-0.001621492295
-0.001364119724
-0.00114934949
-0.0009699313117
-0.0008201107227
-0.0006949966566
-0.0005903751908
-0.0005026356232
-0.000428921452
-0.0003669277269
-0.0003146423868
-0.0002703962032
-0.0002328545147
-0.0002009250559
-0.0001736899087
-0.0001503853032
-0.0001303861538
-0.0001131793706
-9.833722833e-05
-8.54996775e-05
-7.436456058e-05
-6.467948844e-05
-5.623255671e-05
-4.884402111e-05
-4.236044824e-05
-3.66504014e-05
-3.160085794e-05
-2.711421763e-05
-2.310571793e-05
-1.950107674e-05
-1.623493138e-05
-1.324810549e-05
-1.049099466e-05
-7.90430443e-06
-5.490307911e-06
-3.052825566e-06
-1.373106518e-06
-0.0880841837
-0.09630355556
-0.1026195143
-0.1069800136
-0.1093959838
-0.1098740135
-0.1084979539
-0.1053115452
-0.1005713927
-0.09459455266
-0.08769787498
-0.08020007604
-0.07241409628
-0.06462214047
-0.05705718593
-0.04989437262
-0.04325330555
-0.03720664825
-0.03178213274
-0.02697634553
-0.02276507512
-0.01910781332
-0.01595638811
-0.01325939995
-0.0109703142
-0.009040064293
-0.007408668034
-0.00605305197
-0.004935358943
-0.004005524654
-0.003239017773
-0.002613536059
-0.002102577838
-0.001685284998
-0.00134634781
-0.001072420261
-0.0008517271165
-0.0006746787368
-0.0005332189944
-0.0004204962569
-0.0003309498789
-0.0002600830123
-0.0002040843061
-0.0001599320708
-0.0001251825618
-9.791750975e-05
-7.655619659e-05
-5.982282794e-05
-4.672070102e-05
-3.647159335e-05
-2.845770058e-05
-2.218935099e-05
-1.728485988e-05
-1.344884851e-05
-1.045069284e-05
-8.108459869e-06
-6.27893987e-06
-4.85052912e-06
-3.736487314e-06
-2.868943407e-06
-2.194481654e-06
-1.671048215e-06
-1.265610077e-06
-9.522667495e-07
-7.107373758e-07
-5.251120892e-07
-3.8286884e-07
-2.740766895e-07
-1.909410428e-07
-1.267081472e-07
-7.752129406e-08
-3.397477456e-08
-2.22246989e-08
-0.09979431416
-0.1090478198
-0.1160139009
-0.1206798712
-0.1231051208
-0.1232320027
-0.1210760045
-0.1167937058
-0.110707788
-0.1031951022
-0.09465616822
-0.08550768399
-0.07614902375
-0.06692602636
-0.05811716412
-0.04991569105
-0.04244009698
-0.03575424335
-0.02986638717
-0.02474876968
-0.02035214137
-0.01661019455
-0.01344589407
-0.01078155354
-0.008580720671
-0.006775487979
-0.005292708581
-0.004090896147
-0.003125539634
-0.002343762424
-0.001720291814
-0.001233338376
-0.0008546526428
-0.0005609083024
-0.0003361379252
-0.0001674479406
-4.327978785e-05
4.601296245e-05
0.000108152204
0.0001493733407
0.0001746899662
0.0001880477306
0.0001927714479
0.0001911911087
0.000185221649
0.0001763345148
0.0001656436211
0.0001539802118
0.0001419465527
0.0001299656426
0.0001183276596
0.0001072241831
9.677162707e-05
8.703046876e-05
7.802205271e-05
6.974139666e-05
6.216556786e-05
5.525926986e-05
4.897921119e-05
4.32777642e-05
3.810552657e-05
3.341293723e-05
2.915128608e-05
2.527334404e-05
2.173376569e-05
1.848921293e-05
1.549869729e-05
1.272236949e-05
1.012581125e-05
7.662849563e-06
5.342861561e-06
2.988500352e-06
1.330565344e-06
-0.1140863291
-0.1244921564
-0.1321726205
-0.1372057999
-0.1395684752
-0.1391951037
-0.1360736221
-0.1304257672
-0.1226377539
-0.1131743425
-0.1025624507
-0.09135718479
-0.0800680092
-0.06911643003
-0.05883673922
-0.04944051528
-0.04103730178
-0.03366847622
-0.02731469138
-0.02191075212
-0.01737062691
-0.01359468722
-0.01048094598
-0.007935012394
-0.005886327666
-0.004244152837
-0.0029423926
-0.001928210674
-0.001144810979
-0.0005362436503
-8.315206063e-05
0.0002416324146
0.0004696487906
0.000624557175
0.0007222671095
0.0007753559619
0.000794802492
0.0007896817564
0.000767065307
0.0007324285901
0.0006900429968
0.0006431637287
0.0005944804423
0.0005455329485
0.0004976169046
0.0004516589398
0.0004082448749
0.0003677112408
0.0003302171433
0.0002957910205
0.0002643680667
0.000235821424
0.000209985266
0.0001866714492
0.0001656819959
0.0001468180417
0.0001298854973
0.0001146982578
0.0001010801147
8.88659335e-05
7.79021841e-05
6.804687246e-05
5.916905583e-05
5.114814109e-05
4.387309776e-05
3.724142091e-05
3.115880107e-05
2.553592117e-05
2.029645626e-05
1.534154711e-05
1.068687179e-05
5.9676236e-06
2.664198529e-06
-0.1316141111
-0.1432337538
-0.1516476026
-0.1570804987
-0.1593896911
-0.1583729975
-0.1540508016
-0.1466841697
-0.1367120684
-0.1247392265
-0.1114806045
-0.09768566675
-0.08401145162
-0.07097712561
-0.0589756276
-0.04822991296
-0.03882490391
-0.03076229643
-0.02397223123
-0.01833572333
-0.01372055926
-0.009981349195
-0.006992313435
-0.004636867346
-0.00280212717
-0.001378129301
-0.0003108020673
0.0004661665377
0.001020431743
0.00140688332
0.00165606071
0.001796682813
0.001856861689
0.001858426366
0.001817041164
0.001744878429
0.00165199148
0.001546432874
0.001434321761
0.001320192908
0.001207396503
0.001098363613
0.0009947920611
0.0008974916821
0.0008070197995
0.0007236368441
0.0006473328338
0.0005779053864
0.0005150302728
0.0004583065884
0.0004072890064
0.0003615142471
0.0003205208753
0.0002838622055
0.0002511142165
0.0002218801129
0.0001957923408
0.0001725127191
0.0001517315501
0.0001331662345
0.0001165595921
0.0001016779326
8.83089993e-05
7.625982865e-05
6.535474515e-05
5.543313622e-05
4.634840685e-05
3.796281606e-05
3.015907116e-05
2.278684974e-05
1.586776284e-05
8.856934825e-06
3.9578347e-06
-0.1533305679
-0.1660707152
-0.1752470977
-0.1810434077
-0.1832413134
-0.181523798
-0.1758240796
-0.1663378425
-0.1535595376
-0.1383311682
-0.1216572503
-0.1045621161
-0.08790599224
-0.07233772991
-0.05831706338
-0.04606132273
-0.03559039613
-0.02683106323
-0.01965342491
-0.01387357535
-0.009289912419
-0.005693345266
-0.002932903934
-0.0008580306273
0.0006729506795
0.001780095165
0.002542774891
0.003034810169
0.003322741014
0.003458750336
0.00348008938
0.003415880809
0.003290945433
0.003125219277
0.002933685954
0.002727629542
0.00251577424
0.002304781701
0.002099500453
0.00190327552
0.001718325778
0.001546099666
0.001387025537
0.001241136841
0.001108171134
0.0009876269276
0.0008788271613
0.0007809829325
0.0006932499464
0.0006147683211
0.0005446908427
0.000482204127
0.0004265427423
0.0003769965669
0.0003329132933
0.0002936979308
0.0002588104298
0.0002277621855
0.0002001120157
0.0001754620915
0.0001534539439
0.0001337645833
0.0001161027856
0.0001002054934
8.583454669e-05
7.277328467e-05
6.082474408e-05
4.980464949e-05
3.955622959e-05
2.988014098e-05
2.080250746e-05
1.160901622e-05
5.19040583e-06
-0.1803289201
-0.1938190401
-0.2035930258
-0.2099165876
-0.2120893277
-0.2095638292
-0.2021726669
-0.1899681285
-0.1735395168
-0.1540741928
-0.1329785256
-0.1116962286
-0.09138105895
-0.0728015658
-0.05644635115
-0.04252809295
-0.03098672464
-0.02162946869
-0.01419000301
-0.008414699914
-0.00401972012
-0.0007304662625
0.001666120462
0.003354592842
0.004493941067
0.005213588573
0.005612554977
0.005769919018
0.00575043106
0.00560505329
0.005372266743
0.005080812121
0.00475317426
0.004406995166
0.004055478159
0.003708188774
0.00337203552
0.003051917046
0.002751068252
0.002471357441
0.002213646733
0.001978183759
0.001764021711
0.001570198888
0.001395577127
0.001238831676
0.00109855276
0.0009733161428
0.0008617248372
0.0007624380743
0.0006741931658
0.0005958199103
0.0005262470279
0.0004645021935
0.0004097078789
0.0003610750478
0.0003178958443
0.0002795360369
0.0002454276827
0.0002150622842
0.0001879844379
0.0001637859559
0.0001421004883
0.0001225984349
0.0001049824567
8.898289345e-05
7.435536597e-05
6.087146109e-05
4.833590683e-05
3.65048653e-05
2.54124325e-05
1.418004323e-05
6.341953148e-06
-0.2136581286
-0.2275159366
-0.2375876416
-0.2441877312
-0.247231325
-0.2448071894
-0.2356887441
-0.2198251561
-0.1983367178
-0.1730541332
-0.1460166904
-0.1191950518
-0.09417700192
-0.0719289964
-0.05292337944
-0.03722533834
-0.0246668951
-0.01487360829
-0.007401266897
-0.001848399484
0.002165410869
0.004977035976
0.006859547049
0.008032377822
0.008672737047
0.008921240846
0.008886480026
0.00865098343
0.008278324456
0.007817226323
0.007303959523
0.006764879496
0.006219378669
0.005681840043
0.005162586082
0.004668671819
0.004204705716
0.003773460745
0.003376232206
0.003013127937
0.002683432134
0.002385918615
0.002118172788
0.001878106583
0.001663578356
0.001472376031
0.001302312795
0.001151293393
0.001017344696
0.0008986334506
0.0007934785921
0.0007003559639
0.0006178949492
0.0005448694011
0.000480185705
0.0004228698999
0.0003720550646
0.0003269695366
0.000286926175
0.0002513127542
0.0002195833332
0.0001912504007
0.0001658778994
0.0001430744821
0.0001224878128
0.0001037997327
8.672172739e-05
7.098350547e-05
5.635741913e-05
4.255932105e-05
2.96259577e-05
1.652892639e-05
7.393832364e-06
-0.255131758
-0.267591635
-0.2799311012
-0.2855391279
-0.2880267589
-0.2869209162
-0.2766796207
-0.2564489058
-0.2283383427
-0.1953581468
-0.1604839668
-0.1265877842
-0.09570008553
-0.06910584841
-0.04718674534
-0.02975455254
-0.01635539465
-0.006358873526
0.0008826263292
0.005948072251
0.009335583416
0.01145856705
0.01264604697
0.01315244883
0.01317322915
0.01285733597
0.01231619687
0.01163163437
0.01086359143
0.01005579784
0.009239466741
0.008436290993
0.007661165828
0.006924214412
0.00623201959
0.005588456814
0.004995367517
0.004453051364
0.003960564781
0.003516045187
0.003116972599
0.002759973411
0.002441482297
0.002158069115
0.001906427787
0.00168339513
0.001485982721
0.001311410046
0.001157122722
0.001020800042
0.000900354749
0.000793924571
0.0006998566391
0.000616687876
0.00054312439
0.0004780217165
0.0004203668546
0.0003692623471
0.0003239122865
0.0002836100874
0.0002477276567
0.0002157055578
0.0001870448378
0.0001612990526
0.0001380660245
0.0001169819869
9.772162696e-05
7.997687353e-05
6.349288432e-05
4.794618179e-05
3.337358162e-05
1.861745328e-05
8.329282917e-06
-0.2978923096
-0.3278063982
-0.3395749261
-0.345276415
-0.3419990287
-0.3283255665
-0.3025639191
-0.2654139433
-0.2217434093
-0.1761996783
-0.1331165647
-0.09508007342
-0.06347063796
-0.03844282476
-0.01942216781
-0.005508423672
0.004289282873
0.01089470674
0.01509581144
0.01753051697
0.01869813676
0.01897836851
0.0186530462
0.01792857852
0.01695465268
0.01583821046
0.01465427037
0.01345469087
0.01227477528
0.01113789144
0.01005884105
0.00904647935
0.00810564932
0.007238444748
0.006445000816
0.005724006368
0.005073011118
0.004488596081
0.003966664741
0.003502586735
0.003090727259
0.002725936074
0.002403384163
0.002118538963
0.001867235126
0.001645671138
0.001450393779
0.00127829073
0.001126582807
0.0009928080141
0.0008747969675
0.0007706431992
0.0006786722563
0.0005974123326
0.0005255679148
0.0004619969067
0.0004056909877
0.000355758548
0.000311410149
0.0002719461272
0.0002367446687
0.0002052513438
0.0001769709762
0.0001514599101
0.0001283150182
0.0001071740075
8.770737929e-05
6.962746682e-05
5.257531556e-05
3.659325406e-05
2.041190729e-05
9.133192986e-06
-0.3233781343
-0.3327151445
-0.3737895864
-0.3834751753
-0.3864426079
-0.3756102312
-0.346932536
-0.3017259943
-0.2472267302
-0.1904629759
-0.1373755251
-0.09158165956
-0.05466972848
-0.02657362243
-0.006237206896
0.007776163811
0.01691117346
0.02243682604
0.02538247495
0.02653964615
0.02649497396
0.0256716334
0.02436835452
0.02279236843
0.02108518819
0.01934162132
0.01762354032
0.01596995318
0.01440428557
0.01293946079
0.01158141304
0.01033157268
0.009188609072
0.008149552918
0.007210440802
0.006366611225
0.005612746426
0.004942817854
0.004350334356
0.003828094981
0.003368106848
0.002963367517
0.00260745781
0.002294571682
0.002019549678
0.001777813889
0.001565293648
0.001378381013
0.001213899514
0.001069068367
0.000941459975
0.000828955717
0.0007297043032
0.0006420847782
0.0005646748228
0.0004962239531
0.0004356310375
0.0003819247691
0.0003342460173
0.0002918339333
0.0002540168553
0.0002201960534
0.0001898313434
0.000162445343
0.0001376093207
0.0001149324487
9.405181474e-05
7.465926284e-05
5.637162562e-05
3.923402495e-05
2.188379525e-05
9.792632061e-06
-0.3349046166
-0.3461663645
-0.3859886571
-0.3977064656
-0.4018778923
-0.3921628178
-0.3625910814
-0.3145114593
-0.2548832032
-0.1919586742
-0.1328063508
-0.08204284673
-0.04174002442
-0.01187955437
0.008871405798
0.02234213877
0.03034869985
0.03445549032
0.03589990094
0.03560426746
0.03422646001
0.03222047693
0.0298912171
0.02743809122
0.02498777694
0.02261779251
0.02037292293
0.01827653556
0.01633832301
0.01455951073
0.0129363102
0.01146220366
0.01012946664
0.008930071745
0.007856113319
0.006899812149
0.006053193475
0.005307832233
0.004654706544
0.004083423453
0.00358397105
0.003147213557
0.002764988666
0.002430213816
0.002136800599
0.001879481084
0.001653660872
0.001455329363
0.00128099802
0.001127640916
0.0009926335715
0.0008736952868
0.000768838645
0.0006763270101
0.0005946392382
0.000522440179
0.0004585561267
0.0004019539316
0.0003517227489
0.0003070525421
0.0002672308002
0.0002316231138
0.0001996654654
0.0001708500125
0.0001447208575
0.0001208656169
9.890138622e-05
7.850516432e-05
5.927342746e-05
4.125241388e-05
2.300848444e-05
1.029649066e-05
-0.3373192497
-0.3510021424
-0.3764398738
-0.3990062625
-0.4015356808
-0.3909079292
-0.3591138934
-0.3091684673
-0.24736619
-0.1821875512
-0.1210362556
-0.06877557916
-0.02763330497
0.002336623604
0.02256220561
0.03505205138
0.04181284321
0.04456817855
0.04467122329
0.04311825379
0.04060647986
0.03760476404
0.03441724935
0.03123356469
0.02816625266
0.02527741873
0.02259699199
0.02013494518
0.01788932558
0.01585148161
0.01400944456
0.01235005644
0.01086039156
0.009528432542
0.008343311299
0.007294974654
0.006373413264
0.00556839395
0.004868449936
0.004260456329
0.003732221736
0.003272690917
0.002872138662
0.00252233786
0.00221640496
0.001948516338
0.001713680675
0.00150759966
0.00132657283
0.001167413032
0.001027367367
0.0009040483407
0.0007953773252
0.0006995389762
0.0006149443141
0.0005402001957
0.0004740827355
0.0004155150279
0.0003635478434
0.0003173473679
0.0002761697531
0.0002393557122
0.0002063198674
0.0001765358409
0.0001495298121
0.0001248760772
0.0001021794007
8.110486958e-05
6.123474313e-05
4.261642256e-05
2.376860987e-05
1.063703426e-05
-0.3294284832
-0.3449099712
-0.3652078607
-0.3837121866
-0.3859106725
-0.3726937757
-0.3410334904
-0.292204138
-0.2320109442
-0.1684513296
-0.1087867277
-0.05774326507
-0.01762628036
0.01146965444
0.03083394705
0.0424479684
0.04834272592
0.05026919509
0.0496019189
0.04735126191
0.04421995209
0.04067641056
0.037020434
0.03343498398
0.03002492249
0.02684448887
0.02391617503
0.02124326915
0.01881792025
0.01662640685
0.01465259437
0.01287991398
0.01129310593
0.00987842025
0.008623797696
0.007518235375
0.00655072137
0.00570990096
0.004982315238
0.004353224786
0.003808899743
0.003336954341
0.002926645966
0.00256900801
0.002256643569
0.001983377364
0.001743976672
0.001533978034
0.001349566878
0.001187473504
0.001044880781
0.0009193478448
0.0008087501291
0.0007112324054
0.0006251710107
0.0005491426244
0.0004818980147
0.0004223392968
0.0003695004378
0.000322529126
0.000280668258
0.000243246492
0.0002096666889
0.0001793942479
0.0001519472597
0.0001268922786
0.000103827179
8.241121361e-05
6.221986934e-05
4.3301135e-05
2.415001613e-05
1.080782581e-05
-0.337688624
-0.3328578507
-0.3376339286
-0.3328610659
-0.3275028617
-0.3176000319
-0.3275303694
-0.317590264
-0.3351851822
-0.3372115183
-0.3351222166
-0.3371627479
-0.3431673961
-0.3424728175
-0.3289250816
-0.3272459507
-0.3396914844
-0.3204831368
-0.3324668818
-0.3294767375
-0.3396382653
-0.3204798578
-0.332457233
-0.3375262898
-0.3388393824
-0.3395019033
-0.3374792359
-0.3431781378
-0.3425274207
-0.33753888
-0.3388579794
-0.3395103091
-0.3375149937
-0.3254978956
-0.3276278886
-0.3266053384
-0.3240360424
-0.3266135863
-0.3242839983
-0.3250302944
-0.31908224
-0.317782694
-0.3199068883
-0.3160271521
-0.3200229565
-0.3157870837
-0.3192345934
-0.3289463322
-0.3272524921
-0.3255005736
-0.3276318263
-0.3266103233
-0.3240244804
-0.326617788
-0.3242853102
-0.3250329041
-0.3190835378
-0.3177831481
-0.3198967747
-0.3160223785
-0.3200243492
-0.3157873824
-0.3192341778
-0.324538598
-0.3346024405
-0.3246127099
-0.3346923023
-0.3335567435
-0.3356840793
-0.3584335536
-0.3233688415
-0.3335874724
-0.3354755723
-0.3584556549
-0.3406281474
-0.3405851842
-0.3321719643
-0.3371043017
-0.347321728
-0.3347322832
-0.3322323256
-0.3370077843
-0.3473718257
-0.3466944526
-0.3334912073
-0.3428716334
-0.3373771089
-0.346641964
-0.3335066421
-0.342950199
-0.3647170698
-0.3483520595
-0.3739128634
-0.3509640755
-0.3647376263
-0.3484295832
-0.3738753407
-0.3295184397
-0.3258026065
-0.3258605504
-0.3283628779
-0.3319273171
-0.3318248913
-0.3284488866
-0.3581476359
-0.3381328204
-0.3567122196
-0.3448505898
-0.3581958964
-0.3381219589
-0.3567057997
-0.3390054403
-0.3375826012
-0.3392586806
-0.3371069352
-0.3392941564
-0.3372110546
-0.3387694285
-0.3365136138
-0.3330696886
-0.3355562054
-0.3345831119
-0.3355147773
-0.3352207955
-0.3363807762
-0.3390161908
-0.3375841336
-0.3392694069
-0.3371468483
-0.3393034437
-0.3372204418
-0.3387983315
-0.3365219695
-0.3330744686
-0.3355445749
-0.334619843
-0.3355195485
-0.3352295234
-0.3364028095
-0.3377125321
-0.3365747554
-0.3356453249
-0.3349762512
-0.3365210615
-0.335659561
-0.3376891653
-0.3371225128
-0.3389307799
-0.3392072568
-0.3385620893
-0.3359974807
-0.3360371937
-0.338484721
-0.3407016391
-0.3405985866
-0.3377177846
-0.3349628598
-0.3366157668
-0.3356527518
-0.3365260576
-0.3356586029
-0.3377080387
-0.3371221218
-0.3390595384
-0.3392183117
-0.3385666249
-0.3360555235
-0.3360420953
-0.3385232461
-0.3317717534
-0.3353435399
-0.336471637
-0.3390383633
-0.335045238
-0.3359311535
-0.3320351191
-0.3205002158
-0.3224090468
-0.3223964776
-0.3253019978
-0.3237436794
-0.3235953615
-0.3254602665
-0.3289445318
-0.3338771289
-0.327709878
-0.3317299754
-0.3331985182
-0.327375979
-0.3292623094
-0.3295226039
-0.3257963864
-0.3258622532
-0.3283667431
-0.3319332386
-0.3318269814
-0.3284606729
-0.3317756758
-0.3390382218
-0.3353208135
-0.3364973015
-0.3350468161
-0.3359367769
-0.3320406768
-0.3205016658
-0.3223968089
-0.3223982748
-0.3253035508
-0.3237457896
-0.3235972633
-0.3254549181
-0.3289461527
-0.331732265
-0.3338767409
-0.3277142264
-0.333199616
-0.3273788029
-0.3292642711
-0.2972949306
-0.3180885382
-0.2972489461
-0.3180585299
-0.2981235453
-0.3205149352
-0.3355626084
-0.2979017137
-0.2980967284
-0.3205471724
-0.3355670006
-0.3348828341
-0.3350254008
-0.350225565
-0.3146549504
-0.3358922618
-0.3216066618
-0.3117241063
-0.334108241
-0.3496716755
-0.3261025976
-0.3553855934
-0.3830987153
-0.3327439184
-0.3260775852
-0.3554172264
-0.3830664157
-0.3350458877
-0.3344903256
-0.3350483428
-0.3368630347
-0.3351814769
-0.3343457165
-0.3371271617
-0.3484613278
-0.3550531084
-0.3826175801
-0.3461450054
-0.3484192615
-0.3551141358
-0.3825649786
-0.3373349673
-0.3373333389
-0.337338643
-0.3391181104
-0.3390662589
-0.3390068667
-0.3391613966
-0.3636087229
-0.3523462384
-0.3534044028
-0.3488423874
-0.3498273612
-0.3524587583
-0.3633073144
-0.3734238338
-0.3806108442
-0.397225806
-0.3765140339
-0.3733660981
-0.3806254773
-0.3972229456
-0.3420210037
-0.3435220743
-0.3406679318
-0.3451145541
-0.3511550266
-0.3478296748
-0.3488005009
-0.368953277
-0.3639928028
-0.3778367243
-0.3652140017
-0.3689501791
-0.3639945626
-0.3778355773
-0.3321098947
-0.3240222492
-0.3324639132
-0.3236081481
-0.323069525
-0.3314290238
-0.3327553889
-0.3401792162
-0.3400049349
-0.33898766
-0.3391360393
-0.3357805047
-0.3345128434
-0.3357674355
-0.3343867192
-0.3331671544
-0.3326449706
-0.3347417086
-0.3348890058
-0.3271375988
-0.3263534635
-0.3350425462
-0.3321150435
-0.3236114043
-0.3239917976
-0.3325353002
-0.323054
-0.3314313384
-0.3327878509
-0.3402025145
-0.3400173741
-0.3389968132
-0.33913178
-0.334509117
-0.3359099545
-0.3357896099
-0.3344134938
-0.3333972622
-0.3326599145
-0.3348531282
-0.3353861812
-0.33276449
-0.3339060303
-0.3374746009
-0.332815688
-0.3372486473
-0.3341258247
-0.331138535
-0.3283655686
-0.3430203927
-0.3590965783
-0.3255005373
-0.3415217674
-0.3329122153
-0.350244711
-0.3215976184
-0.314675443
-0.3357984023
-0.3117320237
-0.3340568557
-0.3496969554
-0.3352923515
-0.3328260963
-0.3336551495
-0.3376201952
-0.3326903347
-0.3373238586
-0.3342420215
-0.3311791067
-0.3591045357
-0.3284249408
-0.3431031155
-0.3255223048
-0.3415555302
-0.3330102348
-0.3410895923
-0.3360536533
-0.3500817271
-0.3296457936
-0.3342458149
-0.3509520733
-0.3418483252
-0.3368298499
-0.335710165
-0.3355314389
-0.3375005504
-0.338931589
-0.3388209266
-0.3378426684
-0.3404996898
-0.3458030603
-0.3421110438
-0.3468584568
-0.3448887344
-0.3419220847
-0.3411285594
-0.3344507191
-0.3350996374
-0.3350506282
-0.3368655819
-0.3350425647
-0.3343585901
-0.3371119459
-0.3410976293
-0.329648569
-0.3360543295
-0.3500827725
-0.3342618501
-0.3509498673
-0.341857406
-0.3368268923
-0.3357161405
-0.3355333449
-0.3374959699
-0.338906865
-0.3388202644
-0.3377928164
-0.3405034342
-0.3468646088
-0.3458327478
-0.3421454925
-0.3448886891
-0.341927699
-0.3411358064
-0.3423199718
-0.3421901446
-0.3473087885
-0.3457739801
-0.3418423021
-0.3470636906
-0.3424436092
-0.3335855681
-0.3360596309
-0.3359728788
-0.3353677402
-0.3354425186
-0.3378004724
-0.3378591378
-0.3384672553
-0.3426511627
-0.3384840546
-0.3408242278
-0.3453806791
-0.3449917912
-0.3409935002
-0.337343471
-0.3373504321
-0.337343663
-0.3391222519
-0.3391056648
-0.3390106447
-0.339169842
-0.3423247607
-0.3457733529
-0.3421977192
-0.3473327903
-0.3418461272
-0.3470688356
-0.3424542457
-0.3335904882
-0.3360353224
-0.335975295
-0.3354249646
-0.335449007
-0.337802599
-0.3378654954
-0.3426602974
-0.338563395
-0.3384943352
-0.3408245872
-0.3453854639
-0.3449902883
-0.3410001247
-0.3476526695
-0.3555250374
-0.3506816097
-0.3554158381
-0.3496989186
-0.353386498
-0.3572547193
-0.3591901591
-0.3664828033
-0.3639692318
-0.3719645749
-0.363789571
-0.3591916928
-0.3625335499
-0.3636140516
-0.3488457311
-0.3523183275
-0.3534456498
-0.3498292033
-0.3524687775
-0.3633095245
-0.3476631141
-0.3555260106
-0.3506908934
-0.3554164556
-0.3496997987
-0.3533873249
-0.3572569045
-0.3591965276
-0.3719647524
-0.36649467
-0.3639355367
-0.3637996868
-0.3591921149
-0.362537756
-0.3492338994
-0.3572183849
-0.3626210883
-0.3541289719
-0.3500630718
-0.3607044418
-0.3567922106
-0.3394112277
-0.3364354194
-0.3378400419
-0.3418850568
-0.3451409599
-0.3405585499
-0.3462178663
-0.3449279696
-0.3570334058
-0.3531137516
-0.3537015735
-0.354012558
-0.3437414793
-0.3539963977
-0.3435220941
-0.3420223325
-0.340670425
-0.3451139562
-0.3511223357
-0.3478264361
-0.3487812717
-0.3492324918
-0.3541353584
-0.3572543368
-0.3626162623
-0.3500659362
-0.3607031257
-0.3567930391
-0.3364356127
-0.33942148
-0.3378400388
-0.3418879464
-0.345146382
-0.3405592745
-0.3462463516
-0.3449299622
-0.3537023987
-0.3570725631
-0.3531182135
-0.3540175693
-0.3437425262
-0.3540095615
-0.3267820107
-0.3264824587
-0.3026069471
-0.3042231489
-0.3268176682
-0.3264765257
-0.302590916
-0.3042305922
-0.3507417671
-0.3664146471
-0.3533865659
-0.3493553676
-0.3659129392
-0.3519751068
-0.3541236241
-0.3533916227
-0.3507995637
-0.3664659361
-0.3493505845
-0.3659039576
-0.3519601728
-0.3541447663
-0.3196434733
-0.3184562649
-0.3169056441
-0.3221902493
-0.3222917457
-0.3234148321
-0.3125898436
-0.3109472642
-0.3090756575
-0.3131893154
-0.3128674387
-0.3134839422
-0.3103750886
-0.3087555238
-0.3068442819
-0.3153996922
-0.3150493956
-0.3157422453
-0.3196451759
-0.3184578755
-0.3169072466
-0.3221917424
-0.3222929092
-0.3234157593
-0.3125902858
-0.3109476209
-0.3090760173
-0.3131849292
-0.3128629201
-0.313479189
-0.3103749157
-0.3087553014
-0.3068440837
-0.3153975439
-0.3150468711
-0.3157394602
)
;

boundaryField
{
    inlet
    {
        type            zeroGradient;
    }
    outlet
    {
        type            fixedValue;
        value           uniform 0;
    }
    topAndBottom
    {
        type            symmetry;
    }
    frontAndBack
    {
        type            empty;
    }
    cylinder
    {
        type            zeroGradient;
    }
    procBoundary1to0
    {
        type            processor;
        value           nonuniform List<scalar> 
116
(
-0.03623408076
-0.03661777028
-0.03739581797
-0.03858446377
-0.04021344468
-0.04232302047
-0.04496779398
-0.04821978545
-0.05217233581
-0.05694685874
-0.06270251261
-0.06964662195
-0.07805824003
-0.08831373322
-0.1009151237
-0.1165568066
-0.1363408039
-0.1615772183
-0.1940655615
-0.2886810001
-0.2348348982
-0.2517854212
-0.234698246
-0.2516748126
-0.2886341129
-0.2886810001
-0.2886810001
-0.2886810001
-0.3485482568
-0.3484845362
-0.3427356209
-0.3495387742
-0.3423139188
-0.3423139188
-0.3487486885
-0.3427356209
-0.331060813
-0.3275705942
-0.3403139598
-0.3419503923
-0.338816742
-0.3364409763
-0.3427503213
-0.3495502395
-0.3424704553
-0.3424704553
-0.3488150506
-0.3427503213
-0.3403329278
-0.3420106765
-0.3388381759
-0.3364499145
-0.3310800069
-0.327576854
-0.3475799113
-0.3294070064
-0.3474629644
-0.3485148057
-0.341657011
-0.341657011
-0.3416778591
-0.3416778591
-0.3435579415
-0.343801864
-0.3429295266
-0.3429310552
-0.3485068242
-0.3416608528
-0.3416608528
-0.3417144976
-0.3417144976
-0.3435886742
-0.3437991414
-0.3429294727
-0.3429202991
-0.3208568223
-0.2886341129
-0.2886341129
-0.2886341129
-0.3209175009
-0.3263527745
-0.3376676859
-0.3271192329
-0.3271192329
-0.3271192329
-0.3378338567
-0.3263527745
-0.3263527745
-0.3263527745
-0.3475321042
-0.3441949852
-0.3441980097
-0.3376718453
-0.3287536181
-0.3378618925
-0.3475119738
-0.344186358
-0.3441639942
-0.3053793367
-0.3192337758
-0.3039420343
-0.319242476
-0.3054186444
-0.3039366507
-0.331060813
-0.3318143949
-0.333078351
-0.3310800069
-0.3318327773
-0.3330965724
-0.3275705942
-0.327059083
-0.3255826651
-0.327576854
-0.3270652536
-0.3255886755
)
;
    }
    procBoundary1to3
    {
        type            processor;
        value           nonuniform List<scalar> 
125
(
-0.3836950492
-0.3858832424
-0.3726609803
-0.3409945019
-0.2921619361
-0.2319740636
-0.1684226855
-0.1087658614
-0.05772932784
-0.01761596093
0.0114767226
0.03083830549
0.04245012376
0.04834388983
0.05026834512
0.04959988744
0.04734807783
0.04421591399
0.04067205872
0.03701615389
0.03343097536
0.03002135379
0.02684135891
0.02391341311
0.02124089906
0.01881592571
0.01662470799
0.01465105465
0.01287867522
0.01129204513
0.009877497864
0.008623004865
0.007517534051
0.00655036847
0.005709801377
0.004982235896
0.004353135111
0.003808827755
0.003336897912
0.002926595661
0.002568959453
0.002256596196
0.00198333184
0.001743933796
0.001533938335
0.001349530488
0.001187440237
0.001044850298
0.0009193198157
0.0008087243179
0.0007112086661
0.0006251492338
0.0005491226858
0.0004818797454
0.0004223224849
0.000369485068
0.0003225153279
0.0002806558568
0.0002432352899
0.0002096565669
0.0001793851428
0.000151939202
0.0001268853125
0.0001038213443
8.240649892e-05
6.221622994e-05
4.329853579e-05
2.414842619e-05
1.080731117e-05
-0.3204840665
-0.3381344176
-0.3639936452
-0.3176014033
-0.3175926592
-0.3324679155
-0.3204828597
-0.332461852
-0.3177834504
-0.3160291246
-0.3157885763
-0.3177842457
-0.3160246993
-0.3157890146
-0.356711859
-0.3381257842
-0.3567056616
-0.3205001868
-0.3237441307
-0.3235943426
-0.3277110021
-0.3317295475
-0.327375795
-0.320502361
-0.3237498931
-0.3235976218
-0.3317332276
-0.3277199093
-0.3273805122
-0.3778342993
-0.3639953863
-0.3778330933
-0.3364359434
-0.3451422808
-0.3405588864
-0.3531146685
-0.353700593
-0.3437414402
-0.3364370145
-0.3451488881
-0.340560125
-0.3537015141
-0.3531196958
-0.3437427442
-0.31319086
-0.3128689337
-0.313485423
-0.3103761977
-0.3087565905
-0.3068453308
-0.3131871678
-0.3128651993
-0.3134815289
-0.3103763095
-0.3087566936
-0.3068454818
)
;
    }
}


// ************************************************************************* //
