/*--------------------------------*- C++ -*----------------------------------*\
| =========                 |                                                 |
| \\      /  F ield         | OpenFOAM: The Open Source CFD Toolbox           |
|  \\    /   O peration     | Version:                                        |
|   \\  /    A nd           | Website:  www.openfoam.com                      |
|    \\/     M anipulation  |                                                 |
\*---------------------------------------------------------------------------*/
FoamFile
{
    version     2.0;
    format      ascii;
    class       volScalarField;
    location    "1";
    object      p;
}
// * * * * * * * * * * * * * * * * * * * * * * * * * * * * * * * * * * * * * //

dimensions      [0 2 -2 0 0 0 0];


internalField   nonuniform List<scalar> 
2429
(
0.09537519062
0.09562818472
0.09625258623
0.09726849504
0.09867293821
0.1004965153
0.1027978275
0.1056543598
0.1091686727
0.1134771468
0.1187608756
0.1252635187
0.1333162442
0.1433763842
0.1560817354
0.1723584932
0.1934905567
0.2215722534
0.258769655
0.3035292617
0.360212828
0.4705044325
0.5950357329
0.09503685218
0.09528255851
0.09588698212
0.09686979277
0.09822702849
0.09998635689
0.102201644
0.1049437598
0.1083057483
0.1124097427
0.1174151417
0.1235321982
0.1310396848
0.1403100897
0.1518405429
0.166310247
0.1845842891
0.2079494227
0.2374066993
0.2780965954
0.3224720661
0.3891495646
0.4066799378
0.09437213957
0.09460150851
0.09516735066
0.0960863977
0.09735247678
0.09898794615
0.1010380158
0.1035613979
0.1066337403
0.1103514717
0.114835429
0.1202375829
0.1267472588
0.134596686
0.1440575871
0.1554405521
0.1689916898
0.1848811539
0.2023200265
0.2194509397
0.2442279477
0.2419455079
0.1610613347
-0.2839608982
-0.5277383686
0.09340097359
0.09360777675
0.09411921877
0.09494843316
0.09608641553
0.09754859968
0.09936888195
0.101590239
0.104266201
0.1074611621
0.1112489227
0.115712563
0.1209380902
0.1270042369
0.1339364236
0.1416851407
0.1499076356
0.1578748162
0.1636118993
0.1636787779
0.1695647952
0.132800625
0.0316705154
-0.213577893
-0.5734267316
-0.7483539905
-0.6558715373
-0.511913436
0.09215254053
0.09233185959
0.09277631111
0.09349516858
0.0944765565
0.09572818688
0.09727139727
0.09913204909
0.1013401852
0.1039268622
0.106917922
0.1103303528
0.11415085
0.118328787
0.1226946767
0.1269457402
0.1304239149
0.1319490149
0.12931628
0.1184175265
0.09248232632
0.06050672233
-0.02879899226
-0.1688851423
-0.3160785582
-0.4142400845
-0.412169366
-0.347301793
0.09066165707
0.09081127658
0.0911799884
0.09177412841
0.09257979455
0.09359695745
0.09483443095
0.09630161176
0.09800660199
0.09994920017
0.1021110836
0.1044571991
0.1068990835
0.1092975224
0.1113799974
0.1127094061
0.1125414823
0.1096361013
0.1021266391
0.08701700716
0.06020393102
0.01580006868
-0.04769400785
-0.119049053
-0.193767364
-0.2437874846
-0.2489644639
0.08897034183
0.08908867783
0.08937673146
0.08983805738
0.09045815604
0.09123010247
0.09215110109
0.09321604212
0.09441423392
0.09571780234
0.09707636795
0.09842182237
0.09962500133
0.1004941543
0.1007233115
0.09983450011
0.09715624675
0.09167028026
0.08199403567
0.06624322602
0.04220734255
0.007818482411
-0.03690086044
-0.08506575471
-0.1267584442
-0.1525586454
-0.1577605223
0.08712293122
0.08720789057
0.08741404958
0.08774149175
0.08817517042
0.08870279491
0.08931211403
0.08998632521
0.09069964148
0.09140263284
0.09203011532
0.09249657652
0.09265647446
0.09229037205
0.09110990473
0.08869010952
0.08446563786
0.07767970173
0.06736991879
0.05239165525
0.03173816124
0.004798003713
-0.02734334929
-0.06094264228
-0.09047691532
-0.1097074611
-0.1155619108
0.08516216252
0.08521450802
0.08534065168
0.08553799232
0.08579173057
0.08608576298
0.08640068315
0.08671104265
0.0869796525
0.08714544829
0.0871417183
0.08687054572
0.08618886827
0.08488952479
0.0827088372
0.07929745836
0.07421458791
0.06692197305
0.05679211746
0.0431993692
0.02577768283
0.004539814874
-0.01936977104
-0.04351393699
-0.06447420817
-0.0787146337
-0.08444013074
0.08313159194
0.08315314074
0.08320363806
0.08327846863
0.08336406336
0.08344187099
0.0834870522
0.08346882964
0.08334452676
0.08304916309
0.08252130828
0.08166343456
0.08033602857
0.07835760754
0.07550517169
0.07150640595
0.06603903731
0.05873021938
0.04919657888
0.03715944537
0.02251994058
0.005605516961
-0.01262091112
-0.03052920384
-0.04613105015
-0.05732578502
-0.06280704253
0.08107203299
0.08106528151
0.08104629609
0.0810089998
0.08094157403
0.08082397706
0.08062796549
0.08032203612
0.07986099035
0.07918986202
0.07824519199
0.07693177667
0.07512531753
0.07267563983
0.06940558181
0.06511131752
0.05956248671
0.05252017664
0.0437691652
0.03322361403
0.02091935871
0.007260137994
-0.006973317728
-0.02072205959
-0.03273230509
-0.04165873853
-0.04664941398
0.07902110139
0.07898898687
0.07890778669
0.07877037057
0.07856708186
0.07827706944
0.07787049459
0.07732082589
0.07658734706
0.07561742745
0.07434578247
0.07268822503
0.07054211616
0.06778788306
0.06429067837
0.05990102344
0.05446161188
0.04782261974
0.03989456541
0.03066314216
0.02027697404
0.009101781215
-0.002276569504
-0.01314441696
-0.02267635433
-0.03000535936
-0.03456820671
0.07701258299
0.07695821905
0.07682223092
0.07659712256
0.07627582795
0.07583783782
0.07525892684
0.07451254639
0.07355977035
0.07235171514
0.07082979344
0.06892370164
0.06655099594
0.06361918069
0.06002714797
0.05566982334
0.05044623433
0.04427063348
0.03712817578
0.02904460469
0.02020115006
0.01092020399
0.001617366897
-0.007203646328
-0.01498338393
-0.02114496894
-0.02530365481
0.07507531857
0.0750024749
0.0748188418
0.0745184968
0.07409690989
0.07353858522
0.07282146194
0.07191673439
0.07078921589
0.06939730702
0.06769195771
0.06561570576
0.06310367626
0.06008656276
0.05649160227
0.0522459567
0.04728791502
0.04158290549
0.03513943274
0.02803645467
0.02044053131
0.01260862921
0.004843950993
-0.002487720941
-0.008997065009
-0.01429022847
-0.01809986934
0.07323556323
0.07314635177
0.07292295739
0.07255973588
0.07205719438
0.0714026411
0.07057343412
0.06954268111
0.06828046723
0.06675244912
0.06491865605
0.06273287637
0.06014596433
0.05710698293
0.05356618302
0.04947718812
0.04480620894
0.03955158993
0.03372943078
0.02744067204
0.02084184335
0.01412274878
0.007514298017
0.001287302051
-0.004281918912
-0.008917546613
-0.01242835791
0.07151381512
0.07140966505
0.07115552903
0.07074286316
0.07017531305
0.06944265257
0.06852418454
0.06739637325
0.06603404588
0.06440920174
0.06248972161
0.06023995983
0.0576236288
0.05460508708
0.05115119638
0.04723687698
0.0428466729
0.03799889237
0.03272239979
0.02711395607
0.02130941642
0.01545336517
0.009726294388
0.004332226891
-0.0005287725693
-0.004658936574
-0.007917857178
0.06992679213
0.06981194361
0.06953275639
0.069080904
0.06846173194
0.06766758729
0.0666805354
0.06548032763
0.06404598521
0.06235496373
0.06038206281
0.05810141099
0.05548757233
0.05251640445
0.04916718356
0.04542843772
0.04130147272
0.03680733502
0.03199587239
0.02694926235
0.02177753472
0.01659726986
0.01155059765
0.006793267727
0.002473584834
-0.001262972757
-0.004310490472
0.06848927554
0.06836693045
0.06806785677
0.0675849782
0.06692570908
0.06608463168
0.0650463325
0.06379358325
0.06230916142
0.06057504408
0.05857259044
0.05628405583
0.05369217529
0.05078205855
0.04754363186
0.04397475046
0.04008817396
0.03590361298
0.03147832974
0.02688940438
0.02222152046
0.01757132783
0.01305253462
0.008785821294
0.004883657852
0.001455733784
-0.001415919401
0.06721350872
0.06708527306
0.06677077319
0.06626399311
0.06557434134
0.06469827543
0.06362259673
0.06233286714
0.06081487431
0.05905448375
0.05703922418
0.05475760536
0.05219838637
0.04935390995
0.04622265565
0.04280844633
0.03913119661
0.03521432953
0.03111179587
0.02689249259
0.02262460097
0.0183897291
0.01428078228
0.01039316946
0.006814282777
0.003628940703
0.0009022851116
0.0661077646
0.06597528902
0.06564922002
0.06512445913
0.06441223439
0.06351065666
0.06240843956
0.06109349262
0.0595539261
0.05777933424
0.05576253713
0.05349629463
0.05097462069
0.04819488624
0.04516099057
0.04188314085
0.03838123228
0.03468778989
0.03084958244
0.02692491007
0.02297268518
0.01906245141
0.01527137858
0.01167680959
0.008348536709
0.005353754251
0.002745400761
0.06517870957
0.06504332
0.06470883062
0.06417087793
0.06344228979
0.06252261413
0.06140216594
0.06007053987
0.0585175882
0.0567369956
0.05472489026
0.05247744735
0.04999286424
0.04727257847
0.04432466594
0.04116319989
0.03780757707
0.03429335259
0.03066519411
0.02697114026
0.0232639139
0.01960397455
0.016056555
0.01268592541
0.009549591311
0.006702341616
0.004188312178
0.06443110034
0.06429388678
0.06395347722
0.06340616061
0.06266611886
0.06173407936
0.06060145128
0.05925864264
0.05769819574
0.05591650403
0.05391175649
0.05168306455
0.04923161188
0.04656191858
0.04368485202
0.04061674786
0.03737886516
0.03400573608
0.03053864809
0.02701965966
0.02349707793
0.02002477816
0.01665926676
0.01345555813
0.01046280629
0.007727110459
0.005286137513
0.06386852147
0.06373011592
0.06338577609
0.06283222241
0.06208457766
0.06114443004
0.06000381032
0.05865392467
0.05708987021
0.05530929128
0.0533120096
0.05109932158
0.04867447549
0.04604409728
0.04322074076
0.0402220801
0.03707170614
0.03380291306
0.03045261411
0.02705998647
0.02366996726
0.02033170645
0.01709575998
0.01401088129
0.01112070757
0.008465367626
0.006077780357
0.06349322128
0.06335419151
0.06300754791
0.0624502407
0.06169799442
0.06075289077
0.05960686811
0.05825314349
0.05668756833
0.05490855453
0.05291716801
0.05071604509
0.04830971975
0.04570612831
0.04291882779
0.03996635051
0.03687352281
0.03367342871
0.03039914461
0.027088586
0.02378446628
0.02053273234
0.01738015164
0.01437168132
0.01154782358
0.008944902407
0.006592576059
0.06330805054
0.06316885866
0.06282139368
0.06226261282
0.06150827432
0.06056010992
0.05941114931
0.05805543564
0.05648894712
0.05471054218
0.05272191426
0.05052637148
0.04812909321
0.04553854072
0.04276855424
0.03983970729
0.0367769414
0.03361027282
0.03037268351
0.02710194683
0.02383959441
0.02062993193
0.01751788082
0.01454665535
0.01175563784
0.009179426474
0.006845483671
0.4805787554
0.5950045289
0.4805990505
0.2141139308
-0.06866950029
0.4066595898
0.2140713388
-0.06860225934
-0.1928275273
-0.1928268426
-0.5286061489
-0.5286297474
-0.4942021874
-0.4942515053
-0.2310667925
-0.5565308953
-0.2840606639
-0.231121257
-0.5564698811
-0.6907004735
-0.826793137
-0.6906408687
-0.826771199
-0.8530224353
-0.7264452725
-0.8530009935
-0.7265040239
-0.5515412185
-0.7026863211
-0.5798048042
-0.5514373838
-0.7026045904
-0.5796681105
0.5677146683
0.4197666889
0.4725190071
0.4704797426
0.56769382
0.4197046831
0.4725681252
0.5762418065
0.5976261414
0.6070986092
0.5736461147
0.6062300657
0.576670628
0.5763702706
-0.4437311229
-0.4413340951
-0.1069200119
0.05388619108
-0.1373568505
0.1610237467
-0.1069489338
0.05386044918
-0.1373674518
-0.3721327354
-0.2901495331
-0.3130410195
-0.2820107406
-0.3051202158
-0.2843789812
-0.3735029147
-0.8146576496
-0.8186393687
-0.6484348233
-0.6344072113
-0.7221198099
-0.6308841213
-0.7246289114
-0.6496445375
-0.5413630423
-0.527728571
-0.5413223354
-0.7241156308
-0.3591310424
-0.4579349419
-0.5732497277
-0.7241170594
-0.3590219195
-0.4579312226
-0.6826406845
-0.4755701659
-0.4773387793
-0.7483609424
-0.6828103932
-0.4756051616
-0.4775477004
0.5111550983
0.4829532693
0.5306588401
0.4621818335
0.532847607
0.4647647759
0.5129244058
0.4407785884
0.4418758604
0.5762366058
0.5976190922
0.6070754162
0.5736197155
0.6062232845
0.5766660846
0.5763543339
0.5111512956
0.4829520405
0.5306360641
0.4621714905
0.5328459549
0.4647625904
0.5129127923
0.4407791657
0.4418753158
0.2230964956
0.2819258948
0.1476421938
0.2768171633
0.1491295671
0.220482693
0.1383912929
-0.06745308045
-0.02957760315
0.07652901338
-0.03758563484
0.07825709753
0.1369689901
0.2230956353
0.2819198173
0.1476480594
0.2768175912
0.1491283488
0.2204830481
0.1383898499
-0.06745341228
-0.02956138783
0.07655010164
-0.03759303373
0.07826298459
0.136974326
-0.1934306008
-0.193408976
-0.5272539077
-0.5272476886
-0.4943880295
-0.4783148347
-0.4747903026
-0.4798742944
-0.4754631394
-0.4437400584
-0.4413357921
-0.494392273
-0.4783042669
-0.4747886718
-0.4798728521
-0.4754662246
-0.588344236
-0.5384431309
-0.6017348181
-0.5415795098
-0.5951787464
-0.5803268856
-0.3721280762
-0.2901356172
-0.3130447724
-0.2820653837
-0.3051256329
-0.2843706575
-0.3734949336
-0.5883521489
-0.5384740334
-0.6017380711
-0.5415882763
-0.595184524
-0.580347785
-0.7384954692
-0.6944215662
-0.7940504119
-0.7346467489
-0.8016922525
-0.7367984602
-0.7438323582
-0.8317365528
-0.8290444136
-0.8648827058
-0.7928274683
-0.8632908944
-0.7971322916
-0.8299439642
-0.814650386
-0.8186329335
-0.7384829699
-0.694391942
-0.7940020588
-0.7345836134
-0.8016757286
-0.7367851677
-0.7437949608
-0.8317255085
-0.8290404177
-0.8648563518
-0.7927934504
-0.8632834184
-0.7971243683
-0.8299133983
-0.73096102
-0.726058072
-0.869968802
-0.8571098366
-0.9129317365
-0.8245823653
-0.9157295691
-0.826351452
-0.8701658509
-0.8377093956
-0.7262195963
-0.7330342993
-0.7810972354
-0.7313860458
-0.7830655035
-0.8332513202
-0.7309683085
-0.7260567048
-0.8699682597
-0.8571050101
-0.9129124248
-0.8245715824
-0.9157239409
-0.8263533761
-0.8701599688
-0.8377051022
-0.7262292379
-0.7330220839
-0.7810900529
-0.7313841493
-0.7830676704
-0.8332385562
-0.6343160458
-0.5512882771
-0.6051614961
-0.5799063433
-0.6063018179
-0.5797242232
-0.6314171219
-0.6484160913
-0.6343601815
-0.7220744906
-0.6308636616
-0.7246134713
-0.6495957183
-0.6343000824
-0.551271248
-0.6050815357
-0.5798904413
-0.6062825409
-0.5797131182
-0.6313729294
0.4379793087
0.3367411828
0.3965685735
0.3601985873
0.4379531084
0.3367743869
0.3964966805
0.494416937
0.5031110818
0.4615002982
0.475031764
0.5055135076
0.466120041
0.4919689784
0.3713185853
0.2865004654
0.2678137296
0.322406058
0.3713923811
0.2864742789
0.2677816406
0.4166163806
0.276612924
0.2494032112
0.3892280367
0.4166116781
0.2765778633
0.24942652
0.3037616023
0.4073963709
0.3694106868
0.3384291156
0.3711018246
0.339497947
0.3013486624
0.2008465551
0.1571227963
0.0898532652
0.2419856148
0.2007888689
0.1571806083
0.08986030841
0.163130147
0.09827977849
0.09927408519
0.05765730933
0.1152145776
0.1180868355
0.05596447495
-0.5293823582
-0.4988886814
-0.5422149364
-0.4994372059
-0.5424253228
-0.5155319546
-0.5150905809
0.06576267564
0.08781593198
0.00227875969
0.1328134776
0.06575374619
0.08781965427
0.002267526345
-0.1353316957
-0.0198873783
-0.1240380557
0.03162865396
-0.1353827149
-0.01990902598
-0.1241088177
-0.479404475
-0.170230182
-0.3130931057
-0.2137581144
-0.4791986091
-0.1703013218
-0.312904931
-0.5738400804
-0.6355503273
-0.6350746227
-0.5380548514
-0.4823554856
-0.4819508981
-0.5386071454
-0.7492435044
-0.7407657464
-0.7413067807
-0.6460372001
-0.6428954626
-0.6430450236
-0.6458955245
-0.5473640592
-0.4653295027
-0.4083463547
-0.655575022
-0.5475327656
-0.4654085481
-0.4083248191
-0.3830691644
-0.5117808818
-0.383186232
-0.2775470452
-0.1381735619
-0.237558576
-0.1689241421
-0.2775051704
-0.1381986353
-0.2375299888
-0.3986910313
-0.243037349
-0.2774904266
-0.3159863134
-0.3986900611
-0.2430722124
-0.2774840371
-0.421139056
-0.2853543296
-0.3007946912
-0.4142703404
-0.4212180174
-0.2853661632
-0.300847007
-0.3684967469
-0.2931690432
-0.2890917018
-0.4123574484
-0.3684245361
-0.2931414023
-0.2891002964
0.2234236584
0.2157374105
0.2731373841
0.1560035184
0.2743457118
0.1565987545
0.222798665
0.3037591849
0.40738879
0.3694340979
0.3384068524
0.3711055776
0.3394955573
0.3013441094
0.2234233341
0.2157265994
0.2731633719
0.1559875169
0.2743527286
0.1565961621
0.2228003154
-0.3617437218
-0.2307595752
-0.2531091551
-0.3295392911
-0.2532077385
-0.3287209203
-0.3629710345
-0.5214141253
-0.5558093777
-0.605524235
-0.4494112161
-0.6041957745
-0.4499089293
-0.518750524
-0.3617597644
-0.2307918783
-0.2531157117
-0.3296799267
-0.2532158304
-0.3287632549
-0.3630155492
-0.5214302477
-0.5557882567
-0.6055531103
-0.4494814035
-0.6041973119
-0.4499326973
-0.5187965912
-0.6803310702
-0.7041251642
-0.7338579818
-0.6633156338
-0.739154885
-0.6637122796
-0.6795422695
-0.6336014527
-0.5802261954
-0.5892863808
-0.6190680091
-0.5895594622
-0.6195685281
-0.6328730033
-0.6803007338
-0.7040981536
-0.733868784
-0.6631148745
-0.739147377
-0.6636583441
-0.6794604971
-0.6335788834
-0.5802046762
-0.5891952275
-0.6190307248
-0.5895323754
-0.6195560925
-0.6328025583
0.5689534545
0.5506574826
0.5519090291
0.5239264834
0.5362228606
0.5376900496
0.5224496072
0.4729378537
0.4439628662
0.4407773867
0.4246859981
0.4487303899
0.4435113174
0.4704468808
0.4736674533
0.5171002751
0.5179724632
0.4971023074
0.45936539
0.4610355472
0.4956768324
0.4944135783
0.4750284129
0.5031033164
0.4614880872
0.5055113145
0.4661161921
0.491958853
0.5689472278
0.5506278298
0.5519042221
0.5239215484
0.5362101135
0.5376856213
0.5224285751
0.4729374062
0.4246829236
0.4439868975
0.4407469624
0.4487319868
0.4435109116
0.4704450295
0.4736697273
0.517082307
0.5179683742
0.4971022374
0.4593653999
0.4610364084
0.4956837016
-0.1051203305
0.01096960404
-0.1332218164
0.01152004688
-0.1322071784
-0.02575941657
-0.02665577776
0.02941547633
0.08071673494
0.004116845414
0.05996605382
0.08522160757
0.007757410103
0.02675714991
-0.1361337529
-0.1375369123
-0.1364113491
-0.04454525871
-0.06003416248
-0.05826031311
-0.04602594277
0.1631142586
0.09832241414
0.09928394579
0.05765446072
0.1152424888
0.1180946449
0.055970907
-0.1051604245
0.01099055974
-0.1332953676
0.01151781521
-0.1322425964
-0.02577517673
-0.02667828933
0.02940368738
0.05995684376
0.0807161951
0.004091169483
0.08521842862
0.007745006587
0.02673204704
-0.1361436806
-0.1376096403
-0.1364272775
-0.04456169026
-0.06007081725
-0.05827113114
-0.04606828128
-0.5418581516
-0.550316292
-0.5510151363
-0.5195565408
-0.503290891
-0.5039607886
-0.5188448194
-0.5293779667
-0.4989657903
-0.5422807165
-0.4994391391
-0.5424343226
-0.5155186013
-0.5150476305
-0.5418583892
-0.5505222422
-0.5510541065
-0.51955378
-0.5034055115
-0.5039890408
-0.51886447
-0.7240549873
-0.6862629334
-0.686209889
-0.5838268669
-0.6202166466
-0.619986511
-0.5842744913
-0.4605491471
-0.4136381159
-0.3987271417
-0.3570286924
-0.4127280174
-0.3970050996
-0.4612864573
-0.5000196405
-0.5312422789
-0.4319850814
-0.4571219758
-0.5308268916
-0.4307587102
-0.5006124299
-0.5737823687
-0.6355091214
-0.6350649036
-0.5380902836
-0.4818286603
-0.481830829
-0.5386906285
-0.7240570104
-0.6862599262
-0.6862140004
-0.5838469672
-0.6202176734
-0.6199888864
-0.5843170475
-0.4606315899
-0.3570316547
-0.4132144188
-0.3988847772
-0.412676532
-0.3970635386
-0.4614882168
-0.5000478246
-0.4571278763
-0.5312329685
-0.4320360037
-0.5308274774
-0.4307826714
-0.5006765221
-0.6828605542
-0.7159463683
-0.71660035
-0.6340302365
-0.6140271892
-0.6140738464
-0.6338175982
-0.5580082477
-0.5511264935
-0.4840363004
-0.4750752348
-0.5509262469
-0.4837682164
-0.5581207701
-0.5538554405
-0.5421699615
-0.4839043233
-0.4773198078
-0.5422022938
-0.4838141667
-0.5538993089
-0.7492478424
-0.7407935899
-0.741322716
-0.6460768777
-0.6429300076
-0.6430588413
-0.6460046595
-0.6828751665
-0.7160214233
-0.7166216104
-0.6340996782
-0.6144713277
-0.6141061811
-0.634083208
-0.5580623038
-0.4750939239
-0.5511704667
-0.4841443488
-0.5509453437
-0.4838089874
-0.5582646608
-0.5539547842
-0.4773605317
-0.5429242323
-0.4840987578
-0.5423067385
-0.4838714214
-0.5542302715
0.3339311519
0.2951936641
0.3219965629
0.3035312807
0.3339309626
0.2951895412
0.321987872
0.4068331749
0.3706404823
0.3565427017
0.3686472346
0.4113455082
0.3652705805
0.3656173497
0.3005654564
0.2558745124
0.274184196
0.2780853433
0.3005578602
0.2557760989
0.2740894576
0.3454311069
0.3253149544
0.3043033555
0.3307051696
0.3666728886
0.3136799731
0.3086711106
0.4038537697
0.3953139529
0.4074307678
0.3683050665
0.3545317895
0.3637318259
0.3635073085
0.237784431
0.2056526068
0.1949865502
0.2442051013
0.2378455417
0.2056247188
0.1949950665
0.2170356135
0.2399141181
0.2142291994
0.267590592
0.2509534534
0.2303297827
0.2029415326
0.1537778771
0.1361086115
0.1233605925
0.1695684296
0.1538048397
0.1360958881
0.1233633853
0.1385351908
0.09534073602
0.107417565
0.1462252268
0.1595315118
0.1239440753
0.07995475077
-0.01361436682
0.03963001736
-0.009039751057
-0.02025752607
0.01249229312
0.02441787562
-0.02611715479
-0.21304322
-0.2966892506
-0.2958647706
-0.2641113369
-0.1965145585
-0.1950122429
-0.265501955
-0.6565487109
-0.6235643571
-0.6240280813
-0.59197276
-0.5920953999
-0.5656987307
-0.5658088064
-0.5123722192
-0.4732936828
-0.4741030242
-0.4365981653
-0.4696960054
-0.4706606009
-0.4350546552
0.02546492343
0.04048778824
0.01331143704
0.06050981655
0.02546000358
0.04048142658
0.01331152313
-0.140539661
-0.03402673377
-0.07675814819
-0.02881232927
-0.1405934725
-0.03402169764
-0.07676034435
-0.1679268201
-0.1980701672
-0.1599802292
-0.13342403
-0.1875621521
-0.1171336368
-0.1782680095
-0.3488193302
-0.3105708906
-0.3447699194
-0.3011381433
-0.2830326236
-0.2699868446
-0.3085592102
-0.4228424472
-0.4133861233
-0.4223692249
-0.3716328907
-0.3639166636
-0.3625092815
-0.3724181296
-0.4134737156
-0.3625907668
-0.3994516805
-0.3659497542
-0.4024655003
-0.368036323
-0.3535296457
-0.2664134218
-0.347396675
-0.2663387829
-0.1600758352
-0.1028780961
-0.1312161543
-0.1190736677
-0.1600809069
-0.1028844022
-0.1312135006
-0.22396986
-0.1589510567
-0.1841837432
-0.1937694948
-0.2239762426
-0.158955009
-0.1841912433
-0.2528268255
-0.199458297
-0.2116737113
-0.2438007554
-0.2528484314
-0.1994668338
-0.2116778047
-0.2337975937
-0.2092796644
-0.2102903249
-0.2490039008
-0.2338519591
-0.2092756223
-0.2103035188
0.4307191759
0.4481657608
0.4410370234
0.4226414877
0.40336914
0.4284261237
0.3973345337
0.3979833039
0.3487805564
0.3416084311
0.345121159
0.3576518205
0.3839396706
0.3559399625
0.4163710152
0.406892054
0.4267933749
0.4111496348
0.3692359951
0.394642959
0.3856024932
0.4068315396
0.3686474635
0.3706375513
0.3565806766
0.4113449419
0.3652726771
0.365624041
0.4481600047
0.4307177288
0.4410318065
0.4226398666
0.4033642222
0.4284232542
0.3973552435
0.3979773526
0.3451165746
0.3487635378
0.3416259721
0.357646867
0.3839316615
0.3559270089
0.4068866334
0.4163656881
0.4267919683
0.4111432951
0.3691849162
0.3946322067
0.3855686932
0.3821127841
0.344759051
0.3488080624
0.3422673173
0.3726072795
0.3557451824
0.328200774
0.3134160567
0.3029647434
0.279449424
0.3120587013
0.3386145419
0.2867368031
0.3076836807
0.3454233235
0.3306883069
0.3252627859
0.3043130317
0.3666649071
0.313671949
0.3086608824
0.3821224091
0.3447552751
0.3488046166
0.3422633669
0.3726058858
0.3557418352
0.3281970086
0.3134071695
0.3120596626
0.3029865227
0.2794150569
0.33861354
0.2867265633
0.3076737474
0.4175135012
0.3595315324
0.3610116346
0.4145535597
0.4165256868
0.3690253157
0.3665005943
0.328552728
0.3139755693
0.2789782725
0.3023492727
0.3347018419
0.288865024
0.3205508331
0.2521785395
0.3032090359
0.3053133328
0.3211291997
0.2700445081
0.2748660067
0.3174667937
0.3953241901
0.4039478878
0.4074418905
0.3682988262
0.35452453
0.3637271703
0.3634923502
0.4175101596
0.359488968
0.3610019427
0.4145966941
0.4165274313
0.3690179482
0.3664796536
0.3285521048
0.3023480998
0.3139912943
0.2789857694
0.334702264
0.288868407
0.3205498053
0.2521803836
0.3032053696
0.3053091994
0.3211297833
0.2700682114
0.2748694831
0.3174626879
0.204605573
0.1565587164
0.1621058495
0.1956034618
0.2264144006
0.2329929269
0.1850943754
0.2006716496
0.1899183896
0.1206704063
0.1661210765
0.1927273139
0.1792056003
0.1581282513
0.1191364212
0.1026511089
0.1291193946
0.1684659333
0.1101490386
0.1438338766
0.1427190378
0.2170357091
0.2675972641
0.2399382209
0.214249893
0.2509581678
0.230330487
0.2029442921
0.2045954339
0.156561398
0.1621070025
0.195601402
0.2263966704
0.2329896933
0.1850748726
0.2006746565
0.1661323796
0.1899110179
0.1207080486
0.1927275943
0.179214635
0.1581325417
0.1026486403
0.1191589795
0.1291210664
0.1684658538
0.1101976665
0.1438430825
0.1427275049
0.07981829251
0.09272035315
0.08530467332
0.04473937505
0.1200052611
0.06132456176
0.07019576592
0.06141018499
0.0162239149
0.0364364669
0.05743901721
0.0618246307
0.04866545037
0.05907526957
0.1385287875
0.1462338563
0.09532287138
0.1074213977
0.1595469063
0.1239487196
0.07993345529
0.07982151288
0.09271300597
0.08524759595
0.04487349801
0.1200298854
0.06136185466
0.07019208497
0.06140426172
0.05743173088
0.01624999539
0.0364253522
0.06182712137
0.04866154536
0.05906910169
-0.1340956035
-0.06918253558
-0.06697403053
-0.07180263882
-0.1311760905
-0.1298132309
-0.07397753073
-0.02667540717
-0.007581912289
-0.03681010489
0.01237978569
0.01960022774
-0.02944458113
-0.03511759669
-0.07596047696
-0.1271024105
-0.07257720748
-0.1170513201
-0.124884967
-0.0841343794
-0.0759024772
0.03962240264
-0.01364430291
-0.00904745493
-0.02026627354
0.0125248662
0.02443661176
-0.02614575592
-0.1341265129
-0.06920474931
-0.06698398338
-0.07182210035
-0.1312798019
-0.129854525
-0.07401692433
-0.02669054442
0.01236707886
-0.007593212211
-0.03683820856
0.01959217302
-0.02945426201
-0.03515428612
-0.07598083747
-0.1170750404
-0.1271990455
-0.07262950169
-0.1249199716
-0.08415179991
-0.07595558158
-0.4784735586
-0.3897266559
-0.389456664
-0.4115756485
-0.4106437103
-0.3385114784
-0.339112709
-0.2356943012
-0.1818068292
-0.2159195398
-0.1602236208
-0.1777182704
-0.2109351498
-0.2386263536
-0.3574264651
-0.3116191322
-0.3562829177
-0.2969652795
-0.2646378848
-0.2628418736
-0.2983730795
-0.2131009965
-0.2968845518
-0.2959161489
-0.2641826049
-0.1967162142
-0.1950829922
-0.265828156
-0.4783863816
-0.3898028677
-0.3894590289
-0.4108797162
-0.4104145581
-0.3385128003
-0.3397818737
-0.2357386349
-0.1602470747
-0.1819516771
-0.216044012
-0.1777693398
-0.2109500897
-0.2388577544
-0.3115627813
-0.3562396528
-0.3559872505
-0.2968522867
-0.2644891525
-0.2627843043
-0.2983790402
-0.547892421
-0.5851866948
-0.5856299908
-0.5351292801
-0.5019129891
-0.5025879097
-0.5347244037
-0.5255582842
-0.4658584687
-0.5259442271
-0.5055373457
-0.4495511103
-0.4503302045
-0.5053565822
-0.4815836451
-0.4538107387
-0.430147962
-0.4102023915
-0.4551951216
-0.4312747342
-0.4808735926
-0.6564536293
-0.6231973282
-0.6239464004
-0.5914264966
-0.5918776475
-0.5653576414
-0.5638943494
-0.5479483121
-0.5851660929
-0.5856560784
-0.5351803421
-0.5022130251
-0.5026853853
-0.5348155874
-0.4658290511
-0.5261887742
-0.525912241
-0.5052815149
-0.4491431846
-0.4501985064
-0.504260635
-0.4816129671
-0.4102168647
-0.4540354962
-0.4298093367
-0.4552746151
-0.4311891302
-0.4809051314
-0.4003700944
-0.425133026
-0.3511851189
-0.3878119713
-0.427951393
-0.3697930976
-0.3938106936
-0.5123524244
-0.4733566647
-0.4741239706
-0.4365891233
-0.469640559
-0.4706532094
-0.4349915182
-0.4003629258
-0.3878462116
-0.4251955617
-0.3511782227
-0.4279713844
-0.369790591
-0.3937783255
-0.2742297911
-0.2172454934
-0.2359278827
-0.2513933087
-0.2351224054
-0.2407872608
-0.208290004
-0.2025511158
-0.2538669361
-0.1884100072
-0.1559137361
-0.1858240355
-0.1765889357
-0.1960868224
-0.1679348106
-0.1334302368
-0.1980911527
-0.1599960599
-0.1875501306
-0.1171408215
-0.1782905477
-0.2742096587
-0.2172297502
-0.2357813059
-0.2513455164
-0.2350855514
-0.2407721934
-0.2082793597
-0.2025398823
-0.1559111809
-0.2538210127
-0.1884077084
-0.1858241238
-0.1765909717
-0.1960700983
-0.3766381398
-0.3972859378
-0.3742853973
-0.327284789
-0.3502212466
-0.3479579585
-0.3311178811
-0.2607394901
-0.2665104078
-0.2504934518
-0.1901410688
-0.221291021
-0.2298352939
-0.2782831604
-0.2868383142
-0.3105739942
-0.261922014
-0.2734303501
-0.3065380255
-0.2530283776
-0.2941582523
-0.3105547124
-0.348861203
-0.3447876869
-0.3011429296
-0.2829595058
-0.269966333
-0.3085602435
-0.39728974
-0.3766704031
-0.3742963192
-0.3273003946
-0.3502343445
-0.3479633956
-0.3311666226
-0.2607411017
-0.1901528737
-0.2665260523
-0.2504846678
-0.2212985941
-0.2298341127
-0.2782831537
-0.28684407
-0.2734327001
-0.3105838045
-0.2619483719
-0.30654219
-0.2530335413
-0.2941751828
-0.4246265523
-0.4213083981
-0.4243899797
-0.3747089048
-0.3732055025
-0.3735155682
-0.3751828237
-0.3289665868
-0.3218964123
-0.2962494034
-0.2825451256
-0.3192697029
-0.295360026
-0.3306081728
-0.331820844
-0.3326196882
-0.2964128154
-0.3033423183
-0.3322315439
-0.2957289676
-0.3330059782
-0.4134010869
-0.4229253691
-0.4223993771
-0.3716525739
-0.3639468669
-0.3625203431
-0.372483228
-0.4213405415
-0.4247177523
-0.4244244163
-0.3747240168
-0.3732610926
-0.3735383601
-0.3752155061
-0.3289813854
-0.282552681
-0.3219178429
-0.2963043607
-0.3192781407
-0.2953754926
-0.3306491842
-0.3318353805
-0.3033563125
-0.3326842184
-0.2964322051
-0.3322466713
-0.2957388438
-0.3330472992
-0.3520267964
-0.3839854582
-0.3345426233
-0.370915406
-0.3872864407
-0.345067156
-0.3394782082
-0.3160271811
-0.3264811579
-0.2976481478
-0.2958807116
-0.326352359
-0.2981959955
-0.3158731618
-0.4135025209
-0.3626143944
-0.399443732
-0.3660100924
-0.4024257378
-0.3680620935
-0.3535831194
-0.3520150121
-0.3709008927
-0.3837574266
-0.3345021192
-0.3871981246
-0.3450567515
-0.339458129
-0.3160599767
-0.2958872874
-0.3264685545
-0.2976870734
-0.3263617282
-0.2982152852
-0.3159084928
-0.3257217233
-0.3136603492
-0.3477985489
-0.3236304301
-0.3183463931
-0.3037770678
-0.3115485099
0.2532378792
0.2138673503
0.2847574997
0.2629698563
0.2570806763
0.2367925282
0.2244360146
0.2847699034
0.2532974299
0.2139218828
0.2629838664
0.2570885322
0.236805049
0.2244842327
-0.07978278676
-0.1381998314
-0.08465255411
-0.08724956537
-0.06709888191
-0.07683249987
-0.08960543977
-0.08466947495
-0.0798277481
-0.1382361197
-0.08726251611
-0.06711048781
-0.07684250717
-0.08963730324
-0.3478256292
-0.3257621231
-0.313707735
-0.3236285574
-0.3183436438
-0.3037649691
-0.3115589857
-0.1994851466
-0.1995099916
-0.1987064738
-0.1995236764
-0.1995543076
-0.1987514188
-0.542027655
-0.5455276696
-0.5487760317
-0.542036537
-0.5455343537
-0.5487831738
0.6098588558
0.6150649241
0.6163260482
0.6336876001
0.6402630488
0.646191498
0.6291531153
0.6332383098
0.6341030923
0.6135160179
0.6211287561
0.6273086068
-0.4458474275
-0.4467503677
-0.4458679814
-0.3595318395
-0.3629210182
-0.364179084
-0.3542874816
-0.3567275955
-0.3547466262
0.5512618941
0.5559277096
0.5567699438
0.5553946594
0.562151856
0.567469316
0.609853296
0.6150593561
0.616320587
0.6336648852
0.6402398881
0.6461678621
0.6291458731
0.6332309486
0.6340957182
0.6134990121
0.6211113904
0.6272910471
0.5512586202
0.5559244876
0.5567668275
0.5553841042
0.5621412342
0.5674586903
0.4453328729
0.4479626352
0.4522830753
-0.3473547676
-0.3482319736
-0.3493961958
-0.3473700122
-0.3482460415
-0.3494098202
-0.001201128203
0.003580618158
0.006315237446
-0.004269329092
0.0007261289017
0.003246270872
0.139196474
0.1373821623
0.1377047033
-0.001194847481
0.003586668261
0.006322374848
-0.004272062059
0.0007235865404
0.003243735145
-0.1987526588
-0.197987986
-0.1956150806
-0.1987665253
-0.1980070154
-0.1956341166
-0.5370910208
-0.5383484741
-0.5371895318
-0.5370863098
-0.538343965
-0.5371847512
-0.3963228083
-0.3970641686
-0.3989133222
-0.4504162934
-0.4531127258
-0.4558620879
-0.8137756194
-0.8147407871
-0.8198530725
-0.6499923153
-0.6549900292
-0.6589541274
-0.7416984973
-0.7468835148
-0.7526841563
0.4453330885
0.4479623592
0.4522811101
0.3193375926
0.3259343251
0.3303789862
0.1396572291
0.1384739514
0.139776582
0.3193318167
0.3259302118
0.3303769
0.1396607953
0.1384780785
0.1397820627
-0.3963228738
-0.3970649109
-0.398913464
-0.4504212065
-0.4531160555
-0.4558648132
-0.6723877861
-0.6794793862
-0.6826806791
-0.6723856541
-0.6794813072
-0.6826855757
-0.8137683707
-0.8147333832
-0.8198473338
-0.7542450878
-0.7601892952
-0.7643166138
-0.7542455311
-0.7601883154
-0.7643162369
-0.7416568241
-0.746843111
-0.7526438505
-0.3940243619
-0.3931671661
-0.3917804595
-0.8117953217
-0.8095035707
-0.8082253794
-0.7990604959
-0.7997427429
-0.7948153454
-0.8056158789
-0.809133141
-0.8111211025
-0.8679134138
-0.8675194583
-0.8661329586
-0.9534801634
-0.9629930137
-0.9714854557
-0.9498086769
-0.9555711908
-0.9564747907
-0.8742357972
-0.8771921235
-0.8828271902
-0.64337749
-0.6457917426
-0.6444970439
-0.7382802901
-0.7406003205
-0.7405029239
0.4430864495
0.4439052668
0.444806079
0.4430852643
0.4439049455
0.4448071483
-0.34344655
-0.3429756562
-0.3412669549
-0.3434514087
-0.3429802857
-0.3412710912
0.3153713821
0.3208907473
0.3226695335
0.1391985698
0.1373836601
0.1377052071
0.3153690524
0.3208886985
0.3226687589
-0.5340114337
-0.5324284665
-0.5339325961
-0.3595470828
-0.3629384005
-0.3641974318
-0.3542943452
-0.3567342856
-0.354753574
-0.5340389987
-0.5324569808
-0.5339631232
-0.5329236743
-0.5293257971
-0.5265621726
-0.4931889702
-0.495747594
-0.4984109373
-0.6246163095
-0.6285733211
-0.6328827084
-0.4901117745
-0.4907070616
-0.4893534922
-0.6207221144
-0.6222546661
-0.621555606
-0.6499415772
-0.6549376095
-0.658900826
-0.6433572632
-0.64577147
-0.6444766732
-0.4931755358
-0.495735007
-0.4983989881
-0.6245557793
-0.6285131689
-0.632820085
-0.4901090625
-0.4907040826
-0.4893505144
-0.620704336
-0.6222364777
-0.6215367321
-0.3940263318
-0.3931688861
-0.3917813926
-0.4458485233
-0.4467511005
-0.4458682311
-0.532916304
-0.5293174566
-0.5265524266
-0.6673790122
-0.6718640086
-0.6692345106
-0.6673791552
-0.671865456
-0.6692378152
-0.9008696499
-0.9079558858
-0.9069004767
-0.8752935896
-0.8777260399
-0.8817014463
-0.8685707324
-0.8677524272
-0.8645514715
-0.9037275463
-0.9143871163
-0.9206531122
-0.8117893293
-0.8094988044
-0.8082220348
-0.7990444883
-0.7997261411
-0.7947986414
-0.805572269
-0.8090878163
-0.8110745788
-0.9008577432
-0.9079438678
-0.9068886114
-0.8752686491
-0.8777009244
-0.8816760527
-0.8685623964
-0.8677439912
-0.8645431991
-0.9036951741
-0.9143541176
-0.9206197252
-0.7464548269
-0.7494786601
-0.7473795157
-0.8592955643
-0.8625068191
-0.8626636874
-0.862926734
-0.8694906622
-0.8765066606
-0.8679126187
-0.8675187844
-0.8661323834
-0.9534646989
-0.9629776544
-0.9714698754
-0.9498041634
-0.9555667456
-0.9564702705
-0.8742296621
-0.8771859843
-0.8828210724
-0.7464513157
-0.749475168
-0.7473764883
-0.8592947176
-0.8625064429
-0.8626635639
-0.8629216288
-0.8694864619
-0.8765028924
-0.7382659749
-0.7405857594
-0.7404881154
)
;

boundaryField
{
    inlet
    {
        type            zeroGradient;
    }
    outlet
    {
        type            fixedValue;
        value           nonuniform 0();
    }
    topAndBottom
    {
        type            symmetry;
    }
    frontAndBack
    {
        type            empty;
    }
    cylinder
    {
        type            zeroGradient;
    }
    procBoundary2to0
    {
        type            processor;
        value           nonuniform List<scalar> 
75
(
0.09537487139
0.09562820071
0.09625263374
0.09726850425
0.09867299736
0.1004966607
0.1027980805
0.1056547517
0.1091692686
0.1134780563
0.1187622555
0.1252655853
0.1333192611
0.1433805113
0.1560864629
0.1723605986
0.1934800639
0.2215351103
0.258742244
0.3035327842
0.3602131658
0.4705034175
0.5950309083
0.5949998185
0.5677117922
0.4704792806
0.567691178
0.5976212993
0.6070906393
0.6062222296
0.5976143216
0.6070674362
0.606215492
0.437978556
0.3601997381
0.4379530826
0.5031099501
0.4750309645
0.5055125302
0.5689505311
0.5362212216
0.5376884554
0.4750278342
0.5031025797
0.5055104869
0.5689444005
0.5362087529
0.5376841384
0.3339340948
0.3035362791
0.3339359479
0.3706399269
0.3686479273
0.4113461334
0.4481653839
0.4033686187
0.4284264268
0.3686485014
0.3706379602
0.411345976
0.4481599357
0.403364611
0.428423927
0.633681002
0.6402564644
0.6461848576
0.6291467892
0.6332320601
0.6340968678
0.6336583741
0.6402334135
0.6461613443
0.6291396121
0.6332247685
0.634089564
)
;
    }
    procBoundary2to3
    {
        type            processor;
        value           nonuniform List<scalar> 
103
(
-0.1954779827
-0.1954779827
-0.1954779827
-0.1954779827
-0.1954779827
-0.1954779827
-0.1446520854
-0.1089160285
-0.0820979233
-0.06264378806
-0.04773051756
-0.03632572843
-0.02741138296
-0.02037711302
-0.01476963545
-0.01026625321
-0.006634546798
-0.003701274495
-0.001339239701
0.0005470676208
0.002028938957
0.003159475914
0.003976622314
0.004508362232
0.004770455876
-0.4161593666
-0.3962362409
-0.4166479953
-0.3980042498
-0.3448692014
-0.3424838177
-0.3448849683
-0.3424884643
-0.4502715691
-0.4502715691
-0.4495786118
-0.4495786118
-0.4561421047
-0.4562469191
-0.4161577665
-0.3962317036
-0.4166431435
-0.3980042161
-0.4502729436
-0.4502729436
-0.4495734607
-0.4495734607
-0.4560385183
-0.4562411498
-0.4758796822
-0.4765055629
-0.4885419429
-0.4879621595
-0.4871215388
-0.4675348073
-0.4683286508
-0.4864198918
-0.4759765593
-0.4765079915
-0.4885369898
-0.4879797887
-0.4871129209
-0.4675189548
-0.4683241622
-0.4864062926
-0.4362347532
-0.4375113542
-0.4021596874
-0.4004915304
-0.2820063619
-0.2820063619
-0.2820063619
-0.2820063619
-0.2447037631
-0.2819858048
-0.2819858048
-0.2819858048
-0.2819858048
-0.2446636538
-0.3693600756
-0.320925217
-0.3466292011
-0.3631049526
-0.4363452004
-0.4375333083
-0.402174245
-0.4005385506
-0.3693629894
-0.3208942739
-0.3466185638
-0.3631180124
-0.2894296435
-0.288227276
-0.2885825481
-0.2894387979
-0.2882365911
-0.2885919817
-0.2872594028
-0.2848809672
-0.2829516267
-0.2872639989
-0.2848856669
-0.2829564176
)
;
    }
}


// ************************************************************************* //
