/*--------------------------------*- C++ -*----------------------------------*\
| =========                 |                                                 |
| \\      /  F ield         | OpenFOAM: The Open Source CFD Toolbox           |
|  \\    /   O peration     | Version:                                        |
|   \\  /    A nd           | Website:  www.openfoam.com                      |
|    \\/     M anipulation  |                                                 |
\*---------------------------------------------------------------------------*/
FoamFile
{
    version     2.0;
    format      ascii;
    class       surfaceScalarField;
    location    "7.3";
    object      phi;
}
// * * * * * * * * * * * * * * * * * * * * * * * * * * * * * * * * * * * * * //

dimensions      [0 3 -1 0 0 0 0];
oriented        oriented;


internalField   nonuniform List<scalar> 
5126
(
7.152863674e-05
2.63656001e-09
4.539026092e-05
-0.0001169399172
0.0002489392558
3.917559294e-05
-7.796771477e-07
-0.0002873705641
0.0003783027892
-0.001715119302
0.0001913280155
1.731724252e-09
0.0003633852959
0.0003988958006
0.0003829636589
-0.007686421041
0.0007468214258
0.001855384322
0.001613873146
0.001855385663
0.001613894686
-0.007910703421
0.0002234816023
-0.007595167221
-0.0003158345995
-0.006730358404
-0.0008644833827
-0.005368439935
-0.00136101078
-0.003630991776
-0.001736037107
-0.001658682338
-0.001970636455
0.0004126354402
-0.002069658989
0.002473397869
-0.002059373177
0.004441153229
-0.001966775645
0.006265147864
-0.001823461742
0.0079213071
-0.001656029924
0.009404465791
-0.001483369471
0.01072164178
-0.001317619928
0.01188524677
-0.001164140119
0.01291233948
-0.001027637448
0.0138194575
-0.0009076357942
0.01462211343
-0.0008031183299
0.01533414622
-0.0007124263374
0.01596751253
-0.0006336882679
0.01653232506
-0.0005650646734
0.01703701541
-0.0005048785498
0.01748851642
-0.0004516317995
0.01789244249
-0.0004040053965
0.01825324124
-0.000360834967
0.01857429728
-0.0003210603799
0.01885803825
-0.0002837196189
0.01910606405
-0.0002479906506
0.01931938212
-0.0002132777089
0.01949875989
-0.0001793382889
0.01964518643
-0.0001463913883
0.01976035278
-0.0001151366676
0.01984701347
-8.663647775e-05
0.01990688023
-5.984833785e-05
0.01994568848
-3.879520128e-05
0.01996993823
-2.423996487e-05
0.01998460922
-1.466333367e-05
0.01999384985
-9.234845656e-06
0.0200006349
-6.78092021e-06
0.02000671791
-6.080092723e-06
0.02001283222
-6.1120246e-06
0.0200190265
-6.191981912e-06
0.02002501096
-5.981672982e-06
0.0200304267
-5.412157698e-06
0.02003500269
-4.571562837e-06
0.02003861058
-3.602746451e-06
0.02004125067
-2.634437622e-06
0.0200430068
-1.75025554e-06
0.02004399867
-9.859975667e-07
0.02004434686
-3.425373134e-07
0.02004415466
1.97511161e-07
0.02004350327
6.562752396e-07
0.02004245495
1.052764261e-06
0.02004105877
1.4002089e-06
0.02003935551
1.706908883e-06
0.02003738117
1.97769242e-06
0.02003516811
2.216134572e-06
0.02003274558
2.425396844e-06
0.02003013974
2.608518429e-06
0.02002737374
2.768511375e-06
0.02002446799
2.908123449e-06
0.02002144046
3.029788735e-06
0.020018307
3.135599468e-06
0.02001508176
3.227293977e-06
0.0200117773
3.306427854e-06
0.02000840514
3.374073677e-06
0.02000497354
3.433462071e-06
0.02000148402
3.49134047e-06
3.520765328e-06
6.332357027e-05
-0.0001435990702
4.325010657e-08
0.0001564504488
-7.621819982e-05
-0.0001396013303
0.0001252452267
-3.388087968e-07
-0.000142875927
0.0001575708392
0.0001710114529
-0.0003893576781
-0.0006182233273
0.0004189580544
1.100794648e-08
0.0001180849204
0.0001769140244
0.0001226015524
-0.001372712351
0.0008965791116
0.0005559836533
5.544936345e-05
0.0005560472955
5.547435602e-05
-0.001242073018
9.284224497e-05
-0.0007016734317
-0.000856234196
0.0002163822432
-0.001782539043
0.001446941636
-0.002591570159
0.002902002532
-0.003191097998
0.004479564958
-0.003548198881
0.006085161741
-0.003675255767
0.007640440849
-0.003614652284
0.00909488803
-0.003421222828
0.01042047219
-0.003149045902
0.01160647564
-0.002842033378
0.01265445835
-0.002531352174
0.01357337737
-0.002236538946
0.01437726768
-0.001968030419
0.01507945146
-0.001729821232
0.01569373828
-0.001521922616
0.01623270143
-0.001342081479
0.01670728804
-0.001187012944
0.01712677138
-0.0010531716
0.01749886945
-0.0009371627412
0.01783036454
-0.0008363736452
0.01812484717
-0.0007461144276
0.01838769359
-0.0006668518194
0.01862229005
-0.0005954314282
0.01883136529
-0.0005301356168
0.01901710542
-0.0004694597542
0.01918122665
-0.0004121118756
0.01932504327
-0.0003570943283
0.01944956113
-0.0003038561447
0.01955562566
-0.0002524559208
0.01964411856
-0.0002036295662
0.01971585491
-0.0001583728202
0.01977094537
-0.0001149387938
0.01981439172
-8.224154746e-05
0.01984724991
-5.709815168e-05
0.0198719658
-3.937922315e-05
0.0198908428
-2.811184231e-05
0.01990581204
-2.175015572e-05
0.01991830256
-1.857061235e-05
0.01992922934
-1.703881034e-05
0.01993907672
-1.603935971e-05
0.01994803207
-1.493702794e-05
0.01995612318
-1.350326801e-05
0.01996332657
-1.177495481e-05
0.01996963289
-9.909074582e-06
0.01997507263
-8.074170951e-06
0.01997971365
-6.391277284e-06
0.01998364588
-4.918229284e-06
0.01998696402
-3.660673441e-06
0.01998975518
-2.593645375e-06
0.01999209334
-1.681882615e-06
0.01999403902
-8.929159719e-07
0.01999564195
-2.027166695e-07
0.01999694342
4.054429615e-07
0.01999797969
9.414214981e-07
0.0199987827
1.41312418e-06
0.01999938097
1.827130844e-06
0.01999979995
2.189533521e-06
0.02000006215
2.506309383e-06
0.02000018745
2.782821694e-06
0.0200001934
3.02383744e-06
0.02000009555
3.233448017e-06
0.01999990773
3.415116918e-06
0.01999964227
3.57188366e-06
0.01999931042
3.705922358e-06
0.01999892262
3.821259445e-06
0.01999850209
3.911868529e-06
4.025209565e-06
-5.414744045e-05
-0.0001350142628
-1.306943574e-07
0.0001109836102
7.830878545e-05
-0.0001596427717
-0.0001379595213
0.0001617328863
0.0001365547095
-6.853031854e-07
0.006397107824
0.0009422818233
-0.0004664064584
-0.0003416392772
-0.0004670195616
-0.0003411892648
-0.001111950716
-0.001749532463
-0.001112001736
-0.001749650142
0.007014579323
0.0002791075944
0.007667793932
-0.0005603723908
0.008433244887
-0.001621685152
0.009275491933
-0.002624786083
0.01019202354
-0.003508101769
0.01112838886
-0.004127463315
0.01205168587
-0.004471495888
0.01292957062
-0.004553140513
0.01374252198
-0.004427603652
0.0144803855
-0.004159086342
0.01514021405
-0.003808874441
0.01572404965
-0.003425868973
0.01623697922
-0.003044281737
0.01668568763
-0.002685247351
0.01707741094
-0.002359753726
0.01741929421
-0.002071704497
0.01771794877
-0.001820577172
0.01797929443
-0.001603427144
0.01820851753
-0.001416236034
0.01841008803
-0.001254742104
0.01858780572
-0.001114880431
0.01874440975
-0.0009929776706
0.01888412222
-0.000885826897
0.01900793912
-0.0007906687146
0.01911771783
-0.0007052101396
0.01921512768
-0.0006275454694
0.01930176718
-0.0005560992463
0.01937923588
-0.0004895805718
0.01944912076
-0.0004269792097
0.01951337243
-0.0003681078082
0.01957172684
-0.0003108103281
0.01962594016
-0.000257842885
0.01967427001
-0.0002067026748
0.01972040162
-0.0001610704035
0.01976192669
-0.0001237666168
0.01979835643
-9.352788525e-05
0.01982943343
-7.045621748e-05
0.01985526709
-5.394550205e-05
0.01987634011
-4.28231718e-05
0.01989340189
-3.563239265e-05
0.01990730455
-3.094147328e-05
0.01991884612
-2.758093208e-05
0.01992866686
-2.475776661e-05
0.01993721388
-2.205029256e-05
0.01994476231
-1.932338575e-05
0.01995146639
-1.661315923e-05
0.0199574141
-1.402188063e-05
0.01996266833
-1.164550421e-05
0.01996728922
-9.539116243e-06
0.01997134085
-7.712309792e-06
0.01997488924
-6.142030167e-06
0.01997799764
-4.790275073e-06
0.01998072296
-3.618239273e-06
0.01998311431
-2.594060884e-06
0.01998521403
-1.694272934e-06
0.019987058
-9.025446559e-07
0.01998867759
-2.06463857e-07
0.01999010009
4.046208857e-07
0.01999134986
9.397633722e-07
0.01999244837
1.40780184e-06
0.01999341473
1.816465113e-06
0.01999426582
2.172738653e-06
0.01999501666
2.482612117e-06
0.01999568057
2.751205584e-06
0.01999626947
2.982974984e-06
0.01999679424
3.181158306e-06
0.01999726379
3.351708678e-06
0.01999769271
3.482947518e-06
3.656039127e-06
-6.087933361e-05
-0.0006528347333
-1.021271331e-07
0.000641347261
7.246893743e-05
-0.0006802833943
-0.0003693482764
0.003137476893
0.0002395348074
1.961129976e-08
-0.0008252013461
-0.0006794114852
-0.0008227867663
0.01593336667
0.0005475063167
-0.0033422152
-0.004427349529
-0.003341717303
-0.004427309152
0.01641209922
-0.0001996249674
0.01698448946
-0.001132762629
0.01745426559
-0.002091461265
0.01777294121
-0.002943461704
0.01804315658
-0.00377831714
0.01821812961
-0.004302436341
0.01834850377
-0.004601870047
0.01843136377
-0.004636000507
0.01849018411
-0.004486423995
0.01853847021
-0.00420737244
0.01858737228
-0.003857776497
0.0186424892
-0.003480985886
0.01870551609
-0.003107308621
0.01877559122
-0.002755322472
0.01885050176
-0.002434664266
0.01892756434
-0.002148767073
0.01900420467
-0.001897217502
0.01907830036
-0.001677522824
0.01914833415
-0.001486269827
0.01921338958
-0.001319797531
0.01927304688
-0.001174537736
0.0193272375
-0.001047168287
0.01937610031
-0.0009346897026
0.01941990296
-0.0008344713629
0.01945898506
-0.0007442922423
0.01949379815
-0.0006623585535
0.01952498018
-0.0005872812742
0.01955342503
-0.0005180254252
0.01958028991
-0.0004538440796
0.01960640681
-0.0003942247022
0.01963446838
-0.0003388719018
0.01966434262
-0.0002877171241
0.01969693911
-0.0002392991565
0.01972999401
-0.0001941253095
0.01976355558
-0.0001573281796
0.019796136
-0.0001261083072
0.01982626781
-0.0001005880217
0.01985284802
-8.052571486e-05
0.01987533702
-6.531217201e-05
0.01989377244
-5.406780371e-05
0.01990863063
-4.579967196e-05
0.0199206137
-3.95639943e-05
0.01993044515
-3.458922243e-05
0.01993873104
-3.033618501e-05
0.01994590294
-2.649529128e-05
0.01995222758
-2.293780067e-05
0.01995785228
-1.964657976e-05
0.01996285693
-1.665015491e-05
0.0199672942
-1.397637903e-05
0.01997121199
-1.163010287e-05
0.0199746612
-9.591230493e-06
0.01997769473
-7.823803219e-06
0.0199803639
-6.287410712e-06
0.01998271534
-4.945496126e-06
0.01998478979
-3.768726866e-06
0.01998662199
-2.734735055e-06
0.01998824175
-1.826227883e-06
0.01998967523
-1.028857415e-06
0.01999094525
-3.302544854e-07
0.01999207193
2.811195744e-07
0.01999307329
8.150961025e-07
0.01999396526
1.280774605e-06
0.01999476206
1.685807885e-06
0.01999547636
2.036897976e-06
0.01999611946
2.339879542e-06
0.0199967016
2.59901644e-06
0.01999723132
2.821984445e-06
0.01999772065
2.993616824e-06
3.21998157e-06
-0.0001278306513
-0.006262490459
0.006103092156
0.000651786001
5.520455163e-08
-0.0001206930253
-0.0001257806077
-0.0001181385942
0.02473517358
0.001551302541
-0.0003509619511
-0.0002536427735
-0.0003512197556
-0.0002538556393
-0.006076982825
-0.006461680306
-0.006076614503
-0.006461518361
0.02454454252
0.0007381373853
0.02445497254
-0.0001100549853
0.02434105611
-0.001018846192
0.024081079
-0.001831484155
0.02379248729
-0.002654869994
0.02331742902
-0.003303258865
0.02271210709
-0.003697114409
0.02213969492
-0.004029457876
0.02159085636
-0.004087161947
0.02112305605
-0.00401862369
0.0207245595
-0.00380887588
0.02040102872
-0.003534245709
0.02014706074
-0.00322701789
0.01995530641
-0.002915554294
0.01981663779
-0.002616653846
0.0197211043
-0.002339130776
0.01965907523
-0.002086737996
0.01962194768
-0.001860089945
0.01960253143
-0.001658106564
0.019595173
-0.001478911404
0.01959566674
-0.00132029127
0.01960103156
-0.001179902549
0.01960923772
-0.001055374448
0.0196189482
-0.0009444001844
0.01962931201
-0.0008448351669
0.01963981635
-0.0007547965795
0.01965020362
-0.0006727458283
0.01966044662
-0.0005975242744
0.01967075977
-0.0005283385669
0.01968160754
-0.0004646918483
0.01969366453
-0.0004062816848
0.01970769121
-0.000352898583
0.01972433362
-0.0003043595332
0.01974537976
-0.0002603452878
0.01976752168
-0.0002162672307
0.01979160462
-0.0001814111241
0.01981645335
-0.0001509570323
0.01984073368
-0.0001248683504
0.0198632474
-0.0001030394299
0.01988316108
-8.522585388e-05
0.0199001066
-7.101332313e-05
0.01991414651
-5.983957749e-05
0.01992564263
-5.106012069e-05
0.0199350931
-4.403968874e-05
0.0199429917
-3.823478387e-05
0.01994974154
-3.324513727e-05
0.01995562667
-2.882293177e-05
0.01996082459
-2.484449774e-05
0.01996543944
-2.126500792e-05
0.0199695352
-1.807213155e-05
0.01997316022
-1.525512725e-05
0.01997635936
-1.279036407e-05
0.01997917792
-1.064236377e-05
0.01998166077
-8.77025475e-06
0.01998384949
-7.134212732e-06
0.01998578124
-5.700484338e-06
0.01998748851
-4.441994444e-06
0.01998899882
-3.336539093e-06
0.01999033645
-2.366495815e-06
0.01999152228
-1.516080715e-06
0.01999257527
-7.718723939e-07
0.01999351183
-1.21460491e-07
0.01999434663
4.459643286e-07
0.01999509299
9.394529024e-07
0.01999576254
1.367346058e-06
0.01999636583
1.736588325e-06
0.01999691243
2.052413986e-06
0.01999741007
2.324339135e-06
0.0199978702
2.533489075e-06
2.809507528e-06
0.02607558695
0.002849861192
-0.0007201868649
-0.0007203850447
0.02634509721
0.002212950209
-0.0006825513243
-0.0005587285499
-0.0006819293929
-0.0005592511987
0.026414302
0.001482097783
0.02639315418
0.0007592851924
0.0263155721
-3.247289532e-05
0.0261122209
-0.0008154949953
0.02581277468
-0.001532037935
0.02534547598
-0.002187571282
0.02471798727
-0.002675770151
0.02410848321
-0.003087610347
0.02339838027
-0.003319354942
0.02266291554
-0.003351697215
0.02203813417
-0.00339384232
0.02149759509
-0.00326833679
0.02106802411
-0.003104674719
0.02073069943
-0.002889693209
0.02046594025
-0.002650795111
0.02026248449
-0.002413198078
0.02010967687
-0.00218632316
0.01999732836
-0.001974389475
0.01991630947
-0.001779071051
0.01985887588
-0.001600672971
0.01981877808
-0.001438813607
0.01979119606
-0.001292709242
0.01977255209
-0.001161258585
0.01976027353
-0.00104309588
0.01975255981
-0.0009366864616
0.01974818607
-0.0008404614234
0.01974634771
-0.0007529582182
0.01974653874
-0.0006729368605
0.01974846659
-0.0005994521251
0.01975199645
-0.0005318684177
0.01975712156
-0.0004698169613
0.01976394055
-0.0004131006709
0.01977262173
-0.0003615797582
0.01978333475
-0.0003150725493
0.0197963015
-0.0002733120415
0.01981232596
-0.0002322916883
0.01982862962
-0.0001977147854
0.01984591772
-0.0001682451223
0.01986341152
-0.0001423621538
0.01988031572
-0.0001199436293
0.01989596254
-0.0001008726705
0.01990991207
-8.49628454e-05
0.01992198567
-7.191318296e-05
0.01993223458
-6.13090227e-05
0.01994086531
-5.267042675e-05
0.01994815428
-4.552375144e-05
0.01995437678
-3.946763535e-05
0.01995976242
-3.420858194e-05
0.01996448087
-2.956293996e-05
0.01996864711
-2.543124826e-05
0.01997233753
-2.176255253e-05
0.01997560563
-1.852323113e-05
0.01997849555
-1.568027632e-05
0.01998104721
-1.319401926e-05
0.01998329837
-1.102141839e-05
0.01998528523
-9.121072649e-06
0.01998704015
-7.455400605e-06
0.01998859189
-5.993732211e-06
0.01998996557
-4.710213981e-06
0.01999118281
-3.583742101e-06
0.01999226284
-2.596107878e-06
0.01999322225
-1.731284498e-06
0.01999407604
-9.75249125e-07
0.01999483771
-3.157130029e-07
0.01999551885
2.583147709e-07
0.01999613017
7.560186793e-07
0.01999668127
1.185494697e-06
0.0199971806
1.553079466e-06
0.01999763572
1.869217019e-06
0.01999805633
2.112884378e-06
2.433969711e-06
0.02541699132
0.002441804465
0.02573303857
0.001896902956
0.02588183023
0.001333306131
0.02596707899
0.0006740364305
0.02587194324
6.26628594e-05
0.02568127188
-0.0006248236347
0.02539560139
-0.001246367441
0.02499627705
-0.001788246938
0.02453884751
-0.002218340608
0.02400366231
-0.002552425152
0.02340786759
-0.002723560229
0.02289905905
-0.002842888661
0.02235138279
-0.002846166059
0.02180156839
-0.002718522379
0.02133781895
-0.002640925271
0.02099619624
-0.002548070506
0.02072767524
-0.002382274104
0.02051324341
-0.00219876625
0.02034434487
-0.002017424609
0.02021312432
-0.001843168921
0.02011226718
-0.0016782139
0.02003532891
-0.0015237347
0.01997689495
-0.001380379645
0.01993259963
-0.001248413928
0.01989904326
-0.001127702213
0.01987365513
-0.001017707744
0.01985454306
-0.0009175743921
0.0198403534
-0.0008262717553
0.01983014837
-0.0007427531935
0.01982329584
-0.0006660843299
0.01981936981
-0.0005955260869
0.01981806519
-0.0005305637979
0.01981913385
-0.0004708856161
0.01982234952
-0.0004163163402
0.01982749702
-0.0003667272465
0.01983437366
-0.0003219491902
0.01984278435
-0.0002817227312
0.01985388313
-0.0002433904698
0.0198646185
-0.0002084501505
0.01987613886
-0.0001797654802
0.01988806865
-0.0001542919433
0.01989998875
-0.0001318637274
0.01991148392
-0.0001123678372
0.01992220181
-9.568073212e-05
0.01993189772
-8.160910141e-05
0.01994045664
-6.986793425e-05
0.01994788431
-6.009810126e-05
0.0199542763
-5.1915739e-05
0.01995977587
-4.49672059e-05
0.01996453545
-3.896816817e-05
0.01996869014
-3.37176311e-05
0.01997234509
-2.908619041e-05
0.01997557655
-2.499401718e-05
0.01997843956
-2.138623782e-05
0.01998097538
-1.821609749e-05
0.01998321883
-1.543746554e-05
0.01998520205
-1.300463704e-05
0.01998695465
-1.087367285e-05
0.01998850426
-9.005009099e-06
0.01998987564
-7.365110912e-06
0.01999109069
-5.925264248e-06
0.01999216834
-4.661386433e-06
0.01999312519
-3.552964493e-06
0.019993976
-2.582094366e-06
0.01999473365
-1.732903765e-06
0.01999540981
-9.918691571e-07
0.01999601506
-3.46939328e-07
0.01999655866
2.124162653e-07
0.01999704872
6.954383685e-07
0.01999749337
1.108427143e-06
0.01999789832
1.464267099e-06
0.01999827318
1.738021821e-06
2.09930398e-06
0.02483417784
0.002061905165
0.02505676751
0.001674313294
0.0251919891
0.00119808454
0.02524259412
0.0006234314172
0.02520427852
0.0001009784596
0.02504604565
-0.0004665907566
0.02480011971
-0.0010004415
0.02446792081
-0.001456048046
0.02408254251
-0.001832962306
0.02365357641
-0.002123459057
0.02323474094
-0.002304724758
0.02280183364
-0.002409981353
0.0223497765
-0.002394108914
0.02197137235
-0.002340118221
0.02151629145
-0.002185844375
0.02116771255
-0.002199491604
0.02090632369
-0.002120885246
0.02069392861
-0.001986371162
0.02052099021
-0.001844486205
0.02038143345
-0.001703612146
0.02026972359
-0.001566504043
0.02018077083
-0.001434781943
0.02011012691
-0.001309735725
0.02005405864
-0.001192345654
0.02000953446
-0.00108317803
0.01997416046
-0.000982333742
0.01994609281
-0.0008895067381
0.01992394778
-0.0008041267181
0.0199067132
-0.0007255186129
0.01989366273
-0.0006530338569
0.01988426906
-0.0005861324174
0.0198781214
-0.0005244161282
0.01987485491
-0.0004676191236
0.01987410743
-0.0004155688569
0.01987550539
-0.0003681252083
0.01987867957
-0.0003251233709
0.01988329034
-0.000286333497
0.01989038133
-0.0002504814556
0.0198969613
-0.0002150301264
0.01990424586
-0.0001870500334
0.01991202709
-0.0001620731759
0.0199200749
-0.0001399115342
0.01992813706
-0.0001204299898
0.01993595711
-0.0001035007795
0.01994330868
-8.896067827e-05
0.01995002607
-7.658531608e-05
0.01995602361
-6.609564618e-05
0.01996129321
-5.718533948e-05
0.01996588628
-4.956027791e-05
0.01996988714
-4.296902576e-05
0.01997338674
-3.721722738e-05
0.01997646657
-3.216601986e-05
0.01997919089
-2.771833533e-05
0.01998160728
-2.380263386e-05
0.0199837516
-2.036041446e-05
0.01998565308
-1.733894393e-05
0.01998733733
-1.46888861e-05
0.01998882818
-1.236452093e-05
0.01999014827
-1.032509573e-05
0.01999131782
-8.534656895e-06
0.01999235503
-6.962476094e-06
0.01999327609
-5.582448922e-06
0.01999409487
-4.371750121e-06
0.01999482357
-3.310787077e-06
0.01999547336
-2.382694769e-06
0.01999605377
-1.572286204e-06
0.0199965736
-8.667658981e-07
0.01999704089
-2.548755197e-07
0.01999746259
2.737295374e-07
0.01999784517
7.258522348e-07
0.01999819417
1.115265236e-06
0.01999851708
1.415107986e-06
1.810591817e-06
0.0242671844
0.001760078188
0.02450685864
0.001434639051
0.02467472916
0.001030214014
0.02469498486
0.0006031757282
0.02468181232
0.0001141509941
0.02453176103
-0.0003165394703
0.02431824154
-0.0007869220006
0.02404584351
-0.001183650026
0.02371937829
-0.001506497085
0.0233558609
-0.001759941659
0.02298981563
-0.001938679486
0.02262603552
-0.002046201231
0.02230360637
-0.002071679764
0.02199119457
-0.002027706426
0.02164170673
-0.001836356538
0.02129773835
-0.001855523221
0.02104248562
-0.00186563251
0.02083200422
-0.001775889755
0.02066053604
-0.001673018019
0.02051894432
-0.001562020419
0.02040206714
-0.001449626864
0.02030602059
-0.001338735395
0.02022728753
-0.001231002661
0.0201628079
-0.001127866029
0.02011000254
-0.001030372662
0.02006675179
-0.0009390829836
0.02003135521
-0.0008541101545
0.02000247778
-0.0007752492921
0.01997909268
-0.0007021335043
0.01996041871
-0.0006343598897
0.01994585501
-0.0005715687173
0.01993491537
-0.000513476479
0.01992716986
-0.0004598736053
0.01992220355
-0.0004106025476
0.01991960073
-0.0003655223819
0.01991895261
-0.0003244752575
0.0199198821
-0.0002872629807
0.01992336401
-0.000253963369
0.01992646329
-0.0002181293975
0.01993036198
-0.0001909487292
0.01993488558
-0.0001665967702
0.01993986179
-0.0001448877431
0.01994510395
-0.0001256721513
0.01995041319
-0.0001088100126
0.01995559525
-9.414273627e-05
0.01996048698
-8.147704634e-05
0.0199649752
-7.058387096e-05
0.01996900587
-6.121600408e-05
0.01997257707
-5.31314848e-05
0.01997572271
-4.61146595e-05
0.01997849425
-3.998876773e-05
0.01998094442
-3.461618828e-05
0.01998311875
-2.989266927e-05
0.01998505316
-2.57370388e-05
0.01998677484
-2.208209419e-05
0.01998830607
-1.887017423e-05
0.01998966606
-1.604887436e-05
0.01999087285
-1.357131166e-05
0.01999194339
-1.139563203e-05
0.01999289342
-9.484690058e-06
0.01999373734
-7.806389883e-06
0.01999448771
-6.332819414e-06
0.01999515577
-5.039816072e-06
0.01999575132
-3.90634054e-06
0.01999628304
-2.91440899e-06
0.01999675866
-2.047908559e-06
0.01999718515
-1.293260942e-06
0.01999756885
-6.385710368e-07
0.01999791571
-7.314066632e-08
0.01999823054
4.110216376e-07
0.01999851806
8.27750936e-07
0.01999878428
1.14888487e-06
1.572351414e-06
0.02382313568
0.001501597312
0.0240534214
0.001204353329
0.02416530065
0.000918334775
0.02420143816
0.0005670382168
0.02417401181
0.0001415773419
0.02408185382
-0.0002243814777
0.0239085265
-0.0006135946835
0.02368646999
-0.0009615935125
0.02341984626
-0.001239873354
0.02311951703
-0.001459612423
0.0228025224
-0.001621684854
0.02248334615
-0.001727024983
0.02218990428
-0.001778237891
0.02193782955
-0.001775631701
0.02177494814
-0.001673475127
0.02147192597
-0.001552501043
0.02120386041
-0.001597566946
0.02095771824
-0.001529747571
0.02077455146
-0.001489851237
0.02063263053
-0.00142009949
0.02051410731
-0.001331103644
0.02041424444
-0.001238872531
0.02033033901
-0.001147097232
0.02025995976
-0.001057486773
0.02020097752
-0.0009713904235
0.02015157262
-0.0008896780793
0.02011022666
-0.0008127641898
0.02007570086
-0.0007407234915
0.02004700021
-0.0006734328437
0.02002333169
-0.0006106913659
0.02000405729
-0.0005522943202
0.01998864603
-0.0004980652168
0.01997663116
-0.0004478587305
0.0199675778
-0.0004015491829
0.01996106736
-0.0003590119342
0.01995669914
-0.0003201070318
0.019954104
-0.0002846678444
0.01995264094
-0.000252500308
0.01995417786
-0.0002196663204
0.01995511731
-0.0001918881711
0.01995684719
-0.0001683266475
0.01995919943
-0.0001472399821
0.01996200431
-0.0001284770333
0.01996508726
-0.0001118929633
0.01996827835
-9.733381953e-05
0.01997142733
-8.462602773e-05
0.01997441925
-7.357579524e-05
0.01997718132
-6.397807168e-05
0.01997968211
-5.563227212e-05
0.01998192165
-4.835419595e-05
0.01998391899
-4.198611197e-05
0.01998570071
-3.639790798e-05
0.01998729285
-3.148480688e-05
0.01998871742
-2.716161162e-05
0.01998999214
-2.335680437e-05
0.01999113128
-2.000932138e-05
0.01999214759
-1.706518353e-05
0.01999305308
-1.447679691e-05
0.0199938588
-1.220134736e-05
0.01999457587
-1.020176084e-05
0.01999521416
-8.444685622e-06
0.01999578302
-6.901681226e-06
0.0199962905
-5.54729482e-06
0.0199967439
-4.359742972e-06
0.01999714941
-3.319920758e-06
0.01999751303
-2.411525509e-06
0.01999783987
-1.620105799e-06
0.01999813436
-9.330638707e-07
0.01999840085
-3.396277791e-07
0.01999864324
1.686264245e-07
0.01999886484
6.061493257e-07
0.01999907037
9.433599057e-07
1.388168357e-06
0.02343648018
0.001289422516
0.02361187229
0.001028961231
0.02374382685
0.0007863802195
0.02382143639
0.0004894286771
0.02378176521
0.0001812485276
0.02372418279
-0.0001667990612
0.02356629013
-0.0004557020212
0.02337538591
-0.0007706892871
0.02315661884
-0.001021106288
0.02290988573
-0.001212879307
0.02264496118
-0.001356760301
0.0223730462
-0.001455110009
0.02210665289
-0.001511844577
0.02186340647
-0.001532385282
0.02170246753
-0.001512536179
0.02160326574
-0.001453299242
0.02141074534
-0.001405046538
0.0211279667
-0.001246968924
0.02088585764
-0.001247742185
0.02072682448
-0.001261066327
0.02060761202
-0.001211891188
0.02050635321
-0.00113761372
0.02041973376
-0.001060477782
0.0203456249
-0.0009833779054
0.02028232317
-0.0009080886977
0.0202283159
-0.000835670804
0.02018229382
-0.0007667421114
0.02014314856
-0.0007015782244
0.02010995713
-0.0006402414056
0.02008195507
-0.0005826893024
0.02005850513
-0.0005288443813
0.02003906485
-0.0004786249331
0.02002315611
-0.0004319499795
0.02001034207
-0.0003887351398
0.02000021426
-0.0003488841254
0.01999239062
-0.0003122833936
0.01998652139
-0.0002787986083
0.01998229629
-0.0002482752035
0.01998058162
-0.0002179516555
0.0199788236
-0.0001901301454
0.01997802828
-0.0001675313311
0.01997801843
-0.0001472301268
0.01997862479
-0.0001290833864
0.01997968237
-0.0001129505495
0.01998103484
-9.868628662e-05
0.0199825429
-8.613408497e-05
0.01998409423
-7.51271228e-05
0.01998560836
-6.549220597e-05
0.01998703578
-5.705969372e-05
0.01998835356
-4.967197052e-05
0.01998955638
-4.318893348e-05
0.01999064883
-3.749035765e-05
0.01999163939
-3.247536799e-05
0.01999253663
-2.805884671e-05
0.01999334823
-2.416840698e-05
0.01999408079
-2.074187821e-05
0.01999474018
-1.772456902e-05
0.019995332
-1.506861519e-05
0.01999586231
-1.273165694e-05
0.01999633651
-1.067596152e-05
0.0199967608
-8.868979648e-06
0.01999714022
-7.281097054e-06
0.01999748007
-5.887150146e-06
0.0199977848
-4.664473953e-06
0.01999805846
-3.593578719e-06
0.01999830475
-2.657819667e-06
0.01999852681
-1.842172591e-06
0.01999872778
-1.134031828e-06
0.01999891013
-5.219759639e-07
0.01999907663
2.117157042e-09
0.01999922906
4.537238806e-07
0.01999937076
8.01656168e-07
1.260750111e-06
0.02311545883
0.001107968107
0.02326433901
0.0008800810556
0.02339513112
0.0006555881098
0.02343672726
0.0004478325389
0.02342073704
0.0001972387519
0.02336026815
-0.0001063301701
0.02325782604
-0.0003532599114
0.0231020243
-0.0006148875442
0.02292124862
-0.0008403306051
0.02271743988
-0.001009070568
0.02249671109
-0.001136031514
0.02226760763
-0.001226006543
0.02203820162
-0.001282438563
0.02181628845
-0.001310472103
0.02161899678
-0.001315244494
0.02146493396
-0.001299236421
0.02132577255
-0.001265885122
0.02124070837
-0.001161904746
0.02103032831
-0.001037362125
0.02082396464
-0.001054702661
0.02069237123
-0.001080297771
0.02058531114
-0.001030553631
0.02049675529
-0.0009719219297
0.02042056355
-0.0009071861632
0.02035441465
-0.0008419397997
0.02029708444
-0.0007783405925
0.02024747576
-0.0007171334258
0.02020462742
-0.0006587298887
0.02016771083
-0.0006033248065
0.02013601717
-0.0005509956408
0.02010893832
-0.0005017655226
0.02008594537
-0.0004556319772
0.02006656908
-0.0004125736859
0.02005038296
-0.0003725490161
0.0200369944
-0.0003354955656
0.02002604106
-0.0003013300534
0.0200171921
-0.0002699496406
0.02001015095
-0.0002412340538
0.02000573582
-0.0002135365306
0.02000150115
-0.0001858954658
0.0199983868
-0.0001644169861
0.0199962094
-0.0001450527203
0.01999479785
-0.0001276718414
0.01999399098
-0.0001121436789
0.01999363967
-9.83349684e-05
0.01999361167
-8.610608633e-05
0.01999379637
-7.531182451e-05
0.01999410821
-6.58040444e-05
0.01999448648
-5.743796756e-05
0.01999489159
-5.007707724e-05
0.01999529991
-4.359724754e-05
0.01999569888
-3.788933577e-05
0.01999608177
-3.285825161e-05
0.01999644505
-2.842212254e-05
0.01999678677
-2.451012961e-05
0.01999710565
-2.106075566e-05
0.01999740094
-1.801985878e-05
0.01999767255
-1.534022575e-05
0.01999792076
-1.297986296e-05
0.01999814667
-1.09018741e-05
0.01999835154
-9.073849997e-06
0.01999853711
-7.466668579e-06
0.01999870496
-6.055003022e-06
0.01999885717
-4.816680859e-06
0.01999899539
-3.731802425e-06
0.01999912094
-2.783368842e-06
0.01999923536
-1.956598641e-06
0.01999933979
-1.238459906e-06
0.01999943542
-6.176114172e-07
0.01999952355
-8.600724838e-08
0.01999960475
3.725202483e-07
0.01999968065
7.257514128e-07
1.191878002e-06
0.0228391532
0.0009525496313
0.02296034127
0.0007588929956
0.02305513499
0.0005607943805
0.02311955601
0.0003834115287
0.02314494413
0.0001718506296
0.02307997096
-4.135699448e-05
0.02301207832
-0.0002853672719
0.02286914022
-0.0004719494463
0.02271238205
-0.0006835724309
0.0225421847
-0.0008388732201
0.0223575557
-0.0009514025072
0.02216414687
-0.001032597705
0.02196833234
-0.001086624029
0.02177565172
-0.001117791471
0.02159124885
-0.001130841616
0.02142183818
-0.001129825739
0.02127297948
-0.001117026424
0.02119056851
-0.001079493777
0.02114008578
-0.0009868793952
0.02096603996
-0.0008806568433
0.02081437161
-0.0009286294156
0.0206679052
-0.0008840872185
0.02056402623
-0.0008680429658
0.02048538547
-0.000828545398
0.02041761949
-0.0007741738225
0.02035806959
-0.0007187906944
0.02030583902
-0.000664902851
0.02026011987
-0.0006130107304
0.02022019322
-0.0005633981612
0.02018542331
-0.0005162257257
0.02015525045
-0.000471592657
0.02012917861
-0.0004295601274
0.02010676226
-0.0003901573373
0.02008759577
-0.0003533825196
0.0200713071
-0.0003192068939
0.02005755388
-0.0002875768289
0.02004602313
-0.0002584188888
0.0200364321
-0.0002316430258
0.02002954669
-0.0002066511187
0.02002304751
-0.0001793962807
0.02001780637
-0.0001591758449
0.02001363804
-0.0001408843902
0.0200103705
-0.0001244043017
0.02000784558
-0.0001096187526
0.0200059181
-9.640748796e-05
0.02000445934
-8.464733309e-05
0.0200033594
-7.421188305e-05
0.02000252903
-6.497366763e-05
0.02000189895
-5.680789319e-05
0.02000141742
-4.959554384e-05
0.02000104755
-4.322738056e-05
0.02000076262
-3.760440246e-05
0.02000054368
-3.263930554e-05
0.02000037648
-2.825492165e-05
0.02000025014
-2.438379406e-05
0.02000015583
-2.096644248e-05
0.02000008665
-1.7950676e-05
0.02000003662
-1.529019464e-05
0.02000000118
-1.294442041e-05
0.01999997694
-1.087763879e-05
0.0199999607
-9.057611138e-06
0.01999995059
-7.456561083e-06
0.01999994544
-6.049847197e-06
0.01999994368
-4.814928551e-06
0.01999994496
-3.733081762e-06
0.01999994856
-2.786970928e-06
0.01999995387
-1.961909113e-06
0.01999996063
-1.245224333e-06
0.01999996846
-6.254385124e-07
0.01999997706
-9.460615138e-08
0.019999986
3.63572009e-07
0.0199999951
7.166562961e-07
1.182384991e-06
0.02260185846
0.0008180304982
0.0227067434
0.0006540080646
0.02278749649
0.0004800412914
0.02285646228
0.000314445738
0.02285513256
0.0001731803469
0.02280798158
5.793988848e-06
0.02274634485
-0.0002237305455
0.02264743922
-0.0003730438087
0.02252416388
-0.0005602970926
0.02238330647
-0.0006980157955
0.0222283707
-0.0007964667364
0.02206463666
-0.0008688636543
0.02189729436
-0.0009192817205
0.0217308752
-0.0009513722972
0.02156901938
-0.0009689857883
0.02141456338
-0.0009753697381
0.02127018513
-0.0009726481699
0.02115125529
-0.0009605639363
0.02109437261
-0.0009299967143
0.02108767371
-0.0008739579455
0.02099182123
-0.0008327769302
0.02080370758
-0.0006959735644
0.02064073954
-0.0007050749244
0.02054290146
-0.0007307073198
0.02047279004
-0.0007040624011
0.02041166354
-0.0006576642021
0.02035761368
-0.0006108529852
0.02030974228
-0.0005651393266
0.02026744185
-0.0005210977331
0.02023015963
-0.0004789434979
0.02019739557
-0.0004388285943
0.0201686972
-0.000400861756
0.02014365267
-0.0003651127971
0.02012188442
-0.0003316142722
0.02010304393
-0.0003003663962
0.02008681045
-0.0002713433479
0.02007288905
-0.0002444974827
0.02006100998
-0.0002197639582
0.02005188253
-0.0001975236641
0.02004332923
-0.0001708429829
0.02003615222
-0.0001519988316
0.02003016585
-0.0001348980225
0.02002520028
-0.0001194387231
0.02002109927
-0.0001055177467
0.02001772099
-9.302920114e-05
0.02001493853
-8.186487555e-05
0.02001264197
-7.191532767e-05
0.02001073857
-6.307026159e-05
0.02000915249
-5.522181326e-05
0.02000782343
-4.826648544e-05
0.02000670373
-4.210767906e-05
0.02000575624
-3.665691471e-05
0.02000495161
-3.183467283e-05
0.02000426649
-2.756979284e-05
0.02000368183
-2.379913335e-05
0.02000318195
-2.046656742e-05
0.02000275378
-1.752250071e-05
0.02000238647
-1.492288687e-05
0.02000207059
-1.26285353e-05
0.0200017982
-1.060525634e-05
0.02000156275
-8.822155499e-06
0.02000135873
-7.252546273e-06
0.02000118122
-5.872341383e-06
0.02000102678
-4.660487079e-06
0.02000089199
-3.598295314e-06
0.02000077423
-2.669211884e-06
0.02000067113
-1.858809725e-06
0.02000058051
-1.15460106e-06
0.0200005007
-5.456301764e-07
0.02000042974
-2.364784498e-08
0.0200003666
4.267088127e-07
0.02000030923
7.74030044e-07
1.23225692e-06
0.02239709736
0.0007009072569
0.02248838386
0.0005627215684
0.02255345166
0.000414973491
0.02259725984
0.0002706375623
0.02260687978
0.0001635604016
0.02259446975
1.820401863e-05
0.02253724071
-0.0001665015046
0.02246704416
-0.0003028472464
0.02236041835
-0.0004536712857
0.0222407474
-0.000578344835
0.02211011547
-0.0006658347977
0.02197113772
-0.0007298858951
0.02182785576
-0.0007759997525
0.02168395549
-0.0008074720196
0.02154243843
-0.0008274687247
0.02140555727
-0.0008384885793
0.02127487945
-0.0008419703499
0.02115267408
-0.0008383585654
0.021049543
-0.0008268656281
0.02098023983
-0.000804654774
0.02091862572
-0.0007711628149
0.02089862971
-0.0006759775528
0.02075708143
-0.0005635266447
0.0206113256
-0.0005849514877
0.02052714395
-0.0006198807498
0.02045932508
-0.000589845327
0.02040317523
-0.0005547031376
0.02035375704
-0.0005157211379
0.02030963491
-0.0004769755936
0.0202703396
-0.0004396481868
0.02023543752
-0.0004039265143
0.02020452704
-0.0003699512727
0.02017723535
-0.0003378211047
0.02015321658
-0.0003075955005
0.02013214928
-0.0002792990934
0.02011373491
-0.0002529289673
0.02009769672
-0.0002284592901
0.02008377942
-0.0002058466603
0.02007128861
-0.0001850328509
0.0200622298
-0.0001617841688
0.02005330416
-0.0001430731898
0.02004567066
-0.0001272645233
0.02003916247
-0.0001129305305
0.02003362602
-9.99812988e-05
0.02002892175
-8.832493139e-05
0.02002492426
-7.786738053e-05
0.0200215229
-6.851397375e-05
0.02001862227
-6.016962676e-05
0.02001614149
-5.274103892e-05
0.02001401334
-4.613833234e-05
0.02001218218
-4.027651575e-05
0.02001060264
-3.507737841e-05
0.02000923691
-3.046893479e-05
0.02000805385
-2.63867309e-05
0.02000702747
-2.277275818e-05
0.02000613591
-1.957499916e-05
0.0200053604
-1.674699544e-05
0.02000468504
-1.424751882e-05
0.02000409631
-1.203980822e-05
0.0200035822
-1.009114836e-05
0.02000313268
-8.372636676e-06
0.02000273882
-6.858687562e-06
0.02000239323
-5.526746315e-06
0.02000208928
-4.356544192e-06
0.0200018213
-3.330321143e-06
0.02000158479
-2.432694651e-06
0.02000137533
-1.649358152e-06
0.02000118944
-9.687151532e-07
0.02000102363
-3.798211407e-07
0.02000087484
1.251477663e-07
0.02000074077
5.607747859e-07
0.02000061791
8.968935072e-07
1.340348521e-06
0.02222072658
0.000598131978
0.02230140584
0.000482042304
0.02235849865
0.0003578806837
0.0223946193
0.0002345169142
0.0224245775
0.0001336022003
0.02243218433
1.059718077e-05
0.02237409908
-0.0001084162459
0.02232270947
-0.0002514576321
0.02222093646
-0.0003518982685
0.0221145658
-0.0004719741706
0.02200326686
-0.0005545358539
0.02188490375
-0.0006115227819
0.02176191931
-0.000653015312
0.0216372459
-0.0006827986067
0.0215133275
-0.0007035503203
0.02139203964
-0.0007172007117
0.02127475149
-0.000724682203
0.02116244734
-0.0007260544123
0.02105652428
-0.0007209425566
0.0209607836
-0.0007089140907
0.0208790873
-0.000689466517
0.02085288564
-0.0006497758868
0.02085081955
-0.0005614605517
0.02072920683
-0.0004633387697
0.02062309799
-0.0005137719113
0.02051623594
-0.0004829832687
0.02044453485
-0.0004830020471
0.02039245157
-0.0004636378577
0.02034697282
-0.0004314968391
0.02030609846
-0.0003987738266
0.0202694607
-0.0003672887498
0.02023671089
-0.0003372014645
0.02020751914
-0.0003086293469
0.02018157355
-0.000281649909
0.02015858094
-0.0002563064778
0.0201382656
-0.0002326136314
0.0201203695
-0.0002105631821
0.0201046519
-0.0001901290625
0.02009088907
-0.0001712700175
0.02007964827
-0.0001505433611
0.02006915736
-0.0001325822794
0.02006004539
-0.0001181525518
0.02005214847
-0.0001050336144
0.02004531614
-9.314896658e-05
0.02003941087
-8.241966421e-05
0.02003430818
-7.276468306e-05
0.02002989703
-6.410282923e-05
0.02002607983
-5.635242193e-05
0.02002277176
-4.943297064e-05
0.02001990036
-4.326693337e-05
0.02001740413
-3.778028399e-05
0.02001523069
-3.290393551e-05
0.0200133358
-2.857404207e-05
0.02001168177
-2.473270019e-05
0.02001023643
-2.132741794e-05
0.02000897234
-1.8310906e-05
0.02000786582
-1.564047452e-05
0.02000689655
-1.327824409e-05
0.02000604672
-1.118997681e-05
0.02000530101
-9.345438081e-06
0.02000464604
-7.717674588e-06
0.02000406993
-6.2825798e-06
0.02000356237
-5.019183369e-06
0.02000311456
-3.908737628e-06
0.02000271859
-2.934348323e-06
0.02000236753
-2.081644496e-06
0.02000205575
-1.337573859e-06
0.02000177776
-6.907272692e-07
0.02000152899
-1.310556513e-07
0.020001305
3.491336807e-07
0.02000110263
7.631517528e-07
0.02000091649
1.083027677e-06
1.504788251e-06
0.02206928706
0.0005071429681
0.02214129331
0.0004100360466
0.02219339618
0.000305777814
0.02222949452
0.0001984185749
0.02226230765
0.0001007890685
0.02224814521
2.475962248e-05
0.02220556356
-6.583459933e-05
0.02215660915
-0.0002025032114
0.02208607542
-0.000281364543
0.02200153405
-0.0003874327978
0.02190787907
-0.0004608808784
0.02180681815
-0.0005104618547
0.02170092038
-0.0005471175441
0.02159257549
-0.0005744537158
0.02148375342
-0.0005947282372
0.02137599505
-0.0006094423469
0.02127048056
-0.0006191677061
0.02116813208
-0.0006237059226
0.0210697066
-0.0006225170746
0.02097599729
-0.0006152047734
0.02088837406
-0.0006018432836
0.02082049975
-0.0005819015748
0.02080656012
-0.000547520923
0.02083598831
-0.0004927669603
0.02077864838
-0.0004564319707
0.02062907715
-0.0003334120371
0.02049929392
-0.0003532188168
0.02042795264
-0.0003922965733
0.02037966782
-0.0003832120217
0.02033757915
-0.0003566851573
0.02029955631
-0.0003292659039
0.02026530052
-0.0003029456684
0.02023452343
-0.0002778522605
0.02020694799
-0.0002540744646
0.02018230917
-0.0002316676557
0.02016035442
-0.0002106588766
0.02014084476
-0.0001910535248
0.0201235541
-0.0001728383956
0.02010827043
-0.0001559863435
0.02009549687
-0.0001377698025
0.02008362077
-0.0001207061809
0.02007319581
-0.0001077275924
0.02006406217
-9.589996982e-05
0.02005607236
-8.515915918e-05
0.02004909071
-7.543801374e-05
0.02004299393
-6.666789396e-05
0.02003767054
-5.877944319e-05
0.02003302126
-5.170314377e-05
0.02002895891
-4.537061268e-05
0.0200254066
-3.9714628e-05
0.02002229806
-3.467173932e-05
0.02001957572
-3.018159526e-05
0.02001718982
-2.618814278e-05
0.0200150975
-2.264037701e-05
0.02001326136
-1.949127143e-05
0.02001164903
-1.66985753e-05
0.0200102325
-1.422395079e-05
0.02000898732
-1.203306199e-05
0.02000789223
-1.009488301e-05
0.02000692843
-8.38163613e-06
0.02000607958
-6.868828479e-06
0.02000533141
-5.534414096e-06
0.02000467086
-4.358634592e-06
0.02000408689
-3.324767713e-06
0.02000356962
-2.417080065e-06
0.02000311038
-1.622403043e-06
0.02000270153
-9.287274183e-07
0.02000233646
-3.256618631e-07
0.02000200893
1.964776679e-07
0.02000171384
6.442164091e-07
0.02000144639
1.030605802e-06
0.02000120031
1.329109101e-06
1.722819989e-06
0.02194010621
0.0004257799477
0.02200491251
0.0003452297488
0.02205189397
0.0002587963448
0.0220813004
0.0001690121482
0.02209743327
8.465620103e-05
0.02209307028
2.912260655e-05
0.02207642709
-4.919140943e-05
0.02203057078
-0.0001566468973
0.02197968724
-0.0002304810072
0.02190538242
-0.0003131279768
0.02182427102
-0.0003797694768
0.02173747451
-0.0004236653389
0.02164588345
-0.0004555264856
0.02155129516
-0.0004798654222
0.02145528629
-0.0004987193648
0.0213591145
-0.0005132705543
0.02126379052
-0.0005238437218
0.02117017268
-0.0005300880792
0.02107903659
-0.0005313809822
0.02099109566
-0.0005272638322
0.02090698414
-0.0005177317681
0.0208283759
-0.0005032933295
0.02076504717
-0.0004841921865
0.0207310895
-0.0004588092841
0.02070184964
-0.0004271921129
0.02070893658
-0.0003404989638
0.02059649079
-0.0002407730273
0.02047671499
-0.000272520771
0.02040980256
-0.0003162995923
0.02036498916
-0.0003118717539
0.02032587344
-0.0002901501859
0.02029039793
-0.0002674701569
0.02025831251
-0.0002457668382
0.02022937285
-0.0002251348005
0.02020334126
-0.0002056360608
0.02017998771
-0.0001873053304
0.02015909118
-0.0001701569914
0.02014044065
-0.000154187861
0.02012383579
-0.0001393814825
0.02010971225
-0.0001236462604
0.02009662447
-0.0001076184052
0.0200850474
-9.615052151e-05
0.02007482547
-8.567803952e-05
0.02006581395
-7.614763154e-05
0.02005787951
-6.750357885e-05
0.02005089976
-5.96881377e-05
0.02004476333
-5.264301414e-05
0.02003937012
-4.630993379e-05
0.02003463007
-4.063055846e-05
0.02003046382
-3.554838531e-05
0.02002680103
-3.10089407e-05
0.02002358003
-2.696059858e-05
0.02002074678
-2.335488831e-05
0.02001825372
-2.014731097e-05
0.02001605935
-1.729690652e-05
0.02001412735
-1.47665724e-05
0.02001242567
-1.252226559e-05
0.02001092649
-1.053387813e-05
0.020009605
-8.773397748e-06
0.02000843986
-7.216499764e-06
0.02000741188
-5.840846659e-06
0.02000650397
-4.626501365e-06
0.02000570157
-3.556239188e-06
0.02000499125
-2.61444618e-06
0.02000436137
-1.787208589e-06
0.02000380159
-1.062620596e-06
0.02000330273
-4.298705941e-07
0.02000285656
1.205091545e-07
0.02000245608
5.969531213e-07
0.02000209457
1.005729126e-06
0.02000176668
1.358490374e-06
0.02000146463
1.631162231e-06
1.990543843e-06
0.0218310301
0.0003522104464
0.02188999481
0.0002862650437
0.02193319501
0.0002155961366
0.02196008558
0.0001421215785
0.02197305163
7.169015378e-05
0.02198361079
1.856344613e-05
0.02198085358
-4.643419793e-05
0.02193551867
-0.0001113119855
0.02189758874
-0.0001925510817
0.02182626957
-0.0002418087984
0.02175287091
-0.0003063708183
0.02167733716
-0.0003481315895
0.02159756993
-0.0003757592482
0.02151442072
-0.0003967162147
0.02142912208
-0.0004134207239
0.02134270321
-0.0004268516794
0.02125603352
-0.0004371740338
0.02116991025
-0.0004439648107
0.02108511383
-0.0004465845545
0.02100241106
-0.0004445610582
0.02092251726
-0.000437837967
0.02084604372
-0.0004268197793
0.02077410316
-0.0004122516187
0.02071016166
-0.0003948677887
0.02065780701
-0.0003748374574
0.02065688365
-0.0003395755981
0.02067611428
-0.000260003657
0.02056895376
-0.0001653602406
0.02045361079
-0.0002009566298
0.02039031005
-0.0002485710071
0.02034855383
-0.0002483939624
0.02031210351
-0.0002310198386
0.02027895283
-0.0002126161609
0.02024888676
-0.0001950687245
0.02022169225
-0.0001784415484
0.02019716075
-0.0001627738277
0.02017508851
-0.0001480847454
0.02015527871
-0.0001343780668
0.02013754195
-0.0001216447204
0.02012224355
-0.0001083478525
0.0201081111
-9.348595429e-05
0.02009553776
-8.357718562e-05
0.02008437227
-7.451254676e-05
0.02007447284
-6.624819732e-05
0.0200657082
-5.873894629e-05
0.02005795706
-5.193699646e-05
0.02005110832
-4.579427062e-05
0.0200450607
-4.026231141e-05
0.02003972301
-3.529286573e-05
0.02003501334
-3.083871243e-05
0.0200308584
-2.685400523e-05
0.02002719316
-2.329535062e-05
0.02002396014
-2.012187116e-05
0.02002110823
-1.729539809e-05
0.02001859251
-1.478118542e-05
0.02001637292
-1.254698237e-05
0.02001441456
-1.056390698e-05
0.02001268606
-8.805371257e-06
0.02001116036
-7.24770246e-06
0.02000981294
-5.869072113e-06
0.02000862253
-4.650443095e-06
0.02000757024
-3.574209724e-06
0.02000663898
-2.624980907e-06
0.02000581385
-1.789318651e-06
0.02000508171
-1.055072769e-06
0.02000443052
-4.11435745e-07
0.02000384971
1.509438903e-07
0.02000333009
6.401250967e-07
0.0200028632
1.06384123e-06
0.02000244152
1.427405663e-06
0.0200020587
1.741312394e-06
0.02000170583
1.984034054e-06
2.303773093e-06
0.02174029686
0.0002848717778
0.02179456744
0.0002319944666
0.02183478061
0.0001753829646
0.02186065966
0.0001162425309
0.02187513232
5.72174999e-05
0.02188772087
5.974898089e-06
0.0218708159
-2.952922986e-05
0.02183691357
-7.740965621e-05
0.02180066249
-0.0001563000046
0.02175039694
-0.0001915432452
0.02169160312
-0.0002475769913
0.02162655831
-0.0002830867829
0.02155649921
-0.0003057001505
0.02148268371
-0.0003229007117
0.02140615372
-0.0003368907322
0.02132776467
-0.0003484626268
0.02124827298
-0.0003576823473
0.0211684219
-0.0003641137335
0.021088988
-0.0003671506449
0.0210107708
-0.0003663438536
0.02093454032
-0.0003616074875
0.02086097396
-0.0003532534167
0.02079060833
-0.0003418859751
0.02072397383
-0.0003282332898
0.02066212842
-0.000312992038
0.02061798648
-0.0002954336529
0.02062171649
-0.0002637336718
0.0206444596
-0.0001881033407
0.02054119716
-9.769419001e-05
0.02042963087
-0.0001370047136
0.02036950988
-0.0001882729749
0.0203305094
-0.0001920193542
0.02029650434
-0.0001786111022
0.02026552335
-0.0001640877292
0.02023737508
-0.0001502932837
0.02021186913
-0.000137267875
0.02018881798
-0.0001250335898
0.02016803776
-0.0001135978513
0.02014934995
-0.0001029569018
0.02013304595
-9.204385641e-05
0.02011803083
-7.847082989e-05
0.02010461368
-7.016003572e-05
0.0200926466
-6.254546613e-05
0.02008199123
-5.559282041e-05
0.02007251797
-4.926569121e-05
0.02006410675
-4.352577027e-05
0.02005664686
-3.83343887e-05
0.02005003659
-3.365203938e-05
0.02004418338
-2.943964956e-05
0.02003900345
-2.565878252e-05
0.02003442168
-2.22722305e-05
0.02003037023
-1.924390103e-05
0.02002678876
-1.65404037e-05
0.02002362348
-1.41301118e-05
0.02002082629
-1.198399689e-05
0.02001835473
-1.007542142e-05
0.02001617089
-8.380065636e-06
0.02001424103
-6.875504088e-06
0.02001253538
-5.542058425e-06
0.02001102759
-4.361280814e-06
0.02000969408
-3.316937454e-06
0.02000851402
-2.394143548e-06
0.02000746914
-1.580105677e-06
0.02000654261
-8.627912391e-07
0.0200057199
-2.323695033e-07
0.02000498781
3.206615756e-07
0.02000433458
8.041681385e-07
0.02000374978
1.224923367e-06
0.02000322406
1.589558443e-06
0.020002749
1.902468301e-06
0.02000231748
2.172826361e-06
0.02000191955
2.381969791e-06
2.657002991e-06
0.0216665553
0.0002224251268
0.02171712377
0.0001814260117
0.02175492862
0.0001375781119
0.02177941395
9.175720004e-05
0.02179105829
4.557316986e-05
0.02179315643
3.876759503e-06
0.02178259578
-1.89685773e-05
0.02176253498
-5.734885577e-05
0.02173151319
-0.0001252782177
0.02169253525
-0.0001525653022
0.02164273034
-0.0001977720718
0.02158553937
-0.0002258958214
0.02152311804
-0.0002432788124
0.02145666417
-0.0002564468518
0.02138707248
-0.0002672990412
0.02131507331
-0.0002764634556
0.02124133475
-0.0002839437865
0.02116655349
-0.0002893324666
0.02109149538
-0.0002920925397
0.02101697623
-0.0002918246986
0.02094380105
-0.0002884322995
0.02087269283
-0.0002821451927
0.02080423903
-0.0002734321767
0.02073886958
-0.0002628638293
0.02067686789
-0.0002509903462
0.02061970298
-0.000238268735
0.02057971708
-0.0002237477675
0.02058706499
-0.0001954512551
0.020612918
-0.0001235471926
0.02051300638
-3.70930935e-05
0.02040473561
-8.000220499e-05
0.02034748787
-0.0001347716095
0.02031103432
-0.0001421575499
0.02027932531
-0.0001323787121
0.02025041235
-0.000121380327
0.02022411987
-0.000110975392
0.02020027385
-0.0001011875759
0.02017870197
-9.202597119e-05
0.02015923493
-8.348986046e-05
0.02014208801
-7.489692757e-05
0.02012634678
-6.272960073e-05
0.02011223323
-5.604649011e-05
0.02009960356
-4.991578655e-05
0.02008832192
-4.431118305e-05
0.02007826036
-3.920413366e-05
0.02006930018
-3.456558863e-05
0.0200613306
-3.036480621e-05
0.02005425006
-2.657149497e-05
0.02004796519
-2.315478497e-05
0.02004239092
-2.008450768e-05
0.02003745009
-1.733140143e-05
0.02003307318
-1.486698505e-05
0.02002919755
-1.266477193e-05
0.02002576713
-1.069969033e-05
0.02002273165
-8.948519401e-06
0.02002004611
-7.389872522e-06
0.0200176705
-6.004453977e-06
0.02001556929
-4.774301701e-06
0.02001371057
-3.683336829e-06
0.02001206602
-2.716731651e-06
0.02001061046
-1.861375659e-06
0.02000932154
-1.105225269e-06
0.02000817934
-4.379055023e-07
0.02000716624
1.503090731e-07
0.02000626606
6.678057259e-07
0.02000546464
1.12207619e-06
0.02000474948
1.519328004e-06
0.02000410906
1.865345035e-06
0.02000353316
2.165453799e-06
0.02000301248
2.423147193e-06
0.02000253947
2.645834299e-06
0.02000210304
2.818402703e-06
3.044685437e-06
0.02160873834
0.000163705503
0.02165647512
0.0001336892522
0.02169243837
0.0001016148637
0.02171608406
6.811151151e-05
0.02172735345
3.430377851e-05
0.02172801641
3.213806241e-06
0.02172444211
-1.53942786e-05
0.02170866691
-4.157365626e-05
0.02168228045
-9.889175332e-05
0.02164968089
-0.0001199657365
0.02160585905
-0.0001539502389
0.02155447352
-0.0001745102922
0.02149771568
-0.0001865209673
0.02143673477
-0.0001954659463
0.02137233964
-0.0002029039056
0.02130516816
-0.0002092919757
0.02123581464
-0.0002145902611
0.02116493177
-0.0002184496018
0.02109326836
-0.0002204291269
0.02102164496
-0.0002202012908
0.02095088512
-0.0002176724577
0.02088173995
-0.0002130000166
0.02081483124
-0.000206523468
0.02075062853
-0.0001986611192
0.02068945603
-0.0001898178419
0.0206315191
-0.0001803317996
0.02057823316
-0.0001704618219
0.02054188343
-0.0001591015198
0.02055250534
-0.0001341691026
0.02058121904
-6.58067864e-05
0.02048427728
1.693955248e-05
0.02037896159
-2.945591139e-05
0.02032437968
-8.757564208e-05
0.02029055844
-9.855746354e-05
0.02026082967
-9.165156587e-05
0.02023392294
-8.406865636e-05
0.02020945371
-7.671834489e-05
0.02018725865
-6.983090777e-05
0.02016717648
-6.340769938e-05
0.02014934443
-5.706487246e-05
0.0201330288
-4.641397005e-05
0.02011836368
-4.138136803e-05
0.02010520784
-3.675994349e-05
0.02009342773
-3.253107369e-05
0.02008289731
-2.867371458e-05
0.02007349858
-2.51668561e-05
0.0200651215
-2.198772279e-05
0.02005766412
-1.911411933e-05
0.02005103255
-1.652320591e-05
0.02004514094
-1.419289672e-05
0.02003991078
-1.210124735e-05
0.02003527106
-1.022726209e-05
0.02003115761
-8.551313689e-06
0.02002751233
-7.054411127e-06
0.02002428341
-5.719602693e-06
0.0200214243
-4.530760703e-06
0.02001889312
-3.473267422e-06
0.02001665259
-2.533768232e-06
0.02001466904
-1.699787715e-06
0.02001291316
-9.608563362e-07
0.02001135831
-3.065283108e-07
0.02000998073
2.723575787e-07
0.02000875933
7.834934965e-07
0.02000767526
1.234375373e-06
0.02000671175
1.63131019e-06
0.02000585398
1.97984651e-06
0.02000508827
2.285034485e-06
0.02000440227
2.551345263e-06
0.02000378539
2.782329922e-06
0.02000322768
2.980860141e-06
0.02000272074
3.152771638e-06
0.0200022531
3.286042195e-06
3.46041284e-06
0.02156602092
0.0001076776197
0.02161170409
8.800610009e-05
0.02164632084
6.699811856e-05
0.02166937663
4.505571991e-05
0.0216808843
2.279610538e-05
0.02168273459
1.363517384e-06
0.0216819947
-1.465438586e-05
0.02167168596
-3.126491104e-05
0.02164973787
-7.694366719e-05
0.0216211717
-9.139956187e-05
0.02158118284
-0.0001139613741
0.02153352236
-0.0001268498143
0.02148044685
-0.0001334454578
0.02142310768
-0.0001381267693
0.02136224493
-0.0001420411516
0.02129841088
-0.000145457921
0.02123213043
-0.000148309808
0.02116400995
-0.0001503291186
0.02109477536
-0.0001511945406
0.02102524143
-0.0001506673568
0.02095623844
-0.0001486694644
0.02088853194
-0.0001452935188
0.0208227644
-0.0001407559263
0.02075942964
-0.0001353263618
0.02069887962
-0.0001292678134
0.02064134735
-0.0001227995246
0.02058697597
-0.0001160904384
0.02053714038
-0.0001092659218
0.02050409225
-0.0001011209719
0.02051778228
-7.949681021e-05
0.02054923513
-1.451329072e-05
0.0204549961
6.478311714e-05
0.02035301557
1.44048847e-05
0.0203053564
-5.089828796e-05
0.02026935597
-5.565114108e-05
0.02024128963
-5.600231014e-05
0.02021636077
-5.178948461e-05
0.0201937042
-4.717434141e-05
0.02017316476
-4.286825759e-05
0.02015480001
-3.870012476e-05
0.02013805693
-2.967088304e-05
0.0201229804
-2.630483743e-05
0.02010943214
-2.321168238e-05
0.02009727974
-2.037867383e-05
0.02008639877
-1.779274454e-05
0.02007667157
-1.54396535e-05
0.02006798883
-1.330498338e-05
0.02006024828
-1.13735689e-05
0.02005335597
-9.63089061e-06
0.02004722514
-8.062067777e-06
0.02004177656
-6.652667964e-06
0.0200369383
-5.388995954e-06
0.02003264467
-4.257684984e-06
0.02002883682
-3.246559053e-06
0.02002546147
-2.344245801e-06
0.02002247064
-1.539936638e-06
0.02001982131
-8.23930599e-07
0.02001747514
-1.876032113e-07
0.02001539736
3.779940857e-07
0.02001355693
8.795719922e-07
0.02001192641
1.323991319e-06
0.02001048137
1.717398017e-06
0.02000919975
2.065114353e-06
0.02000806199
2.372133926e-06
0.02000705051
2.642783971e-06
0.02000614971
2.880652221e-06
0.02000534528
3.089459981e-06
0.02000462485
3.271770484e-06
0.02000397693
3.430250084e-06
0.02000339095
3.566841477e-06
0.02000285859
3.685125131e-06
0.02000236716
3.777478932e-06
3.897081568e-06
0.02153782542
5.340020532e-05
0.02158216827
4.366326703e-05
0.02161589706
3.326934321e-05
0.02163853813
2.241465053e-05
0.02164993875
1.139548443e-05
0.02165062286
6.794104093e-07
0.02164379976
-7.831290811e-06
0.02164658053
-3.404568042e-05
0.02163439873
-6.4761862e-05
0.02160782476
-6.482559219e-05
0.02156890339
-7.503999994e-05
0.02152264944
-8.059585683e-05
0.02147127124
-8.206725334e-05
0.02141581545
-8.267098028e-05
0.02135690763
-8.31333263e-05
0.02129499924
-8.354952402e-05
0.02123053966
-8.385022138e-05
0.02116408608
-8.387554021e-05
0.02109633628
-8.344473504e-05
0.02102809171
-8.242278574e-05
0.02096018008
-8.0757835e-05
0.0208933714
-7.848484379e-05
0.02082831706
-7.570158103e-05
0.02076552459
-7.253389337e-05
0.020705361
-6.910421727e-05
0.02064807678
-6.551530229e-05
0.02059383171
-6.184536115e-05
0.02054271791
-5.815212331e-05
0.02049607675
-5.44798019e-05
0.02046613933
-4.955938498e-05
0.02048279311
-3.116707244e-05
0.02051729587
3.028036054e-05
0.02043318265
9.85181091e-05
0.02036171931
2.056505416e-05
0.02028617145
1.989672009e-05
0.02024703173
-1.686259574e-05
0.02022098872
-2.574647705e-05
0.02019802492
-2.421053618e-05
0.02017718232
-2.202566073e-05
0.02015843578
-1.995357843e-05
0.02014141079
-1.264588909e-05
0.02012606269
-1.095673466e-05
0.02011225426
-9.403254905e-06
0.02009985501
-7.979425144e-06
0.0200887409
-6.67863004e-06
0.02007879531
-5.494062891e-06
0.0200699087
-4.418379544e-06
0.02006197925
-3.444109909e-06
0.0200549125
-2.564147465e-06
0.02004862148
-1.771041805e-06
0.02004302655
-1.057736325e-06
0.02003805502
-4.174631485e-07
0.02003364086
1.564747689e-07
0.02002972404
6.702626599e-07
0.02002625042
1.129380843e-06
0.02002317141
1.539076209e-06
0.02002044301
1.90446595e-06
0.02001802562
2.229792006e-06
0.02001588441
2.519204463e-06
0.02001398745
2.776531336e-06
0.02001230648
3.004961698e-06
0.02001081635
3.20752179e-06
0.02000949435
3.387109018e-06
0.02000832054
3.545946699e-06
0.02000727682
3.686505245e-06
0.02000634698
3.810484735e-06
0.02000551689
3.919549695e-06
0.02000477342
4.015236138e-06
0.02000410476
4.098912661e-06
0.02000350029
4.171310585e-06
0.02000295093
4.234484026e-06
0.02000244386
4.284543113e-06
4.34764968e-06
0.02152374848
0.02156741175
0.02160068109
0.02162309574
0.02163449122
0.02163517063
0.02162733934
0.02159329366
0.0215285318
0.02146370621
0.02138866622
0.02130807036
0.02122600311
0.02114333213
0.02106019881
0.02097664929
0.02089279907
0.02080892353
0.02072547879
0.02064305601
0.02056229817
0.02048381333
0.02040811175
0.02033557785
0.02026647364
0.02020095834
0.02013911298
0.02008096086
0.02002648106
0.01997692168
0.01994575461
0.01997603497
0.02007455308
0.02009511813
0.02011501485
0.02009815226
0.02007240578
0.02004819524
0.02002616958
0.02000621601
0.01999357012
0.01998261338
0.01997321013
0.0199652307
0.01995855207
0.01995305801
0.01994863963
0.01994519552
0.01994263138
0.01994086033
0.0199398026
0.01993938514
0.01993954161
0.01994021188
0.01994134126
0.01994288034
0.0199447848
0.01994701459
0.0199495338
0.01995231033
0.01995531529
0.01995852281
0.01996190992
0.01996545587
0.01996914237
0.01997295285
0.0199768724
0.01998088764
0.01998498655
0.01998915786
0.01999339234
0.01999767689
7.300626409e-08
2.991476318e-05
4.152975453e-05
0.0001301455664
-7.055308129e-05
4.852577301e-08
-0.0001096492427
5.000823101e-05
-7.153225003e-05
7.709744828e-08
2.992167771e-05
4.152510064e-05
0.0001300984525
-7.050735783e-05
3.83200403e-08
-0.0001095900133
4.996059748e-05
8.740142598e-08
5.247156152e-05
0.000140910173
0.0001226157208
3.990508516e-06
-6.350197918e-08
-0.0001379229286
1.138020129e-05
-6.333174333e-05
9.223873252e-08
5.247034373e-05
0.0001408676149
0.0001225743237
3.988814506e-06
-2.556318636e-08
-0.0001378624557
1.132488023e-05
0.0002068674669
4.238308362e-05
-3.408751919e-07
2.539658989e-08
-0.0001197436395
-9.443390909e-05
-0.000175501738
0.0001447532593
-0.0001165723485
0.0001476422718
-3.214454712e-07
4.076919929e-09
4.538968149e-05
-0.0001169377408
-0.0002489343295
-3.366315525e-07
0.0002068871863
4.236302985e-05
0.0001435968215
-3.137530851e-09
-0.0001197263796
-9.437466009e-05
-0.0001755410323
0.0001447109285
-3.220682798e-07
-0.0001165983659
0.0001477505377
-9.016109557e-05
-3.115069829e-10
8.635292961e-05
-2.24039752e-09
-3.645617883e-05
2.393685795e-07
9.004291766e-05
-4.979090841e-05
-3.988206065e-05
-4.937768046e-05
-8.77230569e-10
-4.020976287e-05
8.672940406e-05
-3.617368917e-05
-4.764815467e-08
-2.848627758e-05
9.700221291e-05
0.0004212228663
5.849150249e-05
-5.772855697e-05
-0.0004219036819
-8.212409939e-08
5.406092652e-05
-1.911250548e-08
-2.848030186e-05
9.701281246e-05
0.0004212282306
5.841702587e-05
-6.50347886e-08
-5.769704864e-05
-0.0004218831674
-2.714724174e-05
-3.325359476e-05
5.988069484e-08
5.778790695e-05
5.337599635e-10
2.552515826e-06
3.042509881e-05
4.142911934e-05
3.377889311e-10
-7.17926153e-05
-8.816682802e-08
2.724329033e-05
2.757890504e-06
4.438091823e-08
3.286740336e-05
7.995651698e-05
-7.133855157e-05
1.623473118e-10
3.187479809e-06
7.979048414e-05
9.056948821e-10
-7.157148163e-05
5.801810562e-05
2.152464541e-06
-3.299350322e-07
-4.955274662e-05
-5.05527094e-05
1.866480695e-10
-4.293826853e-05
9.969578641e-05
-2.083101674e-07
6.762298499e-10
1.238027246e-06
-0.0001094995304
5.032608752e-05
1.149953237e-09
0.0001298793449
-7.065853371e-05
1.042947242e-07
4.251812163e-05
-7.231514283e-05
-6.558628302e-09
-9.940788885e-05
9.986992176e-05
5.455348323e-10
-7.254356596e-05
3.274001391e-10
9.94622717e-05
9.200406405e-07
-2.714893042e-05
-3.325163231e-05
5.925438069e-08
5.778957502e-05
2.552271876e-06
3.042437938e-05
4.143115503e-05
-7.178811613e-05
-8.63910708e-08
2.724838551e-05
2.758463771e-06
4.864910055e-08
3.286696951e-05
7.994424274e-05
-7.133476537e-05
3.187359068e-06
7.979451718e-05
-7.156542383e-05
5.802209971e-05
2.152510107e-06
-3.311808e-07
-4.955727451e-05
4.979762128e-05
-5.055059898e-05
4.937505216e-05
-4.293514678e-05
9.96969311e-05
-2.091701206e-07
1.237631813e-06
-0.0001094993248
5.031455808e-05
0.0001298687058
-7.064447112e-05
1.091811227e-07
4.251434536e-05
-7.226929891e-05
-3.82400958e-09
-9.940766222e-05
9.981479656e-05
-7.253021983e-05
9.945739872e-05
9.196163954e-07
-2.476984913e-07
-9.960377688e-10
-3.519921787e-05
-3.503629097e-05
-9.015853942e-05
-3.367581242e-09
8.635141063e-05
-3.646432497e-05
2.423047943e-07
9.003784114e-05
-3.987323004e-05
-4.020877285e-05
8.672364063e-05
-3.619312661e-05
-2.519146219e-07
-3.520640931e-05
-3.506164422e-05
4.532170962e-05
-0.0001171306732
9.803344861e-10
-1.098987829e-08
-0.0001127963142
8.685901228e-05
-0.0001129522529
8.668998097e-05
1.508202097e-09
-4.565645071e-05
7.669922933e-08
-0.0001549913874
8.761618677e-05
2.696885584e-09
-7.114572405e-08
4.569618638e-05
-0.0001625868625
-0.0001628812536
1.7087665e-09
-0.0001547237748
8.770033895e-05
0.0003514520317
2.814678114e-05
-1.34826073e-06
-0.0001107216223
-6.391506801e-07
-0.0002037422971
0.0001176813904
-0.0002871747309
-8.422940308e-05
0.0002554713233
-1.748581654e-06
-7.753828834e-07
3.916630238e-05
-0.0002873558565
-0.0003782509661
-1.345045528e-06
0.0003514558621
2.808819882e-05
0.0001394631668
-6.154475102e-07
-0.0001107064132
-0.00020368234
0.0001177181147
-0.0002872292405
-1.766100232e-06
-8.42145342e-05
0.0002554917587
0.0001077694697
-1.339085339e-07
0.0001623629262
5.635457359e-09
-0.0001516886206
2.06592369e-05
5.946602136e-05
0.0001571949595
-0.0001676173863
-4.868039275e-05
-3.632003487e-07
4.463947215e-08
0.0001563380844
-7.611764422e-05
-0.0001252896312
-1.753064181e-07
0.000107952974
0.0001622228913
0.0001351197189
-6.86699009e-09
-0.0001517610511
2.063701385e-05
5.94784124e-05
0.0001571590815
-3.498633694e-07
-0.0001675826692
-4.870496129e-05
0.0001699271405
0.0001196084034
-8.427022834e-07
-0.0001637867326
6.452152088e-05
-9.115327177e-07
2.135350948e-08
9.001612311e-05
0.0006103227266
-0.0001481884684
-0.0001377298499
-0.0001379637653
-0.0001489328745
-5.925116434e-06
-5.793164663e-05
-5.549703342e-05
-8.191417025e-06
-3.634722876e-07
-0.0001429164937
0.0001574535048
-0.0001709425431
-8.25883262e-07
0.000169924074
0.0001195624686
0.0001595913866
-8.958514335e-07
-0.000163776377
6.45592494e-05
8.990791419e-05
0.0006104814633
-0.0001481879786
-0.0001376307242
-0.0001379850461
-0.000148940801
-5.934312664e-06
-5.800039904e-05
-5.549445351e-05
-8.19433306e-06
-0.0001167621557
0.000136184491
-1.868921005e-07
-6.501527515e-05
-1.285583817e-07
0.0004254873649
8.4120971e-05
0.0004437705413
-8.179053454e-05
-0.0004450487911
-1.052182541e-06
-8.283891771e-08
0.0001109515555
7.831193225e-05
0.0001380334326
-2.0639395e-07
-0.0001168395262
0.0001361715626
6.092588248e-05
-1.448524163e-07
-6.503765728e-05
0.000425484852
8.408942213e-05
0.0004439033264
-1.077007953e-06
-8.183447225e-05
-0.000445081265
-0.0006579899914
-6.534182754e-08
6.371209104e-05
0.001338139494
0.0001429738568
-0.0001130910377
-0.001367666954
-3.553415627e-07
0.0006527243767
-5.295702811e-08
-0.0006580345148
6.378012161e-05
0.001338051491
0.0001432386712
-3.829553512e-07
-0.0001131136124
-0.001367793576
-0.0006487733371
5.234240983e-05
2.684904567e-07
-9.686753768e-05
0.001307864539
-6.881624865e-07
1.156035913e-08
0.004657430339
0.0004733386939
-8.066455779e-05
-7.037649306e-05
-6.782702605e-05
-8.236419173e-05
-0.001143930301
-0.00127208546
-0.001269747002
-0.001143785511
-8.675193029e-08
0.0006413553004
7.238170947e-05
0.0006802929254
2.627337719e-07
-0.0006488234101
5.235717581e-05
0.0001278035613
-6.943662388e-07
-9.692763994e-05
0.001307869932
0.004657855658
0.0004729772638
-8.06591322e-05
-7.040110021e-05
-6.784789838e-05
-8.234462343e-05
-0.001143938381
-0.001272069941
-0.001269761346
-0.001143798937
-0.0001121949733
-4.403944785e-05
-4.542130763e-08
0.0001198266041
-2.938059819e-09
5.26820769e-05
0.0001408077913
7.013577907e-11
-6.352319792e-05
2.602572268e-07
0.0001121991602
-1.80109021e-08
4.403315925e-05
0.0001442485574
-4.73535302e-05
-1.31713266e-10
0.0001440648148
-3.840520922e-09
-4.731064917e-05
0.0001200132078
-3.283588484e-05
0.0001175398407
-7.539262044e-08
-1.171907119e-09
-0.0001377633046
1.116128516e-05
-4.251143543e-09
0.0001226245273
3.918247481e-06
3.770866952e-08
3.278707149e-05
-2.649915066e-05
-4.7213636e-08
-0.0001176885999
0.0001032259268
-1.393093733e-09
-2.649526873e-05
-2.655447995e-09
0.0001028852417
-0.0001121826747
-4.405474943e-05
-5.069432882e-08
0.000119820858
5.267986081e-05
0.0001407853871
-6.350424172e-05
2.543209203e-07
0.000112157588
2.689803589e-09
4.408602262e-05
0.000144174797
-4.739589334e-05
0.0001440625231
-4.733303976e-05
0.0001199997874
-3.284264909e-05
0.0001175399382
-8.400999472e-08
-0.0001377543916
1.118038806e-05
0.0001226012526
3.942949087e-06
3.813434932e-08
3.279097022e-05
-2.651676254e-05
-1.401946533e-08
-0.00011764511
0.0001030942409
-2.649777536e-05
0.0001029136595
-4.439938992e-05
-0.0001963214807
1.494555498e-07
8.557634455e-05
3.67870376e-09
-1.562394669e-07
4.44136688e-05
-3.130286688e-07
0.0001957693125
8.169689041e-05
-0.0002347700913
0.0002074616863
4.232347391e-05
1.524160448e-09
-0.0002501569392
2.455103615e-09
8.156773002e-05
2.45243417e-09
-0.000235881217
8.560865865e-05
-0.0001195166233
-9.463525666e-05
1.27142328e-09
0.0001435174731
1.774637499e-08
-0.0001052175148
-0.0001053534522
9.986724137e-10
0.0001219244033
5.256115389e-08
-0.0001397164951
2.264304754e-09
-8.578351496e-08
-0.000122042285
-0.0001205258492
0.0001482200089
-0.0001207419382
1.014942792e-10
0.0001479452088
-0.0001395068931
-0.0001746459552
0.000120368972
1.331052963e-07
3.729375978e-09
-2.537674455e-07
0.0001742708281
-0.000208892517
-1.895735582e-07
-0.0001205057097
0.0001478117078
-0.0001165409814
0.0001480488074
1.479825976e-09
-0.0001763806973
0.0001445499482
3.62606046e-09
-0.0002098765922
1.975601967e-09
0.0001474842972
4.532855148e-05
-0.0001171270043
-6.928765285e-09
-0.0001127745159
8.683636387e-05
-0.0001129417589
8.669947285e-05
-4.566624329e-05
7.760785324e-08
-0.0001549869933
8.763655666e-05
-7.226419351e-08
4.571645764e-05
-0.0001625923198
-0.0001628805432
-0.0001547099224
8.772947475e-05
-4.44109351e-05
-0.0001963242905
1.544188996e-07
8.559748829e-05
0.0002074642853
4.232219822e-05
-0.0002501474344
-1.581300944e-07
4.44430314e-05
-3.158784797e-07
0.0001957793059
8.165666764e-05
-0.0002347570672
8.156087841e-05
-0.0002358763891
8.5666835e-05
-0.0001195317139
-9.460957775e-05
0.000143494959
1.684888088e-08
-0.0001051761553
-0.0001053446136
0.0001219352762
6.802169233e-08
-0.0001397090833
-1.337703182e-07
-0.0001221145391
-0.0001204751914
0.0001483488402
-0.0001207042832
0.0001478963178
-0.0001394931909
-0.0001746581662
0.0001204000538
1.502505648e-07
-0.0001165509961
0.0001480567636
-0.0001763795766
0.0001445532247
-2.709838167e-07
0.0001742988342
-0.0002089695466
-2.533905225e-07
-0.000120622734
0.0001481514719
-0.0002099156326
0.0001475011212
-2.851963875e-05
9.698782947e-05
-2.369407638e-09
5.411106063e-05
9.40034303e-08
8.100198762e-05
8.095387267e-05
1.91938768e-09
0.0001034348298
-6.080561818e-09
6.081047515e-05
-1.215370652e-09
1.386313542e-08
-0.0001034531716
7.269659165e-05
0.0001277449309
7.261626797e-05
8.727699709e-10
0.0001278193912
6.079367607e-05
0.0002313959143
5.047207966e-05
-1.529285425e-08
2.724762715e-10
-5.071518999e-09
-0.0002313875491
0.0002463606585
-1.040063431e-08
-5.028022471e-05
4.805434072e-05
-5.764318644e-05
-0.0004220432438
-3.545475208e-09
0.0004210282506
5.857959104e-05
3.460140102e-10
0.0002463635764
8.12407798e-10
4.800202086e-05
-2.851259695e-05
9.703103704e-05
5.406133281e-05
5.604193619e-08
8.098609856e-05
8.09628381e-05
0.0001034344972
5.128982175e-09
6.080743758e-05
-7.020964782e-09
-0.00010346357
7.267650066e-05
0.0001278069031
7.263387282e-05
0.0001278255078
6.078470936e-05
0.0002314014124
5.046661516e-05
-1.11506702e-08
-5.762726834e-05
-0.0004219997615
0.0004210624211
5.849602602e-05
-1.917504665e-08
-0.0002314097943
0.0002464084168
-1.450716384e-08
-5.026441371e-05
4.807731263e-05
0.0002463891878
4.804822116e-05
-7.130222277e-07
-0.0002697137008
7.483222226e-05
3.924050524e-05
-0.0002902130624
3.9609918e-10
-0.0002722678901
7.491320374e-05
9.582961249e-10
-3.716328764e-05
1.938041101e-06
-0.0003091573508
7.21130293e-05
1.681331848e-09
-2.089521442e-06
3.686861129e-05
-0.00032219204
-0.0003295092003
4.123566695e-10
-0.0003024596299
7.15525878e-05
0.0001399996933
-1.373396409e-09
-0.001447996313
5.112044044e-09
0.0003231848035
0.0003006701465
0.0003389318431
-3.432496506e-09
0.0003058799601
-0.00171514043
0.0001913027512
0.0003988630558
0.0003634567914
0.0003830263561
0.0001399769264
-0.001448035726
0.0003893664604
0.0003007058537
0.0003231425545
0.0003388994788
0.0003058324418
0.0001563364822
-7.630084622e-05
1.88742763e-09
-1.728775038e-08
-5.064066338e-05
0.0001597548668
-5.064653497e-05
0.0001596575239
-2.44297068e-09
1.517347488e-08
0.0001632406628
-9.125402875e-05
0.0001629571437
-9.129986366e-05
2.258248078e-09
-5.629131567e-08
-5.512836724e-05
0.0001675033631
-8.096113419e-09
-5.499891056e-05
0.0001675426165
-0.0001441210594
0.0001574454389
-0.0001394800143
0.0001258118491
4.971899955e-09
-0.0001499076223
7.913666531e-05
7.683951978e-07
-9.248306926e-05
0.0001624887759
-3.142774042e-09
-8.959251614e-07
0.0001494040637
-0.0001314079725
-0.0001599760932
-4.737861145e-07
-7.809794025e-05
6.907730647e-05
0.0001670652576
-0.0001319651783
-0.0001629597019
2.797835436e-10
6.957080684e-05
0.0001665417565
-4.244963307e-09
-9.065375992e-05
0.0001627282675
0.0002436449052
-4.639749991e-09
4.248965211e-05
7.803269244e-08
-5.537631935e-08
-0.0006183078546
0.0004192366895
0.000176883837
0.0001180131079
0.0001226091459
0.0002435672347
4.220306656e-05
0.0001108351646
7.834588613e-05
-0.0001351972984
-3.379503821e-09
-9.523767597e-08
0.0001539124987
8.491128587e-05
0.0001537549868
8.480408136e-05
2.527005627e-10
-0.0001269522616
1.551472158e-07
0.0001815417851
9.901186775e-05
-1.551338952e-09
-5.087885538e-08
0.000126776165
-0.0001459547676
9.75382722e-05
-0.0001460173368
9.736232446e-05
-2.232162465e-09
0.0001815698532
9.927397577e-05
0.0003987348734
-6.603421999e-08
-0.0001954366326
-0.0001928864814
-0.0002543167779
-0.0002576569543
0.001690345123
-3.208358058e-08
-0.000358404869
-0.000441309349
-0.0003570663876
-0.0001184842618
-0.0001171323859
-0.0001109086293
-0.0001125849055
-5.660291166e-08
0.0003396041107
-7.11897216e-07
0.0001617924663
0.0001365442462
0.0003987400904
-0.0001954876305
-0.0001928595029
-0.0002543140275
-0.0002576652096
0.001690665818
0.0003689503136
-0.0004413611342
-0.0003583445445
-0.0003569337052
-0.0001185556418
-0.0001171427284
-0.0001108797785
-0.0001125273375
0.0003396991449
0.0006411500686
7.248703735e-05
-6.086083281e-05
-0.0006528781506
-2.689610513e-10
-6.802470696e-05
-0.0008885197361
5.529781583e-07
0.0008612621034
9.472515593e-05
4.208343544e-09
-1.198742388e-07
6.796661859e-05
-6.464575025e-05
0.0006381462515
-4.027652031e-07
0.0008884493691
-0.0009005270276
8.494935812e-05
-6.450063191e-05
0.0006375009342
5.197661058e-09
-0.0009002975362
8.386247788e-05
-3.873937502e-10
0.0008617732696
9.519567914e-05
0.0001349150627
-4.925532631e-08
0.004546031843
-2.866929581e-08
-4.539003807e-08
0.003137479652
0.0002391907249
-0.0006793995604
-0.0008252182758
-0.0008227896774
0.0001354122344
0.004545797963
0.0007077209519
-2.494074993e-08
-0.0001888765318
-0.0001409595339
-0.0001879096981
-5.404552642e-08
0.006551744347
0.0007081806222
0.006261897378
-0.000141162573
-0.0001885997977
-0.0001875755818
0.006551915382
0.0004994152052
3.279830937e-08
0.006520959716
1.933874995e-08
-3.392630699e-08
0.006102857899
0.0006515446716
-0.0001257576844
-0.0001207364775
-0.0001181522516
0.0004992534671
0.006521550021
-3.407055951e-05
-0.0003470846987
4.002497987e-06
6.799448504e-05
9.235776795e-10
-4.224048337e-06
3.343616376e-05
-1.320694287e-06
0.0003316948799
6.115788536e-05
0.0003678534757
2.963736942e-05
3.122268755e-10
3.981276753e-10
6.419357045e-05
2.057964192e-09
6.667390812e-05
-6.146396526e-07
-0.0002441672697
-0.0001108523504
-0.000205649291
1.785281553e-09
-0.0002464333601
2.991385667e-09
0.0001046078789
1.660350975e-06
-0.0002805890907
5.327191807e-10
-1.494384051e-06
-0.0001040434379
-0.0002296124441
-0.0002345000548
-9.167657639e-10
-0.0002749977626
-0.0003136086336
9.765364088e-05
3.360704303e-06
-3.167416471e-10
-8.437999637e-07
0.0003009570846
-3.138458436e-06
-9.599392855e-05
0.0001249912699
-8.867344264e-05
0.0002665481806
2.343552769e-09
0.0001210444916
-4.73831712e-10
1.119483012e-09
0.0001265621848
3.925327804e-05
-0.0002902093095
-7.192408204e-07
-0.0002697456802
7.487415585e-05
-0.0002722940541
7.495266961e-05
-3.716383049e-05
1.94980178e-06
-0.0003091590097
7.208066682e-05
-2.091700563e-06
3.688416086e-05
-0.0003221884741
-0.0003295064403
-0.0003024726147
7.156089854e-05
-3.407254223e-05
-0.0003470915426
4.007466481e-06
6.799852376e-05
0.0003678529499
2.960908454e-05
-4.225469405e-06
3.344591401e-05
-1.335262089e-06
0.0003316950327
6.118521889e-05
6.421069403e-05
6.667579354e-05
-0.0001108423081
-0.0002056277779
0.0001394768565
-6.172600254e-07
-0.0002441845368
-0.0002464195337
0.0001046004096
1.652809732e-06
-0.000280591548
-1.478536035e-06
-0.0001040179022
-0.0002295917104
0.0001314058145
-0.0002345078368
0.0001320010175
-0.00027498873
-0.0003136061818
9.765113128e-05
3.361701119e-06
-8.866133486e-05
0.0002665635037
0.0001210399278
-8.421858439e-07
0.0003009554234
-3.151837677e-06
-9.600417936e-05
0.0001250560676
0.0001265560744
-6.544561883e-08
0.0001643925945
0.0001080053683
0.0001622197109
2.813329909e-09
0.0001641195006
4.857519264e-09
-6.147056377e-05
3.045113761e-08
0.0001704435899
-1.23438011e-08
-1.755045066e-07
6.110249762e-05
0.0001705132357
0.0001701505556
-6.105242057e-09
0.0001705266372
-0.0001517287795
2.04550038e-05
3.637457001e-10
1.735152188e-08
-1.845024974e-05
-1.8549662e-05
4.93025792e-10
0.0001607274377
-9.532577509e-09
-1.176843051e-05
4.227389771e-09
-2.139262267e-08
-0.000160715165
3.544103295e-05
3.514409135e-05
-3.735585e-10
-1.163232485e-05
-6.892446172e-06
0.0001655401143
2.471512531e-08
2.780506123e-09
-4.567992663e-08
6.672775379e-06
-3.731245997e-06
-1.374697171e-07
-0.0001655917792
0.0001524898888
-0.0001675233583
-4.814995029e-05
-1.571523273e-09
5.834601586e-05
0.000156965658
2.806217703e-09
-4.313750728e-06
2.106745308e-10
0.0001523965659
0.0001563019618
-7.626471595e-05
2.507518278e-08
-5.086605899e-05
0.0001597831729
-5.065909011e-05
0.000159650645
-2.828197742e-08
0.0001636911517
-9.143167383e-05
0.0001628692471
-9.126367067e-05
-2.049809601e-07
-5.5118265e-05
0.0001675253061
-5.52205985e-05
0.000167840711
0.0001080207561
0.0001622033476
-0.0001258433675
-2.111773163e-07
0.0001648839487
0.0001640518893
-6.144882717e-05
-5.483063379e-08
0.0001704249455
-1.541651339e-07
6.098395332e-05
0.0001703993772
-6.900627579e-05
0.000170155416
-6.956117046e-05
0.0001705924705
-0.0001517382976
2.047196029e-05
0.0001352027915
3.323231672e-08
-1.852786774e-05
-1.855170388e-05
0.0001607517926
-4.026534173e-08
-1.173369746e-05
-3.044372025e-08
-0.000160810749
3.54556628e-05
0.0001460225471
3.516031709e-05
0.0001460326162
-1.153816891e-05
-6.861506534e-06
0.0001655464222
9.102334194e-09
-0.0001675167597
-4.814894307e-05
5.833390561e-05
0.0001569803506
-6.776544846e-08
6.552434566e-06
-3.667964125e-06
-1.373156772e-07
-0.0001656158215
0.0001525038347
-4.287831907e-06
0.0001524206831
-0.0001370882908
-0.0001050213152
1.43754132e-06
5.204472773e-10
-2.081140175e-06
0.0001370234584
-1.162186719e-06
0.0001011256556
0.0001755666205
0.0001215496383
-4.419878681e-10
-3.331797002e-10
3.910426405e-09
1.850497451e-06
0.000154788557
-7.478298767e-08
-6.165711784e-10
-3.635112047e-07
-8.92158297e-08
-1.112677196e-06
-0.0001543728111
0.0001620753504
-0.0001637127125
6.241687638e-05
-9.334989547e-10
0.0001587312426
2.255271991e-09
-1.594442127e-09
0.0001605972991
-0.0001441530874
0.0001574280804
-0.0001499044656
7.913230967e-05
7.613110187e-07
-9.247837202e-05
0.0001624860775
-8.958085588e-07
0.0001493883721
-0.0001600032382
-4.498923864e-07
-7.806996513e-05
0.0001669670896
-0.0001629520737
0.000166545065
-9.064420322e-05
0.0001627239139
-0.00013708955
-0.0001050118599
1.435574179e-06
0.0001755517906
0.0001215456416
-2.065909097e-06
0.0001370428102
-1.161787125e-06
0.0001011066367
1.846629372e-06
0.0001547855501
-8.105514562e-08
-0.0001637221523
6.240721333e-05
0.0001587520572
-3.839612284e-07
-9.329944703e-08
-1.094828552e-06
-0.0001543552091
0.0001620088788
0.0001606018764
-0.0001332362494
0.0002012954727
2.723961878e-07
0.0001132091068
1.06331882e-09
-7.789359277e-08
0.0001333439036
-3.857134347e-07
-0.0002018296679
0.0001162961622
0.0002221037116
-0.0001164442587
0.000136158222
1.105864662e-09
0.0001370636941
4.965858255e-10
0.0001158513798
-8.554451793e-10
0.0002212174578
0.0001133564991
-4.524308068e-10
0.0002662571163
-6.500095419e-05
0.0004250367693
3.040714151e-09
0.0002661635032
2.757236434e-09
7.354164623e-05
1.046013078e-07
0.0002915296312
-5.055525643e-10
-3.179711646e-07
-7.359133273e-05
0.0004347509038
0.0004337578309
1.991426229e-09
0.000292044383
0.0003228042613
8.160231829e-05
3.317436074e-07
4.309604695e-10
3.691403832e-07
-0.0003242683861
-7.536081873e-07
-8.14642255e-05
7.191994699e-05
-8.196181299e-05
-0.0004435318993
-1.007594665e-09
8.313317301e-05
-3.42279922e-09
9.349473375e-10
7.107369727e-05
0.0001108372615
7.834064657e-05
-8.804916455e-08
0.0001539436143
8.490289032e-05
0.0001537309844
8.48439929e-05
-0.0001269518428
1.343853668e-07
0.0001815563322
9.899057289e-05
-3.660721286e-08
0.0001267714579
9.759962907e-05
9.738259062e-05
0.0001816302642
9.921920596e-05
-0.0001332456681
0.0002013113471
2.737361382e-07
0.0001132179937
-0.0001164696812
0.0001361645752
0.000137080179
-8.842789018e-08
0.0001333523677
-3.981046559e-07
-0.0002018762235
0.0001163181158
0.0002221277769
0.0001158247756
0.0002212521947
0.0001133801598
-6.501663495e-05
0.0004250586921
6.087855361e-05
-3.111086806e-08
0.0002663047601
0.0002661882054
7.355511068e-05
1.099873876e-07
0.0002915132044
-3.29461734e-07
-7.362340428e-05
0.0004347541507
6.468356523e-05
0.00043375313
6.453321038e-05
0.0002920105386
0.0003227840764
8.161374959e-05
3.337938917e-07
-8.204022911e-05
-0.0004435112915
8.311236287e-05
3.68511856e-07
-0.000324229404
-7.603240948e-07
-8.149509428e-05
7.192830703e-05
7.109619446e-05
-1.195450792e-08
6.059394471e-05
-0.0006579636892
6.360202473e-05
-2.221955274e-09
6.047222921e-05
6.583366721e-09
0.0009186145769
1.549512104e-07
9.643108163e-05
4.474138058e-09
-2.258267756e-07
-0.0009189931614
8.240405946e-05
8.168926054e-05
3.977614533e-09
9.688301516e-05
0.001173854489
0.0001490501523
2.608207465e-07
1.801273801e-09
-4.01193856e-07
-0.00117413287
0.001143847067
-3.776329721e-07
-0.0001490791998
-0.0001115677528
-0.001367463257
3.329385062e-09
0.001337712783
3.97094347e-09
0.001143570834
-6.261497916e-09
-0.0006580090466
6.367590291e-05
0.0006527739934
-4.430776259e-08
6.068775115e-05
6.054192147e-05
0.0009186272848
1.654431362e-07
9.639703106e-05
-2.404428055e-07
-0.0009190300884
8.244636421e-05
0.0009006042963
8.173229277e-05
0.0009003344299
9.68170411e-05
0.001173859662
0.0001490111477
2.648344124e-07
-0.0001115408664
-0.001367661489
0.001337660135
-4.1617785e-07
-0.001174152201
0.001143901119
-3.702008319e-07
-0.0001489989233
0.001143638866
-6.106263005e-05
0.0008408854948
7.701727352e-07
4.508228101e-09
-6.216569076e-07
6.191450739e-05
-1.141685458e-06
-0.0008420937584
-0.0006468873233
5.087543076e-05
2.073062591e-09
3.034263972e-09
5.453981319e-09
-0.001131129066
8.218158628e-05
-2.602812307e-07
2.622028498e-09
-6.974231632e-07
0.001132626325
-1.137745215e-06
-8.377619651e-05
-9.560530474e-05
0.001306845864
3.468326744e-09
1.523831693e-09
4.118084358e-09
0.0006411410587
7.242446587e-05
-6.80344092e-05
-0.0008885035898
5.581666449e-07
0.0008612544174
9.472963761e-05
-1.284221286e-07
6.798515287e-05
0.0006381821348
-4.000942039e-07
0.0008884229949
8.49631026e-05
0.0006375166273
8.385482243e-05
0.0008617586265
9.52076915e-05
-6.106749617e-05
0.0008408906668
7.766380753e-07
-0.0006469156109
5.089321622e-05
-6.327619436e-07
6.191978658e-05
-1.151779174e-06
-0.0008421104225
-0.001131139026
8.218977909e-05
-2.568760036e-07
-9.565112308e-05
0.001306862675
-7.050560196e-07
0.00113264164
-1.142971719e-06
-8.379350503e-05
-2.040676315e-07
0.0001285756706
-5.846999859e-07
0.0002407588699
0.0001596908554
0.0001354180103
7.699566612e-10
0.0001272029338
-5.326444515e-09
0.0002389217704
-3.37366831e-09
9.073222549e-07
-8.034441839e-09
0.0001597053968
0.0001354157065
-2.294526821e-07
0.0001285431757
-6.111403399e-07
0.0002407275319
0.0001272129965
0.0002389106632
9.21844045e-07
1.014195447e-06
-1.852078508e-06
8.563044052e-08
3.304744522e-06
2.642959343e-11
2.472880348e-07
-8.828142709e-07
6.532807403e-08
1.584383612e-06
1.435782929e-11
-2.399276621e-07
4.992455534e-08
4.372870323e-07
7.303990332e-12
9.989612106e-07
-9.042069839e-08
1.849355984e-06
1.869896361e-07
-6.948605368e-08
8.814637989e-07
-5.270744213e-08
2.396974775e-07
1.244954201e-06
3.756807199e-12
2.926405925e-07
1.693284512e-12
1.187384628e-12
7.851264083e-07
3.302326496e-06
1.477676547e-07
1.584152856e-06
4.373872944e-07
4.997412705e-07
7.125664068e-08
3.596709641e-11
1.273410404e-07
5.512739591e-08
1.900327683e-11
4.398276835e-08
9.464947627e-12
3.104406501e-07
4.181767401e-08
1.014090172e-06
-1.852161874e-06
8.557318044e-08
3.304802462e-06
2.472561136e-07
-8.828566844e-07
6.529530385e-08
1.584412156e-06
-2.399397083e-07
4.990783773e-08
4.372946492e-07
9.991996194e-07
-9.030142185e-08
1.849611489e-06
1.870526962e-07
-6.942309799e-08
8.81595969e-07
-5.267644364e-08
2.397382488e-07
1.244893564e-06
2.926193971e-07
7.851553538e-07
3.302540707e-06
1.477796159e-07
1.584269444e-06
4.374228619e-07
4.995837151e-07
7.122418451e-08
1.273003983e-07
5.511021687e-08
4.397404272e-08
3.102775428e-07
4.178787426e-08
)
;

boundaryField
{
    inlet
    {
        type            calculated;
        value           nonuniform 0();
    }
    outlet
    {
        type            calculated;
        value           nonuniform List<scalar> 
25
(
0.01999796503
0.01999799765
0.01999806188
0.01999815671
0.01999828068
0.01999843186
0.01999860784
0.01999880579
0.01999902252
0.01999925455
0.01999949818
0.01999974953
0.02000000459
0.02000025935
0.02000050981
0.02000075205
0.02000098227
0.0200011969
0.0200013926
0.02000156632
0.02000171536
0.02000183737
0.02000193049
0.0200019933
0.02000202454
)
;
    }
    topAndBottom
    {
        type            symmetry;
        value           uniform 0;
    }
    frontAndBack
    {
        type            empty;
        value           nonuniform 0();
    }
    cylinder
    {
        type            calculated;
        value           uniform 0;
    }
    procBoundary3to1
    {
        type            processor;
        value           nonuniform List<scalar> 
125
(
1.061788397e-06
8.007517664e-07
2.983507114e-07
-3.254692016e-07
-9.076915599e-07
-1.411047127e-06
-1.672990724e-06
-1.658798704e-06
-1.389242521e-06
-9.796891769e-07
-5.328622195e-07
-1.292742944e-07
2.108239877e-07
4.439725959e-07
5.351521066e-07
5.447384888e-07
5.177855969e-07
4.624072409e-07
3.935407722e-07
3.219381879e-07
2.521444395e-07
1.881980339e-07
1.308019468e-07
7.934985003e-08
3.622360254e-08
4.340981698e-09
-2.133817195e-08
-3.514259512e-08
-4.033409241e-08
-3.945558557e-08
-3.512897295e-08
-2.967821949e-08
-2.421074994e-08
-1.843964701e-08
-1.306249983e-08
-9.793230973e-09
-7.672390283e-09
-5.784043828e-09
-4.125168639e-09
-2.910371833e-09
-2.292085812e-09
-2.293621831e-09
-2.795530128e-09
-3.584711378e-09
-4.432642576e-09
-5.157223722e-09
-5.651213949e-09
-5.880000157e-09
-5.862433961e-09
-5.648340167e-09
-5.299800922e-09
-4.877848989e-09
-4.436780267e-09
-4.016242866e-09
-3.648556408e-09
-3.338266632e-09
-3.077952143e-09
-2.861947473e-09
-2.678439736e-09
-2.519308744e-09
-2.379426308e-09
-2.255764638e-09
-2.147567212e-09
-2.055218503e-09
-1.978057346e-09
-1.91465333e-09
-1.862462146e-09
-1.824573195e-09
-1.76760277e-09
1.837917891e-08
3.538810087e-08
2.420009455e-07
1.110391958e-08
8.364228515e-09
2.957558727e-08
1.172284625e-08
2.073723117e-08
1.104722437e-08
1.732410537e-09
2.041066521e-09
9.996584053e-09
1.209758413e-09
1.854649751e-09
5.224161677e-08
3.059814514e-08
5.195633156e-08
1.79893086e-08
2.189741735e-08
2.126672552e-08
2.316952305e-08
2.937910372e-08
2.234491004e-08
1.539344117e-08
1.038454355e-08
1.673294867e-08
2.583380585e-08
9.955891269e-09
1.712785272e-08
2.666975667e-07
2.422303627e-07
2.669277622e-07
3.553755248e-08
4.237841363e-08
4.291361289e-08
4.787478619e-08
5.638185979e-08
4.926860882e-08
3.36053272e-08
4.015206787e-08
4.200595548e-08
5.628486684e-08
4.693711925e-08
4.889282085e-08
-1.019083019e-11
-7.661282019e-12
-2.152141323e-12
1.856224228e-11
7.567290304e-12
3.220395567e-12
-4.919924918e-11
-3.064464616e-11
-9.739191366e-12
6.194417396e-13
-1.743453438e-12
1.628839546e-13
)
;
    }
    procBoundary3to2
    {
        type            processor;
        value           nonuniform List<scalar> 
103
(
-0.0008049340935
-0.0008054530996
-0.006479818299
-0.006457898877
-0.00648048501
-0.006456286912
-0.02500893462
-0.02445427853
-0.02396535744
-0.02356465482
-0.02322430539
-0.02293400443
-0.02268373474
-0.02246733934
-0.02227997412
-0.0221179513
-0.02197829805
-0.0218587432
-0.02175746062
-0.02167295821
-0.02160410868
-0.02155001875
-0.02150999308
-0.02148354806
-0.02147034834
4.026689858e-05
-6.093233763e-07
3.948687275e-05
-3.334006194e-07
9.181003271e-08
8.449458383e-07
9.087809135e-08
8.445840774e-07
3.083847698e-05
9.096234983e-05
3.053675992e-05
9.098122061e-05
2.589007408e-05
2.57713196e-05
4.027261629e-05
-6.092947262e-07
3.950397294e-05
-3.333131042e-07
3.084143142e-05
9.096732671e-05
3.054504472e-05
9.098833243e-05
2.588977165e-05
2.578998994e-05
-6.356340548e-06
-6.496184689e-06
-8.328413329e-05
-8.325092637e-05
-0.0002210424951
-0.0004196674031
-0.0004195843903
-0.0002208893856
-6.428201387e-06
-6.50382176e-06
-8.328543582e-05
-8.325705287e-05
-0.0002210491649
-0.0004196815635
-0.0004195950585
-0.0002209006532
-0.0006705176453
-0.000670452448
-0.000954732863
-0.0009551272418
-0.001556495236
-0.001555754447
-0.001597887647
-0.001599329503
-0.006564156232
-0.001556618741
-0.001555836496
-0.001597833232
-0.001599237832
-0.006564173881
-0.001226736176
-0.001407086631
-0.001406694169
-0.001226068251
-0.0006706006564
-0.0006705405003
-0.0009546433665
-0.0009549939458
-0.001226736819
-0.001407024233
-0.001406602379
-0.001226069258
3.98318486e-06
1.907904998e-06
5.231872107e-07
3.983109042e-06
1.907872259e-06
5.231837961e-07
3.971742517e-06
1.901638426e-06
5.206374673e-07
3.971663258e-06
1.901603911e-06
5.206292286e-07
)
;
    }
}


// ************************************************************************* //
