/*--------------------------------*- C++ -*----------------------------------*\
| =========                 |                                                 |
| \\      /  F ield         | OpenFOAM: The Open Source CFD Toolbox           |
|  \\    /   O peration     | Version:                                        |
|   \\  /    A nd           | Website:  www.openfoam.com                      |
|    \\/     M anipulation  |                                                 |
\*---------------------------------------------------------------------------*/
FoamFile
{
    version     2.0;
    format      ascii;
    class       volScalarField;
    location    "8.5";
    object      p;
}
// * * * * * * * * * * * * * * * * * * * * * * * * * * * * * * * * * * * * * //

dimensions      [0 2 -2 0 0 0 0];


internalField   nonuniform List<scalar> 
2403
(
0.04811586922
0.04792950682
0.04746546349
0.04671694272
0.04570402799
0.04443068282
0.04288628975
0.04105909465
0.03894062392
0.03652422847
0.03380379438
0.03077426173
0.02743497402
0.02378810305
0.0198382864
0.01559658404
0.01108153065
0.006319080969
0.001342979768
-0.003804705614
-0.009073518572
-0.0144051981
-0.01973482238
-0.0249924888
-0.03010524583
-0.03499776612
-0.03959726808
0.04836145472
0.04817676928
0.04771582782
0.04697181593
0.04596459258
0.04469773603
0.04316020617
0.04133978422
0.03922750623
0.03681626332
0.03409926753
0.03106894411
0.02772216336
0.02406381337
0.02009825757
0.01583477569
0.01129067219
0.006491609965
0.001471445891
-0.003727436429
-0.009053900411
-0.01444852319
-0.01984479009
-0.02517113578
-0.03035342542
-0.03531332464
-0.03997561301
0.04885900014
0.04867678579
0.0482214038
0.04748583889
0.04648928616
0.04523459356
0.04370996982
0.0419023505
0.03980184794
0.03740030599
0.03468917486
0.03165742958
0.02829843599
0.02461701781
0.02061902725
0.01631201394
0.01171026468
0.006837900818
0.00172879437
-0.0035738096
-0.009017250417
-0.01453976727
-0.02007166537
-0.02553777917
-0.03086049073
-0.03595547256
-0.04074265544
0.04960351018
0.04942494805
0.04897802871
0.04825550532
0.04727551692
0.04603981043
0.04453550745
0.04274825887
0.040666528
0.03827996917
0.0355775662
0.03254680204
0.02917739653
0.02546462405
0.02141618783
0.01704225533
0.0123543527
0.007372464842
0.002129068443
-0.003331386907
-0.008953642239
-0.01467228046
-0.02041271805
-0.02609399365
-0.03163245762
-0.03693483229
-0.0419135938
0.05059063863
0.050416989
0.04998174661
0.04927743025
0.04832076616
0.0471119916
0.04563678286
0.04387902814
0.04182486521
0.03946100226
0.03677331434
0.03374722388
0.03036960091
0.02662747402
0.02251616972
0.01804987561
0.01324489916
0.008116109618
0.002691648025
-0.002983661203
-0.008850957542
-0.01483951002
-0.02086786324
-0.02684681042
-0.03268380238
-0.03827313581
-0.04351671054
0.05181506438
0.05164692134
0.05122708372
0.0505470568
0.04962158371
0.04844907224
0.04701354698
0.04529670511
0.04328172464
0.04095168834
0.03828842637
0.03527339374
0.03188920095
0.02811902953
0.02394563678
0.0193682859
0.01441490026
0.009100045933
0.0034460096
-0.002504403751
-0.008688848618
-0.01502929141
-0.02143460509
-0.02780421587
-0.03403325206
-0.03999938211
-0.04559014141
0.05326944662
0.05310773431
0.05270657479
0.05205803243
0.05117317054
0.0500480877
0.04866497869
0.04700321699
0.04504241611
0.04276128933
0.04013662125
0.03714427151
0.03376108164
0.02996421215
0.02572619342
0.0210322058
0.0159030409
0.01036049697
0.004425471321
-0.001863002565
-0.00844204051
-0.01522568142
-0.0221095121
-0.028977
-0.03570628522
-0.04215302047
-0.04818563455
0.05494222071
0.05478981533
0.05441264186
0.05380214352
0.05296824649
0.05190424743
0.05058931875
0.04900019619
0.04711247652
0.04490005625
0.04233364526
0.03938189069
0.0360134017
0.03219735851
0.02790150444
0.02309985612
0.01777833379
0.01196306202
0.00568358524
-0.001017258714
-0.008078107224
-0.0154083291
-0.02288819361
-0.03037948762
-0.03773677195
-0.044786364
-0.05137143489
0.05681956938
0.05667901904
0.05633237511
0.05577027673
0.05499900438
0.05401011813
0.05278234102
0.05128765234
0.04949696157
0.04737878424
0.04489704476
0.04201192052
0.03868193858
0.03486544964
0.03052183636
0.02561528382
0.02011354314
0.01400139359
0.007312106098
0.000106099023
-0.007544094723
-0.01554469736
-0.02376104785
-0.03202787289
-0.04016760431
-0.04796708073
-0.05523599981
0.05888456032
0.058758625
0.05844938756
0.05794696239
0.05725400161
0.05635912076
0.0552383365
0.05386273302
0.05219883249
0.0502076221
0.04784521169
0.04506214965
0.04180546645
0.03801967954
0.03364969705
0.02864346345
0.02295159604
0.01653280722
0.009394632785
0.001592351473
-0.006772454686
-0.01559258238
-0.02471579556
-0.033943661
-0.04305538513
-0.05178405078
-0.05989450761
0.06111652964
0.06100830944
0.06074407994
0.06031349321
0.05971548997
0.05893621331
0.05794941323
0.05672259362
0.05521844415
0.05339397766
0.0511952563
0.04856120736
0.04542533683
0.04171524203
0.03735571566
0.03227264522
0.02639580918
0.01966237763
0.01202768713
0.003543195732
-0.005677634792
-0.0154970739
-0.02573691134
-0.03615654004
-0.04647645744
-0.05635561076
-0.06549806927
0.06349069647
0.06340363907
0.06319265062
0.06284711358
0.06236224145
0.06172197959
0.06089866922
0.0598570131
0.05855528313
0.05694354232
0.05496126085
0.05253653939
0.04958525498
0.04601470346
0.04172489893
0.0366129737
0.03057800054
0.0235221273
0.01536591208
0.006118210307
-0.004125041345
-0.01516953422
-0.02679422469
-0.03870169227
-0.05053123591
-0.06183820322
-0.07224381255
0.0659779975
0.06591591789
0.06576682955
0.06552023488
0.06516788704
0.06469211993
0.06406446406
0.0632471995
0.0621962481
0.06085598668
0.05915603457
0.05701271242
0.05432814904
0.05098465883
0.04685096205
0.04178713209
0.03564948545
0.02829857107
0.01961049326
0.009499802488
-0.001944120331
-0.01449473078
-0.02785245743
-0.04163471481
-0.05536522153
-0.06845069559
-0.0803979433
0.06854496267
0.06851183853
0.06843358599
0.06830021186
0.06810060443
0.06781631893
0.06741887029
0.0668689982
0.06612209847
0.06511889783
0.06377945467
0.06200984178
0.05969442758
0.05669141153
0.05283497232
0.04793755472
0.04179833804
0.03421304664
0.02498246236
0.01394601426
0.00111694137
-0.01329347311
-0.02884883263
-0.04502777618
-0.06118099185
-0.0764962579
-0.09032050666
0.07115235404
0.07115159981
0.07115239095
0.07114558681
0.07111808491
0.0710518761
0.07092017288
0.07068562336
0.07030269002
0.06970998006
0.06882012986
0.06753306951
0.06571759873
0.06319998378
0.05978049288
0.05521827325
0.04923591504
0.04153607198
0.03182068586
0.01982235491
0.005373853257
-0.01131935195
-0.02970408031
-0.04900448429
-0.06828319518
-0.08640212748
-0.1024928623
0.07375622054
0.07379226284
0.0738797249
0.07401257234
0.0741761535
0.07435393193
0.07452145031
0.07464491261
0.07468434067
0.074580195
0.0742439501
0.07356859342
0.07241011431
0.07056431614
0.0677958402
0.06379888218
0.05821321941
0.05061284965
0.04054603785
0.02755967709
0.01129728923
-0.008186013853
-0.03028532775
-0.05377637952
-0.07717773276
-0.09882289876
-0.1175855038
0.07631050633
0.07638341608
0.07656342818
0.07684790383
0.07721935488
0.07766267878
0.07815939247
0.07868612493
0.07920878525
0.07966983592
0.07998543608
0.0800562525
0.07973361512
0.07879459256
0.076962089
0.07385541927
0.06901591706
0.06185421466
0.05170260416
0.03783819777
0.01959876837
-0.003372630547
-0.03038697239
-0.05967085691
-0.08872205569
-0.1148616711
-0.1366687955
0.07875936716
0.07887294081
0.07915024773
0.07959293962
0.08018311242
0.08090948907
0.0817623965
0.08272833405
0.08378338508
0.08488024911
0.08595548169
0.08692075715
0.08762469297
0.08784050939
0.08727989181
0.08550645686
0.08193624519
0.07576191943
0.06603420408
0.05158403749
0.03121665868
0.003935971115
-0.02974496205
-0.06699577023
-0.1038783205
-0.1358442443
-0.1610251329
0.08105687287
0.08121033731
0.08158489053
0.08218656265
0.08299825166
0.08401435436
0.08523698946
0.08666638882
0.08829379247
0.09008997142
0.09201495499
0.09400389568
0.09592516363
0.09758863235
0.09869618304
0.09877312196
0.09715894503
0.0928356581
0.08443706474
0.07008779517
0.0477080418
0.01509543177
-0.02835537481
-0.07746121352
-0.1246627766
-0.163896296
-0.1924261272
0.08314978464
0.08334172247
0.0838106864
0.08456705211
0.08559501921
0.08689607809
0.08848625152
0.09038229069
0.09259515734
0.09512447495
0.09796319296
0.101083698
0.104398787
0.1077785076
0.1109640872
0.1135349007
0.1147771685
0.113495898
0.1079270174
0.09521187438
0.07162441665
0.03199603851
-0.02528213212
-0.08089630721
-0.1366739413
-0.1857875267
-0.2181890562
0.08498772977
0.08521461187
0.08577136486
0.08667213866
0.08790268418
0.08947241352
0.09141148062
0.09375483596
0.09653712983
0.09979282381
0.1035563055
0.107853482
0.1126782558
0.1179905294
0.1236313751
0.1293205778
0.134436421
0.1378659135
0.1375603576
0.129766252
0.1083727616
0.06091818315
-0.003487976969
-0.09225208612
-0.1864004863
-0.2294796219
-0.2612717966
-0.2837671104
0.08652438625
0.08678043788
0.08741403645
0.08844184388
0.08985122017
0.09165958797
0.09391093806
0.09665886382
0.09996290022
0.1038923888
0.108528807
0.1139641701
0.1202926194
0.1276002876
0.1359193275
0.1452098206
0.1551416852
0.1650254574
0.1730353996
0.1759681522
0.1519401408
0.1119833105
0.01957529952
-0.1013336866
-0.2449746409
-0.3265926808
-0.3341499089
-0.322974448
0.0877147102
0.08799658845
0.08869239516
0.08982254098
0.0913768791
0.09337990394
0.09588772747
0.09897077624
0.1027116106
0.1072121305
0.1126004562
0.1190360248
0.1267134497
0.1358664348
0.1467622739
0.1596950756
0.1748786969
0.1924253115
0.2115579503
0.2304167491
0.2197169345
0.1794119585
0.09356789303
-0.1322029616
-0.441055726
-0.4787115907
-0.389502777
-0.3418580357
0.08852819576
0.08882840036
0.08956794433
0.090770107
0.09242692175
0.0945681495
0.09725896462
0.1005826518
0.1046397034
0.1095578055
0.1155029034
0.1226906473
0.1314011288
0.1420009442
0.1549686562
0.1709407795
0.190700872
0.2153650077
0.2457236814
0.264785343
0.2956501626
0.2890624516
0.2373963904
-0.09355872543
-0.3397126396
0.08894135625
0.08925131508
0.09001333077
0.09125289973
0.09296308403
0.095176393
0.0979629066
0.101412944
0.1056369046
0.110776864
0.1170201519
0.124614808
0.1338911365
0.1452958679
0.1594377055
0.1771766532
0.199670166
0.2287693581
0.2663396321
0.3021877197
0.3422350634
0.4188492962
0.4728635308
-0.3592779599
-0.1644676213
-0.1322457733
-0.3592356489
-0.1644849742
-0.4778633253
-0.4410148035
-0.4778281212
-0.4024228517
-0.4786708813
-0.4024343988
-0.3501583684
-0.3508925603
-0.3894651994
-0.3500484375
-0.3506881183
0.006402766131
0.4069093517
0.2373500532
0.006395000731
0.4068898868
-0.09356072547
-0.3462789099
-0.3463300495
-0.3399557949
0.5748554834
0.4728839014
0.5748248255
-0.3140517879
-0.3734318596
-0.4378847376
-0.2449122851
-0.3140116863
-0.3733146953
-0.4378572199
-0.3361226939
-0.4421804549
-0.3940801688
-0.3265634221
-0.3360644074
-0.4421463002
-0.3941170131
-0.05985619604
0.1908748153
-0.02731960035
0.09354021385
-0.05986501061
0.1908368445
-0.02734548378
-0.439567228
-0.4443602351
-0.4550516387
-0.4945255381
-0.4567848274
-0.4994574197
-0.4441391127
-0.4697346061
-0.48100081
-0.4541915148
-0.5028209962
-0.4549770084
-0.5038147366
-0.4704219159
-0.3440635794
-0.3417947156
-0.3439894375
-0.09433626638
-0.3403866214
-0.3354633156
-0.3414345556
-0.335883683
-0.3421977616
0.4657867578
0.4648557019
0.5510123277
0.4187905346
0.4658364107
0.4648316343
0.5509919375
0.4994526985
0.4750533093
0.4569138822
0.5172303087
0.4593392715
0.5192273277
0.5011338332
-0.2292659318
-0.1693961079
-0.1678148685
-0.1786750346
-0.1698754295
-0.1716233437
-0.2304008984
-0.3821478085
-0.3781787206
-0.3527094088
-0.3727434636
-0.3556407875
-0.3759359868
-0.2292706511
-0.1693948348
-0.167821907
-0.1786796225
-0.1698791563
-0.1716284152
-0.2304131758
-0.3821545386
-0.3781794207
-0.3527311367
-0.3727475045
-0.3556472769
-0.3759532602
-0.4870086406
-0.4790977334
-0.4749928504
-0.4917142772
-0.477995163
-0.490212825
-0.4861462119
-0.5214145511
-0.5247237901
-0.4395572598
-0.4443398858
-0.4550065053
-0.4944912099
-0.4567750578
-0.4994455202
-0.4441096666
-0.4869973582
-0.4790870026
-0.4749570199
-0.4916811259
-0.4779846502
-0.4902018524
-0.4861153634
-0.5214066123
-0.5247187733
-0.4468990005
-0.4021619661
-0.4280435768
-0.4043877049
-0.4288367221
-0.4037043147
-0.445463614
-0.4048566985
-0.4025413726
-0.4697243153
-0.48098739
-0.4541515517
-0.5027867828
-0.4549649603
-0.5038027824
-0.4703927963
-0.4468867294
-0.402159157
-0.4280033607
-0.4043517488
-0.4288244628
-0.4036926046
-0.4454302255
-0.4048371828
-0.4025316014
-0.373837045
-0.3933436478
-0.3718650677
-0.3939469869
-0.3701458962
-0.3736892342
-0.3664404743
-0.3510475191
-0.3531185657
-0.3603922551
-0.3529829073
-0.3600941995
-0.3655927258
-0.3738211499
-0.393301042
-0.3718116737
-0.3939322812
-0.3701261573
-0.3736445234
-0.3664333388
-0.3510310654
-0.3529637983
-0.3603051557
-0.3529695758
-0.3600799105
-0.3655407829
0.1739757804
0.007659513111
0.1228103454
0.03299343236
0.1243549025
0.02559431093
0.1728965993
0.2497716425
0.1856820607
0.2978837879
0.1868774931
0.2931163063
0.2472353074
0.1739747084
0.007652241655
0.122816319
0.03298685426
0.1243575663
0.02559125326
0.1728951474
0.2497697514
0.1856780628
0.2978755465
0.1868742581
0.2931160196
0.2472312554
-0.09433027672
-0.3455274149
-0.3455306855
-0.3346847003
-0.3330884832
-0.3404070931
-0.3356178338
-0.3414999245
-0.3358980387
-0.3422089243
-0.3347439938
-0.333107109
0.4383316637
0.4391769076
0.5576517438
0.5772332846
0.5556693267
0.5854349467
0.5584447598
0.5845756116
0.5578283926
0.4994491037
0.4750522602
0.4569033369
0.5172078852
0.4593370447
0.5192257387
0.5011226028
0.4383320449
0.439176165
0.5576467393
0.5772264048
0.5556434951
0.5854121251
0.5584404561
0.5845689539
0.5578129641
-0.1806877048
-0.1055412489
-0.1903284405
-0.0922620972
-0.1806585241
-0.105574838
-0.1902938408
-0.217202127
-0.2200607349
-0.2828314297
-0.1864114803
-0.2171777843
-0.2199976967
-0.2828014978
-0.2562061503
-0.2958720998
-0.3132667639
-0.2294659546
-0.2562124072
-0.295852966
-0.3132121564
-0.2779390916
-0.3142064243
-0.3149765469
-0.2612108246
-0.2779001664
-0.3142649833
-0.3149269998
0.03681220939
0.1562197168
0.1005256502
0.1119822515
0.03680756148
0.1562381073
0.1004995181
-0.06387229357
0.07179740831
-0.06149394486
0.01956575041
-0.06392480886
0.07179476882
-0.06154086305
-0.2111073016
-0.1225593892
-0.3132888334
-0.1013889172
-0.2109759494
-0.1226771837
-0.3131485222
-0.3085023698
-0.2732098185
-0.277398234
-0.2435863931
-0.2720264577
-0.2768915662
-0.3089181587
-0.3657714802
-0.3336351518
-0.3624345084
-0.3262806345
-0.3334598205
-0.3623930858
-0.3657859574
-0.3260107423
-0.3818517905
-0.3468651439
-0.3342141097
-0.3259575151
-0.3818312143
-0.3469025607
-0.340781001
-0.3230273186
-0.3406660343
0.1236522911
0.2575394387
0.2242255967
0.1794630674
0.1236360989
0.2575730608
0.2241642
0.07610721791
0.05218293423
0.1189552509
0.09866718876
0.05502851396
0.1227369857
0.07397236607
-0.225251791
-0.132022692
-0.2050647356
-0.1467587899
-0.2044489541
-0.1468557348
-0.2262331762
-0.3799982527
-0.3898205668
-0.3744567495
-0.4024644536
-0.3743330184
-0.4045088764
-0.3798366824
-0.3418251642
-0.3419902391
-0.3421324664
-0.335252157
-0.3352656672
0.2802320409
0.3289825454
0.3747190906
0.295653081
0.2801973336
0.328930907
0.3748020468
0.2672944543
0.3910595792
0.4157860714
0.2890208007
0.267320189
0.3911430253
0.4157828188
0.2464996748
0.2387661748
0.1884414121
0.2891357509
0.1889542158
0.2901606369
0.2460181668
0.3977625766
0.3639652794
0.4354805744
0.3422851167
0.3976969713
0.3639518961
0.4354554237
0.466729838
0.4377475776
0.4407673706
0.4232465067
0.4401768972
0.4450578553
0.4645034613
-0.3378021462
-0.3588756493
-0.2901489252
-0.384937766
-0.2906860582
-0.3838221826
-0.3354869712
-0.2252671232
-0.1320463741
-0.2051605881
-0.1467639862
-0.2044778441
-0.146866614
-0.2262747191
-0.3378139216
-0.3588611994
-0.2901983082
-0.384955113
-0.2907033733
-0.3838231072
-0.3355195966
-0.3639789651
-0.3500030932
-0.3603104477
-0.3521197789
-0.3602189716
-0.3519898942
-0.3638926976
-0.3799834646
-0.389807531
-0.3743940358
-0.402458925
-0.3743148598
-0.4045007239
-0.3797982602
-0.3639703362
-0.3499881451
-0.3603110137
-0.3519962431
-0.3602173361
-0.3519720994
-0.3638481784
0.3170673013
0.4075107545
0.3467150641
0.3739200438
0.3476623777
0.3753641216
0.3148861083
0.2464989621
0.2387554832
0.1884267066
0.289161178
0.1889520997
0.2901670116
0.2460178958
0.3170646672
0.4075038162
0.3466917936
0.3739428053
0.3476600033
0.3753674704
0.314880477
-0.3329884029
-0.2962202682
-0.3513199175
-0.313517635
-0.2953893824
-0.351128304
-0.333310199
-0.3740065721
-0.4052618954
-0.4050191174
-0.3517819062
-0.3186110944
-0.3184602549
-0.352092319
-0.4379556952
-0.4263784161
-0.4264641048
-0.376122499
-0.393223225
-0.3931841588
-0.3763328718
-0.3085544053
-0.2435925892
-0.2733096575
-0.2771303568
-0.2720632624
-0.2768615925
-0.3090477776
-0.3329937734
-0.3135061381
-0.296225365
-0.3512719456
-0.2953944788
-0.3511122567
-0.3333177007
-0.3739692329
-0.4052290627
-0.4050110792
-0.3518004971
-0.3182621581
-0.3183839675
-0.3521361525
-0.4379461271
-0.4263564707
-0.4264586998
-0.3761232331
-0.3931854279
-0.3931711572
-0.3763292128
-0.3632499266
-0.3359580205
-0.3589414548
-0.3359299253
-0.3358142437
-0.3588797854
-0.3633246712
-0.4428874985
-0.429713355
-0.4300034584
-0.3991893988
-0.4018709948
-0.4020921784
-0.3990690183
-0.3941224717
-0.411748242
-0.4120090226
-0.3896961454
-0.379170515
-0.3791948137
-0.3896384633
-0.3657655799
-0.3262723531
-0.3336227678
-0.3624020978
-0.3334553891
-0.3623815364
-0.3657692646
-0.3632436206
-0.3359202026
-0.3359534394
-0.3589096231
-0.3358082921
-0.3588727406
-0.3633076075
-0.442875319
-0.4296765213
-0.4299936421
-0.3991815601
-0.4018368197
-0.4020797735
-0.3990433768
-0.3941247973
-0.4117226156
-0.4120001316
-0.3896920317
-0.3791626285
-0.3791916727
-0.3896337596
-0.05885910075
-0.05828753182
-0.05732206535
0.01505472707
0.0008309219437
0.002215599925
0.01395947554
0.1926114529
0.1386313925
0.1394867825
0.1026391028
0.1502290989
0.1526431637
0.1012364595
-0.02598262605
-0.05318395607
0.06732873865
-0.05255147009
0.06775358288
0.03379401388
0.03318859002
0.07610071948
0.09865787441
0.05216972725
0.1189536818
0.05502386981
0.1227345488
0.07395649898
-0.05886493963
-0.05831762801
-0.05732594175
0.01504649485
0.0008119517392
0.002209293757
0.01393451376
0.1925984189
0.1386860939
0.1395013538
0.1026409862
0.150261616
0.1526522612
0.1012480748
-0.02599895209
-0.05322091895
0.06734369449
-0.05256107231
0.06775903498
0.03378443961
0.03316463363
-0.3445241198
-0.3429466723
-0.3369291131
-0.3430913795
-0.3371792284
-0.3364781466
-0.3364723594
-0.341817083
-0.342098115
-0.342149152
-0.3352558552
-0.3353014764
-0.3445212674
-0.3430210921
-0.3369633947
-0.3431081458
-0.3371766651
-0.3364780618
-0.3364621009
0.466830048
0.505619679
0.5063992055
0.4881311781
0.4542645415
0.4557521324
0.4868613408
0.4861384698
0.4566795673
0.4940157094
0.468933203
0.4608400998
0.4961746199
0.4839421987
0.552144644
0.5356953781
0.5368314601
0.5122762212
0.5233596416
0.5246820604
0.5109521768
0.4667301861
0.4232447578
0.4377189561
0.4407940565
0.4401772382
0.4450606405
0.4645034113
0.46683255
0.5056027588
0.5063957641
0.4881316974
0.4542657983
0.4557533807
0.4868693456
0.4861356216
0.4689301072
0.4566691639
0.4940082128
0.4608369877
0.4961725378
0.483933372
0.5521386309
0.5356666185
0.5368270838
0.5122718113
0.5233472514
0.5246778029
0.5109322858
-0.1061337127
-0.08541700981
-0.121898962
-0.08086684674
-0.1061310791
-0.08540165949
-0.1219011264
-0.1617287477
-0.1545571599
-0.1848982027
-0.1366506297
-0.1617155348
-0.1545366584
-0.1848851263
-0.2035722678
-0.2096590128
-0.2280796473
-0.185778723
-0.2035544091
-0.2096504901
-0.2280667119
-0.2318287212
-0.240620196
-0.2483993561
-0.218138473
-0.23169468
-0.2405964698
-0.2482904528
0.03887400087
0.08353554663
0.05437222904
0.06090698784
0.03887227693
0.0835300142
0.05436780194
-0.03854315602
0.008231466895
-0.08272063606
-0.003493405233
-0.03855491411
0.008216131831
-0.08276283951
-0.1927288913
-0.1909953474
-0.1972376404
-0.1406192623
-0.1736855058
-0.1598520924
-0.2066776998
-0.2574351675
-0.240264449
-0.2483766592
-0.2274782953
-0.2393130501
-0.2463708265
-0.2588481188
-0.278564302
-0.2678297579
-0.2772577859
-0.2599358389
-0.267326425
-0.2755496841
-0.2797603821
-0.3149300416
-0.2837211724
-0.3149896323
0.1424101969
0.1849522968
0.1726583791
0.151927808
0.1424261108
0.1849581534
0.1726868402
0.01902259355
0.007752285571
0.0319453518
0.04799011519
0.01356960022
0.05882490603
0.01165999789
-0.1476045619
-0.1370248621
-0.1060035959
-0.09327176001
-0.1332242446
-0.1027885256
-0.1498140477
-0.3533232738
-0.3341301078
-0.3534447712
-0.3478887394
-0.3320868561
-0.3319506518
-0.3479071159
-0.3205926013
-0.331157528
-0.3223662949
-0.319825161
-0.3309930694
0.212009997
0.2564225953
0.252673617
0.2196721726
0.2120041906
0.2563646408
0.2527235718
0.2197249995
0.1488050878
0.2101324013
0.1867737023
0.1986778021
0.21154411
0.1826087741
0.2828878546
0.2859804517
0.3079891129
0.2648252506
0.2829108942
0.2859840294
0.3079933219
0.3364649421
0.2919522467
0.3229411881
0.3120182647
0.3006224773
0.3414043257
0.3294336029
0.3281488476
0.310048654
0.339291897
0.302191739
0.3281538086
0.3100524143
0.3392939477
0.3990352145
0.3469639016
0.3533534438
0.3502310267
0.3861232566
0.361793783
0.3601348771
-0.1461446044
-0.1400970175
-0.1861790633
-0.1062699511
-0.1266184647
-0.1287143059
-0.1358698082
-0.1085447604
-0.1037755062
-0.1278303406
-0.07601035597
-0.06697904287
-0.120040672
-0.1159740459
-0.1884864652
-0.1532525128
-0.1759544047
-0.1574597659
-0.1694835814
-0.158603608
-0.1390541854
-0.1461238588
-0.106270583
-0.1400929798
-0.1861248689
-0.1266217548
-0.1287158789
-0.1358404153
-0.1085480554
-0.07601175846
-0.1037892412
-0.1278358844
-0.06698129896
-0.1200310575
-0.115980698
-0.1884682881
-0.1532179022
-0.1759015098
-0.1573455879
-0.169462861
-0.1585735807
-0.1390258837
-0.2154585134
-0.2040089402
-0.2358247515
-0.2138688196
-0.1970324094
-0.2326556573
-0.2211015829
-0.2448307712
-0.215912408
-0.2417790857
-0.216645268
-0.2020945797
-0.1918042803
-0.2224968119
-0.2657819763
-0.2818168741
-0.2640632761
-0.2379529075
-0.2570296229
-0.2552827714
-0.240902356
-0.1927249756
-0.1406227053
-0.1909733934
-0.1972338043
-0.1736771198
-0.1598553485
-0.2066645357
-0.2154557964
-0.2138604073
-0.2040127982
-0.2358097596
-0.1970277925
-0.2326497208
-0.2210972457
-0.2159016242
-0.2448530528
-0.2417889771
-0.2166446635
-0.2020286555
-0.1917858263
-0.2224878765
-0.2818075404
-0.26578349
-0.2640628592
-0.2379559164
-0.2570137739
-0.255276646
-0.2409189195
-0.2653828893
-0.2482965612
-0.2729842692
-0.255621833
-0.2473104951
-0.2718093462
-0.2666063847
-0.3048129348
-0.2952581058
-0.3044397442
-0.2792931435
-0.2700554684
-0.2689859146
-0.279970185
-0.3100763561
-0.312950516
-0.3097547413
-0.2864014345
-0.2919356996
-0.2914080012
-0.2869897626
-0.2574318256
-0.227473361
-0.2402788346
-0.2483650467
-0.2393109998
-0.246365964
-0.2588439589
-0.2653771898
-0.2556135507
-0.2482773166
-0.2729880718
-0.2473026293
-0.2718032913
-0.266595661
-0.2952525832
-0.304811003
-0.3044371966
-0.279289097
-0.2700454803
-0.2689811155
-0.2799723625
-0.3129420449
-0.3100534439
-0.30974794
-0.2863902898
-0.2919050339
-0.2914011366
-0.2869532564
-0.314047502
-0.2964054207
-0.2948792615
-0.3146950312
-0.2943277299
-0.31436623
-0.2968794446
-0.2969775567
-0.3009520586
-0.3143379259
-0.3138870384
-0.3002627825
-0.3135700105
-0.2977390114
-0.2785555883
-0.2599174994
-0.267831156
-0.2772040786
-0.2673169484
-0.2755354852
-0.2797456746
-0.3140571358
-0.2963973773
-0.2948749057
-0.3146656868
-0.2943273907
-0.3143557967
-0.2968599387
-0.2969623356
-0.3138743691
-0.3009035541
-0.3143297014
-0.3002454882
-0.3135621844
-0.2977061386
0.09079024529
0.06555953701
0.0500761547
0.08916985622
0.07874861835
0.09605928084
0.08916054241
0.1609414081
0.1311389104
0.1246378889
0.1682147545
0.1471269903
0.180427924
0.1089708434
0.1125397929
0.1195230587
0.07972987164
0.1169450484
0.09416305793
0.1461753246
0.101895607
0.09078747791
0.08916646884
0.0655566417
0.05007205451
0.07874661992
0.09605560514
0.08915433522
0.1609370911
0.1682196897
0.1311512488
0.1246464808
0.1471292068
0.1804244053
0.1089722478
0.1125327276
0.1195200144
0.07972376751
0.1169351424
0.0941602506
0.1461718317
0.1018907498
-0.02217987375
-0.02030499944
-0.06259104981
-0.05943824826
-0.03509381238
-0.06118923833
-0.02102238852
0.03522741624
0.07873780519
0.03918274674
0.02736805372
0.05322751554
0.06387553996
0.02232974279
-0.06059410326
-0.009044872837
-0.007257000482
-0.01461965914
-0.06194264583
-0.06105727672
-0.01616343382
0.01901316503
0.04798015088
0.007727047978
0.0319319551
0.01356092296
0.05881844967
0.01163354849
-0.02219532996
-0.05945596685
-0.02034449606
-0.06266164122
-0.03510729514
-0.06121490085
-0.02106432574
0.07873642467
0.03522405387
0.03918075056
0.02736232928
0.05322290268
0.06387293367
0.02231587281
-0.06061804729
-0.009064813378
-0.007265927303
-0.01463614605
-0.06202291923
-0.06108828791
-0.01620188452
-0.2379476425
-0.2103801102
-0.2372914321
-0.1939423326
-0.1744916668
-0.1735763049
-0.1948373648
-0.1222231882
-0.1849448139
-0.184373954
-0.1648093942
-0.113328987
-0.1122427773
-0.1658209134
-0.3127519801
-0.2522381656
-0.2521831403
-0.2713411348
-0.2707894852
-0.2198310208
-0.2201749377
-0.147633325
-0.09328866894
-0.13710414
-0.1061052906
-0.1332321624
-0.1028241546
-0.1499735306
-0.2103380054
-0.2371089403
-0.2370795006
-0.1938511181
-0.1743671528
-0.173528435
-0.1947967823
-0.122260428
-0.1850695027
-0.1844058163
-0.1648557432
-0.1134627066
-0.1122899595
-0.1660366717
-0.3126917131
-0.25229629
-0.2521876562
-0.2708720226
-0.2706360274
-0.2198353297
-0.2206342162
-0.3418525826
-0.3291149797
-0.3354687563
-0.325510449
-0.328877148
-0.335296475
-0.3418595686
-0.3821825065
-0.3695594555
-0.3696698071
-0.3698994499
-0.3701206662
-0.3606443714
-0.360585145
-0.3468391412
-0.3572178428
-0.3572825124
-0.3512174849
-0.342216236
-0.3421139203
-0.3511710373
-0.3341414492
-0.3534019375
-0.3534561805
-0.3478757498
-0.3320581821
-0.3319398122
-0.3478732775
-0.3418427007
-0.3254999569
-0.3291012084
-0.3354663246
-0.3288683641
-0.3352949107
-0.3418355443
-0.3821744308
-0.3694995416
-0.3696551648
-0.3699315139
-0.3701210031
-0.3606357181
-0.3605597246
-0.3468458214
-0.3572093935
-0.3572776285
-0.3512094289
-0.3422436107
-0.3421166611
-0.3511538608
-0.3407331742
-0.337379741
-0.3373754778
-0.3223776924
-0.3311850039
-0.3309971106
-0.3407134298
-0.3373463666
-0.3373670132
0.150720391
0.1345445179
0.1591961367
0.1922702906
0.1401470118
0.169170993
0.1700458655
0.2351795951
0.2324581125
0.2566882651
0.2802288921
0.2456927362
0.2662736986
0.2232610467
0.2274107196
0.1845803518
0.1892917804
0.2174363553
0.245649137
0.2513242975
0.2084298898
0.2197239681
0.1867763347
0.1488261322
0.2101143361
0.1986767252
0.2115369612
0.1826058132
0.1345406958
0.1507567802
0.159201951
0.1922688471
0.1401560566
0.1691682534
0.1700505776
0.2351770912
0.2802321197
0.2324705409
0.2567091579
0.2456888473
0.2662763327
0.2232579824
0.2274009454
0.1845936535
0.1892952834
0.2174330341
0.2456280072
0.251319713
0.2084069917
0.3213952853
0.2902397281
0.3123167408
0.3204754975
0.2969488189
0.3445368856
0.3163546608
0.350537819
0.3119572402
0.331968836
0.336839555
0.3211006607
0.3701328032
0.3165540275
0.3844081681
0.3498912997
0.3482374713
0.3539841215
0.3601981215
0.3755361589
0.3352263377
0.3213938732
0.3204775563
0.290205463
0.3123465008
0.2969430389
0.3445414908
0.3163516317
0.3505375164
0.336833924
0.3119703165
0.3319272153
0.3211013562
0.3701322002
0.3165530034
0.3844210932
0.3498904521
0.3482433317
0.353987683
0.3601983597
0.3755389707
0.3352284215
0.269687469
0.3150070825
0.3168206747
0.3303436527
0.2847188481
0.2889123634
0.3271563078
0.4044245546
0.3965770935
0.4076075555
0.3723349058
0.3596894196
0.3678714756
0.3681064298
0.4165493176
0.3650349361
0.3663152986
0.4140244445
0.4157647022
0.3732277383
0.371022131
0.336465292
0.3120166938
0.2919592838
0.3229535438
0.3006259039
0.3414055747
0.3294336493
0.2696891864
0.3150045753
0.3168171517
0.3303446004
0.2847438192
0.2889156087
0.327153375
0.3965885378
0.4045211886
0.4076192311
0.3723293668
0.3596825578
0.3678673096
0.3680931152
0.4165465044
0.3649928542
0.3663064485
0.4140698149
0.4157671541
0.3732211809
0.3710033866
0.415790626
0.4070533687
0.4252019116
0.4109172471
0.3726503158
0.3957897218
0.3876181617
0.4071843007
0.3605190573
0.373681998
0.3720050387
0.3688266117
0.4113571997
0.3690393839
0.4288590732
0.4446909821
0.4381891335
0.4214531981
0.4038801695
0.4267578167
0.3983488971
0.3990319835
0.3502360034
0.3469934535
0.3533455204
0.3861208556
0.3617938133
0.3601288345
0.4070502625
0.415789194
0.4252021663
0.4109133107
0.3726086527
0.3957828853
0.3875896642
0.4071840546
0.3720056387
0.3605608565
0.3736803029
0.3688302972
0.411357076
0.3690494595
0.4446856951
0.428860293
0.4381849648
0.4214528566
0.4038764744
0.4267553988
0.3983726692
-0.08600076437
-0.03074738207
-0.0349294127
-0.02172706758
-0.04016890715
-0.03259824109
-0.04611344272
-0.03494243248
-0.08602926229
-0.03078014924
-0.02173693079
-0.04017949951
-0.03260808616
-0.0461399556
-0.2997284594
-0.3133455796
-0.298310389
-0.3133541616
-0.2997670658
-0.2983051159
0.230532958
0.265960389
0.2954560973
0.2701082055
0.2751555149
0.2511434907
0.2389915191
0.2954612894
0.23057585
0.2660066746
0.2701079707
0.2751526799
0.2511401849
0.2390222286
-0.09714987018
-0.09699655651
-0.09638808649
-0.09716174798
-0.09701011882
-0.09640197717
-0.3495824145
-0.3506353205
-0.3521578482
-0.3496126275
-0.3506632963
-0.3521868103
-0.4893193705
-0.4922123176
-0.49015439
-0.4935819575
-0.4982880591
-0.5005436316
-0.4765287521
-0.4778570729
-0.4778504022
-0.5294765167
-0.536013915
-0.541533834
-0.5269643472
-0.5314087841
-0.5327188039
-0.480466052
-0.4836417532
-0.4874838312
-0.09710446487
-0.09655485386
-0.09519405511
-0.34318358
-0.3438849548
-0.3453428681
-0.3407680354
-0.3401545347
-0.338749018
0.5363222558
0.5405371484
0.5411343914
0.5404191151
0.5466786013
0.5516342233
-0.3242784109
-0.3249906531
-0.326221805
-0.2211430469
-0.224771975
-0.2259838755
-0.2183971771
-0.2210883616
-0.2202407882
-0.3473239102
-0.3462312752
-0.3477119327
-0.3469619701
-0.3444184609
-0.343241543
-0.5364675941
-0.5427427092
-0.5433874006
-0.5041067626
-0.5074154567
-0.5109881673
-0.4997906686
-0.5011921266
-0.500738207
-0.5383346278
-0.5467462711
-0.5517091599
-0.4893068286
-0.4921993266
-0.4901413537
-0.4935481682
-0.4982529312
-0.500507735
-0.5364560362
-0.542731128
-0.5433759852
-0.504074109
-0.5073825377
-0.5109549389
-0.4997791034
-0.5011804916
-0.5007266904
-0.5383029175
-0.546714155
-0.5516767721
-0.4647930497
-0.4673295583
-0.4676259505
-0.4674016577
-0.4717766429
-0.4758000294
-0.4765174678
-0.4778456888
-0.4778391309
-0.5294430793
-0.5359801062
-0.5414995876
-0.5269523083
-0.5313966502
-0.532706694
-0.4804351818
-0.4836103894
-0.4874521695
-0.4647814925
-0.4673180763
-0.4676146376
-0.4673703215
-0.4717452759
-0.4757685167
-0.415220215
-0.4182183133
-0.4206611226
-0.3682528162
-0.3698119759
-0.3716814195
-0.3652903057
-0.3654210304
-0.3642230581
-0.3762244415
-0.3778789364
-0.37977316
-0.3681794069
-0.3697366356
-0.3716020046
-0.3652720177
-0.3654017514
-0.3642030304
0.1775701181
0.1757461098
0.1757074281
0.06064082239
0.06493778656
0.06723868473
0.05726988085
0.06151498871
0.06313443731
-0.09710752844
-0.09655931959
-0.09519857082
-0.3464626092
-0.3460835736
-0.3446978608
-0.3464642723
-0.3460850124
-0.3446991566
0.5884022967
0.5931286829
0.5941611891
0.6099119863
0.6160230068
0.6215893512
0.605464841
0.6091727695
0.6098633783
0.5920457067
0.5991009152
0.6048809207
0.5363190668
0.540534011
0.5411313799
0.5404088139
0.5466682418
0.551623875
0.5883969408
0.5931233224
0.594155938
0.6098896852
0.6160002985
0.6215661982
0.605457743
0.6091655688
0.6098561943
0.5920292217
0.599084086
0.6048639124
-0.3242972626
-0.3250087241
-0.3262397303
-0.4371808654
-0.443879098
-0.4467741327
-0.3473051702
-0.3462123969
-0.3476914174
-0.4371798857
-0.4438802164
-0.446777236
-0.5198631352
-0.5207267789
-0.5248781168
-0.5198553717
-0.520718937
-0.5248711164
-0.415242507
-0.4182414023
-0.4206840116
-0.4083137534
-0.4112734523
-0.4139114076
-0.4082780662
-0.4112392691
-0.4138774321
0.1784497479
0.1774118432
0.1786691105
0.3330705062
0.3391277082
0.3431502398
0.1784446191
0.1774072755
0.1786656148
0.3330627006
0.3391215568
0.3431460182
-0.3371068296
-0.338202496
-0.3397214751
-0.3311466034
-0.3316778232
-0.3331200316
-0.3311676341
-0.3316996478
-0.3331417564
0.4424696385
0.444895946
0.4489139288
0.4424692004
0.44489587
0.448915365
-0.221138859
-0.2247671456
-0.225978787
0.06064810422
0.06494532402
0.06724632035
-0.2183937064
-0.2210847961
-0.2202371453
0.05727267056
0.06151799518
0.06313746418
-0.3762813965
-0.377937156
-0.3798318249
-0.3724238616
-0.3725697802
-0.3714215806
-0.3208969215
-0.3203560833
-0.3189027625
-0.4330878645
-0.4381910663
-0.4373031212
-0.3469562607
-0.3444122477
-0.3432343605
-0.4330887773
-0.4381923312
-0.4373057748
-0.5189035126
-0.5176438117
-0.5177655777
-0.5188988658
-0.5176399594
-0.5177626945
-0.4108540586
-0.4122046979
-0.4112837764
-0.4108439237
-0.4121946686
-0.4112740917
-0.4058818381
-0.40721286
-0.4065654308
-0.4058699404
-0.4072012424
-0.4065539086
-0.3724039812
-0.3725500505
-0.3714021406
0.3290695372
0.3339674853
0.3352257436
0.1775666753
0.1757433221
0.1757055184
0.3290670258
0.3339652878
0.3352247152
-0.3432360676
-0.3439404569
-0.3454021816
-0.3407805281
-0.3401679365
-0.3387629426
-0.3371637765
-0.3382589408
-0.3397783811
-0.333841235
-0.3335741359
-0.3322964806
-0.3338235119
-0.3335566317
-0.3322792289
-0.3287975732
-0.3280427861
-0.3267193708
-0.3288063256
-0.3280513828
-0.3267276035
0.440039567
0.44066327
0.4412779764
0.4400383165
0.4406628113
0.4412787566
-0.3209030756
-0.3203621513
-0.3189086809
)
;

boundaryField
{
    inlet
    {
        type            zeroGradient;
    }
    outlet
    {
        type            fixedValue;
        value           nonuniform 0();
    }
    topAndBottom
    {
        type            symmetry;
    }
    frontAndBack
    {
        type            empty;
    }
    cylinder
    {
        type            zeroGradient;
    }
    procBoundary0to1
    {
        type            processor;
        value           nonuniform List<scalar> 
116
(
-0.04383598772
-0.04426999707
-0.04514725256
-0.04648714914
-0.04832338575
-0.05070162542
-0.05368359143
-0.05735011251
-0.06180540841
-0.06718360123
-0.07365792602
-0.0814502009
-0.09084904901
-0.1022332562
-0.116087479
-0.1330328886
-0.1539714166
-0.1799622331
-0.2120888582
-0.2518245383
-0.2518245383
-0.2518245383
-0.2518245383
-0.2518245383
-0.2518245383
-0.2919131436
-0.2964270755
-0.2980797287
-0.3341259426
-0.334197291
-0.3359674176
-0.3359674176
-0.3353131684
-0.3324237997
-0.3353131684
-0.3324664167
-0.322439455
-0.3208293232
-0.3305533281
-0.3304843136
-0.3314938012
-0.3321024318
-0.3359779912
-0.3359779912
-0.3353670472
-0.3324356128
-0.3353670472
-0.3324756947
-0.3305657178
-0.3305194732
-0.3315120739
-0.3321107222
-0.3224603218
-0.3208357307
-0.333507797
-0.3206108042
-0.3335296732
-0.334087797
-0.334087797
-0.3313114893
-0.3341259426
-0.3312801693
-0.332344173
-0.3326256854
-0.332140131
-0.3320547762
-0.3341005776
-0.3341005776
-0.3313165882
-0.334197291
-0.331298625
-0.3324710094
-0.3326364659
-0.332144463
-0.3320925833
-0.3209107249
-0.2918682462
-0.2964113801
-0.2980870692
-0.3209459682
-0.328128835
-0.328128835
-0.3282645759
-0.3172280175
-0.3209107249
-0.3282645759
-0.3162782839
-0.3198259966
-0.3206757905
-0.3333372975
-0.332191147
-0.3323364062
-0.3281348528
-0.3198259966
-0.3282812915
-0.3333491016
-0.3321999769
-0.332331662
-0.2980797287
-0.3206757905
-0.2964270755
-0.3206701086
-0.2980870692
-0.2964113801
-0.3164039748
-0.3165243037
-0.3176319786
-0.3164054058
-0.3165253914
-0.3176328367
-0.3138923749
-0.3127480722
-0.3112278713
-0.3138940209
-0.3127496283
-0.3112294056
)
;
    }
    procBoundary0to2
    {
        type            processor;
        value           nonuniform List<scalar> 
75
(
0.08894158511
0.08925111646
0.09001326662
0.09125287897
0.09296300181
0.09517619708
0.09796254989
0.1014123663
0.105636023
0.110775559
0.1170182502
0.1246120658
0.1338872634
0.1452906999
0.1594318132
0.1771734682
0.1996801699
0.2288059189
0.2663658528
0.3100449405
0.363964888
0.4648568712
0.5748610439
0.5748301472
0.5510159831
0.4648321982
0.5509952589
0.5772388109
0.5854437858
0.5845842715
0.5772317976
0.5854208162
0.5845775054
0.4354813976
0.3639506255
0.4354554674
0.4940171118
0.4689341808
0.496175904
0.5521482775
0.523361758
0.5246841108
0.4689308369
0.4940091591
0.4961736434
0.5521421221
0.5233489342
0.5246796816
0.3392886977
0.3100471703
0.3392886623
0.3736824762
0.3720043181
0.4113566639
0.4446914697
0.4038806812
0.4267576131
0.3720045351
0.3736797545
0.4113561015
0.4446858499
0.4038760237
0.4267548056
0.6099198033
0.6160308809
0.6215973302
0.6054723402
0.6091802532
0.6098708741
0.6098972531
0.6160078973
0.6215738892
0.6054651104
0.6091729162
0.6098635531
)
;
    }
}


// ************************************************************************* //
