/*--------------------------------*- C++ -*----------------------------------*\
| =========                 |                                                 |
| \\      /  F ield         | OpenFOAM: The Open Source CFD Toolbox           |
|  \\    /   O peration     | Version:                                        |
|   \\  /    A nd           | Website:  www.openfoam.com                      |
|    \\/     M anipulation  |                                                 |
\*---------------------------------------------------------------------------*/
FoamFile
{
    version     2.0;
    format      ascii;
    class       surfaceScalarField;
    location    "6.3";
    object      phi;
}
// * * * * * * * * * * * * * * * * * * * * * * * * * * * * * * * * * * * * * //

dimensions      [0 3 -1 0 0 0 0];
oriented        oriented;


internalField   nonuniform List<scalar> 
5126
(
8.4841603e-05
-1.625551241e-08
5.319002375e-05
-0.0001380435068
0.0002904239708
4.439812535e-05
-1.00040549e-06
-0.0003338462657
0.0004314801631
-0.001930997877
0.0001894292896
4.965511807e-10
0.0004141590975
0.0004572414655
0.0004386163133
-0.008093606906
0.0004465499418
0.002050613186
0.001772950908
0.002050610094
0.001772968916
-0.007864335975
-0.000228821051
-0.006995656521
-0.0008678219086
-0.005521800732
-0.001472703674
-0.003600005234
-0.001920572965
-0.001406330153
-0.00219263846
0.000887666252
-0.002293319143
0.003147883675
-0.002259948422
0.005279576358
-0.002131783593
0.007229449544
-0.001950241441
0.008976577021
-0.001747639093
0.01052115959
-0.001545137027
0.01187556008
-0.001354923844
0.01305820809
-0.001183109785
0.0140880793
-0.00103025289
0.01498558038
-0.000897800079
0.01576845846
-0.0007831027327
0.01645218902
-0.00068388681
0.01704987061
-0.0005977765355
0.01757229029
-0.0005224639129
0.01802805672
-0.0004557736424
0.01842378143
-0.0003957015865
0.01876430598
-0.0003404863746
0.0190530928
-0.0002887437015
0.01929281147
-0.0002396773532
0.01948608653
-0.0001932392829
0.01963626904
-0.0001501532421
0.01974799824
-0.0001117057524
0.01982733022
-7.93131868e-05
0.01988134712
-5.400177386e-05
0.01991736278
-3.600374381e-05
0.01994200557
-2.463385521e-05
0.01996049368
-1.848229154e-05
0.01997412708
-1.36299783e-05
0.01998562615
-1.149713041e-05
0.01999686158
-1.123416871e-05
0.02000772402
-1.086081045e-05
0.0200178202
-1.009359851e-05
0.02002677159
-8.947695668e-06
0.02003435485
-7.578563291e-06
0.02004052323
-6.162912963e-06
0.02004536277
-4.833584165e-06
0.02004902946
-3.660541134e-06
0.02005169593
-2.660364492e-06
0.02005351868
-1.816877244e-06
0.02005462548
-1.101303413e-06
0.02005511611
-4.855564653e-07
0.02005506913
5.157935672e-08
0.02005454917
5.241373438e-07
0.02005361202
9.409406452e-07
0.02005230735
1.30814759e-06
0.02005067958
1.630972149e-06
0.02004876831
1.914258549e-06
0.0200466084
2.162695197e-06
0.0200442304
2.380629993e-06
0.02004166101
2.571857646e-06
0.0200389237
2.739654369e-06
0.02003603906
2.88686975e-06
0.02003302527
3.015913879e-06
0.02002989838
3.128921895e-06
0.02002667263
3.227719775e-06
0.02002336061
3.313924846e-06
0.02001997352
3.388945247e-06
0.02001652136
3.453967436e-06
0.02001301305
3.510084949e-06
0.02000945674
3.558041237e-06
0.02000585796
3.600484386e-06
0.02000221436
3.645273604e-06
3.657523102e-06
6.784869506e-05
-0.0001669325763
4.369036866e-08
0.0001811386518
-8.209846146e-05
-0.0001581716811
0.0001373813528
-3.987424765e-07
-0.0001568182653
0.0001780073362
0.0001831482046
-0.0003920220529
-0.0006338925433
0.0004075438987
5.64760809e-09
0.0001203222184
0.0001897714092
0.0001251232228
-0.001030810882
0.0004311644641
0.0005477387831
-2.468757943e-05
0.0005477991163
-2.465396344e-05
-0.0005974926959
-0.0006621392347
0.0003562316054
-0.001821546201
0.00166047562
-0.002776947667
0.003235099227
-0.003495196579
0.004943392154
-0.003900931398
0.006669814543
-0.004019741533
0.008323402686
-0.003913536559
0.009849752791
-0.003658133696
0.01122201248
-0.003322501132
0.01243321278
-0.002958839399
0.01348954488
-0.002601469126
0.01440445626
-0.002269835217
0.01519412745
-0.001972780967
0.01587631237
-0.001712437788
0.01646558429
-0.001487071993
0.01697560347
-0.001293121898
0.01741804824
-0.001126331576
0.0178026907
-0.0009824189956
0.01813762181
-0.0008573950183
0.01842950201
-0.00074765385
0.01868421194
-0.0006504115072
0.01890457475
-0.0005608491863
0.01909517987
-0.00047934881
0.01925865568
-0.0004031531651
0.0193970575
-0.0003316410966
0.01951218481
-0.0002652805496
0.01960592473
-0.0002054456763
0.0196805244
-0.0001539128557
0.01973869283
-0.0001121701968
0.01978349234
-8.080325242e-05
0.01981806243
-5.920395007e-05
0.01984497488
-4.539473362e-05
0.01986518367
-3.383876606e-05
0.01988334665
-2.966010452e-05
0.01989927633
-2.716384476e-05
0.01991353245
-2.511693392e-05
0.0199263468
-2.290794696e-05
0.01993778867
-2.038956245e-05
0.01994788515
-1.767504621e-05
0.0199566862
-1.496396318e-05
0.0199642834
-1.24307824e-05
0.01997080043
-1.017756395e-05
0.01997637297
-8.232908609e-06
0.01998113085
-6.574753096e-06
0.01998518748
-5.157939382e-06
0.01998863743
-3.935507932e-06
0.01999155845
-2.86944004e-06
0.01999401564
-1.933051876e-06
0.01999606493
-1.108354527e-06
0.01999775547
-3.823938618e-07
0.01999913054
2.558990843e-07
0.02000022865
8.161515622e-07
0.02000108363
1.307718332e-06
0.02000172518
1.739078856e-06
0.02000217942
2.11762499e-06
0.02000246924
2.449840861e-06
0.02000261478
2.741329825e-06
0.02000263382
2.996868968e-06
0.02000254207
3.220680626e-06
0.02000235342
3.416366746e-06
0.02000208022
3.587123506e-06
0.02000173345
3.735719036e-06
0.02000132287
3.864541184e-06
0.02000085724
3.9757146e-06
0.02000034452
4.070757203e-06
0.01999979247
4.152536892e-06
0.01999922051
4.217230684e-06
4.296551665e-06
-6.75497074e-05
-0.0001533757739
-1.405273735e-07
0.0001245910436
9.647496384e-05
-0.000177665164
-0.0001678115237
0.0001950322925
0.0001511625507
-7.181555051e-07
0.007408720782
0.0006580676626
-0.0004537306373
-0.0002895794382
-0.0004542877891
-0.000289069788
-0.001301905856
-0.001988062013
-0.001301967803
-0.001988185102
0.008165489944
-0.0003256046973
0.008954095322
-0.001450744617
0.009830167
-0.002697617872
0.01076132898
-0.003708109653
0.01171463608
-0.004448503688
0.01263777121
-0.004824066518
0.01350665707
-0.004888627394
0.01430190386
-0.004708783361
0.01501606702
-0.004372296857
0.01564828158
-0.003954715685
0.01620236586
-0.00351292367
0.01668476548
-0.003083868744
0.01710311863
-0.002688188373
0.01746525651
-0.002334918853
0.0177786019
-0.00202578318
0.01804989715
-0.001758367235
0.01828502064
-0.001528245382
0.01848898793
-0.001330298854
0.01866603811
-0.001159469178
0.01881979437
-0.001011151274
0.01895347631
-0.0008813357894
0.01906966568
-0.0007666008691
0.01917287036
-0.0006640538603
0.01926481163
-0.0005712900799
0.01934813648
-0.0004864780144
0.01942497481
-0.0004084794232
0.01949666673
-0.0003369724592
0.01956364304
-0.0002724219904
0.01962553995
-0.0002158097553
0.01968199831
-0.0001686285611
0.01973078878
-0.0001295937168
0.01977240995
-0.0001008251133
0.01980504971
-7.803449984e-05
0.01983320529
-6.19943388e-05
0.01985604776
-5.250256924e-05
0.01987474883
-4.586491003e-05
0.01989036952
-4.07376279e-05
0.0199037296
-3.626802816e-05
0.01991538171
-3.204166689e-05
0.01992565953
-2.795286639e-05
0.01993475528
-2.405971432e-05
0.01994279084
-2.046633955e-05
0.01994986455
-1.725127976e-05
0.01995607231
-1.444066629e-05
0.01996151112
-1.201356343e-05
0.01996627499
-9.921806574e-06
0.01997044995
-8.110466175e-06
0.01997411147
-6.530969364e-06
0.01997732441
-5.145993427e-06
0.01998014427
-3.928216847e-06
0.0199826189
-2.857024467e-06
0.01998479027
-1.915463375e-06
0.01998669501
-1.088586919e-06
0.01998836555
-3.628269404e-07
0.01998983023
2.74401947e-07
0.01999111417
8.336914945e-07
0.01999223936
1.324652167e-06
0.01999322528
1.755413747e-06
0.01999408904
2.133107202e-06
0.0199948458
2.463920417e-06
0.01999550896
2.753207592e-06
0.01999609041
3.005670949e-06
0.01999660075
3.225383284e-06
0.0199970494
3.415889113e-06
0.01999744482
3.580294301e-06
0.01999779471
3.720862673e-06
0.01999810542
3.841830472e-06
0.01999838787
3.934776483e-06
4.057579185e-06
-6.175812407e-05
-0.0006880978379
-1.087169511e-07
0.0006791771701
7.078751253e-05
-0.0007295525922
-0.0003708467297
0.00337731156
0.0002056809098
1.958674715e-08
-0.0008782553216
-0.0007286264029
-0.0008757309786
0.01717440554
9.476258794e-05
-0.003604832319
-0.0047010004
-0.003604305385
-0.004700962365
0.01774730935
-0.0008985085167
0.01829915597
-0.002002591221
0.01864040579
-0.003038867699
0.01877471711
-0.003842420982
0.01884357649
-0.004517363056
0.01883107128
-0.004811561302
0.01880589632
-0.004863452441
0.01877097398
-0.004673861024
0.01874710055
-0.004348423432
0.01874083567
-0.003948450808
0.01875523973
-0.003527327727
0.01878847291
-0.003117101925
0.01883642907
-0.002736144527
0.01889432655
-0.00239281633
0.01895776098
-0.002089217607
0.0190231728
-0.001823779047
0.01908791808
-0.001592990659
0.01915014571
-0.001392526489
0.01920863187
-0.001217955329
0.01926265004
-0.001065169445
0.01931192266
-0.0009306084036
0.01935665392
-0.0008113321246
0.01939758962
-0.000704989548
0.01943602338
-0.0006097238439
0.01947362286
-0.0005240774885
0.01951208392
-0.0004469404844
0.01955266179
-0.0003775503226
0.01959574932
-0.0003155095129
0.01964068865
-0.000260749085
0.01968545375
-0.0002133936584
0.01972940718
-0.0001735471452
0.01976965746
-0.0001410753904
0.01980549656
-0.0001138735917
0.01983465648
-9.115426002e-05
0.01985850903
-7.635511322e-05
0.01987780875
-6.5164631e-05
0.0198935268
-5.645567781e-05
0.01990658937
-4.933060065e-05
0.01991772575
-4.317804431e-05
0.01992742933
-3.765644147e-05
0.0199359958
-3.262619309e-05
0.01994359209
-2.80626272e-05
0.01995032034
-2.397952203e-05
0.01995626038
-2.038070559e-05
0.01996148927
-1.724245429e-05
0.01996608519
-1.451772953e-05
0.01997012432
-1.214959734e-05
0.01997367676
-1.008340818e-05
0.01997680426
-8.273495229e-06
0.01997956
-6.683956158e-06
0.01998198963
-5.286654115e-06
0.01998413266
-4.058493451e-06
0.01998602355
-2.979478991e-06
0.01998769257
-2.031846813e-06
0.01998916668
-1.199699371e-06
0.01999046948
-4.691097006e-07
0.01999162176
1.723729964e-07
0.01999264192
7.352525664e-07
0.01999354612
1.228908106e-06
0.01999434876
1.661282216e-06
0.01999506253
2.039444632e-06
0.01999569868
2.369520733e-06
0.01999626725
2.65681132e-06
0.0199967772
2.90592978e-06
0.01999723656
3.120937338e-06
0.0199976526
3.304823831e-06
0.01999803141
3.463022869e-06
0.01999838155
3.584628423e-06
3.745270383e-06
-0.0001172515703
-0.006374732791
0.006233788204
0.000589566458
5.715102294e-08
-0.0001094133618
-0.0001151700094
-0.000106844067
0.0253343347
0.001160833221
-0.0002879122925
-0.0001769088747
-0.0002881809592
-0.0001771282974
-0.006220452354
-0.006562333634
-0.006220080933
-0.006562170581
0.02519010658
0.000238990711
0.0250562505
-0.0007646524249
0.02479394085
-0.001740281573
0.02432695636
-0.002571883213
0.02381330968
-0.003328774309
0.02313337394
-0.003837427316
0.02237298317
-0.004051170531
0.0217020483
-0.004192517586
0.02111046733
-0.004082280056
0.02064398493
-0.003881941027
0.02027769816
-0.003582164044
0.02000363197
-0.003253261533
0.01980542587
-0.002918895828
0.01966783275
-0.002598551402
0.01957701205
-0.002301995626
0.01952101758
-0.002033223131
0.01949019317
-0.001792954639
0.01947707812
-0.001579875606
0.0194760904
-0.001391538761
0.01948315492
-0.001225019852
0.01949535704
-0.001077371557
0.01951066978
-0.0009459211328
0.01952777626
-0.0008284386098
0.01954597975
-0.0007231930351
0.01956515593
-0.0006289000199
0.01958566913
-0.0005445906811
0.01960818804
-0.000469459392
0.01963338714
-0.0004027494151
0.01966160118
-0.0003437235499
0.01969255785
-0.0002917057558
0.01972530863
-0.000246144433
0.01975839902
-0.0002066375298
0.01979021402
-0.0001728903933
0.01982081373
-0.0001444732991
0.01984629505
-0.0001166355791
0.01986792308
-9.79831377e-05
0.01988590421
-8.314576106e-05
0.01990076412
-7.131558715e-05
0.01991314088
-6.170735813e-05
0.01992362477
-5.366193393e-05
0.01993267423
-4.670590622e-05
0.0199406023
-4.055425528e-05
0.01994760472
-3.506505125e-05
0.01995380363
-3.017842731e-05
0.0199592846
-2.586167699e-05
0.0199641198
-2.207764946e-05
0.01996837806
-1.877599789e-05
0.01997212571
-1.589724636e-05
0.01997542501
-1.338270937e-05
0.01997833175
-1.118023408e-05
0.01998089484
-9.247045496e-06
0.01998315622
-7.548029464e-06
0.01998515223
-6.054507649e-06
0.01998691482
-4.742068369e-06
0.01998847179
-3.588819018e-06
0.01998984782
-2.575719356e-06
0.01999106478
-1.686075686e-06
0.01999214183
-9.046689555e-07
0.01999309622
-2.191359219e-07
0.01999394269
3.824369868e-07
0.01999469476
9.092170486e-07
0.01999536399
1.370209713e-06
0.01999596096
1.772552137e-06
0.01999649505
2.12272068e-06
0.01999697448
2.426495479e-06
0.01999740677
2.688650999e-06
0.01999779873
2.912861659e-06
0.01999815583
3.10591853e-06
0.01999848632
3.254144041e-06
3.450100461e-06
0.02620819869
0.002597052406
-0.000655554782
-0.0006557532681
0.02646404226
0.001903123568
-0.000605416537
-0.000474119012
-0.0006047944489
-0.0004746371435
0.02651898939
0.001105886105
0.02646720786
0.000290772241
0.02626111278
-0.000558557341
0.02591198951
-0.001391158301
0.02543926101
-0.002099154723
0.02480396198
-0.002693475275
0.02404347419
-0.00307693954
0.02334729116
-0.00335498751
0.02260563608
-0.00345086249
0.02188749351
-0.003364137489
0.02131320989
-0.003307657403
0.0208445884
-0.003113542552
0.02049569562
-0.002904368753
0.02023905302
-0.002662253234
0.02004896231
-0.00240846069
0.0199106594
-0.002163692715
0.01981230039
-0.001934864122
0.01974416939
-0.001724823638
0.01969858226
-0.001534288469
0.01966962928
-0.001362585774
0.01965287624
-0.001208266813
0.01964506907
-0.001069564381
0.01964386065
-0.000944712712
0.01964757982
-0.0008321577725
0.01965505464
-0.0007306678518
0.01966549555
-0.0006393409256
0.0196784206
-0.0005575157342
0.019693586
-0.000484624785
0.01971089184
-0.0004200552496
0.01973024808
-0.0003630797845
0.01975143085
-0.0003128885295
0.0197739795
-0.0002686930716
0.01979718532
-0.0002298433493
0.01982018024
-0.0001958853167
0.01984223939
-0.000166532445
0.01986356342
-0.0001379596056
0.01988136856
-0.000115788276
0.01989681232
-9.858951631e-05
0.01991000606
-8.450932833e-05
0.0199212221
-7.292339948e-05
0.01993079539
-6.323522126e-05
0.01993904519
-5.495570731e-05
0.01994623187
-4.774093488e-05
0.01995254666
-4.137984376e-05
0.01995812214
-3.575389804e-05
0.01996305161
-3.079114861e-05
0.01996740739
-2.643342954e-05
0.01997125135
-2.261996173e-05
0.01997464079
-1.928668825e-05
0.01997762892
-1.637083941e-05
0.01998026441
-1.381571752e-05
0.01998258987
-1.157251122e-05
0.01998464328
-9.601440302e-06
0.01998645729
-7.86850804e-06
0.01998806006
-6.344844824e-06
0.01998947704
-5.005796818e-06
0.01999073014
-3.828812026e-06
0.01999183893
-2.794868988e-06
0.01999282089
-1.886621359e-06
0.01999369111
-1.089363015e-06
0.01999446371
-3.901547373e-07
0.0199951502
2.227237865e-07
0.01999576155
7.588631968e-07
0.01999630712
1.226981658e-06
0.01999679536
1.634475953e-06
0.01999723384
1.988016701e-06
0.01999762941
2.293081405e-06
0.01999798805
2.55421867e-06
0.01999831526
2.778706278e-06
0.01999861784
2.951566112e-06
3.179578994e-06
0.02548243617
0.002202128279
0.02577383442
0.001611725311
0.02588265587
0.0009970646586
0.0258856336
0.0002877945126
0.0256907458
-0.0003636695426
0.02536917341
-0.001069585913
0.02494647303
-0.001676454347
0.02442119557
-0.002168197805
0.02386476783
-0.002520511808
0.02327013352
-0.002760353214
0.02265655608
-0.002837285038
0.02216271739
-0.002870298782
0.021659548
-0.002804488006
0.02117275406
-0.002626748613
0.02077909281
-0.002510707502
0.02050687089
-0.002390031313
0.02030352276
-0.002205112557
0.0201474681
-0.002007638051
0.0200289773
-0.001816373321
0.01994025132
-0.001636097648
0.01987481473
-0.001468851876
0.01982745132
-0.001315222363
0.01979407564
-0.001174891126
0.01977157052
-0.001047059255
0.01975760352
-0.0009307457112
0.01975043664
-0.0008249908879
0.01974874707
-0.0007289782781
0.01975148119
-0.0006420750458
0.01975776038
-0.0005637949273
0.01976683899
-0.0004937033924
0.01977809695
-0.0004313132039
0.01979103671
-0.0003760195374
0.01980525881
-0.0003271106325
0.01982041369
-0.0002838479451
0.01983614551
-0.0002455751641
0.01985205605
-0.0002117958519
0.01986770555
-0.0001821819497
0.01988398718
-0.0001542412295
0.01989777724
-0.0001295783324
0.01991024224
-0.0001110545156
0.01992126931
-9.553639853e-05
0.01993088418
-8.253826781e-05
0.01993921233
-7.156337438e-05
0.01994643047
-6.21738434e-05
0.01995271948
-5.402994233e-05
0.01995823606
-4.689643054e-05
0.01996310152
-4.061935659e-05
0.01996740533
-3.509495292e-05
0.01997121448
-3.024257541e-05
0.01997458334
-2.598882919e-05
0.01997756017
-2.226351599e-05
0.01998018889
-1.899955748e-05
0.01998251005
-1.613687663e-05
0.01998456075
-1.362321489e-05
0.01998637326
-1.14139433e-05
0.01998797582
-9.471073746e-06
0.0199893935
-7.762524853e-06
0.01999064782
-6.260106898e-06
0.01999175804
-4.939038271e-06
0.01999274121
-3.778034553e-06
0.01999361254
-2.757948391e-06
0.01999438535
-1.862176138e-06
0.0199950715
-1.076299337e-06
0.01999568187
-3.876482287e-07
0.01999622555
2.151843374e-07
0.01999671104
7.414881731e-07
0.01999714579
1.199723082e-06
0.01999753657
1.597241224e-06
0.01999788904
1.940611442e-06
0.01999820917
2.234087528e-06
0.01999850086
2.48701017e-06
0.01999877118
2.681245548e-06
2.937977915e-06
0.02485627109
0.001839240356
0.02505223616
0.001415760262
0.02514291073
0.0009063900787
0.02512876864
0.0003019366041
0.02500665915
-0.0002415600677
0.02475003682
-0.0008129635922
0.02440141566
-0.001327833181
0.02397475784
-0.001741539984
0.02351332996
-0.002059083918
0.02303455661
-0.002281579864
0.02259352716
-0.002396255596
0.02216583037
-0.002442601991
0.0217417169
-0.002380374545
0.0214050877
-0.002290119413
0.02100326594
-0.002108885747
0.02070937237
-0.002096137732
0.0205006013
-0.001996341482
0.02033696625
-0.001844002995
0.02020767477
-0.001687081838
0.02010628553
-0.001534708413
0.02002755127
-0.001390117608
0.0199670528
-0.001254723883
0.0199211835
-0.001129021823
0.01988707784
-0.001012953587
0.01986250349
-0.0009061713601
0.01984573042
-0.0008082178116
0.01983538911
-0.000718636974
0.01983034204
-0.0006370279765
0.01982958891
-0.0005630417952
0.0198322235
-0.0004963379746
0.01983743705
-0.0004365267469
0.01984454767
-0.0003831301593
0.01985302236
-0.00033558532
0.01986247076
-0.0002932963474
0.01987260222
-0.0002557066181
0.01988316788
-0.000222361508
0.01989390977
-0.0001929238366
0.0199058511
-0.0001661825552
0.01991600335
-0.0001397305763
0.01992550446
-0.0001205556231
0.01993417003
-0.0001042019698
0.01994191207
-9.028030543e-05
0.01994873685
-7.838816399e-05
0.01995471727
-6.815425815e-05
0.0199599596
-5.927227596e-05
0.01996457218
-5.150900225e-05
0.01996864875
-4.469592955e-05
0.01997226223
-3.870843419e-05
0.01997546824
-3.344857914e-05
0.01997831135
-2.883194428e-05
0.01998082947
-2.478163124e-05
0.01998305775
-2.122783906e-05
0.01998502885
-1.810797859e-05
0.01998677256
-1.536692349e-05
0.01998831569
-1.295706934e-05
0.01998968206
-1.083744513e-05
0.01999089224
-8.972705803e-06
0.01999196425
-7.33210912e-06
0.01999291435
-5.889141859e-06
0.01999375655
-4.620235679e-06
0.01999450351
-3.504900291e-06
0.0199951667
-2.525364248e-06
0.01999575607
-1.66567424e-06
0.01999628048
-9.120532074e-07
0.01999674833
-2.526639585e-07
0.01999716632
3.234935054e-07
0.01999754084
8.252019738e-07
0.01999787766
1.26041626e-06
0.01999818188
1.636394563e-06
0.01999845805
1.957913705e-06
0.01999871023
2.234836104e-06
0.01999894372
2.447750584e-06
2.728916695e-06
0.02425437248
0.001556787298
0.02446543784
0.001204694898
0.02459375444
0.0007780734729
0.02456201521
0.0003336758285
0.02448220603
-0.0001617508853
0.0242560104
-0.0005867679719
0.02396306034
-0.001034883126
0.02361690642
-0.001395386074
0.02323047955
-0.001672657041
0.02282618972
-0.001877290015
0.02244013608
-0.00201020196
0.02207652178
-0.002078987698
0.02177049547
-0.00207434824
0.02148748078
-0.002007104722
0.02117667247
-0.001798077433
0.02087567247
-0.001795137727
0.02066259483
-0.001783263836
0.02049219466
-0.001673602823
0.02035757549
-0.001552462672
0.02024919784
-0.001426330758
0.0201619168
-0.001302836566
0.02009216095
-0.001184968028
0.02003689224
-0.001073753107
0.01999359314
-0.0009696544736
0.01996021732
-0.0008727955441
0.01993511042
-0.0007831109013
0.01991691904
-0.000700445597
0.0199044976
-0.0006246065393
0.0198968356
-0.0005553797935
0.01989301711
-0.0004925194826
0.01989221749
-0.0004357271225
0.01989372461
-0.000384637275
0.01989696234
-0.0003388230477
0.01990149457
-0.0002978285759
0.01990700124
-0.00026121329
0.01991323188
-0.0002285921432
0.01991995842
-0.0001996503745
0.01992821798
-0.0001744421031
0.01993513743
-0.0001466500248
0.01994184363
-0.0001272618202
0.019948145
-0.0001105033464
0.01995391694
-9.60522441e-05
0.01995910727
-8.357849236e-05
0.01996372487
-7.277185936e-05
0.01996781613
-6.336353247e-05
0.01997144329
-5.513615822e-05
0.01997466619
-4.791883317e-05
0.01997753564
-4.157788719e-05
0.01998009187
-3.600480799e-05
0.01998236705
-3.110711752e-05
0.01998438932
-2.680390735e-05
0.01998618417
-2.302268708e-05
0.01998777569
-1.96994998e-05
0.01998918665
-1.677788289e-05
0.01999043751
-1.420792042e-05
0.01999154693
-1.194686608e-05
0.01999253112
-9.956893018e-06
0.01999340449
-8.205479065e-06
0.01999417967
-6.664318757e-06
0.01999486786
-5.308428286e-06
0.01999547919
-4.1162247e-06
0.01999602251
-3.068690602e-06
0.01999650597
-2.149134136e-06
0.01999693674
-1.34281475e-06
0.01999732118
-6.371123454e-07
0.01999766528
-2.060673963e-08
0.0199979738
5.166826886e-07
0.01999825153
9.82689967e-07
0.01999850275
1.385168761e-06
0.01999873096
1.729708808e-06
0.01999893956
2.026227221e-06
0.01999913288
2.254438759e-06
2.555674581e-06
0.02378410623
0.00131839404
0.02398643757
0.001002363559
0.02406346469
0.0007010463533
0.02405474716
0.0003423933388
0.02397396265
-8.096636594e-05
0.02382149905
-0.0004343043703
0.02358709851
-0.0008004825807
0.02330854912
-0.001116836696
0.02299536659
-0.001359474506
0.02266232947
-0.001544252893
0.02232820809
-0.001676080584
0.02200706397
-0.00175784357
0.02172428946
-0.001791573735
0.02149235164
-0.001775166896
0.0213549974
-0.001660723185
0.02108465471
-0.001524795029
0.02085031632
-0.001548925445
0.02063727431
-0.001460560817
0.0204849638
-0.001400152166
0.02037149828
-0.001312865229
0.02027907014
-0.001210408419
0.0202030229
-0.00110892078
0.02014086106
-0.001011591259
0.02009044217
-0.0009192355885
0.020049953
-0.0008323063626
0.02001786828
-0.0007510261847
0.01999289921
-0.0006754765239
0.01997393828
-0.0006056456041
0.01996000874
-0.000541450257
0.01995023458
-0.0004827453208
0.01994383229
-0.0004293248331
0.01994011934
-0.0003809243198
0.01993852684
-0.0003372305438
0.01993860133
-0.0002979030668
0.01993998938
-0.0002626013398
0.01994240748
-0.0002310102326
0.01994560833
-0.0002028512281
0.01994904342
-0.0001778771874
0.01995457821
-0.0001521848097
0.01995867711
-0.0001313607244
0.01996270055
-0.0001145267794
0.01996651455
-9.986624562e-05
0.01997003923
-8.71031698e-05
0.0199732429
-7.597553168e-05
0.01997612907
-6.62497035e-05
0.0199787201
-5.772718668e-05
0.0199810451
-5.024383063e-05
0.01998313142
-4.366420109e-05
0.01998500274
-3.787613656e-05
0.01998667878
-3.278315413e-05
0.0199881768
-2.830192685e-05
0.01998951297
-2.435885565e-05
0.01999070276
-2.08892894e-05
0.01999176108
-1.783619795e-05
0.01999270209
-1.514893588e-05
0.01999353868
-1.278344725e-05
0.0199942826
-1.070081966e-05
0.01999494446
-8.867333741e-06
0.01999553314
-7.252992158e-06
0.01999605709
-5.832378437e-06
0.0199965234
-4.58253131e-06
0.0199969388
-3.484089658e-06
0.01999730907
-2.519409421e-06
0.01999763962
-1.673359643e-06
0.019997935
-9.32494732e-07
0.01999819978
-2.853916881e-07
0.01999843786
2.786010839e-07
0.01999865242
7.681312418e-07
0.01999884667
1.19091389e-06
0.01999902348
1.552903932e-06
0.01999918529
1.864413505e-06
0.01999933552
2.104209087e-06
2.420841883e-06
0.02337881551
0.001125626097
0.02352875471
0.0008524243562
0.02362871629
0.0006010847807
0.02366757458
0.0003035350388
0.02358559563
1.01257283e-06
0.02348002979
-0.0003287385183
0.02327468836
-0.0005951411426
0.02303985739
-0.0008820057212
0.02278450441
-0.001104121537
0.02251155899
-0.001271307476
0.02223219131
-0.0013967129
0.02195737743
-0.001483029692
0.02169808396
-0.001532280272
0.02146950833
-0.001546591259
0.02132741821
-0.001518633058
0.02124991096
-0.001447287777
0.02108285931
-0.001381873801
0.02082732628
-0.001205027785
0.02061142711
-0.001184252987
0.02047662944
-0.001178067557
0.02038004231
-0.001113821274
0.02029994909
-0.001028827562
0.02023306974
-0.0009447119038
0.02017738291
-0.0008635487495
0.02013133694
-0.0007862603911
0.02009357928
-0.0007132685258
0.02006293354
-0.0006448307825
0.02003836938
-0.0005810814362
0.02001897412
-0.0005220549934
0.02000393163
-0.0004677028332
0.01999251433
-0.0004179075314
0.0199840849
-0.0003724948857
0.01997809965
-0.000331245299
0.01997410707
-0.0002939104789
0.01997173664
-0.0002602309144
0.01997067979
-0.00022995338
0.01997066845
-0.0002028398793
0.01997145787
-0.0001786666022
0.01997393414
-0.0001546610839
0.01997560143
-0.0001330280041
0.01997746558
-0.0001163909324
0.01997938827
-0.0001017889307
0.01998127327
-8.898817341e-05
0.01998306273
-7.776499363e-05
0.01998472882
-6.791579258e-05
0.01998626296
-5.92613242e-05
0.01998766751
-5.164837556e-05
0.01998894907
-4.494576805e-05
0.01999011471
-3.904177415e-05
0.01999117182
-3.38402566e-05
0.01999212719
-2.925730061e-05
0.01999298763
-2.521929848e-05
0.01999376026
-2.166191376e-05
0.01999445222
-1.852815708e-05
0.01999507096
-1.576768002e-05
0.0199956238
-1.333628494e-05
0.01999611758
-1.11945984e-05
0.01999655851
-9.308261198e-06
0.01999695258
-7.647058797e-06
0.01999730446
-6.184259854e-06
0.01999761919
-4.897253776e-06
0.01999790041
-3.765313609e-06
0.01999815211
-2.771107321e-06
0.01999837752
-1.898769686e-06
0.01999857968
-1.134652325e-06
0.01999876142
-4.671328349e-07
0.01999892521
1.148036992e-07
0.01999907345
6.198970156e-07
0.01999920799
1.056373422e-06
0.01999933091
1.429982937e-06
0.01999944356
1.751758041e-06
0.01999954842
1.999352759e-06
2.326381183e-06
0.02304417803
0.0009626459295
0.02316996707
0.0007266353131
0.02327252492
0.0004985269378
0.02328271946
0.000293340505
0.02323036724
5.336477376e-05
0.02313240586
-0.0002307771397
0.02299241504
-0.0004551503279
0.02280248625
-0.0006920769258
0.02259335515
-0.0008949904315
0.02236899887
-0.001046951193
0.0221365039
-0.001164217931
0.02190424296
-0.001250768758
0.02167920955
-0.00130724686
0.02146759753
-0.001334979244
0.02128462688
-0.001335662404
0.02114724073
-0.001309901637
0.02102659203
-0.001261225095
0.02096044959
-0.001138885344
0.02077104207
-0.0009948454591
0.02058546205
-0.000992487528
0.02047337846
-0.001001737674
0.02038494107
-0.0009403901713
0.02031406983
-0.0008738406575
0.02025464474
-0.0008041236597
0.02020438465
-0.0007360002942
0.02016212601
-0.0006710098875
0.02012683091
-0.0006095356756
0.0200975721
-0.0005518226277
0.02007351794
-0.0004980008243
0.02005392145
-0.000448106345
0.02003811474
-0.0004021008243
0.02002550765
-0.0003598877914
0.02001558789
-0.0003213255337
0.02000791675
-0.0002862393468
0.02000212175
-0.0002544359085
0.01999788374
-0.0002257153712
0.01999492326
-0.0001998793952
0.01999298965
-0.0001767329861
0.01999291839
-0.0001545898199
0.01999232397
-0.0001324335842
0.01999215885
-0.0001162258086
0.01999228161
-0.0001019116896
0.01999258459
-8.929115769e-05
0.01999299129
-7.817168566e-05
0.01999345094
-6.837544903e-05
0.01999393175
-5.974212539e-05
0.01999441401
-5.213064001e-05
0.01999488572
-4.541747864e-05
0.01999533946
-3.949550859e-05
0.01999577021
-3.427101058e-05
0.01999617457
-2.966165787e-05
0.0199965508
-2.559552536e-05
0.01999689783
-2.200894491e-05
0.01999721565
-1.884597123e-05
0.01999750515
-1.605717786e-05
0.01999776779
-1.359892523e-05
0.01999800547
-1.143227691e-05
0.01999822038
-9.523177123e-06
0.01999841454
-7.841208628e-06
0.01999859008
-6.359807086e-06
0.01999874871
-5.055877476e-06
0.01999889211
-3.908715019e-06
0.01999902156
-2.900551029e-06
0.0199991387
-2.01591682e-06
0.01999924482
-1.240774433e-06
0.01999934093
-5.632435388e-07
0.01999942839
2.734882394e-08
0.01999950805
5.402348122e-07
0.019999581
9.834219078e-07
0.01999964812
1.362859906e-06
0.01999971015
1.689728698e-06
0.01999976818
1.941326094e-06
2.273598587e-06
0.02275840676
0.0008244803197
0.0228590498
0.0006259922767
0.02292970767
0.0004278690651
0.02296680632
0.0002562418699
0.02296236101
5.781007577e-05
0.02286751173
-0.0001359278589
0.02277005983
-0.000357698442
0.02260084374
-0.0005228608393
0.02242234949
-0.0007164961816
0.02223629213
-0.0008608938274
0.02204231263
-0.000970238444
0.02184585415
-0.00105431028
0.02165247196
-0.001113864671
0.0214665912
-0.001149098485
0.02129222186
-0.001161293073
0.02113508841
-0.001152768181
0.02100003347
-0.001126170157
0.02093192038
-0.001070772252
0.02089638029
-0.0009593053596
0.02073918764
-0.0008352948648
0.02060428717
-0.0008668372071
0.02047434739
-0.0008104503834
0.02038624202
-0.0007857352864
0.02032268439
-0.0007405660275
0.02026937574
-0.0006826916354
0.02022366018
-0.0006252943263
0.02018464627
-0.0005705217576
0.02015152491
-0.000518701272
0.02012355898
-0.000470034888
0.02010007691
-0.0004246242814
0.02008047302
-0.0003824969248
0.02006420639
-0.0003436211686
0.0200507991
-0.0003079182419
0.02003983267
-0.0002752729077
0.02003094281
-0.0002455460504
0.02002381063
-0.0002185831905
0.02001815433
-0.0001942230907
0.0200137226
-0.0001723012557
0.02001129488
-0.0001521620942
0.02000860732
-0.0001297460202
0.02000655003
-0.0001141685186
0.02000497874
-0.0001003403993
0.02000377651
-8.808892391e-05
0.02000285372
-7.724890042e-05
0.02000214252
-6.766424118e-05
0.02000159294
-5.919254892e-05
0.02000116802
-5.170572283e-05
0.02000084033
-4.508978622e-05
0.02000058892
-3.924409919e-05
0.02000039724
-3.40793274e-05
0.02000025266
-2.951707129e-05
0.02000014459
-2.548745547e-05
0.02000006486
-2.192921271e-05
0.02000000673
-1.878784294e-05
0.01999996501
-1.601545466e-05
0.01999993554
-1.356945938e-05
0.01999991555
-1.141228082e-05
0.01999990267
-9.510293808e-06
0.01999989543
-7.833971215e-06
0.01999989295
-6.357325794e-06
0.01999989387
-5.056792001e-06
0.01999989757
-3.912415452e-06
0.01999990366
-2.9066418e-06
0.01999991106
-2.023321564e-06
0.01999991972
-1.249432108e-06
0.01999992914
-5.726630225e-07
0.01999993899
1.749894336e-08
0.01999994923
5.299945917e-07
0.01999995972
9.729254128e-07
0.01999997035
1.352233318e-06
0.01999998091
1.679168278e-06
0.01999999131
1.930926246e-06
2.2631255e-06
0.02251474561
0.0007059155463
0.02260124726
0.0005394906367
0.02266110381
0.0003680125104
0.0227068442
0.0002105014782
0.02268172293
8.293136033e-05
0.02261049293
-6.469786567e-05
0.02252599356
-0.0002731990795
0.02240675155
-0.0004036188325
0.02226696105
-0.0005767056809
0.02211413424
-0.0007080670269
0.02195198466
-0.0008080888714
0.02178548414
-0.0008878097647
0.02161917118
-0.0009475517142
0.02145681414
-0.0009867414463
0.02130137919
-0.001005858126
0.02115520919
-0.001006598185
0.02102065089
-0.0009916118477
0.02091267175
-0.0009627931105
0.02086731233
-0.0009139459236
0.02087267879
-0.000840661325
0.02079043475
-0.0007845931607
0.02061689827
-0.0006369139046
0.02046824356
-0.0006370805796
0.02038398154
-0.0006563040038
0.02032692091
-0.0006256309932
0.02027839833
-0.0005767717456
0.02023647973
-0.0005286031542
0.0202002404
-0.0004824619418
0.02016904009
-0.0004388345723
0.02014228652
-0.0003978707158
0.02011943729
-0.0003596476879
0.02010000097
-0.0003241848436
0.0200835364
-0.0002914536798
0.02006965042
-0.0002613869177
0.02005799307
-0.000233888701
0.02004825397
-0.0002088440919
0.02004015601
-0.0001861251247
0.02003345067
-0.0001655959185
0.02002885748
-0.000147568903
0.02002424696
-0.0001251354953
0.02002044104
-0.0001103625931
0.02001729144
-9.719079769e-05
0.0200146753
-8.547278483e-05
0.02001249234
-7.506593615e-05
0.02001066247
-6.583437645e-05
0.02000912179
-5.765186409e-05
0.02000781975
-5.040368717e-05
0.02000671581
-4.398583841e-05
0.02000577724
-3.830552846e-05
0.02000497761
-3.32796981e-05
0.02000429492
-2.883437814e-05
0.02000371106
-2.490360174e-05
0.02000321078
-2.142893112e-05
0.02000278129
-1.83583458e-05
0.02000241169
-1.564585391e-05
0.02000209284
-1.325060997e-05
0.02000181713
-1.113656906e-05
0.02000157846
-9.271621478e-06
0.02000137152
-7.627035271e-06
0.02000119199
-6.177786317e-06
0.02000103626
-4.901068879e-06
0.02000090127
-3.777424989e-06
0.02000078393
-2.789297046e-06
0.02000068217
-1.921559438e-06
0.02000059362
-1.160886116e-06
0.02000051654
-4.955879503e-07
0.02000044917
8.487232461e-08
0.02000039007
5.890963363e-07
0.02000033813
1.024857207e-06
0.02000029216
1.398209355e-06
0.02000025133
1.719998297e-06
0.02000021437
1.967885826e-06
2.295009841e-06
0.02230594469
0.0006034440709
0.02238083454
0.0004646007878
0.02242794841
0.0003208986375
0.02245252366
0.0001859262072
0.02244238505
9.306996865e-05
0.0224109869
-3.329971401e-05
0.02233612181
-0.0001983339953
0.02225053216
-0.0003180291779
0.0221317724
-0.0004579459208
0.02200337008
-0.0005796647238
0.02186733335
-0.0006720521447
0.02172590112
-0.0007463775287
0.02158258668
-0.0008042372755
0.02144058767
-0.0008447424401
0.02130258318
-0.0008678536383
0.02117068861
-0.0008747036088
0.02104644837
-0.0008673716109
0.02093209659
-0.0008484413243
0.02083802864
-0.000819877961
0.0207786969
-0.0007813295868
0.02072795194
-0.0007338482044
0.02071906545
-0.0006280274057
0.02058982151
-0.0005078366359
0.02045642471
-0.0005229072011
0.02038402936
-0.000553235642
0.02032766141
-0.0005204037949
0.02028259875
-0.0004835404912
0.0202438849
-0.0004437480913
0.02021004448
-0.0004049941433
0.02018056266
-0.0003683888972
0.02015496178
-0.0003340468081
0.02013280134
-0.0003020243959
0.02011367816
-0.0002723305029
0.02009722663
-0.0002449353862
0.0200831165
-0.0002197785638
0.02007105011
-0.0001967777055
0.02006075912
-0.0001758341346
0.02005200183
-0.0001568386262
0.02004410726
-0.0001396743307
0.02003907155
-0.0001200997846
0.02003366361
-0.0001049546499
0.02002905892
-9.258609818e-05
0.02002512982
-8.154368798e-05
0.02002176841
-7.170452578e-05
0.02001888504
-6.29510061e-05
0.02001640542
-5.517224196e-05
0.02001426799
-4.826625844e-05
0.02001242177
-4.21396192e-05
0.02001082417
-3.670792417e-05
0.02000943961
-3.189513505e-05
0.02000823796
-2.763272785e-05
0.0200071941
-2.385973891e-05
0.02000628617
-2.052100499e-05
0.02000549571
-1.756788737e-05
0.02000480683
-1.495697279e-05
0.02000420583
-1.264960689e-05
0.02000368073
-1.061146921e-05
0.02000322137
-8.812252158e-06
0.02000281924
-7.224911756e-06
0.02000246676
-5.825303057e-06
0.02000215777
-4.592070065e-06
0.02000188665
-3.506306154e-06
0.02000164878
-2.551431314e-06
0.0200014398
-1.712579455e-06
0.02000125583
-9.769123627e-07
0.0200010938
-3.335600348e-07
0.02000095045
2.282228368e-07
0.02000082343
7.161100214e-07
0.02000071019
1.138093016e-06
0.02000060873
1.499671064e-06
0.02000051732
1.811407187e-06
0.02000043363
2.05157464e-06
2.368420067e-06
0.02212723715
0.0005140750191
0.02219329387
0.000398544087
0.02223484686
0.0002793456486
0.02225489358
0.0001658794701
0.02226869239
7.927115452e-05
0.02226119217
-2.579949755e-05
0.02218994023
-0.0001270820528
0.0221273253
-0.0002554142454
0.02201711851
-0.0003477391339
0.02190473185
-0.0004672780726
0.02178954615
-0.0005568664432
0.0216690177
-0.000625849076
0.02154516561
-0.000680385181
0.02142065841
-0.0007202352418
0.0212979021
-0.0007450973309
0.02117891643
-0.0007557179346
0.0210652808
-0.000753735976
0.02095812635
-0.0007412868709
0.02085884028
-0.0007205918845
0.02077103333
-0.0006935226444
0.02069827331
-0.0006610881847
0.0206814098
-0.000611163886
0.0206890078
-0.0005154346383
0.02057811189
-0.0004120112889
0.02048267397
-0.0004577977154
0.02038638362
-0.0004241134418
0.02032486572
-0.0004220225919
0.02028262245
-0.0004015048207
0.02024665903
-0.0003690307126
0.02021493132
-0.0003366611874
0.0201870233
-0.0003061387833
0.02016254441
-0.000277545504
0.02014113114
-0.0002509172283
0.02012244731
-0.0002262515554
0.02010618483
-0.0002035160857
0.02009206182
-0.000182654695
0.02007982152
-0.0001635938303
0.02006923057
-0.0001462476789
0.02006007756
-0.0001305213166
0.02005293588
-0.0001129581057
0.0200460749
-9.809366729e-05
0.02004014302
-8.66542145e-05
0.02003500886
-7.640952216e-05
0.02003055927
-6.725493705e-05
0.02002669748
-5.908921534e-05
0.02002334103
-5.181579056e-05
0.02002041994
-4.53451746e-05
0.02001787471
-3.959438792e-05
0.0200156544
-3.448761161e-05
0.02001371566
-2.99563969e-05
0.02001202149
-2.593855416e-05
0.02001053985
-2.237809902e-05
0.02000924334
-1.922449347e-05
0.02000810818
-1.643272196e-05
0.02000711368
-1.396247674e-05
0.02000624193
-1.177785175e-05
0.02000547718
-9.846713673e-06
0.02000480581
-8.1408824e-06
0.02000421582
-6.634924467e-06
0.02000369701
-5.306490915e-06
0.02000324056
-4.135614129e-06
0.0200028386
-3.104349666e-06
0.02000248435
-2.19717922e-06
0.020002172
-1.400227537e-06
0.02000189609
-7.010043108e-07
0.02000165193
-8.94062659e-08
0.02000143529
4.448662036e-07
0.02000124239
9.09008882e-07
0.02000106993
1.310553436e-06
0.02000091476
1.654838275e-06
0.02000077468
1.951485699e-06
0.02000064584
2.180415039e-06
2.48205682e-06
0.02197467564
0.0004353425402
0.0220336303
0.0003395894237
0.02207223901
0.0002407369508
0.02209480146
0.0001433170235
0.02211448106
5.959155155e-05
0.02208915252
-4.709581589e-07
0.0220368536
-7.478313101e-05
0.02198019221
-0.0001987528549
0.02190398045
-0.0002715273807
0.02181551153
-0.0003788091455
0.02171917476
-0.0004605296674
0.02161617414
-0.0005228484544
0.02150872918
-0.0005729402182
0.02139914727
-0.000610653333
0.02128958797
-0.0006355380271
0.02118195838
-0.0006480883422
0.0210778302
-0.0006496077924
0.02097839995
-0.0006418566283
0.02088450016
-0.0006266920855
0.02079679756
-0.0006058200484
0.02071639076
-0.0005806813825
0.0206565325
-0.0005513056266
0.02065091466
-0.0005098167975
0.02068880197
-0.0004498985909
0.02064068402
-0.0004096797693
0.0205008753
-0.000284304715
0.02038068111
-0.000301828407
0.02031847149
-0.0003392951904
0.02027900347
-0.0003295626884
0.02024544628
-0.0003031039917
0.02021562505
-0.0002763175495
0.02018919506
-0.0002511155174
0.02016583053
-0.0002275526969
0.02014522573
-0.0002056467507
0.02012709555
-0.0001853859022
0.02011117551
-0.0001667346592
0.02009722215
-0.0001496404694
0.02008501131
-0.0001340368391
0.02007433852
-0.0001198485177
0.02006571033
-0.0001043299164
0.02005754717
-8.993050746e-05
0.02005041937
-7.952641193e-05
0.02004419378
-7.018393263e-05
0.02003875358
-6.18147388e-05
0.02003399662
-5.433224738e-05
0.02002983445
-4.765362569e-05
0.0200261902
-4.170091585e-05
0.02002299733
-3.640151788e-05
0.0200201986
-3.168888614e-05
0.02001774373
-2.750152491e-05
0.02001558955
-2.378437072e-05
0.0200136984
-2.048695406e-05
0.02001203757
-1.756366283e-05
0.02001057874
-1.497388393e-05
0.02000929686
-1.268059943e-05
0.02000817007
-1.065105978e-05
0.02000717924
-8.855879722e-06
0.02000630747
-7.26910678e-06
0.02000554003
-5.86748421e-06
0.02000486386
-4.630325623e-06
0.02000426776
-3.539506848e-06
0.02000374203
-2.578618171e-06
0.02000327771
-1.732859895e-06
0.02000286737
-9.898892766e-07
0.02000250429
-3.379273599e-07
0.02000218205
2.328391663e-07
0.0200018958
7.311107465e-07
0.02000164049
1.164315035e-06
0.02000141174
1.539300582e-06
0.02000120581
1.8607716e-06
0.02000101925
2.138046992e-06
0.02000084765
2.3520136e-06
2.633980526e-06
0.02184520823
0.0003652026654
0.0218983378
0.0002864598541
0.02193360656
0.0002054682043
0.02195178701
0.0001251365703
0.02195772134
5.365721619e-05
0.02194453565
1.271473948e-05
0.02192107489
-5.132237596e-05
0.02187036566
-0.0001480436256
0.02181618143
-0.0002173431493
0.02173975499
-0.0003023826952
0.02165696605
-0.0003777407296
0.02156840499
-0.0004342873895
0.0214747037
-0.0004792389296
0.02137773377
-0.000513683395
0.02127944757
-0.0005372518264
0.02118164517
-0.0005502859449
0.02108586867
-0.0005538312873
0.02099334611
-0.000549334065
0.02090498547
-0.0005383314485
0.02082140492
-0.0005222394912
0.02074298723
-0.0005022636904
0.02067108133
-0.000479399725
0.02061510113
-0.0004538365942
0.02058883048
-0.0004236279476
0.0205675856
-0.0003884348847
0.02058263226
-0.0002993513736
0.02047883164
-0.0001980277863
0.02036770377
-0.000228167318
0.02030905342
-0.0002709123341
0.02027222057
-0.0002662711346
0.02024082598
-0.0002449229624
0.02021276955
-0.0002230590837
0.02018775972
-0.0002025428604
0.02016551936
-0.0001834063869
0.0201457863
-0.0001656528403
0.02012831392
-0.000149262278
0.02011287183
-0.00013419838
0.02009924624
-0.0001204112523
0.02008723995
-0.0001078422271
0.0200772896
-9.437956135e-05
0.02006797469
-8.061559577e-05
0.0200597845
-7.133622478e-05
0.02005258515
-6.298457879e-05
0.020046257
-5.548658253e-05
0.02004069437
-4.876962213e-05
0.02003580394
-4.276318942e-05
0.02003150362
-3.740060334e-05
0.0200277217
-3.261959215e-05
0.02002439468
-2.836186204e-05
0.02002146746
-2.457430294e-05
0.02001889137
-2.120828477e-05
0.02001662397
-1.821954948e-05
0.02001462804
-1.556773318e-05
0.02001287076
-1.321660803e-05
0.02001132348
-1.113331922e-05
0.02000996098
-9.288554067e-06
0.02000876081
-7.655704585e-06
0.02000770343
-6.211731183e-06
0.02000677124
-4.935292507e-06
0.02000594919
-3.808272701e-06
0.02000522369
-2.814003471e-06
0.02000458269
-1.937619603e-06
0.0200040162
-1.166369582e-06
0.02000351485
-4.885369255e-07
0.02000307049
1.064343643e-07
0.020002676
6.27329154e-07
0.02000232493
1.082174595e-06
0.02000201143
1.477816164e-06
0.02000173038
1.820351225e-06
0.0200014769
2.114247906e-06
0.02000124717
2.367778462e-06
0.02000103558
2.563598097e-06
2.821342999e-06
0.02173638311
0.0003019506043
0.02178484873
0.0002379942524
0.02181782379
0.0001724931446
0.02183530308
0.0001076572734
0.02184017232
4.87879821e-05
0.02184429675
8.590310466e-06
0.02183710238
-4.412800773e-05
0.0217892583
-0.0001001995468
0.02174994748
-0.0001780323332
0.02167794524
-0.0002303804479
0.02160365688
-0.00030345237
0.02152647706
-0.0003571075677
0.02144412868
-0.0003968905495
0.02135766835
-0.0004272230568
0.02126885378
-0.0004484372571
0.02117939371
-0.000460825867
0.02109079457
-0.0004652321462
0.0210042933
-0.0004628327937
0.02092084348
-0.0004548816244
0.02084113864
-0.0004425346525
0.02076565457
-0.00042677962
0.02069469359
-0.0004084387388
0.02062906369
-0.0003882066929
0.02057196742
-0.0003665316829
0.02052679451
-0.0003432619767
0.02053306799
-0.000305624854
0.02055954596
-0.0002245057486
0.02046030727
-0.0001289286263
0.02035288778
-0.0001634928409
0.02029715014
-0.0002105334926
0.02026269206
-0.0002104648736
0.02023329551
-0.0001936625366
0.02020691645
-0.0001761637953
0.02018330268
-0.0001597926116
0.02016221267
-0.0001445628343
0.02014341741
-0.0001304670119
0.02012669991
-0.0001174808828
0.02011185677
-0.0001055681121
0.0200986979
-9.468335156e-05
0.02008758738
-8.326904333e-05
0.02007727036
-7.029856636e-05
0.02006815219
-6.221806071e-05
0.02006009891
-5.493129416e-05
0.02005298918
-4.837685572e-05
0.02004671466
-4.249509711e-05
0.0200411785
-3.722702692e-05
0.0200362947
-3.251680555e-05
0.0200319868
-2.831168966e-05
0.02002818736
-2.456241888e-05
0.02002483663
-2.122357867e-05
0.02002188164
-1.825328619e-05
0.02001927564
-1.561355597e-05
0.02001697762
-1.326971228e-05
0.02001495109
-1.119007848e-05
0.02001316415
-9.34637507e-06
0.02001158823
-7.712635858e-06
0.02001019856
-6.266032283e-06
0.02000897263
-4.985794904e-06
0.02000789115
-3.853807859e-06
0.02000693638
-2.853501314e-06
0.02000609311
-1.970732682e-06
0.02000534783
-1.192340435e-06
0.0200046884
-5.069424475e-07
0.0200041042
9.566208209e-08
0.02000358617
6.24464042e-07
0.02000312579
1.087708398e-06
0.02000271572
1.49224781e-06
0.02000234937
1.84416273e-06
0.02000202063
2.149089388e-06
0.02000172408
2.410796882e-06
0.02000145507
2.636789379e-06
0.0200012072
2.811469526e-06
3.041232441e-06
0.02164621059
0.0002441563546
0.02169097051
0.0001932343401
0.02172219197
0.0001412716788
0.02174015105
8.969819527e-05
0.02174826861
4.067043101e-05
0.02175639364
4.652724628e-07
0.02173711243
-2.484680224e-05
0.02170250311
-6.559022758e-05
0.02166648079
-0.0001420100154
0.02161657964
-0.0001804793049
0.02155746248
-0.0002443352095
0.02149083917
-0.0002904842507
0.02141780595
-0.0003238573308
0.02133992768
-0.0003493447822
0.02125889134
-0.0003674009099
0.02117633876
-0.000378273288
0.0210937428
-0.0003826361774
0.02101233676
-0.0003814267581
0.02093309863
-0.000375643485
0.0208567701
-0.0003662061264
0.0207838916
-0.0003539011133
0.02071483986
-0.0003393869994
0.02064985866
-0.0003232254878
0.02058923498
-0.0003059080047
0.02053383822
-0.0002878652241
0.02049638496
-0.0002681715851
0.02050681371
-0.0002349344965
0.02053629957
-0.0001584144901
0.02044040291
-6.759617614e-05
0.02033618832
-0.0001063188939
0.02028306549
-0.0001573420452
0.02025080489
-0.0001614019293
0.0202233024
-0.0001486613095
0.02019855382
-0.0001350440203
0.02017633659
-0.000122345606
0.02015643605
-0.0001105664738
0.02013864758
-9.969240407e-05
0.02012277716
-8.969769679e-05
0.02010864229
-8.054847606e-05
0.02009653133
-7.115808127e-05
0.02008536025
-5.912748896e-05
0.02007544872
-5.230652903e-05
0.02006666251
-4.614507976e-05
0.02005887995
-4.059430372e-05
0.0200519906
-3.56057374e-05
0.02004589513
-3.113156366e-05
0.0200405046
-2.712626596e-05
0.02003573911
-2.354620799e-05
0.0200315275
-2.035080187e-05
0.02002780632
-1.750239635e-05
0.02002451943
-1.496639503e-05
0.02002161647
-1.271060165e-05
0.02001905305
-1.070628421e-05
0.02001678978
-8.926809939e-06
0.02001479161
-7.348203164e-06
0.02001302776
-5.948786996e-06
0.02001147078
-4.709050175e-06
0.02001009622
-3.611229525e-06
0.02000888254
-2.640133317e-06
0.02000781063
-1.781590202e-06
0.02000686331
-1.023403869e-06
0.02000602551
-3.545437505e-07
0.02000528395
2.346237639e-07
0.02000462667
7.529383827e-07
0.02000404328
1.207849016e-06
0.0200035247
1.606292392e-06
0.02000306243
1.954519228e-06
0.02000264911
2.257477099e-06
0.02000227805
2.520151368e-06
0.02000194317
2.745670562e-06
0.02000163929
2.940671315e-06
0.0200013592
3.091556049e-06
3.289624426e-06
0.0215731655
0.0001906136822
0.02161503271
0.0001513671257
0.0216448495
0.0001114548871
0.02166263081
7.191689484e-05
0.02166936085
3.394038826e-05
0.02166857276
1.253357348e-06
0.02165718904
-1.346308751e-05
0.02163783989
-4.624108331e-05
0.02160827787
-0.0001124479996
0.02157051486
-0.0001427163008
0.02152083331
-0.0001946536533
0.02146210329
-0.0002317542361
0.02139638713
-0.0002581411586
0.021325275
-0.0002782326577
0.02125040092
-0.0002925268176
0.02117336302
-0.0003012353885
0.02109560415
-0.0003048772984
0.02101834653
-0.000304169137
0.02094257661
-0.0002998735601
0.02086906307
-0.0002926925935
0.02079838933
-0.0002832273669
0.0207309855
-0.0002719831662
0.02066715389
-0.000259393881
0.02060708799
-0.0002458421046
0.02055089096
-0.0002316681919
0.02049988866
-0.0002171692818
0.02046625992
-0.0002013057541
0.02047994966
-0.0001721042292
0.02051216681
-9.981332034e-05
0.02041919645
-1.334853452e-05
0.02031781404
-5.595963438e-05
0.02026711144
-0.00011069932
0.02023694019
-0.0001184900613
0.02021127537
-0.0001093791991
0.02018814206
-9.921229044e-05
0.02016733885
-8.976325808e-05
0.02014867239
-8.102594449e-05
0.02013195727
-7.298257953e-05
0.02011701709
-6.560829631e-05
0.02010406233
-5.820331805e-05
0.02009218371
-4.724886337e-05
0.02008161245
-4.17352749e-05
0.02007221551
-3.674813752e-05
0.02006387078
-3.224957149e-05
0.02005646639
-2.820134589e-05
0.02004990148
-2.456665839e-05
0.02004408427
-2.130904617e-05
0.02003893265
-1.839458809e-05
0.02003437267
-1.579082043e-05
0.02003033807
-1.346779433e-05
0.02002676958
-1.139791179e-05
0.02002361441
-9.555432383e-06
0.0200208254
-7.917270127e-06
0.02001836065
-6.462059089e-06
0.02001618283
-5.170382096e-06
0.02001425868
-4.024636414e-06
0.02001255886
-3.009223e-06
0.02001105739
-2.109758954e-06
0.02000973087
-1.313613323e-06
0.02000855867
-6.093890956e-07
0.02000752235
1.291814223e-08
0.02000660541
5.623934658e-07
0.02000579341
1.046628004e-06
0.02000507371
1.472640413e-06
0.02000443469
1.846869502e-06
0.0200038661
2.17487612e-06
0.02000335922
2.461395855e-06
0.02000290585
2.710847465e-06
0.0200024987
2.927303766e-06
0.02000213105
3.113317126e-06
0.02000179745
3.274269597e-06
0.02000148983
3.399181476e-06
3.562640631e-06
0.02151604804
0.000140288933
0.0215557213
0.0001116938659
0.02158448197
8.269422281e-05
0.02160236579
5.403308023e-05
0.02160980676
2.649940809e-05
0.02160879963
2.260479964e-06
0.02160557701
-1.024047588e-05
0.02159163186
-3.229592858e-05
0.02156763753
-8.845367618e-05
0.02153691181
-0.0001119905764
0.02149355186
-0.0001512937036
0.02144064789
-0.0001788502632
0.02138034271
-0.0001978359779
0.02131424592
-0.0002121358661
0.02124397769
-0.0002222585798
0.02117110432
-0.0002283620197
0.02109703684
-0.000230809813
0.02102297785
-0.0002301101468
0.02094990925
-0.0002268049588
0.02087861164
-0.0002213949853
0.0208096931
-0.0002143088269
0.0207436186
-0.0002059086613
0.02068073178
-0.0001965070547
0.02062127176
-0.0001863820825
0.02056538665
-0.0001757830803
0.02051314771
-0.0001649303413
0.02046585522
-0.0001540132654
0.02043564798
-0.0001418969878
0.02045236628
-0.0001165316138
0.0204871656
-4.814786067e-05
0.02039681702
3.438895758e-05
0.02029802459
-1.190688812e-05
0.02024960329
-7.006876623e-05
0.02022168171
-8.145760909e-05
0.02019761378
-7.514436408e-05
0.02017610325
-6.825271661e-05
0.02015674496
-6.166765423e-05
0.02013936089
-5.559851555e-05
0.02012378081
-5.002820753e-05
0.02011013615
-4.455866551e-05
0.02009769387
-3.480657687e-05
0.02008659644
-3.06378446e-05
0.0200767111
-2.686279949e-05
0.02006791564
-2.345410968e-05
0.0200600977
-2.038340171e-05
0.0200531548
-1.762376044e-05
0.02004699376
-1.514800847e-05
0.02004153027
-1.293109564e-05
0.02003668829
-1.094883412e-05
0.02003239962
-9.17912972e-06
0.02002860275
-7.601038317e-06
0.02002524274
-6.195421835e-06
0.02002227046
-4.944987831e-06
0.02001964173
-3.833328131e-06
0.02001731753
-2.846182873e-06
0.02001526298
-1.970086646e-06
0.02001344696
-1.193196779e-06
0.02001184201
-5.048094291e-07
0.02001042326
1.05135698e-07
0.02000916916
6.447164608e-07
0.02000805998
1.122095247e-06
0.02000707854
1.54383813e-06
0.02000620933
1.91583854e-06
0.02000543848
2.243492102e-06
0.02000475387
2.531480308e-06
0.02000414486
2.783883105e-06
0.0200036017
3.004551078e-06
0.02000311555
3.197001285e-06
0.02000267892
3.363925738e-06
0.02000228468
3.507561467e-06
0.02000192669
3.632257761e-06
0.02000159673
3.729141509e-06
3.855721515e-06
0.02147393631
9.227638749e-05
0.02151202825
7.360192536e-05
0.02154002137
5.470110353e-05
0.02155800691
3.604753589e-05
0.02156648023
1.802608711e-05
0.02156753191
1.208792357e-06
0.02156801387
-1.072242915e-05
0.0215603366
-2.461865651e-05
0.02154144825
-6.956531981e-05
0.02151522897
-8.57712979e-05
0.02147594101
-0.0001120057505
0.02142677084
-0.000129680093
0.02136996085
-0.0001410259887
0.02130717339
-0.0001493484037
0.02124001214
-0.0001550973231
0.02117000059
-0.0001583504745
0.02109850898
-0.0001593181995
0.02102670942
-0.0001583105892
0.02095556872
-0.0001556642553
0.02088586624
-0.0001516925092
0.0208182213
-0.0001466638782
0.02075311872
-0.0001408060817
0.02069092864
-0.0001343169703
0.02063191966
-0.0001273730998
0.02057627133
-0.0001201347486
0.02052408471
-0.0001127437137
0.02047539494
-0.0001053234959
0.02043147473
-9.797677692e-05
0.02040443397
-8.949085693e-05
0.02042403006
-6.774394796e-05
0.02046138466
-2.965633819e-06
0.02037346808
7.600969458e-05
0.02027770017
2.569914159e-05
0.02023587256
-3.962999143e-05
0.02020545531
-4.472711713e-05
0.02018271273
-4.551013041e-05
0.02016284074
-4.179566645e-05
0.02014495924
-3.771701123e-05
0.020128902
-3.397096509e-05
0.02011471987
-3.037653234e-05
0.02010185665
-2.1943365e-05
0.02009036498
-1.914616511e-05
0.02008011332
-1.661113956e-05
0.02007097893
-1.431972718e-05
0.02006284946
-1.225392708e-05
0.02005562122
-1.039551885e-05
0.02004920033
-8.727116093e-06
0.02004350086
-7.231624424e-06
0.02003844561
-5.89358617e-06
0.02003396455
-4.698063018e-06
0.02002999452
-3.631013486e-06
0.02002647924
-2.68014207e-06
0.0200233677
-1.833443297e-06
0.02002061462
-1.080243451e-06
0.02001817948
-4.11048574e-07
0.02001602588
1.835191276e-07
0.02001412157
7.111160838e-07
0.0200124378
1.178958028e-06
0.02001094917
1.593772459e-06
0.02000963257
1.96131324e-06
0.02000846803
2.286643459e-06
0.02000743742
2.574444797e-06
0.02000652457
2.82868898e-06
0.02000571509
3.052975324e-06
0.02000499616
3.250404112e-06
0.02000435649
3.423554732e-06
0.0200037857
3.575340263e-06
0.02000327499
3.707706834e-06
0.02000281612
3.822797731e-06
0.02000240149
3.922190827e-06
0.02000202522
4.00852458e-06
0.02000167807
4.076291389e-06
4.163781142e-06
0.02144618411
4.576262016e-05
0.02148324731
3.653872275e-05
0.02151073311
2.721530169e-05
0.02152875745
1.802319172e-05
0.02153764362
9.13991705e-06
0.02153811249
7.399266975e-07
0.02153311205
-5.72198615e-06
0.02153899681
-3.050340998e-05
0.0215302754
-6.084390751e-05
0.02150635763
-6.185352268e-05
0.02146829606
-7.394418899e-05
0.0214205387
-8.192273635e-05
0.02136530449
-8.579177789e-05
0.02130418528
-8.822919532e-05
0.02123870445
-8.961649557e-05
0.02117031207
-8.995809291e-05
0.02110032072
-8.932685351e-05
0.02102986298
-8.785284504e-05
0.02095988202
-8.568329927e-05
0.02089114668
-8.295715931e-05
0.02082427662
-7.979381635e-05
0.02075976491
-7.629437415e-05
0.02069799475
-7.25468023e-05
0.02063925219
-6.863053757e-05
0.0205837346
-6.461714774e-05
0.02053156204
-6.057116102e-05
0.02048278699
-5.654844085e-05
0.02043740577
-5.259556162e-05
0.02039666541
-4.875049264e-05
0.02037266683
-4.374536428e-05
0.02039510035
-2.539915003e-05
0.02043531562
3.579442614e-05
0.0203572822
0.0001037325608
0.02029167513
2.597708518e-05
0.02022178971
2.515830693e-05
0.02018796202
-1.16824413e-05
0.020166943
-2.077663809e-05
0.02014872947
-1.950347902e-05
0.02013235422
-1.759571709e-05
0.02011778526
-1.580757044e-05
0.02010464251
-8.800619274e-06
0.02009288877
-7.392424265e-06
0.02008239249
-6.114860466e-06
0.02007303176
-4.958990712e-06
0.02006469356
-3.915734692e-06
0.02005727435
-2.976299499e-06
0.02005067909
-2.131855338e-06
0.02004482143
-1.373964617e-06
0.02003962293
-6.950885266e-07
0.02003501297
-8.809700629e-08
0.02003092687
4.550882052e-07
0.02002730726
9.394675633e-07
0.02002410255
1.371263365e-06
0.02002126611
1.756197564e-06
0.02001875624
2.098820032e-06
0.02001653617
2.403593813e-06
0.02001457258
2.674704175e-06
0.02001283597
2.91557306e-06
0.02001130027
3.129470815e-06
0.02000994198
3.319610848e-06
0.02000874025
3.488377678e-06
0.02000767663
3.638060338e-06
0.02000673448
3.770842284e-06
0.0200058992
3.888257505e-06
0.02000515746
3.992141666e-06
0.02000449734
4.083670511e-06
0.02000390859
4.164092834e-06
0.02000338166
4.234638012e-06
0.02000290801
4.296437837e-06
0.02000248014
4.35006528e-06
0.02000209151
4.397150207e-06
0.02000173302
4.43478645e-06
4.481912887e-06
0.02143234568
0.0214688844
0.0214960997
0.0215141229
0.02152326282
0.02152400275
0.02151828077
0.02148777736
0.02142693345
0.02136507992
0.02129113573
0.021209213
0.02112342122
0.02103519202
0.02094557553
0.02085561743
0.02076629058
0.02067843773
0.02059275443
0.02050979728
0.02043000346
0.02035370909
0.02028116229
0.02021253176
0.02014791461
0.02008734345
0.02003079501
0.01997819945
0.01992944895
0.01988570359
0.01986030444
0.01989609887
0.01999983143
0.02002580852
0.02005096683
0.02003928439
0.02001850775
0.01999900427
0.01998140855
0.01996560098
0.01995680036
0.01994940794
0.01994329308
0.01993833409
0.01993441836
0.01993144206
0.0199293102
0.01992793624
0.01992724115
0.01992715305
0.01992760814
0.01992854761
0.01992991887
0.01993167507
0.01993377389
0.01993617749
0.01993885219
0.01994176777
0.01994489724
0.01994821685
0.01995170523
0.01995534329
0.01995911413
0.01996300239
0.01996699453
0.0199710782
0.01997524229
0.01997947693
0.01998377337
0.01998812343
0.01999252058
0.01999695537
5.320845754e-08
3.569316956e-05
4.907211777e-05
0.0001514874178
-7.918295002e-05
4.277260154e-08
-0.0001284704875
5.612324657e-05
-8.484538216e-05
5.733182187e-08
3.570022524e-05
4.906778107e-05
0.0001514397364
-7.913602915e-05
3.226301553e-08
-0.0001284106057
5.607463462e-05
9.290362386e-08
5.638889739e-05
0.0001628543146
0.0001380250331
1.361533042e-05
-6.689639016e-08
-0.0001567492783
5.175811103e-06
-6.785603391e-05
9.786647719e-08
5.63862156e-05
0.0001628116914
0.0001379739286
1.361316795e-05
-2.938457414e-08
-0.0001566888869
5.131174555e-06
0.0002422631493
4.857453064e-05
-4.383010628e-07
1.813809003e-08
-0.0001397061728
-0.0001064274871
-0.0001991301067
0.0001655961435
-0.0001334858731
0.0001674023396
-3.825037011e-07
-1.483713949e-08
5.319032741e-05
-0.0001380418681
-0.0002904181494
-4.338825511e-07
0.0002422839351
4.855248937e-05
0.0001669315046
-1.102672509e-08
-0.0001396910718
-0.0001063654313
-0.0001991686007
0.0001655520842
-3.831404766e-07
-0.0001335121784
0.0001675118353
-0.0001011831844
1.948442667e-08
9.562682592e-05
-2.261903187e-09
-3.727438015e-05
2.719463335e-07
0.0001010279433
-5.718100055e-05
-4.323412297e-05
-5.673581541e-05
-8.916718663e-10
-4.357100384e-05
9.603034664e-05
-3.698245077e-05
-5.537802118e-08
-3.708308328e-05
0.0001076137841
0.0004485061509
5.87174786e-05
-6.051048161e-05
-0.0004466263413
-8.680197817e-08
6.745579724e-05
-2.634375086e-08
-3.708139587e-05
0.0001076258689
0.0004485128603
5.863846585e-05
-6.919823203e-08
-6.04777332e-05
-0.0004466043902
-3.232240736e-05
-3.908869485e-05
6.199675404e-08
6.837211608e-05
6.27298261e-10
2.976362529e-06
3.620109285e-05
4.89550735e-05
3.827831126e-10
-8.512625258e-05
-8.647225444e-08
3.242797255e-05
3.341071611e-06
2.36993295e-08
3.871839716e-05
9.417423173e-05
-8.384420444e-05
2.04834717e-10
3.78125761e-06
9.398444085e-05
1.00147419e-09
-8.409536606e-05
6.864376615e-05
2.564584063e-06
-3.521104535e-07
-5.676074525e-05
-5.780000328e-05
2.131387237e-10
-4.950821651e-05
0.0001167721039
-2.378163923e-07
7.849760676e-10
1.34525735e-06
-0.0001283128519
5.64698569e-05
1.224798039e-09
0.0001511896152
-7.930507076e-05
1.013755775e-07
4.907833564e-05
-8.347596679e-05
-3.709274063e-08
-0.0001164628329
0.0001158624278
6.514899729e-10
-8.373590701e-05
4.155540654e-10
0.0001154044512
1.021461001e-06
-3.232426412e-05
-3.908659872e-05
6.145787128e-08
6.837392576e-05
2.976100164e-06
3.620041618e-05
4.895717546e-05
-8.51216139e-05
-8.473791762e-08
3.24334791e-05
3.341639639e-06
2.794955953e-08
3.871774197e-05
9.416239764e-05
-8.384030473e-05
3.781130305e-06
9.398865454e-05
-8.40891246e-05
6.864806999e-05
2.564603247e-06
-3.534174424e-07
-5.676557327e-05
5.718812456e-05
-5.779789242e-05
5.673325262e-05
-4.950506108e-05
0.0001167734974
-2.385875328e-07
1.34484311e-06
-0.0001283125008
5.645797775e-05
0.0001511786971
-7.929068235e-05
1.062797905e-07
4.907451909e-05
-8.342901351e-05
-3.436749299e-08
-0.0001164630075
0.0001158064344
-8.372197409e-05
0.0001153996349
1.020999518e-06
-2.727384018e-07
-9.797696196e-10
-3.408713203e-05
-3.39197854e-05
-0.0001011806254
1.635584547e-08
9.562498953e-05
-3.728236555e-05
2.749116528e-07
0.0001010227263
-4.322475158e-05
-4.356994948e-05
9.602369359e-05
-3.700167453e-05
-2.771738457e-07
-3.409438596e-05
-3.394559305e-05
5.31107408e-05
-0.0001382818778
1.033327846e-09
-2.816417046e-08
-0.0001322386007
0.0001016125796
-0.0001324380551
0.000101423682
1.587359886e-09
-5.311115098e-05
1.023163804e-07
-0.0001812662607
0.0001018342272
2.812185994e-09
-9.936412777e-08
5.316013213e-05
-0.0001911316041
-0.0001915207077
1.760445881e-09
-0.0001809091554
0.0001019330097
0.0004035871103
2.953568161e-05
-1.664470158e-06
-0.0001255086801
-7.701077849e-07
-0.0002310230098
0.000126287512
-0.0003230404988
-8.93103565e-05
0.000288123565
-2.060222663e-06
-9.957559065e-07
4.438887118e-05
-0.0003338310507
-0.0004314228319
-1.661098362e-06
0.0004035899186
2.947237738e-05
0.0001580266361
-7.452619012e-07
-0.0001254908119
-0.0002309591689
0.0001263222096
-0.0003230995055
-2.077859942e-06
-8.929215827e-05
0.0002881473135
0.0001177966733
-1.650081363e-07
0.0001853458214
2.083675365e-09
-0.0001736790136
3.391648222e-05
8.162107255e-05
0.0001770764047
-0.0001901293534
-6.817314377e-05
-3.949790075e-07
4.53259071e-08
0.0001810304936
-8.200034846e-05
-0.00013742869
-2.076004555e-07
0.0001179909734
0.0001851973948
0.0001534831043
-1.157090579e-08
-0.0001737529987
3.389463071e-05
8.16282842e-05
0.0001770406682
-3.812681092e-07
-0.0001900906147
-6.819706945e-05
0.0001843979718
0.000125948089
-9.103465729e-07
-0.0001831937832
8.813225669e-05
-9.825671058e-07
1.620029739e-08
0.0001706575405
0.0006464237383
-0.0001601964759
-0.0001456066759
-0.00014576571
-0.0001610423218
-2.07138188e-05
-8.161626313e-05
-7.896249826e-05
-2.319369699e-05
-4.24208258e-07
-0.000156861516
0.0001778836622
-0.0001830775443
-8.925919027e-07
0.0001843941209
0.0001258982236
0.0001776154756
-9.656730328e-07
-0.0001831923263
8.817080522e-05
0.0001704879285
0.0006466093863
-0.0001601942345
-0.0001454997125
-0.0001457858067
-0.0001610488912
-2.072052242e-05
-8.168375919e-05
-7.895297855e-05
-2.319520786e-05
-0.0001427812141
0.0001522454178
-1.993255656e-07
-6.924853551e-05
-1.341513645e-07
0.0004561307201
8.560700858e-05
0.0004878094149
-8.763625595e-05
-0.0004846957444
-1.084420253e-06
-9.163647469e-08
0.0001245561863
9.647435628e-05
0.0001678889951
-2.196669007e-07
-0.0001428619894
0.0001522333251
6.18060404e-05
-1.50910397e-07
-6.927181238e-05
0.0004561295426
8.557370688e-05
0.000487951693
-1.110472657e-06
-8.768552993e-05
-0.0004847293948
-0.0006907349784
-6.869558774e-08
6.142332701e-05
0.001376746259
0.0001331092741
-0.0001060350546
-0.001403469409
-3.510584304e-07
0.0006879827903
-5.580576899e-08
-0.0006907822789
6.149377247e-05
0.001376657151
0.0001333782524
-3.793930977e-07
-0.0001060577746
-0.001403598224
-0.0006935670402
4.936469048e-05
2.567625914e-07
-8.945392289e-05
0.001349646627
-6.980204167e-07
1.158314465e-08
0.004871873977
0.000421798294
-7.537631491e-05
-6.38458848e-05
-6.12263572e-05
-7.715044135e-05
-0.001191670641
-0.001317632209
-0.001315224896
-0.001191557079
-9.29055604e-08
0.0006791851573
7.069658228e-05
0.0007295623918
2.508110772e-07
-0.0006936197937
4.938030406e-05
0.0001172236427
-7.042813376e-07
-8.951504383e-05
0.001349652832
0.004872313267
0.0004214263127
-7.537049601e-05
-6.387233182e-05
-6.124817412e-05
-7.713001522e-05
-0.001191679187
-0.001317616564
-0.001315239863
-0.00119157136
-0.0001287388041
-4.425966425e-05
-4.570618731e-08
0.0001357728181
-3.025072092e-09
5.66162884e-05
0.0001627441244
5.346256226e-11
-6.807795194e-05
2.889725374e-07
0.0001287282293
-2.386388998e-08
4.426383503e-05
0.0001653548793
-4.674053524e-05
-9.355411948e-11
0.000165173603
-3.928315909e-09
-4.670908394e-05
0.0001359639089
-2.974596737e-05
0.0001315104055
-7.753030762e-08
-1.22239253e-09
-0.000156597208
4.967380962e-06
-4.26851403e-09
0.0001380502726
1.351692379e-05
3.517418711e-08
2.968790433e-05
-2.111748117e-05
-5.605422174e-08
-0.0001316545263
0.0001138938754
-1.254744862e-09
-2.11331286e-05
-2.859177773e-09
0.0001135568497
-0.000128725902
-4.427491029e-05
-5.112642745e-08
0.0001357665543
5.661348102e-05
0.0001627214125
-6.805828615e-05
2.828243629e-07
0.0001286850769
-2.621407962e-09
4.431683117e-05
0.0001652803987
-4.678291745e-05
0.0001651724917
-4.673253663e-05
0.0001359491108
-2.975199862e-05
0.0001315096328
-8.66653166e-08
-0.0001565877835
4.988496628e-06
0.0001380200908
1.354555294e-05
3.518096879e-08
2.968922952e-05
-2.113290062e-05
-2.023355e-08
-0.0001316060962
0.0001137606726
-2.113335299e-05
0.0001135872518
-5.129445675e-05
-0.000228985822
1.948976651e-07
9.881532277e-05
3.799058914e-09
-2.058846195e-07
5.131393928e-05
-4.022890662e-07
0.0002282572637
9.359590465e-05
-0.000272876349
0.000243046164
4.851715713e-05
1.522533666e-09
-0.0002920275154
2.530384199e-09
9.346732451e-05
2.501657136e-09
-0.0002743407813
9.885693456e-05
-0.0001394533881
-0.0001066687224
1.341819199e-09
0.0001668338435
9.889437392e-09
-0.0001215794436
-0.0001217568068
1.0879684e-09
0.0001414990769
7.021598738e-08
-0.0001614943681
2.498919856e-09
-1.008773416e-07
-0.0001416374116
-0.0001363457847
0.0001716565876
-0.0001366329042
4.071548323e-10
0.0001713619784
-0.0001612136335
-0.0002017140135
0.0001388629749
1.68068809e-07
3.923472673e-09
-3.240017099e-07
0.0002012020418
-0.0002407680171
-2.192982777e-07
-0.0001390133892
0.0001702892392
-0.000133464192
0.0001679367394
1.642014889e-09
-0.0002002489146
0.0001653922101
3.798653161e-09
-0.0002420387022
2.038516773e-09
0.0001699454566
5.311815299e-05
-0.0001382783859
-2.412080006e-08
-0.0001322165279
0.0001015906706
-0.0001324270682
0.0001014335673
-5.312134587e-05
1.03362106e-07
-0.0001812621477
0.0001018558805
-1.005502073e-07
5.31814113e-05
-0.0001911379821
-0.0001915203213
-0.0001808960092
0.0001019642525
-5.130621762e-05
-0.0002289890632
2.000420842e-07
9.88368857e-05
0.0002430491153
4.851427713e-05
-0.0002920165274
-2.078610255e-07
5.134390725e-05
-4.051207417e-07
0.0002282683892
9.355227811e-05
-0.000272863055
9.345780824e-05
-0.0002743352347
9.891631495e-05
-0.0001394701417
-0.000106641824
0.0001668115978
8.898298962e-09
-0.0001215383095
-0.0001217485677
0.0001415107812
8.624013818e-08
-0.0001614872086
-1.504272297e-07
-0.0001417129263
-0.0001362899424
0.0001717878638
-0.0001365925673
0.0001713114962
-0.0001612007467
-0.0002017274762
0.0001388952564
1.85798675e-07
-0.0001334748102
0.0001679436938
-0.0002002456277
0.000165395225
-3.417711391e-07
0.0002012330273
-0.0002408511674
-2.850935001e-07
-0.0001391343804
0.0001706413599
-0.0002420824662
0.0001699633153
-3.711521099e-05
0.0001076079094
-2.492997532e-09
6.750468564e-05
8.968166782e-08
8.79996361e-05
8.795263365e-05
2.092202621e-09
0.0001151360221
1.01474288e-09
6.455326659e-05
-1.237317162e-09
5.6292912e-09
-0.0001151650878
7.89444343e-05
0.0001438288061
7.885937422e-05
9.856471855e-10
0.0001438891949
6.453721832e-05
0.0002483623623
5.170810443e-05
-9.966930837e-09
2.319347568e-10
-1.217144013e-08
-0.0002483611352
0.0002668072704
-1.368959986e-08
-5.151113117e-05
4.713218969e-05
-6.041516196e-05
-0.0004467690454
-3.703468191e-09
0.0004482958063
5.880531196e-05
4.240756795e-10
0.0002667939908
8.123341564e-10
4.70725181e-05
-3.711092887e-05
0.0001076539804
6.744820577e-05
5.102634962e-08
8.798404361e-05
8.796209819e-05
0.0001151360243
1.241771125e-08
6.45499199e-05
-1.582815267e-08
-0.0001151763218
7.892420827e-05
0.0001438938125
7.887788055e-05
0.0001438972888
6.45275362e-05
0.0002483683238
5.17021879e-05
-5.779533429e-09
-6.03983426e-05
-0.0004467235601
0.0004483317411
5.871726792e-05
-2.665710232e-08
-0.0002483845856
0.0002668577223
-1.782570718e-08
-5.149433419e-05
4.715656798e-05
0.0002668216275
4.712056236e-05
-9.126629232e-07
-0.0003123519936
8.478642956e-05
4.450029728e-05
-0.0003375531857
2.289046825e-10
-0.0003156731241
8.491919529e-05
7.759352351e-10
-4.154957906e-05
2.473574929e-06
-0.0003572432885
8.064457519e-05
1.590862614e-09
-2.67809317e-06
4.116484992e-05
-0.0003723581955
-0.0003818068392
2.890768853e-10
-0.0003486112294
7.989766519e-05
0.0001195722228
-2.179027556e-09
-0.001616574653
3.650832266e-09
0.0003660283372
0.0003394923664
0.0003854170372
-4.630231848e-09
0.0002759531106
-0.001931018396
0.0001893948905
0.0004572034248
0.0004142384396
0.0004386877404
0.0001195438738
-0.001616610447
0.0003920156073
0.0003395326874
0.0003659812036
0.0003853799785
0.0002758977055
0.000181014997
-8.221728069e-05
1.86259283e-09
-1.928075059e-08
-4.968922248e-05
0.0001841066152
-4.972665198e-05
0.0001840157733
-2.490979082e-09
1.109074477e-08
0.0001886259778
-9.907894415e-05
0.0001883364046
-9.918314938e-05
2.527063034e-09
-5.545505641e-08
-5.424043877e-05
0.0001929137024
-8.05798721e-09
-5.407244457e-05
0.0001929537327
-0.0001583089338
0.0001779240726
-0.0001581129712
0.0001380940184
5.060673985e-09
-0.0001666684936
7.987516477e-05
8.479198602e-07
-9.357921961e-05
0.0001795288534
-4.223137744e-09
-1.040204267e-06
0.0001660029935
-0.0001468153312
-0.0001749657253
-5.38640314e-07
-7.873035877e-05
6.901211824e-05
0.0001882642126
-0.0001476114304
-0.0001784057181
-4.876286729e-10
6.962998755e-05
0.0001876353731
-4.762886948e-09
-9.15074059e-05
0.000179627954
0.0001898053018
-5.965465317e-09
0.000124405576
6.520886063e-08
-5.613401964e-08
-0.0006339515589
0.0004077752329
0.000189740009
0.0001202474115
0.0001251326283
0.0001897393086
0.0001240405919
0.0001244363049
9.650402066e-05
-0.0001535725962
-3.57957844e-09
-1.061181559e-07
0.0001750262659
9.349969936e-05
0.0001748299518
9.338915945e-05
2.703486637e-10
-0.0001432451822
1.657057544e-07
0.0002081779781
0.0001097329991
-1.551792043e-09
-5.70863034e-08
0.0001430271218
-0.0001662080306
0.0001197129579
-0.0001662850461
0.000119489035
-2.253231736e-09
0.0002082150881
0.0001100039811
0.0004051456555
-7.206157942e-08
-0.0002328811107
-0.0002301604146
-0.0002969581014
-0.0003005560808
0.001898511966
-3.487575059e-08
-0.0004001669503
-0.0004852213301
-0.000398753608
-0.0001294210419
-0.0001279380522
-0.0001191358175
-0.0001208776042
-6.041629724e-08
0.0003156559928
-7.459232465e-07
0.0001950965149
0.0001511538719
0.0004051621977
-0.0002329347145
-0.000230132892
-0.0002969568626
-0.0003005681927
0.001898854414
0.0003704218729
-0.0004852798409
-0.0004000966986
-0.0003986076551
-0.0001295017236
-0.0001279523377
-0.000119104854
-0.000120816353
0.000315771072
0.0006789503311
7.080815717e-05
-6.173335388e-05
-0.0006881335169
-3.400873621e-10
-6.61777495e-05
-0.0009322830622
5.591194237e-07
0.0009076850661
9.021231606e-05
4.312415e-09
-1.28699418e-07
6.61289552e-05
-6.596121986e-05
0.000679138121
-4.079073896e-07
0.0009322134016
-0.0009413651299
8.03471596e-05
-6.580906212e-05
0.0006784475535
5.423305344e-09
-0.0009411230513
7.924073486e-05
-4.934494778e-10
0.0009082422114
9.065925778e-05
8.81907309e-05
-5.550484727e-08
0.004789672588
-3.002567692e-08
-4.595392857e-08
0.003377293734
0.0002053304298
-0.0007286135713
-0.0008782726362
-0.0008757340959
8.870391045e-05
0.004789432722
0.000651515637
-2.574922631e-08
-0.0001796926381
-0.0001310686184
-0.0001787102516
-5.597364675e-08
0.006617188142
0.0006519792349
0.006374139236
-0.0001312740001
-0.0001794134752
-0.0001783721828
0.006617354807
0.0004350996097
3.449609141e-08
0.00660131805
2.00021118e-08
-3.500549262e-08
0.006233555411
0.0005893270644
-0.0001151465258
-0.00010945795
-0.0001068580064
0.0004349352848
0.006601907436
-3.727277552e-05
-0.0003995844766
4.994743689e-06
7.461843209e-05
7.88200212e-10
-5.297930147e-06
3.650297952e-05
-1.595997502e-06
0.0003800642237
6.522654559e-05
0.0004244024668
3.115133773e-05
1.14673992e-10
2.599776759e-10
6.858524398e-05
1.930700891e-09
7.295071817e-05
-7.71940202e-07
-0.000280718339
-0.0001257084681
-0.0002334252548
1.716576713e-09
-0.0002836028015
2.878797142e-09
0.0001170116868
2.081823974e-06
-0.0003220520081
2.704933658e-10
-1.826498148e-06
-0.0001162362515
-0.0002597756005
-0.0002658499469
-1.555923089e-09
-0.000314975106
-0.0003586991117
0.0001071284195
4.137860918e-06
-7.435922574e-10
-1.002981107e-06
0.0003429475012
-3.793075477e-06
-0.000105060976
0.0001372020108
-9.430097747e-05
0.0003017484125
2.072904808e-09
0.0001299826388
-7.927902451e-10
7.598584869e-10
0.0001392330435
4.451432994e-05
-0.0003375492046
-9.18848046e-07
-0.0003123890862
8.483374431e-05
-0.0003157036961
8.496471297e-05
-4.154986537e-05
2.485480534e-06
-0.0003572453457
8.06076296e-05
-2.680114428e-06
4.117999993e-05
-0.0003723539494
-0.0003818037153
-0.0003486251098
7.990150586e-05
-3.727453052e-05
-0.0003995924467
4.999539978e-06
7.462287994e-05
0.0004244015433
3.111788913e-05
-5.299232697e-06
3.651219494e-05
-1.610692876e-06
0.0003800666346
6.525487167e-05
6.860442438e-05
7.295325601e-05
-0.0001256967147
-0.0002334007934
0.0001581083199
-7.744718786e-07
-0.0002807337764
-0.0002835860607
0.0001170031062
2.073610773e-06
-0.0003220548725
-1.809482362e-06
-0.0001162080562
-0.0002597563784
0.0001468147447
-0.0002658598072
0.0001476510747
-0.0003149667257
-0.0003586963443
0.0001071251983
4.138411899e-06
-9.428628992e-05
0.0003017664139
0.0001299767663
-1.000984362e-06
0.000342944896
-3.80646793e-06
-0.0001050698307
0.000137267227
0.0001392260953
-7.924101828e-08
0.0001890862003
0.0001181192407
0.0001851992153
2.756785533e-09
0.0001887980943
4.207540252e-09
-6.094740403e-05
3.845391654e-08
0.0001954807783
-1.41775545e-08
-2.057883658e-07
6.050506445e-05
0.0001940586582
0.0001936828534
-6.844120346e-09
0.0001955572722
-0.0001737284344
3.36743123e-05
5.322630649e-10
1.617758587e-08
-1.070605171e-05
-1.083032268e-05
7.131536328e-10
0.0001842241454
-7.404549859e-09
-2.138440135e-06
5.075455468e-09
-2.630404629e-08
-0.0001842058504
5.194060153e-05
5.158711393e-05
-6.958974282e-12
-1.965570758e-06
4.194316401e-06
0.0001891184623
2.683209229e-08
2.728126368e-09
-6.934859115e-08
-4.453843498e-06
8.452494861e-06
-1.482510814e-07
-0.0001891646985
0.0001730804043
-0.0001900700715
-6.756138365e-05
-1.74111106e-09
8.038071726e-05
0.0001768574918
2.853846509e-09
7.734898453e-06
3.759016748e-10
0.000172995573
0.0001809835271
-8.218302799e-05
2.423084122e-08
-4.991200243e-05
0.0001841353468
-4.973420383e-05
0.0001840069328
-3.408817619e-08
0.0001891063947
-9.928479361e-05
0.0001882510122
-9.915411268e-05
-2.087531613e-07
-5.422408641e-05
0.0001929415809
-5.428200332e-05
0.0001932676406
0.0001181374837
0.0001851803483
-0.000138127453
-2.290996119e-07
0.0001895766321
0.0001887217938
-6.092262278e-05
-5.196421057e-08
0.0001954581176
-1.82928108e-07
6.037758571e-05
0.000193943809
-6.894107518e-05
0.000193690068
-6.962210993e-05
0.0001956202524
-0.0001737384541
3.369390004e-05
0.0001535790728
3.182788225e-08
-1.078237382e-05
-1.083233454e-05
0.0001842496716
-3.815811383e-08
-2.09719493e-06
-3.645925918e-08
-0.0001843050436
5.195823316e-05
0.0001662779026
5.160534351e-05
0.0001663017637
-1.857931403e-06
4.227769301e-06
0.00018912447
1.142448057e-08
-0.0001900621752
-6.755878508e-05
8.036432874e-05
0.0001768736156
-9.381937301e-08
-4.586024464e-06
8.53303603e-06
-1.485759139e-07
-0.0001891877217
0.0001730974565
7.764693598e-06
0.0001730228272
-0.00014927573
-0.0001061137295
1.613966939e-06
-2.019598451e-10
-2.358323741e-06
0.0001489925708
-1.279567265e-06
0.0001019431966
0.0001908058235
0.0001280389606
-1.083400234e-09
-9.08061045e-10
3.171793516e-09
-1.166467342e-05
0.0001706397455
-1.588048993e-07
-1.230171468e-09
-4.555769127e-07
1.397850155e-05
-1.201850464e-06
-0.0001702539473
0.0001779717852
-0.0001832481659
8.592581328e-05
-1.230573735e-09
0.0001767217366
1.851463573e-09
-2.523982573e-09
0.0001764037367
-0.0001583432847
0.0001779050008
-0.0001666648734
7.987198874e-05
8.399771826e-07
-9.357458157e-05
0.0001795232743
-1.039501221e-06
0.000165985716
-0.0001749929855
-5.125962687e-07
-7.870306967e-05
0.0001881582555
-0.0001783970743
0.0001876375229
-9.149758602e-05
0.0001796202162
-0.0001492761004
-0.0001061044756
1.61156295e-06
0.0001907899338
0.0001280331598
-2.341955849e-06
0.0001490103144
-1.278684698e-06
0.0001019246048
-1.167012883e-05
0.0001706358674
-1.642131182e-07
-0.0001832606054
8.591221572e-05
0.000176745817
-4.733376025e-07
1.397230553e-05
-1.183232893e-06
-0.0001702330988
0.0001779033713
0.0001764093442
-0.0001499952227
0.0002323963971
2.853347981e-07
0.0001254902766
1.183534831e-09
-8.486734566e-08
0.0001500970152
-4.098924662e-07
-0.0002329958604
0.0001279064674
0.0002577447032
-0.0001424039132
0.0001522211835
1.165510145e-09
0.0001668397281
5.958647133e-10
0.0001274567456
-8.634212667e-10
0.0002567517901
0.0001256015643
-8.331625714e-09
0.0002910667687
-6.92257509e-05
0.000455650892
3.172733663e-09
0.0002909461254
2.946232734e-09
7.902634209e-05
1.165183527e-07
0.0003215367879
-5.334448341e-10
-3.289528518e-07
-7.908775591e-05
0.0004695862087
0.0004685371638
2.064023964e-09
0.0003220995214
0.0003587457154
8.792554e-05
3.554031311e-07
4.095273688e-10
3.712195946e-07
-0.0003602679581
-7.798679364e-07
-8.77885212e-05
7.34588636e-05
-8.78237664e-05
-0.0004830842132
-1.054811948e-09
8.460329091e-05
-3.701694799e-09
9.180738197e-10
7.259770458e-05
0.0001244360614
9.649599321e-05
-9.876239812e-08
0.0001750567256
9.349203361e-05
0.0001748035729
9.343127259e-05
-0.0001432433177
1.444399461e-07
0.0002081931401
0.0001097077403
-4.266671416e-08
0.0001430193648
0.0001197755586
0.0001195095061
0.0002082773483
0.0001099431726
-0.0001500054062
0.0002324133329
2.868932858e-07
0.0001254994942
-0.0001424315855
0.0001522285296
0.000166858161
-9.592198261e-08
0.0001501069422
-4.22918474e-07
-0.0002330451982
0.0001279278217
0.0002577736186
0.0001274267372
0.0002567913195
0.0001256259765
-6.924225631e-05
0.0004556742354
6.175203729e-05
-3.985933038e-08
0.0002911178051
0.000290973742
7.904009963e-05
1.220217796e-07
0.0003215188342
-3.407471336e-07
-7.912043701e-05
0.000469589862
6.600086821e-05
0.0004685322168
6.58434483e-05
0.000322062554
0.0003587236944
8.793753126e-05
3.574935454e-07
-8.79098557e-05
-0.0004830623197
8.458079949e-05
3.707866036e-07
-0.0003602251958
-7.867904695e-07
-8.78208424e-05
7.346810753e-05
7.262155027e-05
-1.33130282e-08
5.782609549e-05
-0.0006907022497
6.130774308e-05
-2.398837806e-09
5.769641036e-05
6.805607845e-09
0.0009570388948
1.567298487e-07
9.195243501e-05
4.631424487e-09
-2.2809988e-07
-0.0009574346131
7.772090219e-05
7.699143862e-05
4.045811937e-09
9.241045844e-05
0.00121338068
0.0001425366374
2.723679068e-07
1.807523233e-09
-4.16454139e-07
-0.001213678618
0.00118578091
-3.785237248e-07
-0.0001425664181
-0.0001044741088
-0.001403260268
3.269532478e-09
0.001376311405
4.064523941e-09
0.001185477481
-6.423672852e-09
-0.0006907499026
6.138435749e-05
0.000688024617
-4.648491984e-08
5.792250849e-05
5.776838169e-05
0.0009570520689
1.675425737e-07
9.191737072e-05
-2.430459265e-07
-0.0009574729342
7.776439392e-05
0.0009414453767
7.703567412e-05
0.000941161763
9.234237964e-05
0.001213386013
0.0001424969654
2.763990539e-07
-0.000104446453
-0.001403461723
0.001376258032
-4.317681573e-07
-0.001213698432
0.001185836811
-3.706861229e-07
-0.0001424847859
0.001185547506
-5.879767513e-05
0.0008903078525
7.939213328e-07
4.661319639e-09
-6.54966004e-07
5.968491722e-05
-1.165929416e-06
-0.0008915705878
-0.0006915894628
4.78210403e-05
2.090402327e-09
3.153310632e-09
5.613558769e-09
-0.001175845674
7.461061495e-05
-2.25865075e-07
2.614622642e-09
-7.292911376e-07
0.001177403427
-1.119211045e-06
-7.627973793e-05
-8.81417679e-05
0.001348581672
3.471924288e-09
1.49191369e-09
4.11735217e-09
0.0006789406734
7.07427521e-05
-6.618778807e-05
-0.0009322663335
5.644804614e-07
0.0009076771529
9.021682241e-05
-1.376570111e-07
6.614809112e-05
0.0006791756014
-4.0503274e-07
0.0009321859628
8.036104037e-05
0.0006784640943
7.923265321e-05
0.0009082271729
9.067137097e-05
-5.880269498e-05
0.0008903133509
8.006566108e-07
-0.0006916196111
4.783973083e-05
-6.664983767e-07
5.969041555e-05
-1.176437341e-06
-0.0008915882232
-0.001175856167
7.461894638e-05
-2.225230036e-07
-8.818853605e-05
0.001348599221
-7.369621328e-07
0.001177419768
-1.124419714e-06
-7.629725537e-05
-2.023797176e-07
0.000140325344
-6.375016869e-07
0.0002801237163
0.0001928375559
0.0001500050659
6.764969505e-10
0.0001388845319
-6.036536331e-09
0.0002781849651
-3.66654595e-09
9.846474392e-07
-9.089864414e-09
0.0001928556002
0.0001500031085
-2.28921864e-07
0.0001402940972
-6.651647036e-07
0.0002800909241
0.0001388970884
0.0002781732536
9.995422704e-07
1.178201372e-06
-2.215287086e-06
8.838737646e-08
3.925023863e-06
3.282701262e-11
2.841866493e-07
-1.058418741e-06
6.727643716e-08
1.885136376e-06
1.717150436e-11
-2.883444005e-07
5.115206314e-08
5.213723715e-07
8.453712968e-12
1.22060771e-06
-9.293884911e-08
2.212762717e-06
2.34416251e-07
-7.13263674e-08
1.057205769e-06
-5.385362361e-08
2.881820501e-07
1.472364324e-06
7.437231215e-12
3.422902314e-07
3.752937973e-12
2.223211427e-12
9.428070377e-07
3.922923535e-06
1.822227484e-07
1.885066927e-06
5.215563615e-07
5.400067991e-07
7.261264639e-08
4.243476871e-11
1.357042873e-07
5.634396867e-08
2.211478831e-11
4.501304834e-08
1.083825477e-11
3.468940794e-07
4.832734952e-08
1.178084854e-06
-2.21537427e-06
8.833614997e-08
3.925081556e-06
2.84149357e-07
-1.058462878e-06
6.724698401e-08
1.885164358e-06
-2.883566594e-07
5.113706315e-08
5.21379528e-07
1.220845339e-06
-9.282221426e-08
2.21303452e-06
2.344772671e-07
-7.126472313e-08
1.057346477e-06
-5.382323628e-08
2.882254873e-07
1.47229723e-06
3.422676889e-07
9.428239386e-07
3.923146017e-06
1.822318197e-07
1.885187379e-06
5.215932539e-07
5.398381862e-07
7.258695307e-08
1.356596465e-07
5.633036539e-08
4.500605016e-08
3.467167158e-07
4.829414574e-08
)
;

boundaryField
{
    inlet
    {
        type            calculated;
        value           nonuniform 0();
    }
    outlet
    {
        type            calculated;
        value           nonuniform List<scalar> 
25
(
0.01999855847
0.01999858148
0.01999862684
0.01999869386
0.01999878149
0.01999888836
0.01999901278
0.01999915278
0.01999930612
0.01999947035
0.01999964288
0.01999982096
0.02000000178
0.02000018248
0.02000036022
0.0200005322
0.02000069572
0.02000084822
0.02000098731
0.02000111081
0.02000121681
0.02000130365
0.02000137001
0.02000141488
0.02000143728
)
;
    }
    topAndBottom
    {
        type            symmetry;
        value           uniform 0;
    }
    frontAndBack
    {
        type            empty;
        value           nonuniform 0();
    }
    cylinder
    {
        type            calculated;
        value           uniform 0;
    }
    procBoundary3to1
    {
        type            processor;
        value           nonuniform List<scalar> 
125
(
-8.614056736e-08
-4.499040463e-07
-8.575477273e-07
-1.152123423e-06
-1.222556788e-06
-1.036642727e-06
-6.772607883e-07
-2.689836035e-07
9.092397631e-08
3.682556726e-07
5.116094576e-07
5.544490269e-07
5.233410593e-07
4.617559495e-07
3.816495593e-07
2.989851092e-07
2.246416365e-07
1.562670305e-07
9.497764768e-08
4.427012852e-08
7.230795505e-09
-2.310369645e-08
-3.816266686e-08
-4.311080573e-08
-4.131546051e-08
-3.577392202e-08
-2.926796148e-08
-2.343843397e-08
-1.878588761e-08
-1.510725122e-08
-1.19065888e-08
-8.913216326e-09
-5.803019802e-09
-3.414997825e-09
-1.943498803e-09
-1.264322961e-09
-1.628704947e-09
-2.586269814e-09
-3.693483931e-09
-4.69585515e-09
-5.462870291e-09
-5.94439941e-09
-6.145978603e-09
-6.104573582e-09
-5.872282044e-09
-5.507549826e-09
-5.069640614e-09
-4.613484407e-09
-4.181743725e-09
-3.799843486e-09
-3.476018082e-09
-3.206622001e-09
-2.98081478e-09
-2.786953004e-09
-2.617344714e-09
-2.466775995e-09
-2.334059467e-09
-2.218470243e-09
-2.118922878e-09
-2.034480372e-09
-1.964255019e-09
-1.906088976e-09
-1.856983932e-09
-1.814079347e-09
-1.77491611e-09
-1.73805206e-09
-1.703046169e-09
-1.675126427e-09
-1.634521318e-09
2.813270465e-08
2.457603964e-08
7.105608542e-08
2.311355302e-08
2.005346324e-08
2.459187468e-08
2.100140872e-08
1.560516362e-08
2.291813049e-08
1.060251671e-08
1.075549812e-08
2.173962919e-08
9.850208006e-09
1.049968705e-08
2.184460991e-08
1.978678401e-08
2.162806673e-08
2.759320581e-08
2.732050058e-08
2.655704641e-08
2.349395164e-08
2.436813586e-08
2.25838642e-08
2.480685912e-08
1.524456451e-08
2.179422986e-08
2.077237869e-08
9.902322186e-09
1.723246996e-08
4.526858482e-08
7.157178719e-08
4.564015732e-08
2.474069807e-08
2.517401686e-08
2.568963753e-08
2.385623765e-08
2.306770486e-08
2.465951686e-08
2.281144992e-08
2.301775007e-08
2.482361771e-08
2.300207775e-08
2.300384071e-08
2.432156333e-08
6.442143769e-10
3.135162876e-10
8.905249875e-11
6.64730398e-10
3.262533001e-10
9.361614336e-11
5.861326641e-10
2.826763032e-10
7.919457006e-11
6.423713066e-10
3.141218659e-10
8.970557143e-11
)
;
    }
    procBoundary3to2
    {
        type            processor;
        value           nonuniform List<scalar> 
103
(
-0.0007453057413
-0.0007458226403
-0.006513584092
-0.006488283886
-0.006514258899
-0.00648668776
-0.02508751205
-0.02449338314
-0.02397191944
-0.02354571298
-0.02318604758
-0.02288119791
-0.0226202412
-0.02239618087
-0.02220347324
-0.02203786814
-0.0218959432
-0.02177506838
-0.02167313107
-0.02158841635
-0.02151962284
-0.02146572331
-0.02142592378
-0.02139967034
-0.02138658305
4.281351703e-05
-8.847782335e-07
4.199953284e-05
-6.035173964e-07
-6.818287298e-08
7.118656961e-07
-6.92288486e-08
7.114370677e-07
3.09421901e-05
9.904547464e-05
3.062583408e-05
9.905155044e-05
2.299250482e-05
2.286774982e-05
4.281939272e-05
-8.847573181e-07
4.201706156e-05
-6.034094158e-07
3.09451882e-05
9.905037837e-05
3.063437313e-05
9.905773908e-05
2.299682947e-05
2.288778985e-05
-1.127852936e-05
-1.14234131e-05
-9.173643023e-05
-9.170165983e-05
-0.0002355074685
-0.0004422337045
-0.0004421479674
-0.0002353449981
-1.13557884e-05
-1.143266277e-05
-9.173752006e-05
-9.170738857e-05
-0.0002355145647
-0.0004422488016
-0.0004421589351
-0.0002353571586
-0.0007014156071
-0.0007013462868
-0.0009914562807
-0.0009918622135
-0.001582019131
-0.001581245596
-0.001619454215
-0.001620922963
-0.006621171313
-0.001582145332
-0.001581328486
-0.001619400123
-0.001620832355
-0.006621184878
-0.001264239057
-0.001440217084
-0.001439805978
-0.001263562195
-0.0007015017292
-0.0007014374266
-0.0009913639853
-0.0009917252431
-0.001264240207
-0.001440156215
-0.001439714043
-0.00126356444
4.67009645e-06
2.23997793e-06
6.148960727e-07
4.67001072e-06
2.239942129e-06
6.148919571e-07
4.657619155e-06
2.233065366e-06
6.120539563e-07
4.657534099e-06
2.233028331e-06
6.120450351e-07
)
;
    }
}


// ************************************************************************* //
