/*--------------------------------*- C++ -*----------------------------------*\
| =========                 |                                                 |
| \\      /  F ield         | OpenFOAM: The Open Source CFD Toolbox           |
|  \\    /   O peration     | Version:                                        |
|   \\  /    A nd           | Website:  www.openfoam.com                      |
|    \\/     M anipulation  |                                                 |
\*---------------------------------------------------------------------------*/
FoamFile
{
    version     2.0;
    format      ascii;
    class       surfaceScalarField;
    location    "8.9";
    object      phi;
}
// * * * * * * * * * * * * * * * * * * * * * * * * * * * * * * * * * * * * * //

dimensions      [0 3 -1 0 0 0 0];
oriented        oriented;


internalField   nonuniform List<scalar> 
5191
(
0.02164381043
-6.522704799e-05
0.02169925343
-5.544298981e-05
0.02174450137
-4.524793692e-05
0.02177896692
-3.446555125e-05
0.02180222967
-2.326275407e-05
0.02181409459
-1.186491164e-05
0.02181458257
-4.879731774e-07
0.0218039856
1.059696438e-05
0.02178274873
2.123687744e-05
0.02175153427
3.121446269e-05
0.0217114829
4.005137522e-05
0.0216656157
4.586720293e-05
0.02161668871
4.892699638e-05
0.02153731394
7.937477291e-05
0.02143101491
0.0001062990327
0.02131940291
0.0001116120071
0.02120867291
0.0001107300044
0.021100911
0.0001077619035
0.02099724702
0.0001036639803
0.02089838198
9.886504256e-05
0.02080464987
9.3732112e-05
0.02071604047
8.860940644e-05
0.02063225993
8.378053894e-05
0.02055283568
7.942425653e-05
0.02047724728
7.558841083e-05
0.02040504423
7.220305534e-05
0.0203359233
6.912092231e-05
0.02026974864
6.617465667e-05
0.02020652067
6.322797007e-05
0.02014631703
6.020362485e-05
0.02008922945
5.708757578e-05
0.02003531722
5.391223371e-05
0.01998458594
5.073127916e-05
0.01993698726
4.759869013e-05
0.01989243251
4.455475745e-05
0.01985080881
4.162370838e-05
0.01981199239
3.881642282e-05
0.0197758565
3.6135888e-05
0.01974227378
3.358272918e-05
0.01971111769
3.115607934e-05
0.01968226182
2.885587182e-05
0.01965557952
2.668230129e-05
0.01963094738
2.463214234e-05
0.01963025824
6.891396893e-07
0.01963171704
-1.458799456e-06
0.01963465563
-2.938590968e-06
0.0196389767
-4.321067279e-06
0.01964458471
-5.608012757e-06
0.01965138667
-6.801961979e-06
0.01965929291
-7.906233224e-06
0.01966821682
-8.923909883e-06
0.01967807552
-9.858701894e-06
0.0196887898
-1.071427446e-05
0.01970028481
-1.149501441e-05
0.01971248972
-1.220491064e-05
0.0197253375
-1.284777657e-05
0.01973885822
-1.352072218e-05
0.01975279996
-1.394174268e-05
0.01976720539
-1.440542865e-05
0.01978202132
-1.481593799e-05
0.01979719696
-1.517564079e-05
0.01981268332
-1.548635345e-05
0.01982843147
-1.574815502e-05
0.01984455357
-1.612210544e-05
0.01986182504
-1.727147146e-05
0.01987800228
-1.617723788e-05
0.01989404351
-1.604123042e-05
0.01990996475
-1.592123871e-05
0.01992555825
-1.559350308e-05
0.01994043739
-1.487913808e-05
0.01995380133
-1.336393447e-05
0.01996390938
-1.010805586e-05
-3.933141394e-06
0.02165796064
-0.0001314669036
0.02171423114
-0.0001117134872
0.02176010921
-9.112600816e-05
0.02179499157
-6.934790657e-05
0.02181844991
-4.672109332e-05
0.02183029073
-2.370572518e-05
0.02183051385
-7.110879266e-07
0.02181946995
2.164086394e-05
0.0217976053
4.310153547e-05
0.0217658451
6.297466928e-05
0.02172723058
7.866590062e-05
0.02169024115
8.285664017e-05
0.02163762246
0.0001015456895
0.02158197145
0.0001350257904
0.02152465136
0.0001636191249
0.021460039
0.0001762243697
0.02139052018
0.0001802488265
0.02131888883
0.0001793932516
0.02124718582
0.0001753669926
0.02117680741
0.000169243457
0.02110862445
0.0001619150772
0.02104305275
0.0001541811177
0.02098014032
0.0001466929709
0.02091969357
0.0001398710115
0.02086141972
0.000133862268
0.0208050591
0.0001285636777
0.02075046961
0.000123710407
0.02069765522
0.0001189890439
0.02064673979
0.0001141433896
0.02059791091
0.0001090324997
0.02055135773
0.0001036407549
0.02050722637
9.804360503e-05
0.02046559812
9.235954095e-05
0.02042649154
8.670527209e-05
0.02038987644
8.116986761e-05
0.02035569153
7.580862866e-05
0.02032385865
7.064930062e-05
0.02029429125
6.570329334e-05
0.02026689871
6.097527008e-05
0.02024158646
5.646832523e-05
0.02021825697
5.21853621e-05
0.02019681009
4.812918654e-05
0.02017771283
4.372939499e-05
0.02016035222
1.804975403e-05
0.02014399966
1.489376587e-05
0.0201291219
1.193916227e-05
0.02011561895
9.18189061e-06
0.02010339329
6.617641966e-06
0.02009235103
4.240299526e-06
0.02008240088
2.043921601e-06
0.02007358282
-1.058522054e-07
0.02006555324
-1.829120091e-06
0.02005836622
-3.527250444e-06
0.02005194819
-5.076984623e-06
0.02004622985
-6.486574025e-06
0.02004144704
-8.064963009e-06
0.02003911211
-1.118579501e-05
0.02003523016
-1.00597946e-05
0.02003154227
-1.071754714e-05
0.02002828017
-1.155383593e-05
0.02002540434
-1.2299816e-05
0.02002288129
-1.296330308e-05
0.0200208664
-1.373326735e-05
0.0200214707
-1.672640727e-05
0.02002893683
-2.473760324e-05
0.02002827523
-1.551563941e-05
0.02002566845
-1.343445108e-05
0.02002329684
-1.354963012e-05
0.02002140946
-1.370612313e-05
0.0200202355
-1.370517528e-05
0.02002022446
-1.33528935e-05
0.02002195619
-1.183978069e-05
-5.55924421e-06
0.0216862263
-0.0001997276512
0.02174413685
-0.0001696240355
0.02179124613
-0.0001382352911
0.02182692136
-0.0001050231247
0.0218507162
-7.051593524e-05
0.02186243484
-3.542437381e-05
0.02186210006
-3.762953718e-07
0.02185007415
3.366677035e-05
0.02182694246
6.623322789e-05
0.02179439859
9.551853953e-05
0.02175706544
0.0001159990499
0.0217165033
0.0001234187793
0.02165627479
0.0001617741969
0.02159317121
0.0001981293766
0.02153054765
0.0002262426795
0.02146379767
0.0002429743486
0.02139323438
0.0002508121108
0.02132071869
0.0002519089492
0.02124805869
0.0002480269957
0.0211766553
0.0002406468522
0.02110743675
0.0002311336324
0.02104087698
0.0002207408889
0.02097706987
0.0002105000834
0.02091585069
0.000201090196
0.02085694088
0.0001927720791
0.02080008092
0.0001854236477
0.02074512065
0.0001786706845
0.0206920499
0.0001720598039
0.02064097699
0.0001652163036
0.02059207373
0.0001579357565
0.02054551549
0.0001501989915
0.02050143588
0.0001421232168
0.02045990589
0.0001338895265
0.02042093521
0.0001256759548
0.02038448571
0.0001176193727
0.02035048924
0.0001098050946
0.02031886212
0.0001022764245
0.02028951297
9.505244821e-05
0.02026234639
8.814184913e-05
0.02023726471
8.155001102e-05
0.02021416808
7.528198986e-05
0.02019295396
6.934330709e-05
0.02017465737
6.20259939e-05
0.02015690625
3.580087178e-05
0.02014072819
3.107182265e-05
0.02012617683
2.649052634e-05
0.02011283054
2.252817643e-05
0.02010075383
1.869435641e-05
0.02008985174
1.514238845e-05
0.02008043924
1.145642866e-05
0.02007460662
5.72676712e-06
0.02006690149
5.876008595e-06
0.02005964779
3.726454911e-06
0.02005314874
1.422067985e-06
0.02004766214
-9.999744776e-07
0.02004717446
-7.577288133e-06
0.02006086071
-2.487205233e-05
0.02005971453
-8.913610657e-06
0.02005455867
-5.561694908e-06
0.02004951683
-6.511991054e-06
0.02004483538
-7.618372755e-06
0.02004055404
-8.68196468e-06
0.02003800005
-1.117927689e-05
0.02004479299
-2.351934968e-05
0.02007010639
-5.005100018e-05
0.02007207228
-1.748153585e-05
0.02006349626
-4.858424164e-06
0.02005379239
-3.845766932e-06
0.02004428506
-4.198793035e-06
0.02003513083
-4.550938872e-06
0.02002663225
-4.854319011e-06
0.0200198523
-5.059826215e-06
-5.457924848e-06
0.02172896394
-0.0002710711183
0.02178937661
-0.0002300366991
0.02183835485
-0.0001872135365
0.02187521638
-0.0001418846539
0.02189948812
-9.478767472e-05
0.02191096823
-4.69044859e-05
0.02190974683
8.451039913e-07
0.02189628306
4.713054135e-05
0.02187272989
8.978639437e-05
0.02184572837
0.000122520052
0.02181768463
0.0001440427916
0.0217571505
0.0001839529072
0.02168660949
0.0002323152005
0.02161829051
0.0002664483522
0.02154924681
0.0002952863816
0.02147752868
0.0003146924826
0.02140334935
0.0003249914447
0.02132792651
0.000327331795
0.02125271883
0.0003232346855
0.02117899937
0.0003143663123
0.0211076724
0.0003024606142
0.02103922595
0.0002891873306
0.02097377515
0.0002759508855
0.02091116864
0.000263696707
0.02085112816
0.0002528125659
0.02079338144
0.0002431703764
0.02073775593
0.0002342962086
0.02068421395
0.0002256017874
0.02063283475
0.0002165955073
0.02058376288
0.0002070076286
0.02053714969
0.0001968121797
0.02049310834
0.0001861645649
0.02045169239
0.0001753054667
0.02041289633
0.0001644720113
0.02037666982
0.0001538458851
0.02034293378
0.0001435411439
0.02031159497
0.0001336152397
0.02028255451
0.0001240929074
0.02025571034
0.0001149860255
0.02023095942
0.0001063009311
0.02020819868
9.804272851e-05
0.02018749558
9.004640533e-05
0.02016971961
7.980196863e-05
0.02015225408
5.326640578e-05
0.02013685352
4.647238119e-05
0.02012610002
3.724401933e-05
0.02011332335
3.530484807e-05
0.02010134081
3.06769019e-05
0.02009095856
2.552464148e-05
0.02008758692
1.482807399e-05
0.02010413838
-1.082469646e-05
0.02010103636
8.97802794e-06
0.02009262946
1.213335432e-05
0.02008469051
9.361022656e-06
0.02008001331
3.677225934e-06
0.02009338357
-2.094755212e-05
0.02014644317
-7.793165152e-05
0.02015795143
-2.042187661e-05
0.02014876413
3.625605319e-06
0.02013709665
5.155485062e-06
0.02012563803
3.840242397e-06
0.0201143992
2.556863797e-06
0.02010205157
1.168351355e-06
0.02008178868
-3.256455884e-06
0.02004630692
-1.456924174e-05
0.0200309191
-2.093718792e-06
0.02002551778
5.428931518e-07
0.02002154368
1.283352196e-07
0.0200177437
-3.988106349e-07
0.02001404688
-8.541166282e-07
0.0200104427
-1.2501369e-06
0.02000693632
-1.553446079e-06
-1.975395885e-06
0.02178667401
-0.0003466553177
0.0218505215
-0.000293884184
0.0219020503
-0.0002387423292
0.02194051355
-0.0001803479073
0.02196540485
-0.0001196789764
0.02197652416
-5.802379506e-05
0.02197408692
3.282340099e-06
0.02196006073
6.115672492e-05
0.02194406067
0.0001057864543
0.02192821631
0.0001383644142
0.02187581257
0.0001964465323
0.02179892366
0.0002608418169
0.02172678759
0.0003044512736
0.02165345616
0.000339779782
0.02157774213
0.0003710004185
0.0214997821
0.0003926525109
0.02142023539
0.0004045381578
0.02134019872
0.0004073684726
0.02126094459
0.0004024888216
0.02118363136
0.0003916795484
0.02110911641
0.0003769755675
0.02103787807
0.0003604256726
0.02097003338
0.000343795578
0.02090542921
0.0003283008759
0.02084377322
0.0003144685519
0.02078476641
0.0003021771982
0.02072819852
0.000290864099
0.02067398915
0.0002798111603
0.02062217468
0.0002684099807
0.02057285981
0.0002563225025
0.02052616099
0.0002435109993
0.02048216183
0.0002301637223
0.02044089096
0.0002165763291
0.02040232234
0.0002030406308
0.0203663878
0.0001897804299
0.02033299297
0.0001769359832
0.02030203343
0.0001645747802
0.02027356872
0.0001525576191
0.0202471497
0.000141405049
0.02022283488
0.0001306157543
0.02020104609
0.0001198315205
0.02018473633
0.0001063561657
0.02016828444
9.625386015e-05
0.02015158516
6.996568081e-05
0.02014369628
5.436126485e-05
0.0201606559
2.028439742e-05
0.02015405635
4.19044017e-05
0.02014137163
4.336161732e-05
0.0201328047
3.409157627e-05
0.02014901577
-1.382991592e-06
0.02022107123
-8.288015598e-05
0.02023803248
-7.983224167e-06
0.02022687466
2.329117238e-05
0.02021230226
2.393342415e-05
0.02019571703
2.026245635e-05
0.02016407043
1.069905055e-05
0.02009985333
-1.371455154e-05
0.02007136369
8.067757966e-06
0.02006254284
1.244645496e-05
0.02005682588
1.087244116e-05
0.02005155962
9.106500931e-06
0.02004658022
7.536262524e-06
0.02004160591
6.142654557e-06
0.02003367501
4.674446069e-06
0.02001699379
2.111981732e-06
0.02001199122
2.908851562e-06
0.02001025322
2.280888057e-06
0.02000883885
1.542704514e-06
0.02000754039
8.996511071e-07
0.02000634139
3.448793479e-07
0.02000522878
-1.375207085e-07
0.02000418895
-5.136157217e-07
-1.013359343e-06
0.02186003588
-0.0004277691947
0.02192834865
-0.0003621969397
0.02198317568
-0.0002935693634
0.02202368783
-0.0002208600575
0.02204933728
-0.0001453284226
0.02205997645
-6.866297282e-05
0.02205647799
6.78079862e-06
0.02204563158
7.200313902e-05
0.02204791907
0.0001034989703
0.02200245502
0.0001838284681
0.02192605501
0.0002728465502
0.02185302587
0.0003338709656
0.02177788261
0.0003795945374
0.02169779261
0.0004198697893
0.02161456827
0.0004542247685
0.02152927048
0.0004779503063
0.02144296901
0.0004908396365
0.02135686626
0.000493471222
0.02127220355
0.000487151539
0.02119008842
0.0004737946835
0.02111134524
0.0004557187483
0.0210364379
0.0004353330206
0.02096547555
0.0004147579237
0.02089829049
0.0003954859323
0.02083456338
0.0003781956545
0.02077395291
0.0003627876715
0.02071619627
0.0003486207371
0.0206611546
0.0003348528313
0.02060880671
0.0003207578715
0.02055920356
0.000305925662
0.02051241576
0.0002902987966
0.02046848749
0.0002740919946
0.02042741421
0.0002576496113
0.02038914406
0.0002413107816
0.02035375198
0.0002251725106
0.02032079353
0.0002098944442
0.02029082954
0.0001945387764
0.02026672662
0.0001766605343
0.02024138955
0.00016674212
0.02021820419
0.0001538011177
0.02020482937
0.000133206341
0.02022025561
9.092992529e-05
0.02021305319
0.0001034562843
0.02019957924
8.343962138e-05
0.02021606793
3.787258021e-05
0.02030212031
-6.576798567e-05
0.02032179388
2.223083581e-05
0.02030707209
5.808340668e-05
0.02028522063
5.594304275e-05
0.02024291202
4.092561919e-05
0.02015510528
4.926587905e-06
0.02011504196
3.208009124e-05
0.02010210032
3.623281253e-05
0.02009368351
3.235023898e-05
0.02008562377
2.832218951e-05
0.02007207246
2.425035804e-05
0.02004036411
1.799379945e-05
0.02003008896
1.834290412e-05
0.020026372
1.61634174e-05
0.02002341033
1.383411109e-05
0.02002075589
1.176093615e-05
0.02001837321
9.918937456e-06
0.02001623003
8.285835777e-06
0.02001406396
6.8405136e-06
0.02001068295
5.492993666e-06
0.02000914189
4.44991549e-06
0.02000795867
3.464101525e-06
0.02000689912
2.602260755e-06
0.02000594644
1.852328845e-06
0.02000508611
1.205209453e-06
0.02000430529
6.432963229e-07
0.02000358624
2.054375785e-07
-3.768671607e-07
0.02194993066
-0.0005158752294
0.02202386789
-0.0004361341544
0.0220828249
-0.0003525263759
0.02212587234
-0.000263907497
0.02215249635
-0.0001719524284
0.02216298349
-7.915010877e-05
0.02215867112
1.109317246e-05
0.02214871191
8.196235637e-05
0.02212822817
0.0001239827194
0.02206673278
0.0002453238573
0.02199702944
0.0003425498977
0.02192211126
0.0004087891624
0.0218393768
0.0004623290019
0.02175080936
0.0005084372444
0.02165882693
0.0005462072072
0.02156493948
0.0005718377652
0.02147055666
0.0005852224588
0.02137705266
0.0005869752133
0.02128572307
0.000578481138
0.02119767737
0.0005618403814
0.02111372913
0.0005396669906
0.02103433169
0.0005147304651
0.02095957931
0.000489510304
0.02088928007
0.0004657851683
0.02082307404
0.0004444016801
0.02076056436
0.0004252973476
0.02070141882
0.0004077662791
0.02064542496
0.0003908466993
0.02059248792
0.0003736949065
0.02054259077
0.0003558228195
0.02049574632
0.0003371432463
0.02045211186
0.000317726466
0.02041131757
0.0002984438999
0.02037394583
0.0002786825221
0.02034281231
0.0002563060353
0.02031146903
0.0002412377313
0.02028977535
0.0002162324578
0.0202968061
0.0001696297865
0.02028098758
0.0001825606416
0.02026347286
0.0001713158343
0.02027901996
0.0001176592404
0.02037642291
-6.473017873e-06
0.02040392135
7.595783926e-05
0.02038099959
0.0001063613844
0.02032792094
9.095123153e-05
0.02021835093
4.380202348e-05
0.02016676347
7.38183016e-05
0.02014868814
7.615873851e-05
0.02013587104
6.876013992e-05
0.02011608626
6.071040383e-05
0.02007126639
4.974645678e-05
0.02005541306
4.793342342e-05
0.02004877297
4.287290456e-05
0.02004337215
3.775105325e-05
0.02003856645
3.312789142e-05
0.02003384799
2.896881346e-05
0.02002674615
2.509564297e-05
0.02002317778
2.191126906e-05
0.02002040691
1.893428501e-05
0.02001795806
1.628296001e-05
0.02001579301
1.392598378e-05
0.02001387763
1.183431262e-05
0.02001218185
9.981614088e-06
0.02001067861
8.343755606e-06
0.02000927242
6.899181629e-06
0.02000809392
5.628412545e-06
0.02000704404
4.513983826e-06
0.02000610555
3.540749959e-06
0.02000526359
2.694287275e-06
0.02000450437
1.964435924e-06
0.02000381678
1.330884522e-06
0.02000318469
8.37533078e-07
1.813608697e-07
0.02205751764
-0.0006126475812
0.022138392
-0.0005170085046
0.02220240851
-0.0004165428759
0.02224867465
-0.0003101736315
0.02227812308
-0.0002014008628
0.02229425219
-9.527920504e-05
0.02230091298
4.432386098e-06
0.0223082597
7.461564507e-05
0.02224270371
0.0001895387097
0.02216351022
0.0003245173533
0.02208779223
0.0004182678954
0.02200375362
0.0004928277776
0.02191098584
0.0005550967835
0.02181213546
0.0006072876339
0.02170979747
0.0006485452027
0.021605843
0.0006757922389
0.02150197374
0.0006890917202
0.02139974684
0.0006892021021
0.0213005457
0.000677682278
0.02120550889
0.000656877185
0.02111545211
0.0006297237735
0.02103081683
0.0005993657462
0.02095167633
0.0005686508072
0.02087780154
0.0005396599607
0.02080877905
0.0005134241638
0.02074414053
0.0004899358713
0.0206834685
0.0004684383175
0.02062646141
0.0004478537871
0.02057309317
0.0004270631511
0.02052294676
0.0004059692346
0.02047661837
0.0003834716449
0.02043692298
0.0003574218562
0.02039757325
0.0003377936301
0.02036826935
0.0003079864322
0.0203679988
0.0002565765879
0.02034982389
0.0002594126353
0.02035720175
0.0002088546085
0.02044511828
8.171325097e-05
0.02046705282
0.0001606261094
0.02044817935
0.0001901892959
0.02039726968
0.0001685689188
0.02028035908
0.0001104375757
0.02022185505
0.000134461871
0.02019751274
0.0001307036998
0.02017016476
0.0001182992063
0.02011240981
0.0001015569804
0.02009010026
9.612785023e-05
0.02007937931
8.687968791e-05
0.02007045269
7.768676649e-05
0.02006191367
6.924942616e-05
0.02005032069
6.133943301e-05
0.02004373212
5.452199089e-05
0.02003845266
4.815237287e-05
0.0200338074
4.239631257e-05
0.02002972271
3.721257218e-05
0.02002613128
3.256024139e-05
0.02002283009
2.839683174e-05
0.02002006055
2.468081226e-05
0.02001762393
2.137090669e-05
0.02001547891
1.842797193e-05
0.02001358915
1.581574198e-05
0.0200119229
1.350056464e-05
0.02001045194
1.145256938e-05
0.02000915177
9.643924168e-06
0.02000800057
8.050387193e-06
0.02000697907
6.649906719e-06
0.02000607029
5.422765143e-06
0.02000525914
4.351901138e-06
0.02000453235
3.421077883e-06
0.02000387772
2.619066717e-06
0.02000328556
1.923047507e-06
0.02000274153
1.381553951e-06
6.612389101e-07
0.02218426308
-0.0007200132702
0.02227356456
-0.0006063099784
0.02234379902
-0.0004867773332
0.0223957306
-0.0003621052015
0.02243830177
-0.0002439720322
0.02247673508
-0.0001337125113
0.02249980127
-1.863380073e-05
0.02244676102
0.0001276558964
0.02235582882
0.000280470918
0.02227777406
0.000402572115
0.02219337441
0.0005026675507
0.02209758031
0.0005886218698
0.02199254254
0.0006601345528
0.02188129279
0.0007185373876
0.02176668841
0.0007631495837
0.02165095025
0.0007915304013
0.02153605742
0.0008039845463
0.02142374718
0.000801512335
0.0213154952
0.0007859342567
0.02121247155
0.0007599008301
0.02111548831
0.0007267070071
0.02102496536
0.0006898887029
0.0209409387
0.000652677466
0.02086312497
0.0006174736927
0.02079104229
0.0005855068511
0.02072429043
0.0005566877304
0.02066203621
0.0005306925491
0.0206045171
0.0005053728985
0.02055427666
0.0004773036012
0.02050501896
0.0004552269361
0.02046628117
0.00042220944
0.02045681266
0.0003668903684
0.02043034921
0.000364257082
0.02042978784
0.0003085478004
0.02050940804
0.0001769563937
0.0205204923
0.000248328372
0.02046811813
0.0002612287748
0.02034628166
0.0002035497217
0.02028230517
0.0002246026021
0.02025478312
0.0002177113509
0.0202237965
0.0001995555392
0.02015770108
0.0001765329964
0.0201299542
0.0001622087513
0.02011456075
0.0001460971538
0.02010076869
0.0001320912609
0.02008350623
0.0001188194429
0.02007263881
0.0001069952733
0.02006366864
9.584986448e-05
0.02005575607
8.559933059e-05
0.02004879757
7.620793066e-05
0.02004249778
6.763922448e-05
0.02003716601
5.985375301e-05
0.02003250927
5.280912226e-05
0.02002844567
4.64599055e-05
0.02002490011
4.075813156e-05
0.02002180567
3.56546802e-05
0.02001910261
3.109988868e-05
0.02001673925
2.704417516e-05
0.02001467068
2.343947176e-05
0.02001285767
2.024097924e-05
0.02001126677
1.740664383e-05
0.02000986889
1.489844526e-05
0.02000863899
1.26824658e-05
0.02000755488
1.072803561e-05
0.02000659742
9.007839852e-06
0.02000574981
7.497517848e-06
0.0200049973
6.175280713e-06
0.02000432699
5.022207733e-06
0.02000372745
4.020616577e-06
0.02000318828
3.158241343e-06
0.02000270116
2.410160575e-06
0.02000225427
1.82845286e-06
1.054700716e-06
0.02233190693
-0.0008402074681
0.02243136572
-0.000705768761
0.02250964959
-0.0005650612015
0.02257186958
-0.0004243251885
0.0226306912
-0.0003027936494
0.02265019649
-0.0001532177937
0.02263137971
1.829871512e-07
0.02256633201
0.0001927035964
0.02249370936
0.0003530935546
0.02241132395
0.0004849575223
0.02231389324
0.0006000982636
0.022203627
0.0006988881035
0.02208370489
0.0007800566533
0.02195757594
0.0008446663328
0.02182846675
0.0008922587762
0.0216989796
0.0009210175618
0.02157137507
0.0009315890759
0.02144756406
0.0009253233408
0.02132910057
0.0009043977455
0.02121716689
0.0008718345166
0.02111254717
0.0008313267232
0.021015614
0.0007868218772
0.02092649374
0.0007417977295
0.02084450938
0.000699458056
0.02076973192
0.0006602843172
0.02070430847
0.0006221111823
0.02064153659
0.0005934644384
0.02059049125
0.0005564182433
0.02056946078
0.000498334078
0.02053243181
0.0004922559156
0.02052189944
0.0004327418119
0.02059180898
0.0002969808236
0.02059442458
0.0003616414798
0.02053491198
0.0003680604051
0.02040751021
0.000304358161
0.02033682637
0.0003190122055
0.02029269342
0.0003053617336
0.02021972115
0.0002765219888
0.02018470385
0.0002596199015
0.02016337189
0.0002390433129
0.02014409218
0.0002188352459
0.02012110007
0.0001995251123
0.02010627826
0.0001770305612
0.02009296029
0.000159415123
0.02008113562
0.0001439159368
0.02007043705
0.0001295180162
0.02006123821
0.0001161941092
0.02005317443
0.0001039136521
0.02004613435
9.263940214e-05
0.02004001064
8.233164482e-05
0.02003470158
7.294828997e-05
0.02003011084
6.444448849e-05
0.02002614823
5.677173543e-05
0.0200227304
4.987773384e-05
0.0200197814
4.370713096e-05
0.020017234
3.820208181e-05
0.02001502963
3.330424875e-05
0.02001311823
2.89555737e-05
0.02001145708
2.510062758e-05
0.02001001069
2.168736388e-05
0.02000874858
1.866874866e-05
0.02000764509
1.600193716e-05
0.02000667834
1.364922018e-05
0.02000582974
1.157662785e-05
0.02000508292
9.754657495e-06
0.02000442407
8.15637476e-06
0.0200038409
6.758444879e-06
0.02000332291
5.540196372e-06
0.02000286082
4.482713958e-06
0.02000244631
3.572750066e-06
0.02000207264
2.783830392e-06
0.02000173054
2.170555703e-06
1.355308755e-06
0.02250264779
-0.0009758129085
0.02261422434
-0.0008173453102
0.02270221321
-0.0006530500758
0.02277370645
-0.0004958184176
0.02282685702
-0.0003559442159
0.02285484632
-0.0001812070903
0.02280434257
5.068674085e-05
0.02273756794
0.0002594782309
0.02266010628
0.0004305552101
0.02256375813
0.0005813056692
0.02244981144
0.000714044947
0.02232193747
0.0008267620705
0.02218401504
0.0009179790741
0.02204007746
0.0009886039089
0.02189384813
0.001038488108
0.02174836672
0.001066498977
0.02160623016
0.001073725639
0.02146943724
0.001062116266
0.02133962637
0.001034208628
0.02121795062
0.0009935102715
0.02110511946
0.0009441578899
0.0210019017
0.0008900396367
0.02091099746
0.0008327019741
0.02082578391
0.0007846716068
0.02075522177
0.0007308464565
0.02071720376
0.0006601291956
0.02066515703
0.0006455111754
0.02064121893
0.0005803563502
0.02069919757
0.0004403554413
0.02069071825
0.0005007352419
0.02062144728
0.0005020127854
0.02048602321
0.0004324048938
0.02040736054
0.0004403041475
0.02035575874
0.0004196622039
0.02027620909
0.0003839078051
0.02023494381
0.0003602774866
0.02020702536
0.0003332801845
0.02017689527
0.0003066520773
0.02015453614
0.0002819790355
0.02013517069
0.0002584087622
0.02011782517
0.0002361807656
0.02010212548
0.0002152248065
0.02008933334
0.0001898227098
0.02007715716
0.0001715913022
0.0200664512
0.0001546218982
0.0200570853
0.0001388839199
0.02004893498
0.0001243444264
0.02004188209
0.0001109665457
0.02003581215
9.870934206e-05
0.02003061506
8.752873666e-05
0.02002618596
7.737739032e-05
0.02002242509
6.82053517e-05
0.02001923909
5.995773685e-05
0.02001654197
5.257485032e-05
0.02001425629
4.599281718e-05
0.02001231455
4.014381827e-05
0.0200106594
3.495940216e-05
0.02000924302
3.03719497e-05
0.02000802615
2.631749626e-05
0.020006977
2.273651629e-05
0.02000606963
1.957610846e-05
0.02000528265
1.678891689e-05
0.02000459824
1.433363704e-05
0.0200040013
1.217356551e-05
0.02000347933
1.027662679e-05
0.02000302138
8.614317717e-06
0.02000261828
7.161552395e-06
0.0200022621
5.896373476e-06
0.02000194563
4.799180487e-06
0.02000166316
3.855225853e-06
0.02000140942
3.03756674e-06
0.02000117791
2.402069099e-06
1.55763609e-06
0.02269933896
-0.001129828054
0.02282616997
-0.0009441763133
0.02293243493
-0.0007593150367
0.02303102529
-0.0005944087801
0.02306464426
-0.0003895631746
0.02305579459
-0.0001723574256
0.02300762233
9.885899932e-05
0.02294080683
0.0003262937339
0.0228501784
0.0005211836391
0.02273582227
0.0006956618058
0.02260167561
0.000848191601
0.02245238255
0.000976055139
0.02229272315
0.001077638468
0.02212755467
0.001153772389
0.0219611615
0.00120488127
0.02179726042
0.001230400068
0.02163940487
0.001231581192
0.02148820697
0.001213314174
0.02134595867
0.001176456932
0.0212138369
0.001125632044
0.02109290521
0.001065089589
0.02099008862
0.0009928562331
0.02092357063
0.0008992199735
0.02084632041
0.0008619218287
0.02080054633
0.0007766205376
0.020839672
0.0006210035251
0.02081454181
0.0006706413707
0.0207312683
0.0006636298647
0.02058835102
0.0005832727214
0.02049900801
0.0005900782538
0.02043721455
0.0005638062512
0.02034864483
0.0005209746133
0.0202991867
0.0004897622686
0.02026384296
0.0004550059452
0.02022699521
0.0004207555582
0.0201984982
0.0003887744922
0.0201735186
0.0003582597859
0.02015075724
0.0003294134425
0.02013058201
0.0003021542627
0.02011256475
0.0002764260262
0.02009655469
0.0002521908287
0.02008352471
0.0002282547857
0.02007103931
0.0002023081108
0.02006013317
0.0001824974465
0.0200506684
0.0001640866721
0.02004250988
0.0001470424363
0.02003552888
0.0001313254276
0.02002960266
0.0001168927704
0.02002461361
0.0001036983936
0.02002044878
9.169356667e-05
0.02001699929
8.082687369e-05
0.02001416141
7.104323817e-05
0.0200118374
6.228174609e-05
0.02000993758
5.447466358e-05
0.02000838254
4.754786535e-05
0.02000710408
4.142227079e-05
0.02000604632
3.601716381e-05
0.02000516458
3.125368589e-05
0.02000442455
2.705753168e-05
0.02000379931
2.336175575e-05
0.02000326852
2.010689651e-05
0.02000281595
1.724147798e-05
0.02000242887
1.472072064e-05
0.02000209666
1.250577397e-05
0.02000181043
1.056285592e-05
0.02000156293
8.861816697e-06
0.02000134801
7.376472633e-06
0.02000116039
6.08399358e-06
0.0200009959
4.963671994e-06
0.02000085066
4.000467702e-06
0.02000072174
3.166486372e-06
0.02000060522
2.51858046e-06
1.658162411e-06
0.02292537941
-0.001305597874
0.02307017248
-0.001088969375
0.02319325315
-0.0008823957071
0.02329039385
-0.0006915494707
0.02335111197
-0.0004502812974
0.023312774
-0.000134019457
0.02325385031
0.0001577826922
0.02317450347
0.000405640586
0.02306545833
0.0006302287741
0.02292891836
0.000832201777
0.02277009858
0.001007011394
0.02259473181
0.001151421919
0.0224089677
0.001263402577
0.02221941272
0.001343327369
0.02202954103
0.001394752962
0.02184599546
0.001413945639
0.02167601547
0.001401561187
0.02151036995
0.001378959703
0.02135468865
0.001332138238
0.0212117031
0.001268617596
0.02108546087
0.001191331818
0.02099917707
0.001079140043
0.02099818411
0.0009002129391
0.02094357692
0.0009165290166
0.0208394803
0.0008807171613
0.02067093808
0.0007895457496
0.02056350341
0.00077807604
0.02049596429
0.0007311689828
0.02043321212
0.000646024897
0.02038215791
0.0006411324698
0.02033736219
0.0006086019681
0.02029155458
0.00056678222
0.02025508092
0.0005262359368
0.02022294822
0.0004871386436
0.02019372491
0.0004499788663
0.02016767143
0.0004148279676
0.02014428202
0.0003816492013
0.02012335444
0.0003503410283
0.02010471261
0.0003207960857
0.02008820204
0.0002929365991
0.02007367678
0.0002667160951
0.02006218896
0.0002397426103
0.02005114105
0.0002133560205
0.02004164614
0.0001919923596
0.02003355986
0.0001721729521
0.02002674179
0.0001538605012
0.02002105753
0.0001370096953
0.02001637994
0.0001215703572
0.02001258794
0.0001074903947
0.02000956523
9.471627562e-05
0.02000719912
8.319298297e-05
0.0200053807
7.286165886e-05
0.0200040069
6.365554578e-05
0.02000298282
5.54987442e-05
0.02000222568
4.830500765e-05
0.02000166647
4.198147471e-05
0.02000125125
3.643238261e-05
0.02000093991
3.156503306e-05
0.02000070409
2.729334458e-05
0.02000052412
2.354173069e-05
0.02000038669
2.024432413e-05
0.02000028211
1.734605098e-05
0.02000020333
1.47995021e-05
0.02000014454
1.256456476e-05
0.02000010156
1.060583348e-05
0.02000007073
8.89264965e-06
0.02000004913
7.398067662e-06
0.0200000349
6.09822791e-06
0.02000002614
4.972425498e-06
0.02000002155
4.005055136e-06
0.02000002023
3.16781102e-06
0.02000002107
2.517738254e-06
1.654634674e-06
0.02318637589
-0.001507957167
0.02336070773
-0.001263301203
0.0235233271
-0.001045015066
0.02360081257
-0.0007690349453
0.02362306796
-0.0004725366846
0.02359316788
-0.0001041193782
0.02353507926
0.0002158713152
0.02344037402
0.0005003458314
0.02330863569
0.0007619671177
0.02314495663
0.0009958808421
0.02295696982
0.001194998222
0.02275000572
0.001358386031
0.022534521
0.001478887296
0.02232227817
0.001555570208
0.02210707391
0.001609957222
0.02190425076
0.001616768792
0.02172524285
0.001580569097
0.02154743606
0.001556766493
0.0213777781
0.001501796206
0.02122310486
0.001423290838
0.0210824283
0.001332008379
0.02092944434
0.00123212401
0.02072420199
0.001105455287
0.02059385034
0.001046880675
0.02052537822
0.0009491892767
0.02040966836
0.0009052556137
0.02033519219
0.0008525522049
0.02030596482
0.0007603963559
0.02033681973
0.0006151699944
0.02032400929
0.000653942911
0.02028683824
0.000645773017
0.02024926896
0.0006043514989
0.0202156599
0.0005598449947
0.02018553878
0.000517259765
0.02015854188
0.0004769757718
0.02013436959
0.0004390002573
0.02011278609
0.000403232695
0.02009360075
0.0003695263725
0.02007665292
0.0003377439169
0.02006180076
0.0003077887603
0.02004890845
0.0002796084147
0.02003910441
0.0002495466519
0.02002964372
0.0002228167083
0.02002170931
0.0001999267699
0.02001514858
0.000178733684
0.0200098124
0.0001591966845
0.02000555982
0.0001412622711
0.02000225898
0.0001248711937
0.019999786
0.0001099633806
0.01999802174
9.648053839e-05
0.01999684892
8.436579665e-05
0.01999615239
7.355818615e-05
0.01999582121
6.398672815e-05
0.01999575381
5.556614935e-05
0.01999586202
4.819679208e-05
0.01999607599
4.176750662e-05
0.01999634436
3.616401133e-05
0.01999663337
3.127602304e-05
0.01999692302
2.700369625e-05
0.0199972034
2.326134872e-05
0.01999746969
1.99780302e-05
0.01999772075
1.709498723e-05
0.01999795589
1.456436442e-05
0.01999817548
1.23449722e-05
0.0199983794
1.040191661e-05
0.01999856813
8.703917919e-06
0.01999874244
7.223754773e-06
0.01999890316
5.937506297e-06
0.0199990515
4.824087007e-06
0.0199991887
3.867858793e-06
0.01999931584
3.040664752e-06
0.01999943494
2.398640548e-06
1.546645321e-06
0.02348694511
-0.001741050599
0.02368894328
-0.00146529937
0.02385469528
-0.001210767058
0.02397217252
-0.0008865121831
0.02396535883
-0.0004657229901
0.02392798548
-6.674603759e-05
0.02385850174
0.000285355068
0.02374315486
0.0006156927224
0.02358495844
0.000920163547
0.02339029007
0.001190549221
0.02317402334
0.001411264957
0.02293079506
0.001601614318
0.02268272645
0.001726955914
0.02244758737
0.001790709286
0.02220328034
0.001854264248
0.02196094212
0.001859107011
0.02173593431
0.001805576904
0.02153003397
0.00176266684
0.02134453847
0.001687291712
0.02118361159
0.001584217725
0.02105559442
0.001460025555
0.02092138044
0.001366337994
0.02077204267
0.001254793058
0.02069411285
0.001124810497
0.02069981755
0.0009434845674
0.02065515004
0.0009499231239
0.02058918811
0.0009185141359
0.02050071052
0.0008488739532
0.02036219144
0.0007536890735
0.02028317954
0.0007329548099
0.02023909728
0.0006898552803
0.02020395916
0.000639489619
0.0201728873
0.0005909168568
0.02014517763
0.0005449694366
0.02012044894
0.0005017044565
0.02009840712
0.0004610420776
0.02007883227
0.0004228075473
0.02006155854
0.0003868001049
0.02004645373
0.0003528487288
0.02003340093
0.0003208415643
0.02002228177
0.000290727577
0.0200142976
0.0002575308204
0.02000657107
0.000230543245
0.02000034612
0.0002061517191
0.01999545891
0.0001836208948
0.01999174959
0.0001629060024
0.01998906898
0.0001439428816
0.01998728097
0.0001266592066
0.01998625895
0.0001109853938
0.01998588039
9.685910571e-05
0.01998602227
8.422391693e-05
0.01998656011
7.302034653e-05
0.01998737191
6.317492368e-05
0.01998834553
5.459252818e-05
0.01998938643
4.715589873e-05
0.01999042306
4.073086894e-05
0.01999140888
3.517819679e-05
0.01999231926
3.036564251e-05
0.01999314656
2.617639779e-05
0.01999389311
2.251479595e-05
0.0199945662
1.930494094e-05
0.01999517387
1.64873079e-05
0.01999572372
1.401451386e-05
0.0199962213
1.184739157e-05
0.01999667184
9.951374919e-06
0.01999707972
8.296041121e-06
0.01999744908
6.854391228e-06
0.0199977839
5.602686368e-06
0.01999808823
4.519762261e-06
0.01999836591
3.590178945e-06
0.01999862028
2.786287741e-06
0.01999885628
2.162640514e-06
1.335408333e-06
0.02384706472
-0.002019900679
0.02410509138
-0.001723326031
0.02425130185
-0.001356977528
0.02432868416
-0.0009638944934
0.02434082546
-0.0004778642827
0.0243121271
-3.804767937e-05
0.02423137902
0.0003661031641
0.02409381233
0.0007532594085
0.02391279836
0.001101177518
0.02368606423
0.00141728336
0.02343955463
0.001657774565
0.02315149286
0.001889676085
0.02284231184
0.002036136939
0.02253730757
0.002095713554
0.0222468882
0.002144683615
0.0219863235
0.002119671701
0.02177151729
0.002020383119
0.02158270544
0.001951478688
0.02139164554
0.001878351611
0.02123660529
0.001739257982
0.02114504569
0.001551585163
0.02103207448
0.001479309211
0.02090819771
0.001378669822
0.02077722592
0.001255782292
0.02060602389
0.001114686597
0.02049719473
0.001058752279
0.02042823283
0.0009874760321
0.02036314579
0.0009139610037
0.02027494558
0.0008418892858
0.02022341704
0.0007844833506
0.02018670365
0.0007265686671
0.02015498009
0.0006712131824
0.02012690127
0.0006189956736
0.02010195906
0.0005699116497
0.02007977343
0.000523890093
0.02006007097
0.0004807445372
0.02004266425
0.0004402142674
0.02002742788
0.0004020364712
0.02001427224
0.000366004373
0.02000311759
0.0003319962152
0.019994625
0.0002992201698
0.01998780871
0.0002643471099
0.01998193237
0.0002364195842
0.01997754221
0.0002105418819
0.01997446185
0.0001867012532
0.01997251973
0.0001648481268
0.01997155887
0.000144903742
0.01997143752
0.0001267805516
0.01997202439
0.0001103985235
0.01997318923
9.569427504e-05
0.01997479635
8.261679155e-05
0.01997670497
7.11117262e-05
0.01997877537
6.110452966e-05
0.01998088038
5.248752127e-05
0.019982918
4.511827071e-05
0.01998481762
3.883125426e-05
0.01998654185
3.34539664e-05
0.01998808133
2.882616016e-05
0.01998944532
2.481240276e-05
0.01999065333
2.130678751e-05
0.01999172698
1.823129433e-05
0.01999268545
1.552883417e-05
0.01999354408
1.315587567e-05
0.0199943151
1.107637251e-05
0.01999500791
9.258568274e-06
0.01999563059
7.67335642e-06
0.01999619081
6.294172634e-06
0.01999669576
5.097734656e-06
0.01999715226
4.063261307e-06
0.0199975669
3.175541484e-06
0.01999794488
2.408303076e-06
0.01999829455
1.812980097e-06
1.02387087e-06
0.02425633004
-0.002337507564
0.02452129765
-0.001988293639
0.02472363578
-0.00155931566
0.02477492479
-0.001015183495
0.02479114704
-0.0004940865347
0.02476326361
-1.016423841e-05
0.02467977844
0.0004495883247
0.02452338445
0.0009096534104
0.02431636131
0.001308200647
0.02402748061
0.001706164056
0.02369009849
0.001995156687
0.02333206994
0.002247704633
0.02298106074
0.002387146144
0.02266462002
0.002412154285
0.02236632634
0.002442977303
0.02205229987
0.002433698173
0.0217612428
0.002311440197
0.02156701225
0.002145709235
0.02136997447
0.002075389389
0.02116526531
0.001943967141
0.02094967164
0.001767178842
0.02079209533
0.001636885526
0.02067279856
0.001497966593
0.02056445878
0.001364122067
0.02043962775
0.001239517629
0.0203590353
0.00113934473
0.02029915371
0.001047357619
0.02024817085
0.0009649438697
0.02019982543
0.0008902347073
0.02016224503
0.0008220637483
0.02013031146
0.0007585022423
0.02010241251
0.0006991121377
0.02007783564
0.0006435725417
0.02005605512
0.0005916921689
0.02003670467
0.0005432405495
0.02001954834
0.000497900861
0.02000445039
0.0004553122236
0.01999134391
0.0004151429477
0.01998019703
0.0003771512531
0.01997098128
0.0003412119714
0.01996516264
0.0003050388123
0.01995952626
0.0002699834857
0.01995554768
0.0002403981644
0.01995306198
0.0002130275889
0.01995189025
0.0001878729771
0.01995185689
0.0001648814921
0.01995279797
0.0001439626595
0.01995456104
0.000125017479
0.01995699655
0.0001079630165
0.01995994725
9.274357316e-05
0.01996324515
7.931889883e-05
0.01996671489
6.764198062e-05
0.01997018872
5.763070065e-05
0.01997352273
4.915351654e-05
0.0199766113
4.202969516e-05
0.0199793947
3.60478577e-05
0.01998185587
3.099280189e-05
0.01998401025
2.667177859e-05
0.0199858929
2.292974658e-05
0.01998754435
1.965534151e-05
0.01998900271
1.677292596e-05
0.01999029864
1.423290715e-05
0.01999145532
1.199919328e-05
0.01999248994
1.00417468e-05
0.01999341597
8.332540947e-06
0.01999424532
6.844000425e-06
0.01999498878
5.550713848e-06
0.01999565667
4.42984585e-06
0.01999625889
3.461043626e-06
0.01999680425
2.630179129e-06
0.01999730061
1.911946957e-06
0.01999775869
1.354897752e-06
6.166165332e-07
0.02478209706
-0.002720574485
0.02502242903
-0.002228625611
0.02518709137
-0.001723977996
0.02528310122
-0.001111193347
0.02534252869
-0.000553514013
0.0253276115
4.752977231e-06
0.02524274515
0.0005344546515
0.02503541578
0.001116982777
0.02473750426
0.001606112161
0.02438784329
0.002055825034
0.02402306521
0.002359934768
0.02363116987
0.002639599981
0.0231861583
0.002832157722
0.02274913527
0.002849177325
0.02241677996
0.002775332614
0.02207839946
0.002772078679
0.02172724529
0.002662594369
0.02139201981
0.002480934721
0.02114062055
0.00232678864
0.02093979054
0.002144797151
0.02075324002
0.001953729363
0.02061368497
0.001776440585
0.02050265783
0.001608993732
0.02040979502
0.001456984878
0.02032742234
0.001321890306
0.02026282987
0.001203937205
0.02020966519
0.001100522293
0.02016531299
0.001009296077
0.02012788719
0.0009276605049
0.02009643973
0.0008535112143
0.02006954086
0.0007854011165
0.02004621804
0.0007224349607
0.02002572644
0.0006640641381
0.0200075435
0.0006098751128
0.01999133825
0.0005594457956
0.01997693229
0.0005123068289
0.01996425935
0.0004679851662
0.01995332451
0.0004260777837
0.01994416509
0.0003863106795
0.01993681449
0.0003485625734
0.01993283931
0.0003090139921
0.01992898199
0.0002738408026
0.01992681042
0.0002425697319
0.01992620127
0.0002136367386
0.01992700731
0.0001870669419
0.01992906851
0.0001628202943
0.01993221248
0.0001408186861
0.01993624967
0.0001209802923
0.01994096676
0.0001032459184
0.01994612772
8.758262362e-05
0.01995148413
7.396248617e-05
0.01995679604
6.233007648e-05
0.01996185612
5.257061465e-05
0.01996651135
4.449829401e-05
0.01997067403
3.78670115e-05
0.01997432029
3.24015945e-05
0.01997747637
2.783672544e-05
0.01998020001
2.394813412e-05
0.01998256018
2.056957629e-05
0.0199846225
1.759302692e-05
0.01998644059
1.495482953e-05
0.01998805471
1.261879135e-05
0.01998949332
1.05605788e-05
0.0199907773
8.757765209e-06
0.01999192383
7.186013173e-06
0.01999294775
5.820073638e-06
0.01999386329
4.635174782e-06
0.01999468405
3.609081266e-06
0.01999542262
2.722482421e-06
0.01999609053
1.962261317e-06
0.01999669758
1.304897714e-06
0.01999725722
7.952621514e-07
1.197474088e-07
0.0253109552
-0.003143845751
0.02563729141
-0.002554961834
0.0257844104
-0.001871096975
0.02592766322
-0.001254446172
0.02602835621
-0.0006542070236
0.02598482042
4.828877519e-05
0.02582198682
0.0006972882723
0.02556716528
0.001371804319
0.0252462129
0.001927064545
0.02482941152
0.002472626412
0.02431075857
0.002878587727
0.02384788992
0.003102468641
0.02333610563
0.003343942012
0.02279041158
0.003394871369
0.02226213115
0.003303613042
0.02184023584
0.003193973987
0.0214900201
0.003012810111
0.02117843994
0.002792514876
0.02093919937
0.002566029213
0.02074870344
0.002335293085
0.02059086997
0.002111562834
0.02046516183
0.001902148732
0.02036336189
0.001710793675
0.02028050485
0.001539841913
0.02021278554
0.001389609619
0.0201578957
0.001258827045
0.02011331439
0.001145103604
0.02007708933
0.001045521143
0.02004749843
0.0009572514055
0.02002303783
0.0008779718133
0.02000244441
0.0008059945404
0.01998471175
0.0007401676276
0.01996910078
0.0006796751052
0.01995512777
0.0006238481245
0.01994252538
0.0005720481899
0.01993119075
0.0005236414509
0.01992113402
0.0004780419013
0.01991243386
0.0004347779444
0.01990519977
0.0003935447703
0.01989958806
0.0003541742851
0.01989715904
0.000311443012
0.01989482475
0.0002761750956
0.01989427366
0.0002431208197
0.01989550467
0.0002124057337
0.01989846436
0.0001841072481
0.01990302842
0.0001582562309
0.01990898577
0.0001348613366
0.01991603419
0.0001139318728
0.01992379614
9.548397471e-05
0.0199318567
7.952206728e-05
0.01993981307
6.600611693e-05
0.01994732545
5.481769601e-05
0.0199541534
4.574266774e-05
0.01996017099
3.848070376e-05
0.0199653582
3.267980514e-05
0.01996977471
2.798508471e-05
0.01997352687
2.408456048e-05
0.01997673454
2.074045922e-05
0.01997950825
1.779586602e-05
0.01998193647
1.51648056e-05
0.01998408293
1.280836648e-05
0.01998599147
1.071025912e-05
0.01998769202
8.860024748e-06
0.01998920741
7.242376295e-06
0.0199905571
5.836313535e-06
0.01999175967
4.617508458e-06
0.01999283286
3.561980634e-06
0.01999379357
2.648373323e-06
0.01999465686
1.859195092e-06
0.01999543724
1.181874322e-06
0.01999614552
5.966168398e-07
0.01999679841
1.423816791e-07
-4.590764091e-07
0.02589303155
-0.0007887011713
-0.0007888122278
0.02613945086
-0.000761151696
-0.0006398613816
-0.0007604194846
-0.0006399485719
0.02616092189
-0.001892568016
0.02621417714
-0.001307701439
0.02617954569
-0.000619575552
0.02610288207
0.0001249523977
0.02595511802
0.0008450523275
0.02568961099
0.001637311344
0.0252636162
0.00235305934
0.0248278919
0.002908350721
0.02423893766
0.003467541968
0.02356692017
0.00377448613
0.02296645131
0.003944410878
0.02242306648
0.0039382562
0.02191925722
0.003807422292
0.02150826241
0.003604968805
0.02117096612
0.0033501064
0.02089301695
0.003070464052
0.02067331798
0.002785728178
0.02050011444
0.002508496631
0.02036402721
0.002247650061
0.02025756952
0.002008606428
0.02017412092
0.001794242276
0.02010862802
0.001605334815
0.0200572867
0.001440950938
0.02001724066
0.001298873085
0.01998624714
0.00117609713
0.01996240213
0.001069366156
0.01994401119
0.0009756423406
0.01992958042
0.0008924025908
0.01991786096
0.0008177140067
0.01990789238
0.0007501362013
0.01989901438
0.0006885531073
0.0198908404
0.000632022104
0.01988320234
0.0005796862529
0.01987608584
0.0005307579505
0.01986957507
0.0004845526785
0.01986381559
0.0004405374257
0.01985899599
0.0003983643682
0.01985707116
0.0003560991196
0.01985474147
0.0003137727003
0.01985413102
0.0002767855453
0.01985551913
0.000241732709
0.01985912221
0.0002088026533
0.01986502502
0.0001782044399
0.01987311477
0.000150166476
0.01988305048
0.0001249256305
0.0198942841
0.0001026982559
0.01990613657
8.363150453e-05
0.01991790794
6.775069722e-05
0.01992899063
5.492342378e-05
0.01993895437
4.485396634e-05
0.01994758114
3.711589638e-05
0.01995485038
3.121146646e-05
0.01996088644
2.664374029e-05
0.01996589243
2.297910271e-05
0.01997008821
1.988877676e-05
0.01997366841
1.716025868e-05
0.01997678068
1.468359099e-05
0.01997952599
1.241949442e-05
0.01998196743
1.036693008e-05
0.01998414404
8.533647507e-06
0.01998608317
6.920888341e-06
0.01998780765
5.517892711e-06
0.01998933965
4.304313708e-06
0.01999070164
3.255515819e-06
0.01999191514
2.348482063e-06
0.01999300021
1.563300689e-06
0.01999397492
8.844887074e-07
0.0199948551
3.016914269e-07
0.01999565414
-2.024161934e-07
0.01999638977
-5.932529233e-07
-1.110982324e-06
-0.006469751572
0.006418059104
-0.0007094677796
8.562741578e-09
0.02401363435
-0.0004217731597
-0.006326500146
-0.00588275579
-0.00632684468
-0.005882976254
-0.0003220665924
-0.0004213741418
-0.0003219116145
0.02365034179
-0.000944408884
0.02347820518
-0.0004474389448
0.02338689594
0.0002162616326
0.0232703102
0.0009616380913
0.02320172462
0.001705896926
0.02298458465
0.002570199303
0.02262884148
0.003264093884
0.02226909129
0.003827292154
0.0218776189
0.004165958535
0.02151083949
0.004311190295
0.02116629709
0.004282798612
0.02085167638
0.004122043
0.02058522445
0.003871420738
0.02036716838
0.003568162465
0.02019500939
0.003242623037
0.02006386459
0.002916872985
0.01996668137
0.002605679847
0.01989632571
0.002318005729
0.0198463781
0.002058554033
0.01981164221
0.001828978175
0.01978823277
0.001628744251
0.01977338657
0.001455797143
0.01976512723
0.001307132428
0.01976191834
0.001179306017
0.01976241732
0.001068867184
0.01976538091
0.0009726787551
0.01976969257
0.0008880909333
0.01977443847
0.000812968102
0.01977896409
0.0007456105895
0.01978288142
0.0006846357705
0.01978603017
0.000628873353
0.01978841384
0.0005773025863
0.01979013815
0.0005290336463
0.01979137302
0.0004833178024
0.01979234496
0.0004395654864
0.01979335508
0.0003973542555
0.01979654774
0.0003529064574
0.01979883271
0.0003114877334
0.01980265185
0.0002729664033
0.01980857469
0.0002358098684
0.01981703367
0.000200343671
0.01982819031
0.0001670478031
0.01984184121
0.0001365155769
0.01985740484
0.0001093620027
0.01987400695
8.609614857e-05
0.019890644
6.699445602e-05
0.01990637593
5.201876201e-05
0.01992049102
4.080833539e-05
0.01993259655
3.274844359e-05
0.0199426223
2.70901507e-05
0.01995075076
2.308300387e-05
0.01995731049
2.008400956e-05
0.01996266885
1.762074469e-05
0.01996715331
1.540432158e-05
0.0199710113
1.330226242e-05
0.01997440552
1.128936695e-05
0.01997742982
9.395197655e-06
0.01998013491
7.661841134e-06
0.0199825501
6.118453847e-06
0.01998469854
4.77244813e-06
0.01998660419
3.612237331e-06
0.01998829309
2.615416538e-06
0.01998979166
1.756942283e-06
0.01999112556
1.014578937e-06
0.0199923176
3.71263872e-07
0.01999338804
-1.85957799e-07
0.01999435457
-6.648366981e-07
0.01999523126
-1.07910303e-06
0.01999603841
-1.400398753e-06
-1.825628228e-06
-0.001295017213
0.000136705675
0.001260596956
-0.0001016133097
-6.721000046e-07
-0.004452198432
0.004287647687
-0.000257253262
3.086288474e-08
0.01447261159
-0.001061680592
-0.004125906761
-0.003051780909
-0.004126292066
-0.003051360156
0.01472566754
-0.0007004948937
0.01515696702
-0.0002150378384
0.01562409547
0.00049450965
0.01605756257
0.001272429827
0.01651120218
0.002116559692
0.01690124577
0.002874050295
0.01724768392
0.003480854013
0.01752719833
0.003886444123
0.0177530132
0.004085375427
0.0179367341
0.004099077718
0.0180919643
0.003966812801
0.01822991972
0.003733465319
0.01835730443
0.003440777754
0.01847759842
0.003122329043
0.01859195026
0.002802521153
0.01870017409
0.002497456016
0.01880158374
0.002216596075
0.0188956056
0.001964532179
0.01898209839
0.001742485386
0.01906138802
0.00154945462
0.01913411175
0.001383073419
0.01920098971
0.001240254471
0.01926263153
0.001117664194
0.0193194433
0.001012055423
0.01937164502
0.000920477034
0.01941935857
0.0008403773888
0.01946270555
0.0007696211229
0.01950187003
0.0007064461046
0.01953711178
0.000649394028
0.01956874283
0.0005972423048
0.01959709249
0.0005489529253
0.01962248553
0.0005036406049
0.01964524906
0.0004605542729
0.01966574873
0.0004190658152
0.01968460741
0.000378495578
0.0197036249
0.0003338889675
0.01972043079
0.0002946818477
0.01973747797
0.0002559192253
0.01975544852
0.0002178393198
0.01977479711
0.0001809950762
0.0197956173
0.0001462276132
0.0198175815
0.0001145513767
0.01983998696
8.695654292e-05
0.01986190363
6.417947707e-05
0.01988238147
4.651662271e-05
0.0199006532
3.374703507e-05
0.0199162725
2.518903115e-05
0.01992915488
1.986607457e-05
0.01993952472
1.67203108e-05
0.01994780163
1.480609553e-05
0.0199544714
1.341423384e-05
0.01995998052
1.21116275e-05
0.01996467541
1.070943035e-05
0.01996878734
9.190333221e-06
0.01997244998
7.626728251e-06
0.01997573169
6.113483687e-06
0.01997866737
4.726157338e-06
0.01998128109
3.50473765e-06
0.01998359782
2.455711962e-06
0.01998564656
1.563493476e-06
0.01998745869
8.032845285e-07
0.01998906517
1.504620193e-07
0.01999049455
-4.147971694e-07
0.01999177174
-9.059268918e-07
0.0199929181
-1.332319051e-06
0.01999395258
-1.699320199e-06
0.01999489035
-2.01687389e-06
0.01999575307
-2.263109071e-06
-2.588721847e-06
-0.0003987620557
6.320232104e-05
-6.139052689e-05
-1.679828808e-07
0.0003971182434
-0.0003972892539
0.0003427919815
0.00146313919
-2.332782451e-08
-0.0003136650116
-0.0003949541567
-0.0003124266117
-9.951536469e-05
-9.830853954e-05
-9.408072701e-05
-9.566815921e-05
0.005260116265
-0.00042633378
-0.001486658131
-0.0009010531931
-0.001486753756
-0.0009010765845
-0.000346650651
-0.0004270096876
-0.0003462610706
0.005705137175
-0.001145515783
0.006182984168
-0.0006928848261
0.006771016183
-9.352235454e-05
0.007442068801
0.0006013772088
0.008212861164
0.00134576733
0.009056405474
0.002030505986
0.00994989313
0.002587366364
0.01085752243
0.00297881483
0.01174685686
0.003196041004
0.0125932973
0.003252637274
0.01338063418
0.003179475928
0.01410010613
0.003013993371
0.01474863519
0.002792248695
0.01532711237
0.002543851862
0.015839096
0.002290537527
0.01628977958
0.002046772438
0.01668522988
0.001821145766
0.01703186039
0.001617901675
0.01733604324
0.001438302539
0.01760380443
0.001281693432
0.01784059351
0.001146284337
0.01805114214
0.001029705847
0.01823941893
0.0009293874024
0.01840866955
0.0008428048077
0.01856151565
0.0007676309377
0.01870007764
0.0007018154037
0.01882608868
0.0006436100847
0.01894098066
0.0005915541255
0.01904593956
0.0005444351231
0.01914193992
0.0005012419458
0.01922977353
0.0004611193078
0.0193100857
0.0004233284414
0.01938342423
0.0003872157457
0.01945029608
0.0003521939728
0.01951300709
0.0003157845674
0.01956826431
0.0002786317474
0.01961873192
0.0002442142447
0.01966495709
0.0002096940499
0.01970738907
0.0001754073424
0.01974631584
0.0001420682985
0.01978183435
0.0001107091013
0.01981387638
8.250935394e-05
0.01984228733
5.854559114e-05
0.01986693436
3.953244838e-05
0.01988780813
2.564285558e-05
0.01990508484
1.647032551e-05
0.01991913049
1.114338432e-05
0.01993045125
8.545314422e-06
0.01993961135
7.560219689e-06
0.01994714774
7.269699487e-06
0.01995350639
7.055589218e-06
0.01995901273
6.605287033e-06
0.01996387546
5.846695209e-06
0.01996821266
4.853139076e-06
0.01997208593
3.753448007e-06
0.01997553091
2.668505755e-06
0.01997857738
1.679681675e-06
0.01998125864
8.234784859e-07
0.01998361259
1.017631854e-07
0.01998567924
-5.031615854e-07
0.0199874968
-1.014275655e-06
0.01998909971
-1.452449461e-06
0.01999051756
-1.832648173e-06
0.01999177581
-2.164175671e-06
0.01999289629
-2.452800827e-06
0.01999389855
-2.701582419e-06
0.01999479859
-2.916904154e-06
0.01999562113
-3.08565791e-06
-3.302423957e-06
6.092016535e-06
0.0001137194011
1.191497145e-08
-0.0001264477601
6.624427137e-06
-3.570427215e-05
0.0001325575502
3.894481863e-05
-0.0001349266768
-8.714196963e-07
-9.86553792e-06
-3.341411262e-05
-0.0003831301153
7.599415185e-08
-0.001542569858
-0.0009022181228
0.0001190255
0.000530577514
0.000119022453
0.0005306467348
-0.001641080164
-0.0005943745062
-0.0014975081
-0.000237094402
-0.00108204329
0.0001859124023
-0.000354836544
0.0006185605814
0.0006461626444
0.001029506808
0.00186467893
0.001368850096
0.003228603649
0.001614890123
0.0046629993
0.001761645365
0.006101031408
0.001814605177
0.00748805425
0.001792453098
0.008788780198
0.001713267432
0.009982956999
0.001598071902
0.01106225154
0.001464557331
0.01202705285
0.001325736227
0.01288343408
0.001190391213
0.01364069737
0.001063882476
0.01430959302
0.0009490060143
0.01490110602
0.0008467895361
0.01542570438
0.0007570950695
0.01589290089
0.0006790878195
0.01631104765
0.0006115590905
0.01668728675
0.0005531482951
0.01702760092
0.0005024906406
0.01733692445
0.0004583074094
0.0176192813
0.0004194585558
0.01787792695
0.0003849644333
0.01811547915
0.0003540019271
0.01833402959
0.0003258846892
0.01853523503
0.0003000365001
0.01872039177
0.0002759625618
0.01889049643
0.0002532237862
0.01904629795
0.0002314142284
0.01918833412
0.000210157813
0.01931796574
0.0001861529586
0.01943235129
0.0001642462014
0.01953371343
0.000142852113
0.01962213274
0.0001212747536
0.01969774168
9.979839574e-05
0.01976084448
7.896550371e-05
0.01981203455
5.951902787e-05
0.01985227421
4.226969642e-05
0.01988290236
2.791744006e-05
0.01990555422
1.688058925e-05
0.019922006
9.191087882e-06
0.01993398403
4.49229557e-06
0.01994298967
2.137747971e-06
0.01995018275
1.352233483e-06
0.01995634404
1.398939484e-06
0.01996191106
1.70267475e-06
0.01996706233
1.904323923e-06
0.01997181805
1.849568025e-06
0.01997613021
1.534533713e-06
0.01997994609
1.037246827e-06
0.01998324132
4.582184294e-07
0.01998602785
-1.180244775e-07
0.01998834645
-6.389281719e-07
0.01999025327
-1.083339093e-06
0.01999180731
-1.45228061e-06
0.01999306199
-1.757850071e-06
0.01999406224
-2.014522778e-06
0.0199948442
-2.234414771e-06
0.0199954372
-2.425646231e-06
0.01999586594
-2.592921536e-06
0.01999615201
-2.73886422e-06
0.01999631522
-2.864794002e-06
0.01999637326
-2.974952067e-06
0.0199963601
-3.072491279e-06
-3.154329654e-06
6.128387052e-05
0.0001172219242
4.38985653e-08
-9.724318412e-05
-8.130650885e-05
0.000147709879
0.0001142806634
-9.067277472e-05
-4.715921853e-07
-0.0001708461744
0.000240192968
0.000347873705
-0.00121242891
-0.0001734228437
6.564201264e-09
0.0002680063044
0.0002502344677
0.0002795377381
-0.00676545942
0.001369584884
0.001562538018
0.001369618742
0.001562546556
-0.007358208798
-0.007593275875
-0.007405269597
-0.006784827474
-0.005753997862
-0.004384622229
-0.002770081295
-0.001009535576
0.0008033824724
0.002593825927
0.004304987238
0.005901062267
0.007363911877
0.008688300646
0.009877760831
0.01094113132
0.01189002428
0.01273700842
0.01349451629
0.0141741478
0.01478630839
0.01534005818
0.0158431082
0.01630190987
0.01672178937
0.01710710167
0.01746138294
0.01778748471
0.01808768282
0.01836375855
0.01861705346
0.01884850807
0.01905867547
0.01924481336
0.01940903173
0.01955185054
0.01967309177
0.01977285975
0.0198517995
0.01991129749
0.0199535501
0.01998145351
0.01999832243
0.02000750384
0.02001198831
0.02001411996
0.02001546759
0.02001686302
0.02001856275
0.02002046417
0.02002231044
0.02002384107
0.02002487376
0.02002532689
0.02002520346
0.02002455905
0.02002347036
0.02002201302
0.02002025049
0.0200182317
0.02001599341
0.02001356425
0.02001096811
0.02000822627
0.02000535871
0.02000238116
0.0199993062
0.0001054775328
-4.321808286e-08
1.775484747e-05
-0.0001170971457
-0.0001068352333
-5.841975054e-05
8.283366662e-08
0.0001168601797
4.831196973e-05
0.0001054140294
-6.116735528e-06
-1.896624387e-08
1.775336553e-05
-0.0001170316931
-0.0001068239369
-5.84476094e-05
8.338322466e-08
0.0001168555056
4.833265706e-05
5.771853192e-08
4.354221956e-05
-8.915130512e-05
-5.730372246e-05
9.085572587e-08
3.331107662e-05
2.385308125e-05
-6.128813769e-05
4.783751752e-08
4.352056008e-05
-8.910419644e-05
-5.731050884e-05
9.509599557e-08
3.330253402e-05
2.386173622e-05
5.228445051e-05
-0.0003949438239
-5.601909333e-05
-8.357509653e-08
4.023274363e-05
-3.301273117e-08
-1.987826416e-05
8.515606431e-05
5.218672634e-05
0.0003987474952
-6.308664251e-08
-0.0003948814614
-5.598967237e-05
4.014168917e-05
-1.235258118e-08
-1.984699123e-05
8.513168354e-05
-2.610374409e-07
-7.668282379e-05
3.617915703e-09
-3.64257618e-05
-7.698557125e-05
-3.623126691e-05
-3.044292313e-07
4.207196396e-05
-4.203489458e-05
4.170479518e-05
-4.299104371e-05
1.125983482e-09
0.0001179805294
0.0001249209172
-9.496576444e-05
-2.258070471e-07
2.080823412e-08
3.660082451e-05
-9.397804189e-05
-0.0002012925711
3.453000318e-05
0.000166955372
-2.378497754e-07
0.0001172485429
2.553552559e-08
-9.721713159e-05
-8.134507942e-05
0.0001179277088
-0.0001476858316
-2.039620425e-07
0.0001249220141
-9.495992961e-05
2.284457988e-08
3.658670672e-05
-9.397891642e-05
-0.0002012850906
-2.328829923e-07
3.44931739e-05
0.00016697105
-7.867137362e-05
-3.723324589e-08
6.344964973e-09
-3.565516291e-05
2.129651789e-07
7.856551348e-05
-3.638745641e-05
3.492765685e-09
-3.671151599e-05
-3.537033748e-05
-2.434914833e-07
-7.669542903e-05
-3.643911184e-05
-7.702187261e-05
-3.627930036e-05
-7.868506634e-05
-2.617772916e-08
-3.566646565e-05
2.093690752e-07
7.860307271e-05
-4.20987088e-05
-3.639459977e-05
-4.171005039e-05
-3.671656984e-05
-3.539741841e-05
8.167335772e-05
-3.600532051e-05
-1.785737425e-07
-4.661924495e-05
1.341396884e-09
1.128440535e-06
4.38341137e-05
-8.901357893e-05
1.606422641e-09
-6.137304591e-05
0.0001066086267
2.728740619e-08
-8.140533925e-05
8.288536833e-05
1.07677623e-07
3.559660867e-05
-6.449727151e-05
-6.035831122e-05
2.57203626e-09
8.254115099e-05
-6.435700679e-05
5.111025413e-10
-6.055473024e-05
-4.680469731e-05
8.173813465e-07
-2.711363036e-05
-2.16730763e-05
5.707680989e-08
4.915556897e-10
2.109895216e-06
3.322727639e-05
2.436278777e-05
1.605911106e-10
-5.754796572e-05
6.436475761e-08
2.671290619e-05
-5.796346825e-05
-8.97260323e-08
2.175871455e-05
2.152773759e-06
5.373784431e-10
-5.817953662e-05
8.350679894e-11
2.568952609e-06
1.723986996e-06
-3.072495703e-07
-4.205894934e-05
-4.299699404e-05
8.168254077e-05
-3.600759391e-05
-1.786224656e-07
-4.662347542e-05
1.128498565e-06
4.383291541e-05
-8.901841252e-05
0.0001066121851
-6.137724755e-05
2.685559988e-08
-8.142514376e-05
8.285988978e-05
1.131226217e-07
3.560689555e-05
-6.448539281e-05
-6.033881755e-05
8.254789452e-05
-6.43614562e-05
-6.055091898e-05
-4.681498711e-05
8.181099475e-07
-2.711433914e-05
-2.167498818e-05
5.639189908e-08
2.109957063e-06
3.322791053e-05
2.436278459e-05
-5.754494899e-05
6.923144118e-08
2.671920471e-05
-5.797129615e-05
-8.786428729e-08
2.176420707e-05
2.15359963e-06
-5.817811306e-05
2.568947986e-06
1.724815847e-06
0.0001518300596
-0.001327643004
-0.0001188442433
-3.600161193e-07
0.0006120776837
-0.0006211563812
-3.298260047e-08
6.139613291e-05
0.001294910617
0.000152073054
-3.867678683e-07
-0.001327787495
-0.0001188093985
0.000613010602
-7.03063981e-08
-0.0006212587538
6.050518684e-05
2.906155454e-08
0.0004842830652
-0.001081713016
-0.001219064789
-0.001216995666
-0.001082254456
-9.265199533e-05
-7.639199627e-05
-7.377756048e-05
-9.366106205e-05
-1.149809911e-07
6.86873781e-05
0.0006067076091
-7.840195044e-05
0.0006293336049
5.24040374e-05
-0.0006036116347
2.759446966e-07
0.0001366628536
-6.719591963e-07
0.001260523424
-0.0001016036929
0.00048457673
0.004451845419
-0.001081596747
-0.001219035209
-0.001217001866
-0.001081997128
-9.272589229e-05
-7.642052249e-05
-7.379948689e-05
-9.381626692e-05
-6.223752908e-05
-6.908887999e-08
6.653323088e-05
0.0006087839933
-7.841206779e-05
0.0006293319573
2.704922816e-07
5.249974985e-05
-0.0006036901301
-1.521320993e-08
0.0003948356143
4.54236065e-05
0.000394740557
4.554268229e-09
4.558265816e-05
-0.000403814022
-7.086684353e-05
-1.010344024e-06
-1.112679731e-07
9.485358263e-05
5.920982287e-05
-0.0001299249418
0.0001058030951
0.0001132366614
-8.893060027e-05
-1.842148966e-07
-1.136898688e-07
-6.127548987e-05
0.0003978991372
0.0003974315156
-1.032814868e-06
-0.0004038991137
-7.091165623e-05
-0.0001137843753
-7.179764869e-08
9.479533256e-05
5.920252326e-05
-0.0001298920299
0.0001058620345
-2.015966962e-07
0.0001132195915
-8.89879998e-05
-2.784672899e-05
-0.0001374112461
-3.712344179e-07
3.924922802e-08
0.0001284670756
-6.970415296e-05
-0.0001102847397
9.578580183e-05
-6.852697124e-08
0.0001325479899
-9.784336761e-09
-0.0001264802565
6.588926613e-06
3.569632179e-05
-3.500036298e-07
-2.782730847e-05
-0.0001374110329
3.478696106e-08
0.0001284444989
-6.967835362e-05
-0.0001102941804
-9.66024315e-08
9.579557231e-05
0.0001325229166
2.518385066e-08
0.00052633555
1.01043659e-05
-3.313580833e-05
-3.092556162e-05
7.746912007e-06
-0.0001254184707
-0.000119190264
-0.000119172942
-0.0001262344717
-2.349265151e-07
0.000129304304
-0.0001250734586
-0.0001003429821
-0.0001516098375
0.0001037067322
0.0001489791429
-7.330553396e-07
0.0001325140756
-8.542689877e-07
3.897766373e-05
-0.0001349411491
0.000526467129
9.804158131e-06
1.009271077e-05
-3.319232298e-05
-3.092671209e-05
7.738992297e-06
-0.0001254248293
-0.0001190982239
-0.0001191930868
-0.0001262426592
-0.0001141996254
-2.620595804e-07
0.0001292823845
-0.0001251148792
-0.0001003829646
-0.0001515452552
-7.17691349e-07
0.0001036678584
0.0001489780532
-9.705203254e-05
-8.145839321e-05
1.673898357e-09
0.0001171795961
3.01861082e-08
-8.737316568e-05
-7.025852048e-05
-8.746446088e-05
-7.011282112e-05
6.995882963e-10
9.903558889e-05
2.255893309e-08
-0.0001154976316
-7.102648507e-05
1.511835936e-09
-3.195333285e-08
-9.909937487e-05
-0.0001027134851
0.000120538302
-0.0001028910876
8.474062952e-10
0.0001204354719
-0.0001153604396
-7.108955942e-05
0.0002138161147
-7.260582137e-05
-1.360303197e-06
3.212915335e-05
-5.447910893e-07
-0.0002329143177
-0.0003107415301
2.451735031e-05
0.000287230272
-1.01365928e-06
-4.473101636e-07
-9.066344723e-05
-0.0001707747026
-0.0002402412244
-1.377680197e-06
0.0002138320775
-7.259613879e-05
-5.403439866e-07
3.211059358e-05
-0.0002328975153
-0.0003106958288
-1.010578488e-06
2.446425544e-05
0.0002872342418
0.0001025839167
-3.612567533e-05
-9.395691275e-08
-0.0001027948368
4.78748643e-09
1.761937356e-05
-0.0001169510503
7.069433228e-10
0.0001054624213
-6.174676015e-06
1.953447719e-08
-0.0001026743689
9.177132131e-05
4.447883972e-08
3.605153125e-05
-0.0001210256039
-3.216755297e-05
4.885012742e-09
9.149064776e-05
-0.0001208557815
3.018349519e-09
-3.217948514e-05
-0.0001029480589
-4.382965502e-05
-9.457203024e-05
-5.202162161e-08
3.71094331e-09
0.0001167848377
4.851328506e-05
2.367855118e-09
-5.860903452e-05
-1.253205174e-08
4.379244407e-05
-4.794533587e-05
2.319088511e-07
9.457797092e-05
1.884832026e-09
-4.791501536e-05
2.796060838e-09
0.0001025878742
-3.6135923e-05
-8.651436368e-08
-0.0001027997564
1.765134921e-05
-0.0001169395823
0.0001054326522
-6.162688145e-06
1.830403533e-08
-0.0001026667922
9.165118025e-05
3.226470363e-08
3.606741732e-05
-0.0001209662375
-3.21651387e-05
9.150397454e-05
-0.0001208583532
-3.218186739e-05
-0.000102965193
-4.384087269e-05
-9.457505068e-05
-4.658425587e-08
0.00011678324
4.852008591e-05
-5.860539468e-05
-6.040775687e-09
4.383209151e-05
-4.793678025e-05
2.208405085e-07
9.457710715e-05
-4.792014125e-05
4.513214298e-05
0.0002179281122
-1.467631245e-08
-5.763741982e-05
1.769336853e-09
-1.876131691e-08
-4.509700675e-05
4.500756157e-05
1.163258494e-08
-0.0002178173522
-6.653656164e-05
0.0002283231854
-0.0003947892973
-5.618636975e-05
-4.576010402e-09
0.0003987612468
5.213543213e-05
1.840723483e-09
4.506279632e-05
-6.647991855e-05
-4.69107318e-10
0.0002282337647
-5.752954121e-05
-1.986044735e-05
8.510099654e-05
-3.643358236e-11
4.018888749e-05
1.229589538e-07
7.39149879e-05
7.391284715e-05
4.503246016e-09
9.3120034e-05
-3.831580053e-08
1.790748081e-09
2.348762193e-08
-9.313228401e-05
0.0001117282886
1.890389814e-09
0.0001117627079
-3.941260362e-08
0.0003948198615
4.552193413e-05
0.0003947588365
4.5621645e-05
4.513898234e-05
0.0002179132209
-8.981142683e-09
-5.762982908e-05
-0.0003947547569
-5.614923492e-05
5.215587438e-05
0.0003986804513
-3.331356648e-08
-4.511852585e-05
4.509024375e-05
8.192058459e-09
-0.0002177806507
-6.650369225e-05
0.0002282864789
4.511157739e-05
-6.647465263e-05
0.0002282463468
-5.750713168e-05
-1.984833937e-05
8.51256361e-05
4.014295238e-05
7.293614748e-08
7.390166594e-05
7.391181484e-05
9.311694784e-05
-2.386350963e-08
1.318312363e-09
-9.313384786e-05
0.0001117605069
0.0001117711385
9.784302422e-05
-0.0001439293911
8.225919053e-08
-6.949548839e-05
1.957206664e-09
-1.027116964e-07
-9.792297241e-05
0.0001202331086
-1.683969697e-07
0.0001436895688
-6.656198903e-05
-0.0001719249495
0.0001252406589
-9.494942592e-05
-3.916333165e-11
-0.0001483357643
0.000117818757
5.734969079e-10
0.0001200893049
-6.644080932e-05
1.899543793e-09
-0.0001726083077
-6.951159196e-05
3.654302543e-05
-9.412366893e-05
5.818696287e-10
7.117359418e-09
-9.162827837e-05
-9.174293874e-05
7.2950728e-10
-3.695019526e-05
4.791875954e-08
-0.000125867807
6.569001622e-10
-4.231929043e-08
3.698081065e-05
-0.000130969595
-0.0001311707073
9.670684665e-10
-0.0001256891005
-0.00015943507
-3.602855986e-05
9.947872453e-08
8.527972165e-10
-2.157183006e-07
0.0001590629922
-0.0001908792607
-1.0468041e-07
3.603819907e-05
3.446973732e-05
0.0001673583771
9.662437576e-10
-0.000202112134
5.77100948e-10
-0.0001916224228
1.432615622e-09
-9.706729738e-05
-8.146213317e-05
0.0001171793902
3.351142911e-08
-8.736700935e-05
-7.022245381e-05
-8.746598953e-05
-7.011802086e-05
9.90419884e-05
2.579950597e-08
-0.0001154996357
-7.103264136e-05
-3.353162007e-08
-9.910882296e-05
-0.0001027262762
0.0001205235487
-0.000102893065
0.0001204402308
-0.000115370613
-7.10794259e-05
9.784809545e-05
-0.000143931885
8.29611468e-08
-6.949685278e-05
0.0001252378911
-9.495437509e-05
0.0001178309033
-0.0001483184296
-9.265644441e-08
-9.791361926e-05
0.0001202020047
-1.766499024e-07
0.0001436841303
-6.650138294e-05
-0.0001719660301
0.0001201008341
-6.642857189e-05
-0.0001726324389
-6.951714492e-05
3.654442263e-05
-9.412124314e-05
1.304929515e-08
-9.162008292e-05
-9.17379308e-05
-3.69496752e-05
4.502076834e-08
-0.0001258652622
-4.234975573e-08
3.697475924e-05
-0.0001309752696
-0.0001311701512
-0.0001256797196
-0.0001594334311
-3.602746724e-05
9.965440824e-08
3.446280453e-05
0.0001673595006
-0.0002021029228
-2.15220028e-07
0.0001590612199
-0.0001908542098
-1.05218318e-07
3.603598165e-05
-0.0001916138316
-0.0007632864081
-4.685345647e-08
-3.194990263e-08
0.006131056528
-0.0001970784662
-0.00014985298
-0.0001961370504
-0.001526870356
-0.001526177917
-0.001572481746
-0.001573882397
-0.0007637338886
0.006469923162
0.006130470602
-0.0001500447645
-0.0001967946969
-0.0001958025935
-0.001527007221
-0.001526267343
-0.001572436875
-0.001573809952
-0.0005482747218
-2.766640627e-08
0.005946752033
3.321875548e-08
-0.0001281389712
-0.0001347203095
-0.0001256315271
4.549027356e-09
0.006418881281
-0.0007093690864
-0.0005479396329
0.0059463346
-0.00013468373
-0.0001281980184
-0.0001256552655
5.33461976e-08
0.00118564347
-0.0001198355451
2.549097506e-09
0.001184972627
-0.0001190762276
8.402214306e-05
-0.001077738369
-2.439196055e-07
-8.776200164e-05
9.133887817e-09
-1.142421138e-06
-8.546440284e-05
-6.664487847e-07
0.001079463011
-0.001097517726
-8.289216456e-05
0.001259750896
-0.0001005315574
-0.001294607772
-3.987677061e-09
3.436581407e-09
-0.001097189566
-8.172365012e-05
-2.316870712e-08
-8.849975765e-05
-0.000160297611
-2.807366099e-08
0.002884468937
3.481840601e-08
-0.0007717266315
-0.0006285144462
-0.0007693903449
-2.826276122e-08
-0.0003275813204
0.004287566439
-0.0002570642874
-0.0001606653199
0.00288433609
-0.0003424840634
-0.000628500799
-0.0007716845617
-0.0007693642087
-0.0003277176532
8.207084661e-09
0.0002414733015
-7.454884844e-05
-6.135488865e-05
0.0003971141471
6.284718178e-05
-1.316026386e-08
0.0002413663765
-7.44801452e-05
8.478378106e-10
6.575982648e-05
9.923074761e-08
0.0002604930253
-8.498672912e-05
1.026040503e-09
-3.339960942e-07
-6.58731316e-05
6.370015768e-05
0.000399625223
6.377529226e-05
0.0003987597986
4.891921136e-09
0.0002609558461
-8.525643533e-05
-0.0003510551797
-4.506506591e-08
0.0001134193758
0.0001256079046
-6.666346576e-07
-5.481228798e-08
-0.0001546595581
-0.000152304825
-0.0002078518159
-0.0002109018065
0.001463446006
-0.0003950075513
-0.0003136252276
-0.0003123144527
-9.957947181e-05
-9.831920868e-05
-9.405774589e-05
-9.561824539e-05
-0.0003510704574
-6.885998533e-07
0.0001134125406
0.0001256521742
-0.000154704846
-0.0001522775907
-0.0002078468475
-0.0002109054311
-0.0001264992557
6.446309033e-06
0.000113886735
3.444260079e-09
3.452423538e-09
-2.662705623e-05
-0.0001319917124
-2.674820132e-05
-0.0001319288474
1.758724027e-09
0.000132580681
1.720055076e-08
-2.19694176e-05
-0.0001373786968
2.030775036e-09
-2.234287344e-08
-0.00013256346
0.0001213427855
1.786744311e-05
0.000121394231
1.760900596e-05
1.409404406e-09
-2.187136771e-05
-0.0001373019484
0.0001299354019
1.535978665e-05
-4.323271438e-08
-0.0001351511968
3.601761116e-09
-9.972376768e-07
-0.000129566741
0.000136372985
-3.995337499e-07
-1.346207006e-05
1.638209607e-05
-0.0001374471691
3.704512778e-05
-0.0001349825982
-3.467540166e-05
1.379992144e-09
0.0001317400673
1.062638709e-09
0.000135056669
1.701782552e-05
-0.0001370435336
3.349663145e-09
-0.0001353251304
-0.0002610099205
-2.933856636e-08
-0.0005681509739
1.502450465e-08
0.0001104109337
0.000156472915
0.0001143858583
1.271893717e-10
-0.0002985835047
-3.370193276e-05
-0.0003834275957
-0.0002609698657
-0.0005682452807
-0.0003478977004
0.0001564451169
0.0001103466855
0.0001143933477
-0.0002985682762
-4.361117925e-07
-0.0002008391961
-6.132242022e-05
-9.075286718e-05
-0.0001722154087
0.0001141608092
1.032874172e-10
-0.0002024382693
-6.136042801e-05
1.40910578e-09
8.636813382e-05
1.190800846e-06
-0.0002303924801
-5.960470783e-05
-1.149714179e-11
-1.103868818e-06
-8.601290313e-05
0.0001084417211
-0.0001921711245
0.0001087820323
-0.0001957323511
-8.367949649e-10
-0.0002264266213
-5.923468957e-05
-0.0001414269362
-5.943607251e-10
-0.001421239817
2.781962912e-09
0.0002987983102
0.0003254734434
0.0003128455722
-1.098829216e-11
-0.001212465771
-0.0001734095208
0.000250263905
0.0002679686219
0.0002795103882
-0.0001414158883
-0.001421259656
0.0003254468598
0.0002988585749
0.0003128966321
0.0001544763462
0.001130796773
2.490192936e-07
-9.988042662e-05
1.762900594e-09
-3.779925039e-07
-0.0001545026232
-3.901750853e-07
-0.001131028828
-8.494298873e-05
-0.001327446848
-0.0001173751569
1.21148276e-09
-7.262675983e-09
-8.415880747e-05
6.950076753e-10
-0.0001003097958
-6.937515194e-08
7.231239424e-05
0.0006378287509
7.215663692e-05
0.0006377435847
5.715746824e-09
5.901337758e-08
0.0009155482857
3.67681903e-09
0.0009159168078
-3.730587609e-09
6.168365933e-05
-0.0006211246413
6.077477507e-05
-1.699191693e-09
0.0006124540103
6.167046833e-05
7.558887857e-09
0.0008771896784
1.403756977e-07
8.281837475e-09
-2.044075847e-07
-0.0008774310569
0.0008540885963
5.333231225e-09
0.0008535959218
0.0001478376694
5.759432283e-08
0.001185663359
-0.000119860601
-3.030624879e-07
-0.0001480155081
0.001369808201
0.0001811270955
0.001369401043
0.0001804048559
0.00118502282
-0.000119144121
0.0001544301874
0.001130809697
2.595681561e-07
-9.983435449e-05
-0.001327649262
-0.000117328201
0.001294547172
-3.720809606e-07
-0.0001544018945
-4.164071276e-07
-0.00113108557
-8.463492055e-05
0.001097327526
-8.409411799e-05
0.00109715989
-0.0001002050832
-7.339600643e-08
7.23350064e-05
0.0006378643619
7.211040743e-05
0.0006378060392
5.337837802e-08
0.0009154678148
0.0009158150401
-0.0006211644296
6.063887331e-05
0.0006126094309
-4.587007004e-08
6.17417222e-05
6.171487742e-05
0.0008771834981
1.731397725e-07
-2.875442599e-07
-0.0008775248296
0.0008536826485
0.0008534460513
6.787787649e-05
0.0006073527481
-4.443709792e-08
-0.0008393782897
-7.110924663e-05
5.398481611e-07
0.0008221562999
2.939656089e-08
-4.293751223e-07
0.0008403131716
-8.336696457e-08
7.00909695e-05
0.0006004001413
-5.751993875e-08
0.0005999000298
3.540537207e-08
0.0008224442393
0.0007933548646
-6.456438363e-05
6.95541733e-07
1.828420068e-08
-1.12482089e-06
-0.0007945897607
-5.77929137e-07
6.511105446e-05
-6.774462798e-05
5.094715429e-05
-0.0006017286666
2.995473409e-09
-7.745999246e-05
9.296322099e-09
1.460702198e-08
-6.6985559e-05
8.406913368e-05
-0.001077302878
-2.4108749e-07
-8.811275846e-05
0.001259731968
-0.0001005444769
-1.147405859e-06
-8.556238642e-05
-6.499782643e-07
0.001078594213
-8.222040586e-05
-8.136063982e-05
-8.920641329e-05
6.673301662e-05
0.0006083648634
-6.260196843e-05
-0.0008383813987
-7.20676436e-05
5.616969542e-07
0.0008218039647
-3.795188059e-07
0.0008383749992
-1.112796829e-07
7.200801776e-05
0.0006009835265
-6.409627701e-05
0.0006001896171
-6.396825997e-05
0.0008217383022
0.0007932953744
-6.491740278e-05
7.183715281e-07
5.099864837e-05
-0.0006017689137
-7.745704343e-05
-1.139625859e-06
-0.0007944657091
-5.975358606e-07
6.582528877e-05
-6.793435434e-05
-6.707963547e-05
7.136178417e-05
0.0002849645687
3.024517555e-07
-9.613970632e-05
3.932802737e-09
-7.151652417e-07
-7.121826795e-05
3.714248957e-07
-0.0002863714633
-9.853182386e-05
-0.0004024140094
-7.101143944e-05
9.452108629e-10
6.847349585e-09
-9.810107468e-05
-9.737694792e-10
-9.633143142e-05
9.473249781e-05
5.923291493e-05
-1.056908725e-09
-6.702463913e-08
0.0001321000504
0.000131947279
7.560884356e-10
-0.0001067185435
1.384697002e-07
0.0001535424969
-1.864373394e-09
-4.332456515e-08
0.0001065904352
7.400549632e-05
7.386553762e-05
-2.612077526e-10
0.0001535725081
0.0001682374281
-0.0001110942028
2.578071766e-07
1.760188894e-09
-3.593962311e-07
-0.0001687042369
0.000183768465
-7.367476126e-08
0.0001112053404
-0.0001260567696
0.000113229778
-8.866080903e-05
2.317413141e-09
-0.0001297324168
0.0001049769262
-7.856527796e-11
0.0001830068261
2.013965042e-09
-0.0001259651607
-6.133043499e-05
0.000397282052
-1.284102004e-08
0.0002415350153
-7.45112004e-05
0.0002414028234
-7.449890401e-05
6.577257572e-05
9.202578711e-08
0.0002604866158
-8.494734638e-05
-2.73064144e-07
-6.581379904e-05
0.0003998897315
0.0003988181812
0.0002609586726
-8.514544088e-05
7.13753891e-05
0.0002849523221
3.02777763e-07
-9.613994615e-05
-0.0004024121714
-7.108428376e-05
-7.086163798e-07
-7.123513048e-05
3.696468074e-07
-0.0002863551639
-9.855137321e-05
-9.807773182e-05
-9.63288446e-05
9.472033047e-05
5.922633318e-05
-0.0001138765654
-6.874672048e-08
0.0001321133763
0.0001319245745
-0.0001067008001
1.1947126e-07
0.0001535566895
-3.3052485e-08
0.0001065435912
7.405074222e-05
-0.0001213587592
7.388017702e-05
-0.0001213879622
0.0001536309952
0.0001682523691
-0.000111092932
2.590762287e-07
0.0001132333802
-8.867814085e-05
-0.0001297424776
0.0001049879625
-3.710460248e-07
-0.0001687481517
0.0001837874229
-8.527520144e-08
0.000111186924
-0.000126038909
0.0001830369107
-0.0001259741495
0.0001358534314
-1.858600154e-05
5.014658055e-08
-0.000139289471
2.479033348e-09
-1.359148796e-07
-0.0001359001431
-1.199361787e-07
1.836553412e-05
-0.000139274748
-2.735942937e-05
-0.0001374195586
-7.416898392e-11
1.932314028e-09
-0.0001391095513
1.88380332e-09
-0.0001393558245
0.0001283661389
-6.975824363e-05
1.915491391e-09
-3.407098131e-08
-5.143590135e-05
-5.151287416e-05
1.0798316e-09
3.406506426e-08
0.0001329345776
-8.213449713e-05
0.000132957553
-8.224885478e-05
2.59222108e-09
2.207852724e-08
-5.595710026e-05
1.005035344e-09
-5.578119134e-05
1.691284514e-08
0.0001338674991
9.59968472e-05
0.000132460557
3.518725204e-09
-0.0001107106961
0.0001338502748
3.938167839e-09
-6.145958904e-05
6.306721035e-08
2.293835828e-10
-1.495540677e-07
6.120643608e-05
-6.778364305e-05
-4.405800219e-10
-6.825768487e-05
-0.0001264988522
6.453253491e-06
-1.68080275e-09
-2.667156478e-05
-0.0001319721503
-2.675381683e-05
-0.0001319268278
0.0001325767821
1.897159692e-08
-2.197085575e-05
-0.0001373766794
-3.617347395e-08
-0.000132574117
1.78404499e-05
1.760730842e-05
-2.187396605e-05
-0.0001373527448
0.0001358501283
-1.858504738e-05
5.255953504e-08
-0.000139286015
-2.734790996e-05
-0.0001374050963
3.466044765e-05
-1.373066807e-07
-0.0001358884601
-1.271392474e-07
1.83589924e-05
-0.0001392548467
-1.638804015e-05
-0.0001391049123
-1.701048917e-05
-0.0001393508718
0.0001283625866
-6.975188932e-05
-2.329745991e-08
-5.144113352e-05
-5.15066005e-05
1.319441693e-08
0.0001329691246
-8.213713109e-05
0.0001329540925
-8.224996208e-05
2.396898186e-08
-5.595214399e-05
-5.580078381e-05
9.60067863e-05
0.0001324593396
-0.0001107283031
-1.796153448e-08
0.0001338784031
0.0001338436379
-6.146010502e-05
6.582625519e-08
-1.522820036e-07
6.120742178e-05
-6.77870718e-05
-6.825839058e-05
0.0001292505961
-0.0001260394606
4.047099123e-09
7.641695173e-05
-0.0001241188936
6.110969182e-07
-8.806116687e-05
8.169725193e-10
-3.658887805e-07
-7.556061943e-05
-7.130047422e-07
0.000123766934
-0.0001396856779
4.50804054e-10
-0.0001420901811
8.671564278e-10
-8.650769963e-05
-9.929028373e-05
-0.0001153923867
1.199588367e-06
3.445142027e-09
-9.627869993e-07
9.589019452e-05
-1.721568281e-06
0.0001156523806
-0.0001046373455
0.00010504555
0.0001535825235
4.626872596e-10
-0.000102888677
5.404286733e-09
5.054985191e-10
-0.0001056221171
0.0001299316179
1.535978636e-05
-4.330763822e-08
-0.0001351517908
3.703939974e-05
-0.0001349834817
0.0001317516324
-9.847700196e-07
-0.0001295467634
0.0001363168768
-4.124518929e-07
-1.347431916e-05
-0.000137442423
0.0001350606069
-0.0001370432807
-0.0001353253907
0.0001292489197
-0.0001260638747
-0.0001141713503
7.642185266e-05
-0.0001241225382
6.120689837e-07
-8.806235237e-05
-3.695519921e-07
-7.557755425e-05
-7.13166238e-07
0.0001237747156
-0.0001397131221
-0.0001084633067
-0.000142083896
-0.000108814808
-8.651615271e-05
-9.928587859e-05
-0.0001153968812
1.199037652e-06
0.0001050442704
0.0001535696448
-0.0001028860301
-9.640542025e-07
9.588037738e-05
-1.70762793e-06
0.0001156793928
-0.0001047068362
-0.0001056182616
8.176198582e-05
-0.0002576814017
2.471758649e-06
-5.694453398e-05
-2.927580952e-10
-2.365232735e-06
-8.062712877e-05
-6.593615296e-07
0.0002485156298
-5.245579104e-05
0.0002219590972
-7.597627017e-05
2.645102338e-09
1.376454596e-09
-5.477905531e-05
-2.414751166e-10
-5.606637181e-05
-4.970493352e-07
-0.0002195754745
3.215844168e-05
-0.0002348528669
2.356292746e-10
-0.0002213216518
1.964697482e-10
-3.075801362e-05
1.356826361e-06
-0.0002515264192
1.249975832e-09
-1.456723824e-06
3.055794328e-05
-0.0002620430468
-0.0002670952199
4.035356323e-10
-0.0002468953959
-0.0002827146931
-2.864818571e-05
2.891040342e-06
8.838345535e-10
-1.007591167e-06
0.0002718674565
-3.033793253e-06
2.820326666e-05
2.565785187e-05
0.0002987950303
5.006076667e-10
2.092838116e-09
4.961605953e-10
-9.074556932e-05
-0.0001721914231
-4.358261416e-07
-0.0002008425897
-6.135106254e-05
-0.0002024219708
-6.139045478e-05
8.636356614e-05
1.183399679e-06
-0.0002303915891
-5.957736296e-05
-1.092131361e-06
-8.599885509e-05
-0.000192147023
-0.0001957356392
-0.0002264104861
-5.92475665e-05
8.176131653e-05
-0.00025767805
2.472960836e-06
-5.694811213e-05
0.0002219705389
-7.596770289e-05
-2.379323043e-06
-8.064246837e-05
-6.580177647e-07
0.0002485124029
-5.248190375e-05
-5.479362291e-05
-5.606759208e-05
3.216609135e-05
-0.0002348483225
-5.014723738e-07
-0.0002195932012
-0.000221339472
-3.075735486e-05
1.36761236e-06
-0.0002515258426
-1.4588062e-06
3.057013893e-05
-0.0002620386374
-0.0002670922264
-0.0002469030154
-0.0002827191298
-2.864979005e-05
2.895856857e-06
2.563577614e-05
0.0002987944856
-1.021750953e-06
0.0002718626799
-3.035220416e-06
2.821206644e-05
-8.013314513e-08
0.0001873683025
0.0001861171048
-2.072121383e-09
6.285982891e-07
-6.165101916e-09
-9.556722534e-08
0.0001873609403
0.0001861130379
6.373171112e-07
-5.329059356e-07
0.0001982053959
-2.289044404e-07
0.0001075502379
0.0001123215677
0.0001237268553
1.941027176e-09
0.0001964885841
-1.63970516e-09
0.0001062529285
-3.138771672e-09
8.143022893e-07
-5.329489242e-09
0.0001123200893
0.0001237328587
-5.574858688e-07
0.0001981779836
-2.527825577e-07
0.0001075169878
0.0001964786663
0.0001062599572
8.28697435e-07
4.582844632e-07
6.934670304e-08
-2.655511643e-06
4.865684195e-11
1.185960132e-07
5.351411427e-08
-1.270544271e-06
2.259715642e-11
4.265750851e-08
-3.497897664e-07
1.025823459e-11
2.737736315e-07
-2.652487793e-06
3.54244479e-08
-1.269933826e-06
-3.497286155e-07
8.430797846e-07
-1.470941725e-06
8.22303327e-08
1.000363253e-11
2.087456575e-07
-6.991120018e-07
6.289433463e-08
3.769634227e-12
-1.894325002e-07
4.838716968e-08
1.705752002e-12
7.697461655e-07
-8.729044237e-08
1.467947755e-06
1.381844191e-07
-6.716238977e-08
6.97579795e-07
-5.125175065e-08
1.891180908e-07
1.008388539e-06
-6.531102489e-12
2.409918314e-07
-4.383455324e-12
-1.977401179e-12
6.2168053e-07
1.122245962e-07
4.583062144e-07
6.93397026e-08
-2.655775605e-06
1.185958305e-07
5.350666727e-08
-1.270681246e-06
4.265204927e-08
-3.498296279e-07
2.740712848e-07
-2.653205041e-06
3.550062557e-08
-1.270315601e-06
-3.49842326e-07
8.430969257e-07
-1.471055634e-06
8.215230365e-08
2.087406805e-07
-6.991690074e-07
6.284863733e-08
-1.894483946e-07
4.836314661e-08
7.700875307e-07
-8.715769045e-08
1.46827235e-06
1.382708569e-07
-6.709156199e-08
6.977447529e-07
-5.121665836e-08
1.891668163e-07
1.008371724e-06
2.409796699e-07
6.220324114e-07
1.123135626e-07
)
;

boundaryField
{
    inlet
    {
        type            calculated;
        value           nonuniform 0();
    }
    outlet
    {
        type            calculated;
        value           nonuniform List<scalar> 
25
(
0.01996784253
0.02002358229
0.02001975098
0.02000345379
0.02000322691
0.02000294975
0.02000262646
0.02000226166
0.0200018608
0.02000142993
0.02000097558
0.0200005047
0.0200000246
0.01999954293
0.01999906752
0.01999860608
0.01999816594
0.01999775409
0.01999737723
0.01999704168
0.01999675305
0.01999651616
0.01999633484
0.019996212
0.01999614959
)
;
    }
    topAndBottom
    {
        type            symmetry;
        value           uniform 0;
    }
    frontAndBack
    {
        type            empty;
        value           nonuniform 0();
    }
    cylinder
    {
        type            calculated;
        value           uniform 0;
    }
    procBoundary1to0
    {
        type            processor;
        value           nonuniform List<scalar> 
116
(
-0.02157858341
-0.0215917208
-0.02161796556
-0.02165762049
-0.02171108983
-0.02177892202
-0.02186182464
-0.0219607453
-0.0220768974
-0.02221171274
-0.02236704235
-0.02254532381
-0.0227496096
-0.02298401664
-0.02325385173
-0.02356821466
-0.02393872312
-0.0243990301
-0.0248876839
-0.0008753239104
-0.006396353654
-0.006459140893
-0.006394728147
-0.006458330316
-0.0008754869796
-0.006495119481
0.0002044678226
0.000206454204
-0.0004032542804
-0.0004032974888
8.25799993e-05
3.078601428e-05
8.246718521e-05
2.863836369e-05
3.048862315e-05
2.872730128e-05
2.673122028e-07
9.807101987e-07
3.767460584e-05
3.69130472e-05
-3.190528794e-07
-4.559974552e-08
8.259063065e-05
3.079100435e-05
8.255295606e-05
2.875067611e-05
3.050472894e-05
2.875844539e-05
3.768862461e-05
3.695243822e-05
-3.191324266e-07
-4.557345437e-08
2.674445731e-07
9.80843933e-07
-0.0006646481637
-0.001402616718
-0.0006646040414
-0.0004033509189
-3.699206284e-05
-0.0002054099324
-3.698972304e-05
-0.0002053995195
-2.144893397e-06
-2.164186941e-06
-7.68080807e-05
-7.678517144e-05
-0.0004034191821
-3.69961613e-05
-0.0002054116382
-3.700488979e-05
-0.0002054010491
-2.170416914e-06
-2.178742328e-06
-7.680929589e-05
-7.676317271e-05
-0.001533134276
-0.006495048358
0.0002045338447
0.0002065490584
-0.001533145495
0.0001478159394
-0.001213679746
0.0001479658597
-0.001369840834
-0.0001810242795
-0.00121380891
-0.001369478281
-2.715881548e-10
-0.000180293699
-0.00066439262
-0.0009632898955
-0.0009626216606
-0.001213695468
-0.001402270969
-0.001213836607
-0.0006643624697
-0.0009632676941
-0.0009625707669
-0.001592339708
-0.001532079369
-0.001591454884
-0.00153207315
-0.001592360775
-0.001591501159
3.265440781e-06
1.561796595e-06
4.278110414e-07
3.266579533e-06
1.562391253e-06
4.279947797e-07
3.256272336e-06
1.556691859e-06
4.257194125e-07
3.256679968e-06
1.556907609e-06
4.257855976e-07
)
;
    }
    procBoundary1to3
    {
        type            processor;
        value           nonuniform List<scalar> 
125
(
-1.046878401e-06
-1.625115961e-06
-2.027328346e-06
-2.093875738e-06
-1.881541465e-06
-1.32281308e-06
-5.255654181e-07
3.491563026e-07
1.099626033e-06
1.687117462e-06
2.00962303e-06
2.106094627e-06
1.996844887e-06
1.707699488e-06
1.347454978e-06
9.310453899e-07
5.120191731e-07
1.130763381e-07
-1.945779164e-07
-4.127905061e-07
-5.436751662e-07
-6.014686372e-07
-6.014670594e-07
-5.593660425e-07
-4.942609143e-07
-4.209520627e-07
-3.478756146e-07
-2.793423612e-07
-2.170712823e-07
-1.616025119e-07
-1.131667943e-07
-7.112187495e-08
-4.040052257e-08
-9.613532824e-09
1.504965832e-08
2.780406917e-08
3.328462728e-08
3.351580083e-08
3.039800644e-08
2.574732381e-08
2.103675025e-08
1.708078597e-08
1.403636485e-08
1.167598225e-08
9.681043363e-09
7.836427234e-09
6.107590472e-09
4.611194088e-09
3.518120104e-09
2.948730554e-09
2.909697034e-09
3.290237323e-09
3.905493969e-09
4.557859941e-09
5.088767167e-09
5.405824883e-09
5.483907601e-09
5.349966566e-09
5.06044619e-09
4.680295725e-09
4.269709871e-09
3.874140262e-09
3.520869535e-09
3.221225045e-09
2.97404315e-09
2.771541768e-09
2.601459234e-09
2.471833927e-09
2.280605441e-09
5.268905252e-08
3.738434751e-08
-4.467479228e-08
4.871082325e-08
5.114245089e-08
4.5042663e-08
5.885885492e-08
5.374615335e-08
4.859300848e-08
3.131386789e-08
3.094186045e-08
4.951145034e-08
3.179195001e-08
3.106389335e-08
7.574754272e-09
4.217233433e-08
7.916786081e-09
5.291603125e-08
5.306838213e-08
5.356367796e-08
5.22638489e-08
4.520675637e-08
5.30121296e-08
5.53193759e-08
6.395786902e-08
5.786419974e-08
4.870619843e-08
6.502270331e-08
5.810016122e-08
-1.287227463e-07
-4.497964153e-08
-1.289805734e-07
3.726274693e-08
2.750326008e-08
2.721053026e-08
1.775445631e-08
6.398152225e-09
1.734113007e-08
3.919804913e-08
2.978851066e-08
2.814420303e-08
6.527392961e-09
1.875816206e-08
1.774141095e-08
2.368624884e-09
1.141638119e-09
3.169292209e-10
2.335425446e-09
1.12253371e-09
3.102903583e-10
2.396797226e-09
1.156971295e-09
3.221329367e-10
2.346033487e-09
1.128608044e-09
3.12387356e-10
)
;
    }
}


// ************************************************************************* //
