/*--------------------------------*- C++ -*----------------------------------*\
| =========                 |                                                 |
| \\      /  F ield         | OpenFOAM: The Open Source CFD Toolbox           |
|  \\    /   O peration     | Version:                                        |
|   \\  /    A nd           | Website:  www.openfoam.com                      |
|    \\/     M anipulation  |                                                 |
\*---------------------------------------------------------------------------*/
FoamFile
{
    version     2.0;
    format      ascii;
    class       volScalarField;
    location    "1.7";
    object      p;
}
// * * * * * * * * * * * * * * * * * * * * * * * * * * * * * * * * * * * * * //

dimensions      [0 2 -2 0 0 0 0];


internalField   nonuniform List<scalar> 
2429
(
0.0008583979747
-0.001118554605
-0.002783919887
-0.004143442595
-0.005211303901
-0.006008872233
-0.006562721198
-0.006902536048
-0.007059297349
-0.007063769248
-0.006945300812
-0.006730964798
-0.006444877851
-0.006107789542
-0.005737250998
-0.005348136729
-0.004952521338
-0.004559855454
-0.004177264505
-0.00380991215
-0.003461377581
-0.00313395276
-0.002828896632
-0.002546668323
-0.002287121218
-0.002049659323
-0.001833369075
-0.001637126878
-0.001459677806
-0.001299693572
-0.001155822482
-0.001026732043
-0.0009111367099
-0.0008078106365
-0.0007155948208
-0.0006334055007
-0.000560241314
-0.0004951843639
-0.0004373957391
-0.0003861102979
-0.0003406331784
-0.0003003382539
-0.0002646584915
-0.0002331129883
-0.0002052303646
-0.0001805796277
-0.0001587988557
-0.0001395637589
-0.0001225832807
-0.0001075989943
-9.438181633e-05
-8.272740221e-05
-7.245406582e-05
-6.340127666e-05
-5.542658796e-05
-4.840253866e-05
-4.221565498e-05
-3.676443224e-05
-3.195900158e-05
-2.771972971e-05
-2.397601334e-05
-2.066510672e-05
-1.773165818e-05
-1.512691986e-05
-1.280765706e-05
-1.073428041e-05
-8.870943296e-06
-7.183635503e-06
-5.642825363e-06
-4.211449533e-06
-2.8934235e-06
-1.554423061e-06
-7.689348169e-07
0.0005563837223
-0.001425177284
-0.003086109404
-0.004433120729
-0.005481808252
-0.006255240123
-0.006781722145
-0.007092554674
-0.007220136047
-0.007196394022
-0.007051537974
-0.00681313243
-0.006505564799
-0.006150082367
-0.005764165677
-0.005362468751
-0.004956819665
-0.004556343841
-0.004167845101
-0.003796195638
-0.003444700212
-0.003115401473
-0.00280934131
-0.00252678836
-0.002267430139
-0.002030532886
-0.001815072139
-0.001619834295
-0.001443492639
-0.0012846659
-0.001141965338
-0.001014030621
-0.0008995531632
-0.0007972897016
-0.0007060715868
-0.0006248119691
-0.0005525089507
-0.0004882443374
-0.0004311797269
-0.0003805523369
-0.0003356716378
-0.0002959164863
-0.0002607254943
-0.0002296216311
-0.0002021222496
-0.0001778136598
-0.0001563412762
-0.000137381931
-0.000120647182
-0.0001058822882
-9.286144587e-05
-8.138166845e-05
-7.126341143e-05
-6.234860278e-05
-5.449688151e-05
-4.758208677e-05
-4.149260811e-05
-3.612757284e-05
-3.139894832e-05
-2.722815085e-05
-2.354531917e-05
-2.028864094e-05
-1.740391471e-05
-1.48433116e-05
-1.256427662e-05
-1.052751387e-05
-8.698066863e-06
-7.042391803e-06
-5.531113176e-06
-4.127478438e-06
-2.835755606e-06
-1.52208252e-06
-7.566920451e-07
-5.674247508e-05
-0.002046473339
-0.003697242667
-0.0050178697
-0.006026826158
-0.006750596398
-0.007221020128
-0.007472716848
-0.007540977049
-0.007460055119
-0.007261885006
-0.00697507989
-0.006624943374
-0.00623293892
-0.005816306241
-0.005389427599
-0.004963695639
-0.004547621284
-0.004147368464
-0.003767216797
-0.003409918451
-0.003077001279
-0.002769049363
-0.002485943506
-0.002227048411
-0.001991359919
-0.001777629355
-0.001584464658
-0.001410402612
-0.001253957779
-0.001113660341
-0.000988088219
-0.0008758896735
-0.0007757940807
-0.0006866163498
-0.0006072597941
-0.0005367170826
-0.0004740695642
-0.0004184825869
-0.0003691993306
-0.0003255372316
-0.0002868842303
-0.0002526876132
-0.0002224735171
-0.0001957638487
-0.0001721636512
-0.0001513272809
-0.0001329351217
-0.0001167050583
-0.0001023898632
-8.977101611e-05
-7.864742738e-05
-6.884605621e-05
-6.021389184e-05
-5.261329618e-05
-4.592052565e-05
-4.002817109e-05
-3.483624716e-05
-3.02626938e-05
-2.623202026e-05
-2.267459927e-05
-1.95296707e-05
-1.674511564e-05
-1.427469904e-05
-1.207679575e-05
-1.011291336e-05
-8.350933556e-06
-6.758262234e-06
-5.305708882e-06
-3.957459802e-06
-2.717753099e-06
-1.456942645e-06
-7.275192372e-07
-0.000999269971
-0.003000582383
-0.004633926724
-0.005911735126
-0.006857257586
-0.007502503777
-0.007884973032
-0.008044541414
-0.008021003824
-0.007852023983
-0.007572159685
-0.007212068088
-0.006797949986
-0.00635096275
-0.005888442795
-0.005424301292
-0.004969021399
-0.004530145065
-0.004112879693
-0.00372057415
-0.003355109985
-0.003017238045
-0.002706868519
-0.002423303311
-0.00216541617
-0.001931797216
-0.001720871672
-0.001530989808
-0.001360486744
-0.001207721538
-0.001071107633
-0.0009491388496
-0.0008404052732
-0.0007435967162
-0.0006575031726
-0.0005810146025
-0.0005131185655
-0.0004529003606
-0.0003995318243
-0.0003522625956
-0.0003104222922
-0.0002734169799
-0.0002407052719
-0.0002118192432
-0.0001862911468
-0.0001637524281
-0.0001438629528
-0.0001263154674
-0.0001108407734
-9.719867622e-05
-8.517884546e-05
-7.457805938e-05
-6.524363984e-05
-5.703372875e-05
-4.980989276e-05
-4.344947401e-05
-3.784946191e-05
-3.291009361e-05
-2.856543941e-05
-2.47434674e-05
-2.137297383e-05
-1.839498584e-05
-1.576063581e-05
-1.342587657e-05
-1.135004582e-05
-9.49601198e-06
-7.836294942e-06
-6.338295709e-06
-4.973205671e-06
-3.707096906e-06
-2.544276842e-06
-1.361469697e-06
-6.840962112e-07
-0.002303470789
-0.004317803123
-0.005922966733
-0.00713682765
-0.007989820616
-0.008522139581
-0.008779546804
-0.008809452015
-0.008657810604
-0.008366705763
-0.00797532363
-0.007516321454
-0.007015741783
-0.006495348401
-0.005972382397
-0.005459634566
-0.004966174486
-0.004498175973
-0.004059505168
-0.003652216429
-0.003276996337
-0.002933533159
-0.002620816809
-0.002337371981
-0.002081431792
-0.001851066883
-0.001644284334
-0.001459101005
-0.00129359258
-0.001145922866
-0.001014361853
-0.0008973013803
-0.0007932610464
-0.0007008827554
-0.0006189308985
-0.0005462826504
-0.0004819190064
-0.0004249377619
-0.0003745205445
-0.0003299243337
-0.0002904966527
-0.0002556739939
-0.0002249188734
-0.0001977806934
-0.0001738197909
-0.0001526918271
-0.000134034485
-0.0001175869823
-0.0001031109741
-9.036269092e-05
-7.913105009e-05
-6.920206898e-05
-6.047856405e-05
-5.282787938e-05
-4.610158241e-05
-4.017926534e-05
-3.496358952e-05
-3.03607625e-05
-2.632744445e-05
-2.278670871e-05
-1.966541081e-05
-1.69088871e-05
-1.447272154e-05
-1.231629987e-05
-1.040209596e-05
-8.696008829e-06
-7.169510462e-06
-5.793065986e-06
-4.540802746e-06
-3.381243385e-06
-2.318310155e-06
-1.236847978e-06
-6.271311524e-07
-0.004013625787
-0.006039987791
-0.007601227762
-0.008723215033
-0.009446826884
-0.009823928839
-0.009911867131
-0.009768294999
-0.009446746941
-0.008996406474
-0.008462072867
-0.007876141605
-0.007266217232
-0.006654664705
-0.006057557131
-0.005485836366
-0.00494670414
-0.004444484957
-0.00398121013
-0.003557205305
-0.003171606053
-0.002822750704
-0.002508478105
-0.002226351424
-0.001973815965
-0.001748307931
-0.001547331517
-0.001368510621
-0.001209621815
-0.001068606689
-0.0009435715784
-0.0008327971491
-0.0007347265304
-0.000647946738
-0.0005712067399
-0.0005033750024
-0.0004434231029
-0.0003904778614
-0.0003437192842
-0.0003024315664
-0.0002660000079
-0.0002338929927
-0.0002055215821
-0.0001805090312
-0.0001584844609
-0.0001390968677
-0.000121911322
-0.0001068068979
-9.35708927e-05
-8.192524611e-05
-7.165105072e-05
-6.255337419e-05
-5.460658987e-05
-4.765851764e-05
-4.155042438e-05
-3.617362723e-05
-3.144523795e-05
-2.728501503e-05
-2.363437872e-05
-2.042687215e-05
-1.760201331e-05
-1.511127533e-05
-1.291358007e-05
-1.097160405e-05
-9.251270056e-06
-7.721904796e-06
-6.355900381e-06
-5.127053825e-06
-4.012348476e-06
-2.982904048e-06
-2.04201923e-06
-1.084411818e-06
-5.575914392e-07
-0.006191497527
-0.008224991678
-0.009719082543
-0.01071132897
-0.0112575542
-0.01142592403
-0.01128966058
-0.01092013884
-0.01038102533
-0.009731518783
-0.009017783612
-0.00827514444
-0.007533310543
-0.006813650449
-0.006129811754
-0.005490235993
-0.004899636677
-0.004359804932
-0.003870332683
-0.003429337376
-0.003034026653
-0.002681092074
-0.002366991652
-0.002088151829
-0.001841098674
-0.001622541598
-0.00142942048
-0.001258924306
-0.00110850899
-0.0009758779158
-0.0008589563026
-0.0007559239384
-0.0006651522861
-0.0005851670835
-0.0005147258675
-0.0004526720321
-0.0003979975805
-0.0003498972825
-0.0003074406979
-0.0002700344281
-0.0002371606603
-0.0002082703952
-0.0001826172075
-0.0001600940625
-0.000140367527
-0.0001230003441
-0.0001075563967
-9.408873215e-05
-8.234305466e-05
-7.20175932e-05
-6.29178856e-05
-5.489573359e-05
-4.787050319e-05
-4.171538811e-05
-3.630708857e-05
-3.155264867e-05
-2.737751879e-05
-2.371301087e-05
-2.049733773e-05
-1.767482751e-05
-1.51952727e-05
-1.301492254e-05
-1.109581424e-05
-9.40427446e-06
-7.910098471e-06
-6.586128823e-06
-5.40768054e-06
-4.351580263e-06
-3.39748287e-06
-2.519626366e-06
-1.720781242e-06
-9.072667898e-07
-4.767133347e-07
-0.008919952646
-0.01094961192
-0.01234233709
-0.01315277771
-0.0134580265
-0.0133486636
-0.01291988967
-0.01226092292
-0.01144960779
-0.01055383172
-0.00962121075
-0.008692008119
-0.007796375703
-0.006952750754
-0.006171352812
-0.005457258043
-0.004811727277
-0.004233129932
-0.003717924428
-0.003261496392
-0.00285872677
-0.002504361564
-0.002193263413
-0.001920571652
-0.001681789328
-0.001472841193
-0.001290064649
-0.001130179317
-0.0009903307717
-0.0008679881981
-0.0007608823359
-0.0006671295227
-0.0005850089899
-0.0005130311966
-0.0004500261317
-0.0003946396718
-0.0003460354477
-0.0003035437297
-0.0002659025051
-0.000232916939
-0.0002041382058
-0.0001788550983
-0.000156318844
-0.0001367290174
-0.0001197195937
-0.000104780435
-9.156385675e-05
-7.9993012e-05
-6.987388788e-05
-6.098676228e-05
-5.317096453e-05
-4.630377371e-05
-4.028313488e-05
-3.500867845e-05
-3.038782128e-05
-2.633732124e-05
-2.27883047e-05
-1.96804639e-05
-1.695892347e-05
-1.457564764e-05
-1.248782523e-05
-1.065751755e-05
-9.051670381e-06
-7.64139277e-06
-6.401063747e-06
-5.307609099e-06
-4.339971384e-06
-3.478203764e-06
-2.704785413e-06
-1.99750321e-06
-1.358593856e-06
-7.07430055e-07
-3.854689164e-07
-0.01231039685
-0.01431591431
-0.01555686494
-0.01611303257
-0.01609136818
-0.01561324425
-0.0148059241
-0.0137823369
-0.01263539048
-0.01143653522
-0.01024334119
-0.009098547544
-0.008028692971
-0.007047561325
-0.006160812836
-0.00536875374
-0.004667875164
-0.004052136712
-0.003514141371
-0.003045995041
-0.002639846882
-0.002288215331
-0.001984186467
-0.001721492285
-0.001494531084
-0.001298442648
-0.001128959346
-0.0009823029705
-0.0008553643652
-0.0007453502214
-0.0006498650343
-0.0005670684237
-0.0004948891481
-0.0004320551425
-0.0003775898514
-0.0003295755998
-0.0002877337654
-0.0002514419236
-0.0002192579659
-0.000191417747
-0.0001673526303
-0.0001463015881
-0.0001277030427
-0.0001114808629
-9.734587405e-05
-8.495325831e-05
-7.405876396e-05
-6.450639346e-05
-5.615231479e-05
-4.884225219e-05
-4.243999843e-05
-3.68349739e-05
-3.193454892e-05
-2.764196943e-05
-2.38948963e-05
-2.062071743e-05
-1.775943435e-05
-1.526088042e-05
-1.308041824e-05
-1.117824594e-05
-9.519037872e-06
-8.071646136e-06
-6.808919401e-06
-5.707208763e-06
-4.745635233e-06
-3.905384718e-06
-3.169244136e-06
-2.520827063e-06
-1.945704672e-06
-1.425544731e-06
-9.619993929e-07
-4.887409417e-07
-2.856355452e-07
-0.01651083588
-0.01845770683
-0.01947265067
-0.01967231375
-0.01920535509
-0.01824193076
-0.01695313513
-0.01547136387
-0.01390571682
-0.01234358492
-0.01084856554
-0.009459714385
-0.008197182045
-0.007068436334
-0.006072589112
-0.00520322017
-0.004450494998
-0.003802826664
-0.003248118657
-0.002774601208
-0.00237131404
-0.0020283192
-0.001736820237
-0.001489067835
-0.001278294677
-0.001098932355
-0.0009460815224
-0.0008155803146
-0.0007042299452
-0.0006085831511
-0.0005264830463
-0.0004563401662
-0.0003951676807
-0.000342492326
-0.0002973977654
-0.0002576758764
-0.0002237159037
-0.0001946975847
-0.0001693061452
-0.0001472599688
-0.0001281655834
-0.0001115294382
-9.697895716e-05
-8.427127411e-05
-7.320682396e-05
-6.356344094e-05
-5.514327273e-05
-4.779024042e-05
-4.138016653e-05
-3.579378782e-05
-3.092068122e-05
-2.666811974e-05
-2.295610893e-05
-1.973173932e-05
-1.692343285e-05
-1.448106318e-05
-1.23581146e-05
-1.051498639e-05
-8.9169174e-06
-7.5326797e-06
-6.334685021e-06
-5.298945562e-06
-4.404741794e-06
-3.634143798e-06
-2.971436133e-06
-2.402509681e-06
-1.914405617e-06
-1.494646264e-06
-1.132098258e-06
-8.125303776e-07
-5.36940715e-07
-2.543406769e-07
-1.785978777e-07
-0.02172313458
-0.02355373434
-0.02423231531
-0.02393012529
-0.02285959341
-0.02126224405
-0.0193494389
-0.01729013105
-0.01521635954
-0.01322845828
-0.01138895552
-0.009729072147
-0.008259953501
-0.006979532445
-0.005877035898
-0.004936761632
-0.004140788855
-0.003470755198
-0.002909007927
-0.002439379455
-0.002047519831
-0.001720874101
-0.001448769635
-0.001221897512
-0.00103249341
-0.0008745025448
-0.0007418039749
-0.0006304881641
-0.0005375921708
-0.0004580979357
-0.0003910007818
-0.0003347813385
-0.0002860437112
-0.0002452386943
-0.0002110834506
-0.0001816092341
-0.0001563995923
-0.0001349071678
-0.000116376286
-0.0001003536349
-8.654003792e-05
-7.462188318e-05
-6.432023424e-05
-5.538349119e-05
-4.765475682e-05
-4.097226361e-05
-3.518162394e-05
-3.015782491e-05
-2.580380469e-05
-2.203395509e-05
-1.877005349e-05
-1.594488366e-05
-1.350191971e-05
-1.139547784e-05
-9.579092679e-06
-8.016052809e-06
-6.673069417e-06
-5.521599019e-06
-4.537194686e-06
-3.698122086e-06
-2.985327961e-06
-2.38251301e-06
-1.875822265e-06
-1.453440384e-06
-1.105139694e-06
-8.217532395e-07
-5.947397134e-07
-4.156707799e-07
-2.76832702e-07
-1.68283831e-07
-9.033430121e-08
-8.135104327e-09
-6.616508202e-08
-0.02821864244
-0.02984104585
-0.03001992825
-0.02900557589
-0.02711290711
-0.02468030576
-0.02196814305
-0.019188868
-0.01650622748
-0.01402608248
-0.01180100965
-0.009849169949
-0.008167767311
-0.00674007259
-0.005541262906
-0.004543491596
-0.003718913832
-0.003041119486
-0.002486107562
-0.002032917553
-0.001663645102
-0.001363089853
-0.001118849412
-0.0009193838809
-0.0007569264516
-0.0006254622429
-0.0005162247359
-0.0004269927546
-0.0003548234509
-0.0002938825035
-0.0002444924347
-0.0002047255762
-0.0001714277684
-0.0001438071493
-0.0001209767855
-0.0001018236538
-8.569892754e-05
-7.217437539e-05
-6.079598083e-05
-5.117125165e-05
-4.303280727e-05
-3.614835607e-05
-3.030945036e-05
-2.533475741e-05
-2.11000339e-05
-1.750257038e-05
-1.444394499e-05
-1.184176481e-05
-9.631403859e-06
-7.758368216e-06
-6.173961711e-06
-4.835958212e-06
-3.709353189e-06
-2.765558901e-06
-1.978345799e-06
-1.326657919e-06
-7.91353574e-07
-3.560730248e-07
-7.103239361e-09
2.674831656e-07
4.779109036e-07
6.325930792e-07
7.382908063e-07
8.004298608e-07
8.235120389e-07
8.115833695e-07
7.686154587e-07
6.988429502e-07
6.06443201e-07
4.969354736e-07
3.707289904e-07
2.45989329e-07
4.991159286e-08
-0.03637267194
-0.03763640527
-0.03706978479
-0.0350497704
-0.03204414105
-0.02849131868
-0.02474787804
-0.02108375039
-0.01768454967
-0.01464621245
-0.01200152944
-0.009748196596
-0.007861464674
-0.00630284765
-0.005028678888
-0.00399596592
-0.003165035495
-0.002499921254
-0.00196983363
-0.001549015017
-0.001216051449
-0.0009533189172
-0.0007468972606
-0.0005816150867
-0.0004518472089
-0.0003511808396
-0.0002698679819
-0.0002073810517
-0.0001600988864
-0.0001219838656
-9.224810781e-05
-6.96448715e-05
-5.200940403e-05
-3.808421191e-05
-2.723676583e-05
-1.884835393e-05
-1.234749913e-05
-7.339462076e-06
-3.506825901e-06
-5.764672823e-07
1.649522971e-06
3.318348324e-06
4.558564955e-06
5.461136535e-06
6.092543056e-06
6.50559806e-06
6.748427978e-06
6.86029019e-06
6.870044238e-06
6.799586998e-06
6.666967329e-06
6.486956933e-06
6.270975553e-06
6.027442512e-06
5.76305443e-06
5.484145179e-06
5.195508002e-06
4.900508876e-06
4.601794715e-06
4.301335407e-06
4.000270746e-06
3.698856805e-06
3.396527902e-06
3.092136316e-06
2.78432457e-06
2.471923599e-06
2.154268621e-06
1.831352145e-06
1.503782781e-06
1.172601216e-06
8.389448253e-07
5.040015596e-07
1.677893249e-07
-0.04671604938
-0.04738377622
-0.04569732071
-0.04224542594
-0.03771246568
-0.03267099523
-0.02760422228
-0.02286167456
-0.01863096347
-0.01497387735
-0.01188908161
-0.009341991932
-0.0072744054
-0.005617098738
-0.004301728918
-0.003267349095
-0.002460821712
-0.001835003943
-0.001352821187
-0.0009839234415
-0.0007033698432
-0.0004908873673
-0.0003308001402
-0.0002079720272
-0.0001197311164
-5.688496495e-05
-1.075238111e-05
2.10449058e-05
4.164922445e-05
5.663544184e-05
6.590954689e-05
7.015860216e-05
7.135772542e-05
7.075449374e-05
6.880809463e-05
6.587696966e-05
6.235653908e-05
5.853731411e-05
5.460435442e-05
5.068708478e-05
4.687186568e-05
4.321120207e-05
3.975657984e-05
3.651036384e-05
3.347824621e-05
3.066188167e-05
2.805738511e-05
2.565649391e-05
2.344787822e-05
2.141878014e-05
1.955628335e-05
1.784770349e-05
1.628069469e-05
1.484299444e-05
1.352198874e-05
1.230857938e-05
1.119289913e-05
1.016527975e-05
9.2171323e-06
8.340286473e-06
7.526674596e-06
6.768302459e-06
6.057216253e-06
5.385656804e-06
4.746386808e-06
4.133019883e-06
3.540268623e-06
2.963902643e-06
2.400971968e-06
1.848033052e-06
1.306932786e-06
7.618477701e-07
2.856198029e-07
-0.05995070336
-0.05963017817
-0.05627535552
-0.05079735152
-0.04412367247
-0.03708907976
-0.0303557673
-0.02433233481
-0.01916441985
-0.01484955719
-0.01133301531
-0.008529393625
-0.006331389589
-0.00462891651
-0.00332265416
-0.002332274587
-0.001589562777
-0.001035613404
-0.0006291557756
-0.0003353534122
-0.0001260775256
2.126713059e-05
0.0001218930637
0.0001885591932
0.0002276335232
0.000250115428
0.0002594520901
0.0002584788616
0.0002509408616
0.0002412457351
0.0002281294513
0.0002125962281
0.0001965057302
0.0001807500604
0.0001655312953
0.0001509748321
0.0001372497864
0.0001244677355
0.0001126595554
0.0001018135816
9.189984198e-05
8.287619431e-05
7.471186168e-05
6.731663662e-05
6.062935845e-05
5.459417794e-05
4.915398305e-05
4.42532491e-05
3.984009355e-05
3.586650676e-05
3.22883439e-05
2.906533686e-05
2.616018682e-05
2.354018509e-05
2.117508736e-05
1.903903553e-05
1.71065571e-05
1.535551629e-05
1.376637967e-05
1.232081359e-05
1.100160212e-05
9.792565788e-06
8.678402678e-06
7.644797971e-06
6.678710949e-06
5.768625968e-06
4.904722911e-06
4.078628474e-06
3.283890063e-06
2.512633328e-06
1.767376184e-06
1.01551391e-06
4.015663051e-07
-0.0772936957
-0.07535298599
-0.06948293196
-0.0610613176
-0.05136558315
-0.04163307362
-0.03279597043
-0.02526858979
-0.0190717496
-0.01409001394
-0.0101871548
-0.00720022592
-0.004953457681
-0.00328334179
-0.00205442912
-0.001169122566
-0.0005432290257
-0.0001044327196
0.0001947812296
0.00038929363
0.0005080435874
0.0005768644711
0.0006075461135
0.000611023948
0.0005965919462
0.0005736569832
0.0005418307736
0.0005044927066
0.0004655402439
0.0004276874528
0.0003906561332
0.0003548922093
0.0003212510177
0.0002901034805
0.0002614274125
0.0002351300239
0.0002111407295
0.0001893698952
0.0001696889513
0.0001519470257
0.000135991693
0.0001216769228
0.000108862697
9.738267718e-05
8.71049424e-05
7.791208571e-05
6.969376194e-05
6.234769149e-05
5.578106301e-05
4.991016189e-05
4.465953187e-05
3.996130959e-05
3.575387924e-05
3.198316858e-05
2.860262382e-05
2.556892412e-05
2.284230495e-05
2.038861749e-05
1.817719134e-05
1.617968199e-05
1.436993534e-05
1.272373176e-05
1.121857853e-05
9.83378745e-06
8.550704568e-06
7.352866778e-06
6.226083116e-06
5.15797516e-06
4.138686878e-06
3.156024576e-06
2.213120112e-06
1.261080362e-06
5.138312817e-07
-0.09973780596
-0.09527470828
-0.08578054224
-0.07309066238
-0.05916181457
-0.04587635512
-0.03447622322
-0.02526600793
-0.01801932027
-0.01243666826
-0.008263086284
-0.005224391919
-0.003058737692
-0.001538098939
-0.0004845152365
0.0002224646432
0.0006765943301
0.0009566537252
0.001115866628
0.001185668098
0.001194814686
0.001169441624
0.001118342539
0.001050996304
0.0009759843249
0.0008997754235
0.0008233616228
0.0007486769442
0.0006777918258
0.0006118543967
0.0005508704124
0.0004947092021
0.0004433810594
0.0003967976912
0.000354698932
0.0003167558947
0.0002826463252
0.000252059561
0.0002246872989
0.0002002276643
0.0001784012896
0.0001589579015
0.000141637564
0.0001262075387
0.0001124662195
0.0001002326374
8.934248644e-05
7.964730147e-05
7.101401209e-05
6.332373826e-05
5.647037456e-05
5.035875313e-05
4.490524772e-05
4.003481205e-05
3.568429921e-05
3.17931421e-05
2.830847045e-05
2.518443169e-05
2.237948999e-05
1.985567075e-05
1.757825512e-05
1.551530683e-05
1.36374449e-05
1.191790767e-05
1.033271043e-05
8.860697819e-06
7.483529287e-06
6.18500954e-06
4.952019047e-06
3.768215784e-06
2.637276307e-06
1.494774169e-06
6.206801365e-07
-0.1313205093
-0.1222880234
-0.1068661983
-0.08758771811
-0.06747021671
-0.04941930418
-0.03491030143
-0.02387265031
-0.01563255375
-0.009609893304
-0.005384509298
-0.002512067813
-0.0006029182934
0.0006312377504
0.00139887423
0.001843052662
0.002059090352
0.002128158774
0.002109536921
0.002028658674
0.001910061728
0.001775330948
0.001633624605
0.001491167137
0.001353006517
0.001222496913
0.001100667672
0.0009879362596
0.0008846296002
0.0007907456909
0.0007058483037
0.0006292807786
0.0005604334989
0.0004987386889
0.0004435939183
0.0003943791497
0.000350507459
0.0003114430951
0.0002766951228
0.0002458112023
0.0002183877305
0.0001940673454
0.0001724753613
0.0001533044053
0.0001362875373
0.0001211828171
0.0001077731057
9.586518481e-05
8.528734904e-05
7.588702178e-05
6.752844455e-05
6.009060518e-05
5.346723175e-05
4.756724089e-05
4.230707634e-05
3.76120153e-05
3.341744762e-05
2.966600351e-05
2.630579657e-05
2.328979979e-05
2.057516395e-05
1.812264626e-05
1.589639846e-05
1.386398652e-05
1.199646162e-05
1.026830225e-05
8.657297555e-06
7.143675266e-06
5.711238927e-06
4.3397342e-06
3.033308195e-06
1.713010955e-06
7.20461873e-07
-0.1714866574
-0.1574832179
-0.1338155669
-0.1046302437
-0.07553018944
-0.05120950476
-0.03316928351
-0.02039025313
-0.01142970908
-0.005315998418
-0.001380833817
0.001029585634
0.002453270753
0.003222100495
0.003564385614
0.003646405087
0.003558118413
0.003372587274
0.003141873491
0.002889491386
0.002631733557
0.002381237916
0.002144225219
0.001923375772
0.001720108306
0.001534954015
0.001367445107
0.00121651647
0.001081035884
0.0009598710067
0.0008517980623
0.0007555406708
0.000669908322
0.000593831488
0.0005263208036
0.0004664533103
0.0004133874958
0.0003663701689
0.0003247279905
0.0002878569072
0.0002552314244
0.0002263827667
0.0002008327842
0.0001782024719
0.0001581601251
0.0001404066089
0.000124675308
0.0001107306654
9.836472964e-05
8.739287461e-05
7.765086436e-05
6.899506635e-05
6.130055396e-05
5.445625934e-05
4.83620011e-05
4.2930912e-05
3.808671323e-05
3.376118629e-05
2.989307222e-05
2.642702609e-05
2.331267489e-05
2.050405669e-05
1.795940014e-05
1.564108442e-05
1.35156279e-05
1.155352227e-05
9.729014816e-06
8.019045985e-06
6.404578585e-06
4.861752039e-06
3.395113511e-06
1.912438601e-06
8.116313372e-07
-0.2299989621
-0.2056818683
-0.1689107447
-0.1248259075
-0.08253164847
-0.04974896188
-0.02792484662
-0.01394269137
-0.00487530372
0.0007476298967
0.003880598474
0.005411235193
0.006050289173
0.006152635778
0.005936428685
0.005559598122
0.005110030927
0.004639600022
0.004178786491
0.003742280124
0.003337357789
0.00296762503
0.002633592415
0.002333725948
0.002065777695
0.001827283811
0.001615589644
0.001427967702
0.001261868291
0.001114989346
0.0009852154308
0.0008705953068
0.0007693752806
0.0006800082056
0.0006011229469
0.0005314949694
0.0004700340771
0.0004157770979
0.0003678750173
0.0003255867151
0.0002882699184
0.0002553202182
0.000226201896
0.0002004617076
0.0001777026234
0.0001575725395
0.0001397602508
0.0001239916828
0.0001100255403
9.764792073e-05
8.666971534e-05
7.692772694e-05
6.827754274e-05
6.058948164e-05
5.375098432e-05
4.766372041e-05
4.224042697e-05
3.7403395e-05
3.30830357e-05
2.921646159e-05
2.574650875e-05
2.262118376e-05
1.979340809e-05
1.72209222e-05
1.486620059e-05
1.269618266e-05
1.068195586e-05
8.797521644e-06
7.021295193e-06
5.326187438e-06
3.717085575e-06
2.089964142e-06
8.927627152e-07
-0.2687224167
-0.2173264766
-0.1487675433
-0.08713535891
-0.0435690436
-0.01809063459
-0.003776587561
0.004429465449
0.008637379218
0.01025869605
0.01044609291
0.009997833234
0.009256855132
0.008383420245
0.007491296684
0.006646283367
0.005871989321
0.005173248802
0.004549485741
0.003997106581
0.0035103537
0.003082626873
0.002707343426
0.002378359732
0.002090103976
0.001837560166
0.001616243071
0.001422209167
0.001252028656
0.001102708948
0.0009716270358
0.0008564919344
0.0007553134786
0.0006663612422
0.0005881235707
0.0005192775534
0.0004586677041
0.000405285396
0.0003582676948
0.0003168599993
0.0002803465644
0.0002481262144
0.0002196851393
0.0001945702885
0.0001723818191
0.0001527681875
0.0001354216794
0.0001200720963
0.0001064796045
9.443657142e-05
8.375845241e-05
7.428218434e-05
6.586600841e-05
5.838613413e-05
5.173334849e-05
4.581108717e-05
4.053360258e-05
3.582406032e-05
3.161302538e-05
2.783745191e-05
2.444009347e-05
2.136923031e-05
1.857855065e-05
1.602701394e-05
1.367848961e-05
1.150134614e-05
9.467057941e-06
7.551846915e-06
5.72584313e-06
3.994221404e-06
2.242822924e-06
9.625832693e-07
-0.3597420751
-0.292867489
-0.1772950559
-0.08369919781
-0.02848114761
-0.001716547659
0.01084926249
0.01657354122
0.01811342866
0.01738296952
0.01579523305
0.01404899523
0.01234692736
0.01075323027
0.00932164235
0.008074609856
0.006998463291
0.006069531421
0.005268435336
0.004578661307
0.00398453828
0.003472016715
0.003029207532
0.002646070365
0.00231404968
0.002025865775
0.001775338257
0.001557221432
0.001367062288
0.001201070828
0.001056007519
0.0009290961483
0.0008179555566
0.000720539519
0.0006350833005
0.00056006036
0.0004941488847
0.0004362039995
0.000385257787
0.0003404510883
0.0003009828845
0.0002661952442
0.0002355199087
0.0002084576306
0.0001845694846
0.0001634701211
0.0001448227565
0.0001283328289
0.0001137419043
0.0001008214304
8.937040847e-05
7.921364136e-05
7.019837131e-05
6.219051789e-05
5.507219831e-05
4.873946085e-05
4.309993881e-05
3.807081492e-05
3.357725328e-05
2.955131197e-05
2.593131955e-05
2.266161492e-05
1.969244653e-05
1.697982061e-05
1.448507322e-05
1.217436806e-05
1.001714644e-05
7.98786181e-06
6.054376087e-06
4.222098044e-06
2.368559585e-06
1.019962766e-06
-0.4704503296
-0.4060548033
-0.2165616884
-0.07068399809
-0.002176819844
0.02193687201
0.02954922407
0.03058372354
0.02822455913
0.02456060317
0.02093507749
0.01779381909
0.01511471603
0.01282368393
0.01089115439
0.009281266787
0.007938010311
0.006809032488
0.005856229098
0.00505031283
0.004366371572
0.003783635474
0.003285404746
0.002858149895
0.002490718313
0.002173881394
0.001899997159
0.001662712081
0.001456719753
0.001277569011
0.001121508232
0.0009853613076
0.0008664294043
0.0007624110777
0.0006713364171
0.0005915142119
0.0005214890587
0.0004600179925
0.0004060422033
0.0003585976817
0.0003168457641
0.0002800789978
0.0002476830299
0.0002191199731
0.0001939215958
0.0001716791423
0.0001520341474
0.0001346705892
0.0001193123802
0.0001057170883
9.367248421e-05
8.299317363e-05
7.351723152e-05
6.510309599e-05
5.762665623e-05
5.097844558e-05
4.50611039e-05
3.978725557e-05
3.507786296e-05
3.086109408e-05
2.707170011e-05
2.365079255e-05
2.054580045e-05
1.771035781e-05
1.510385175e-05
1.269083617e-05
1.043931393e-05
8.322486799e-06
6.306536468e-06
4.397050402e-06
2.465178071e-06
1.064023519e-06
-0.4790397649
-0.4660790819
-0.262463687
-0.02724917448
0.0372288641
0.05233805205
0.05096896879
0.04485961837
0.03765080774
0.03085468777
0.02520803664
0.02076579485
0.01723939847
0.01437892747
0.01205200271
0.01016266151
0.008617090866
0.007338780372
0.006274112186
0.005383405022
0.004634479594
0.004001384325
0.003463703053
0.003005232347
0.002612875053
0.00227596506
0.001985784455
0.001735168311
0.001518193136
0.001329935025
0.001166278764
0.001023766366
0.0008994764245
0.0007909282283
0.0006960064474
0.0006129029888
0.0005400680875
0.000476198911
0.0004201602885
0.0003709226045
0.0003276168657
0.0002895028973
0.0002559358759
0.0002263538395
0.0002002671285
0.0001772495949
0.000156926789
0.000138969542
0.00012309022
0.0001090369345
9.65891659e-05
8.55542689e-05
7.576427716e-05
6.707276041e-05
5.935166895e-05
5.24882287e-05
4.638206891e-05
4.094284409e-05
3.608851746e-05
3.174430789e-05
2.78421855e-05
2.432074411e-05
2.112523202e-05
1.820750008e-05
1.552557048e-05
1.304300576e-05
1.07270426e-05
8.550273074e-06
6.477931322e-06
4.515805761e-06
2.53073096e-06
1.093861026e-06
-0.4261534594
-0.4119188791
-0.2010725289
0.02240493737
0.07821702306
0.08219376773
0.06976112529
0.05592537157
0.04430474808
0.03500835796
0.02785549874
0.02250493329
0.01843395079
0.01523209088
0.01267819253
0.01063215947
0.008975583538
0.007616702814
0.006492322909
0.00555664907
0.004773437342
0.004113901192
0.00355559026
0.003080844601
0.002675527473
0.002328216181
0.002029624817
0.001772154922
0.001549550876
0.001356634265
0.001189096427
0.001043332355
0.0009163063976
0.0008054460864
0.0007085610958
0.0006237827058
0.0005495164743
0.0004844304292
0.0004273371962
0.0003771849355
0.0003330892938
0.0002942908133
0.000260129638
0.0002300312635
0.0002034955491
0.0001800860878
0.0001594205724
0.0001411631913
0.0001250197101
0.0001107329276
9.807827401e-05
8.685981847e-05
7.690671333e-05
6.807013152e-05
6.022039479e-05
5.324383117e-05
4.703940837e-05
4.151576694e-05
3.658925109e-05
3.218303579e-05
2.822700401e-05
2.465791571e-05
2.141953158e-05
1.846252172e-05
1.574398621e-05
1.322683285e-05
1.087792314e-05
8.669768458e-06
6.567520877e-06
4.577477327e-06
2.56461838e-06
1.109147762e-06
-0.4709699703
-0.4427243533
-0.4708869641
-0.4427288179
-0.4179821494
-0.3579972095
-0.4180176286
-0.3579919017
-0.4758844396
-0.4744272999
-0.4757756873
-0.4743541613
-0.4706528541
-0.4694599824
-0.4226525626
-0.4198263935
-0.4290554153
-0.3678635349
-0.3736370874
-0.4262139298
-0.4289921897
-0.3678643379
-0.3736319957
-0.4551011348
-0.4576190468
-0.4595023232
-0.4555686066
-0.4706731613
-0.4695412199
-0.4551209817
-0.4576487332
-0.4595152823
-0.4556237928
-0.399860165
-0.4180317045
-0.4133576404
-0.3955344637
-0.4127328479
-0.3956223347
-0.3986330084
-0.3696555017
-0.3575410514
-0.3717315361
-0.3529699661
-0.3712021812
-0.3528286271
-0.3698297323
-0.4226844162
-0.4198367128
-0.3998652923
-0.41803719
-0.4133675851
-0.3955238677
-0.4127398937
-0.3956256149
-0.3986409164
-0.3696588471
-0.3575435225
-0.3717252521
-0.3529706981
-0.3712058098
-0.352831007
-0.3698345402
-0.3760957401
-0.4600881379
-0.3762127767
-0.4601649222
-0.3338682594
-0.4508391142
-0.4094705076
-0.3597558034
-0.3338957645
-0.4505491489
-0.4094846083
-0.486655812
-0.4870346723
-0.4195778558
-0.4817195398
-0.4812180243
-0.4702039704
-0.4196577784
-0.4816028792
-0.4812709284
-0.4853023756
-0.448921462
-0.4522518372
-0.4791236481
-0.4852254461
-0.4489403604
-0.4523397961
-0.3757174091
-0.4350909357
-0.334436329
-0.4660310036
-0.3757448955
-0.4351670819
-0.3344036814
-0.4264005539
-0.4023101161
-0.4024468218
-0.4092418869
-0.4330845503
-0.4332642971
-0.4091318064
-0.2886365154
-0.3574814044
-0.2529295471
-0.4118522156
-0.2886801798
-0.3574800186
-0.2529295197
-0.4631933991
-0.4708894919
-0.4666311793
-0.4657044154
-0.4664810943
-0.4658605749
-0.4629328774
-0.4547259345
-0.4431669215
-0.4571170966
-0.4446181301
-0.4570662054
-0.4456846892
-0.4546533543
-0.4632091218
-0.4708858367
-0.466648254
-0.4657594908
-0.4664967067
-0.4658731199
-0.4629727791
-0.4547382818
-0.4431729279
-0.4571018358
-0.4446690392
-0.4570728562
-0.445697441
-0.454685222
-0.4813868849
-0.4795318264
-0.4804705037
-0.4765921688
-0.4800883206
-0.4810265158
-0.4810411193
-0.4744006309
-0.4700431792
-0.470207829
-0.4760326111
-0.4778395875
-0.4781984302
-0.4758754043
-0.486797287
-0.487071038
-0.4813947889
-0.4765695862
-0.4795870135
-0.4804850518
-0.4801018585
-0.4810275133
-0.4810649508
-0.4743952319
-0.470225407
-0.4702291484
-0.4760447141
-0.4779152744
-0.4782077766
-0.475936837
-0.4114923297
-0.4352781161
-0.4051592718
-0.4292468453
-0.4354776235
-0.4053329291
-0.4113578266
-0.3676545561
-0.3804854113
-0.380304788
-0.3880895743
-0.3761385511
-0.3759576995
-0.3882230309
-0.3908184848
-0.3850089526
-0.3791817366
-0.373384948
-0.3848712325
-0.3790288504
-0.3908921011
-0.4264063864
-0.4023047343
-0.4024497064
-0.4092476567
-0.433093843
-0.4332682317
-0.4091485852
-0.4114980822
-0.429245866
-0.4352512085
-0.4051885902
-0.4354806222
-0.4053399629
-0.4113663009
-0.3676577338
-0.3804747672
-0.3803079536
-0.3880918068
-0.3761449675
-0.3759612683
-0.3882187236
-0.3908206591
-0.3733882575
-0.385006535
-0.3791906473
-0.3848723309
-0.3790332995
-0.3908955193
-0.294377572
-0.3388161611
-0.2943388204
-0.3387923643
-0.2558954949
-0.3115097065
-0.2813122739
-0.2687311751
-0.2558664444
-0.3115542589
-0.2813151151
-0.4324611445
-0.4288983557
-0.3770734391
-0.3583968033
-0.3931137769
-0.3642825532
-0.3479850074
-0.3929303021
-0.3800672917
-0.2555882753
-0.3490198592
-0.2908439429
-0.2929040214
-0.2555543195
-0.3490478381
-0.2908292719
-0.4798888325
-0.4713924258
-0.4807394341
-0.4797508006
-0.4611672744
-0.4623811043
-0.4785334508
-0.3208719306
-0.4660159657
-0.3800522977
-0.4059973666
-0.3207944816
-0.4660654964
-0.3799776605
-0.4793815885
-0.4743082746
-0.4745810549
-0.4836787208
-0.4878909609
-0.4886291946
-0.4831849622
-0.4542712084
-0.4285521305
-0.4686209319
-0.4644029032
-0.4231364959
-0.4693106391
-0.4508216574
-0.1568011514
-0.244713613
-0.1496316133
-0.2625021061
-0.1567998322
-0.2447248744
-0.1496239319
-0.3886305151
-0.4119879011
-0.3886727231
-0.3602039292
-0.3832133955
-0.3830928643
-0.360577702
-0.09743383493
-0.1723502502
-0.08421552026
-0.2010797508
-0.09743748076
-0.172356314
-0.08421966326
-0.420420121
-0.3794608448
-0.4065647953
-0.3891500897
-0.3949862414
-0.4094688663
-0.4161540208
-0.4785607453
-0.4790909975
-0.4595812389
-0.4585269215
-0.4677852296
-0.4616507085
-0.4688498625
-0.4473951804
-0.4353415991
-0.4375405218
-0.445863897
-0.4324681997
-0.3937113942
-0.4037593141
-0.4289170372
-0.4204380602
-0.3891576464
-0.3794512972
-0.4066898125
-0.3949813169
-0.4094890812
-0.4162218254
-0.4786396231
-0.4791216801
-0.4595953649
-0.4585373953
-0.4616499949
-0.4679862964
-0.4688965346
-0.4474415123
-0.4356317855
-0.4375779098
-0.446034384
-0.4533905183
-0.4187607737
-0.4222721774
-0.4362262711
-0.4267258088
-0.4422658359
-0.400235155
-0.4018504489
-0.3767215319
-0.421275335
-0.4038530317
-0.3703820834
-0.424419183
-0.379753929
-0.3770927082
-0.3642845895
-0.3584201544
-0.3930700423
-0.3479951428
-0.3929050489
-0.3800864082
-0.453277004
-0.4188082616
-0.4220482051
-0.4363456444
-0.4266370044
-0.4423053903
-0.4003370134
-0.4018765224
-0.4038583519
-0.3767613402
-0.4213322454
-0.3703976491
-0.4244366372
-0.379833746
-0.4748257339
-0.4479118611
-0.4641161083
-0.4166452159
-0.4480748156
-0.468970076
-0.4730228439
-0.4817437898
-0.4824175532
-0.4828753586
-0.4881163276
-0.4892420335
-0.4903779104
-0.4866335274
-0.4873833752
-0.464826973
-0.489712368
-0.487101377
-0.482901144
-0.4922973617
-0.482712778
-0.4713366614
-0.4799649146
-0.4807482604
-0.479750457
-0.460990679
-0.4623867818
-0.4785183624
-0.4748388618
-0.4166511483
-0.4479277794
-0.4641142455
-0.4480933859
-0.4689724773
-0.4730492586
-0.4817406224
-0.482406178
-0.4828732105
-0.4881033245
-0.4892254395
-0.4903810939
-0.486560492
-0.4873913599
-0.4871052007
-0.4648673053
-0.4897665802
-0.4829015116
-0.4923087148
-0.4827347974
-0.4878312066
-0.4909518629
-0.4830735632
-0.4862315075
-0.4918626669
-0.4842299061
-0.4870701076
-0.4493336172
-0.46472362
-0.4649341899
-0.455737959
-0.4562963869
-0.4731924471
-0.4727703604
-0.4580174064
-0.4532110644
-0.4587744049
-0.4763785499
-0.4705342159
-0.4714992545
-0.4757804186
-0.4793948773
-0.4743321233
-0.474586477
-0.4836866857
-0.4879481107
-0.4886361165
-0.4831965458
-0.4878395035
-0.4862266251
-0.4909579158
-0.4831052013
-0.4918678406
-0.4842362396
-0.4870866972
-0.449339696
-0.464695305
-0.4649344947
-0.4558139561
-0.4563053743
-0.4731972705
-0.472775462
-0.4532199409
-0.4581435512
-0.4587892393
-0.4763830796
-0.4705410624
-0.4714998526
-0.4757913788
-0.4363604937
-0.4290552698
-0.452978792
-0.4071477546
-0.4547147165
-0.409565019
-0.421860365
-0.3727379569
-0.3327201591
-0.3669154962
-0.3292704059
-0.3268051328
-0.3631265541
-0.3691916624
-0.4542737617
-0.4644062964
-0.428512067
-0.4686793179
-0.4231335245
-0.4693257203
-0.4508280619
-0.4363698506
-0.4290510915
-0.4529886376
-0.4071395964
-0.4547176043
-0.4095595159
-0.4218538403
-0.372742256
-0.3292725763
-0.3327416495
-0.366882444
-0.3268160673
-0.3631266152
-0.3691970578
-0.3212392155
-0.3398781817
-0.2848403067
-0.2850813182
-0.3368574944
-0.2856832737
-0.3227868546
-0.3685669499
-0.3569809957
-0.3681931854
-0.3390237009
-0.3301754726
-0.3283683876
-0.3404462322
-0.2982172357
-0.2558892866
-0.2942182226
-0.2494994798
-0.2531728406
-0.289313695
-0.3022490939
-0.4119864835
-0.3886375468
-0.3886765134
-0.3602040926
-0.383169316
-0.3830824218
-0.3605623791
-0.3212389
-0.285088504
-0.339912178
-0.2848389835
-0.3368613851
-0.2856843066
-0.322788863
-0.3569816979
-0.3685599838
-0.3681886422
-0.3390275256
-0.330182549
-0.3283699564
-0.3404707163
-0.298218599
-0.249502316
-0.2559153658
-0.2942231965
-0.2531763092
-0.289315218
-0.3022593129
-0.3650209926
-0.3648953795
-0.345851705
-0.3471004747
-0.3650630478
-0.3648899286
-0.3458376476
-0.347118935
-0.438637716
-0.4525737321
-0.4663421234
-0.4562346155
-0.4450031557
-0.4138087923
-0.422736603
-0.4663419973
-0.4386882101
-0.4526026466
-0.4562268982
-0.4449853064
-0.4137819947
-0.4227308743
-0.3854592196
-0.383217796
-0.3811153739
-0.3883579716
-0.3876849573
-0.3887440727
-0.3515368697
-0.3476717547
-0.3443930388
-0.3406242409
-0.3381769705
-0.3374007712
-0.3372947257
-0.333393165
-0.3299444504
-0.3550378101
-0.3526545114
-0.352179782
-0.3854630304
-0.3832214833
-0.3811190079
-0.3883640601
-0.3876905776
-0.3887492545
-0.3515391176
-0.3476738833
-0.3443951281
-0.3406249053
-0.3381774772
-0.3374010951
-0.3372965363
-0.333394937
-0.3299462261
-0.3550401311
-0.3526563561
-0.3521813455
)
;

boundaryField
{
    inlet
    {
        type            zeroGradient;
    }
    outlet
    {
        type            fixedValue;
        value           uniform 0;
    }
    topAndBottom
    {
        type            symmetry;
    }
    frontAndBack
    {
        type            empty;
    }
    cylinder
    {
        type            zeroGradient;
    }
    procBoundary1to0
    {
        type            processor;
        value           nonuniform List<scalar> 
116
(
0.003143427091
0.002856511775
0.002271932782
0.001372083672
0.0001251952265
-0.001512516511
-0.003602010861
-0.006226098133
-0.009496292532
-0.01356230274
-0.01863035004
-0.02498004939
-0.03300658553
-0.0432670934
-0.05655804816
-0.07412549553
-0.09741237297
-0.1306237382
-0.1729316231
-0.3016100009
-0.2338475128
-0.2505882473
-0.2336227234
-0.250490291
-0.3015673874
-0.3016100009
-0.3016100009
-0.3016100009
-0.5013621772
-0.5013121552
-0.4710768674
-0.4864066995
-0.4706473437
-0.4706473437
-0.4847627451
-0.4710768674
-0.4280933928
-0.4235175691
-0.4665403667
-0.4690465468
-0.4592471909
-0.4565909807
-0.4711050901
-0.4864279631
-0.4708552743
-0.4708552743
-0.4848618836
-0.4711050901
-0.4665697768
-0.4691368615
-0.45928149
-0.4566052139
-0.4281225814
-0.4235273598
-0.4940068432
-0.4078446432
-0.4938528761
-0.5016639417
-0.4854442883
-0.4854442883
-0.4853410553
-0.4853410553
-0.4753405543
-0.4754304331
-0.4796699406
-0.4797869121
-0.5016620568
-0.4854563436
-0.4854563436
-0.4854002531
-0.4854002531
-0.4753947603
-0.4754347577
-0.4796749723
-0.479789829
-0.3751903609
-0.3015673874
-0.3015673874
-0.3015673874
-0.3752707316
-0.4037561332
-0.4430657514
-0.3936996634
-0.3936996634
-0.3936996634
-0.4415470238
-0.4037561332
-0.4037561332
-0.4037561332
-0.4943835342
-0.4730150095
-0.4723479763
-0.4430706476
-0.4104595769
-0.4415835291
-0.494353206
-0.4730014707
-0.4722976488
-0.3433609215
-0.3758063077
-0.3484546001
-0.3758181019
-0.3434174901
-0.34844991
-0.4280933928
-0.4295012588
-0.4311549625
-0.4281225814
-0.4295290913
-0.4311822266
-0.4235175691
-0.4232372475
-0.4213017287
-0.4235273598
-0.4232467353
-0.4213107135
)
;
    }
    procBoundary1to3
    {
        type            processor;
        value           nonuniform List<scalar> 
125
(
0.0224101434
0.07821954296
0.08219409679
0.06976115507
0.05592543739
0.04430451205
0.0350075877
0.027853985
0.02250300531
0.0184317909
0.01522984232
0.01267596703
0.01063004073
0.008973571712
0.007614931691
0.006490860611
0.00555545758
0.004772469592
0.004113125133
0.003554989617
0.003080402896
0.002675217007
0.002327996767
0.002029452935
0.001771998094
0.001549398032
0.001356488722
0.001188966304
0.001043224116
0.0009162220817
0.0008053833523
0.0007085159316
0.000623751744
0.0005495143762
0.0004844495986
0.000427358835
0.0003772051457
0.0003331094113
0.000294310269
0.0002601462366
0.0002300431731
0.0002035024589
0.0001800892116
0.0001594220935
0.0001411653817
0.0001250239824
0.0001107393487
9.808592988e-05
8.68678125e-05
7.691500719e-05
6.807954122e-05
6.023180072e-05
5.325736422e-05
4.705431891e-05
4.153095086e-05
3.660383086e-05
3.219649936e-05
2.823894141e-05
2.466777345e-05
2.142671043e-05
1.846676038e-05
1.574568892e-05
1.322702875e-05
1.087784421e-05
8.670306255e-06
6.568880896e-06
4.579209852e-06
2.565982769e-06
1.10962046e-06
-0.3678688067
-0.357489504
-0.1723493564
-0.3580051869
-0.3580022393
-0.3736442711
-0.3678736609
-0.3736441545
-0.3575486907
-0.3529803571
-0.3528387808
-0.3575520188
-0.3529827121
-0.352841757
-0.2529301534
-0.3574906596
-0.2529301449
-0.3676590045
-0.3761420366
-0.3759593009
-0.3791887006
-0.3733903295
-0.3790342232
-0.367663483
-0.3761548418
-0.3759650867
-0.3733954506
-0.3792045945
-0.3790412819
-0.08421399428
-0.1723553505
-0.0842180456
-0.3569876829
-0.3301790172
-0.3283710576
-0.2942197177
-0.2495002762
-0.2893151566
-0.3569892138
-0.3301872987
-0.3283731155
-0.249503187
-0.2942250843
-0.2893168845
-0.3406350057
-0.3381880168
-0.3374120718
-0.3373052921
-0.3334040002
-0.3299554773
-0.3406379048
-0.3381909222
-0.3374149161
-0.3373079527
-0.3334066829
-0.3299581958
)
;
    }
}


// ************************************************************************* //
