/*--------------------------------*- C++ -*----------------------------------*\
| =========                 |                                                 |
| \\      /  F ield         | OpenFOAM: The Open Source CFD Toolbox           |
|  \\    /   O peration     | Version:                                        |
|   \\  /    A nd           | Website:  www.openfoam.com                      |
|    \\/     M anipulation  |                                                 |
\*---------------------------------------------------------------------------*/
FoamFile
{
    version     2.0;
    format      ascii;
    class       volScalarField;
    location    "6.2";
    object      p;
}
// * * * * * * * * * * * * * * * * * * * * * * * * * * * * * * * * * * * * * //

dimensions      [0 2 -2 0 0 0 0];


internalField   nonuniform List<scalar> 
2403
(
-0.3319091404
-0.3587401199
-0.3946409108
-0.4097837873
-0.3926681279
-0.352098901
-0.2894080488
-0.2152830049
-0.1409082716
-0.0753957832
-0.02360530328
0.01351654624
0.03742271895
0.05094394418
0.05702430228
0.05815385215
0.05622288184
0.05256365234
0.04806500768
0.04328890459
0.03857205896
0.03410323618
0.02997710715
0.02623070405
0.02286832203
0.01987606728
0.01723273374
0.01491463616
0.0128971675
0.01115440575
0.009658213411
0.008378287427
0.007283752045
0.006345553953
0.005538365787
0.004841250421
0.004237411132
0.003713056525
0.003256554506
0.002858279724
0.002510224758
0.00220563298
0.001938789316
0.00170481245
0.001499499784
0.001319217886
0.001160816179
0.001021555801
0.0008990518206
0.000791225689
0.000696264305
0.000612584393
0.0005388017725
0.0004737048525
0.0004162314762
0.0003654480969
0.0003205298822
0.0002807496675
0.00024546644
0.0002141129484
0.0001861856631
0.0001612376325
0.0001388704221
0.0001187272991
0.0001004869332
8.385954475e-05
6.857625757e-05
5.44077015e-05
4.107276076e-05
2.858675633e-05
1.599278595e-05
7.055170567e-06
-0.3497657432
-0.374412948
-0.4199246209
-0.4341002786
-0.415801114
-0.376563893
-0.3107508339
-0.2346427904
-0.1581333719
-0.09080559215
-0.03744960001
0.0009683234639
0.02615649435
0.04099919501
0.04839601498
0.05078039044
0.05000106477
0.04736822869
0.04376534246
0.03975362102
0.03568018925
0.03174873965
0.02806939308
0.02469371819
0.02163850561
0.01890045918
0.01646610734
0.01431785242
0.01243573755
0.01079820193
0.009381789067
0.008161178764
0.007110370248
0.006204579904
0.005421806009
0.004743507121
0.004154624654
0.003642363078
0.003195813415
0.002805872165
0.002464881219
0.002166330741
0.001904670813
0.001675147526
0.001473667007
0.001296688991
0.001141141991
0.001004354291
0.0008839977546
0.0007780412723
0.0006847113699
0.0006024583035
0.0005299257809
0.0004659242376
0.0004094104214
0.0003594700676
0.0003152939092
0.0002761682052
0.0002414649395
0.000210625809
0.0001831555358
0.0001586152095
0.0001366133171
0.0001167991688
9.885656474e-05
8.250032833e-05
6.746597675e-05
5.352792984e-05
4.040953713e-05
2.812594896e-05
1.573514477e-05
6.942252771e-06
-0.3535006493
-0.3825796683
-0.427060397
-0.4310263575
-0.4161592945
-0.378589774
-0.3176438586
-0.2442976281
-0.171008956
-0.1063791103
-0.05472900111
-0.0168024115
0.0089704748
0.02514455775
0.03429030534
0.03857247223
0.03965275331
0.0387307324
0.03663440335
0.03391447111
0.0309274802
0.02789752453
0.0249597916
0.02219120072
0.01963137548
0.01729675763
0.01519108977
0.01330821748
0.01163798277
0.01016719435
0.008879899598
0.007757948371
0.006782096304
0.005933579692
0.005195188086
0.004552106224
0.003991724528
0.003502926479
0.003075864883
0.002702321486
0.002375262695
0.002088624758
0.001837182974
0.001616441427
0.001422523026
0.001252071068
0.001102168792
0.000970274839
0.0008541707603
0.0007519175584
0.0006618190534
0.000582390229
0.0005123298012
0.0004504969099
0.0003958890265
0.0003476207276
0.0003049150596
0.00026708681
0.0002335312709
0.0002037097786
0.0001771452933
0.0001534133127
0.000132134903
0.0001129715691
9.561805879e-05
7.979865609e-05
6.525747388e-05
5.177634759e-05
3.908764651e-05
2.720621052e-05
1.522016046e-05
6.716439199e-06
-0.3522449816
-0.3812616846
-0.4036451853
-0.4056702991
-0.391071642
-0.355880366
-0.3012128945
-0.2358602903
-0.171302254
-0.1143265669
-0.06821253767
-0.0333461976
-0.008524830078
0.008179624399
0.01873885506
0.02485093264
0.02786009438
0.02877851092
0.02834043002
0.02706278386
0.0253014264
0.02329700077
0.02120896461
0.01914020068
0.01715480424
0.01529074468
0.01356875877
0.01199788753
0.01057976482
0.00931083806
0.008183593553
0.007187627209
0.00631077422
0.005540439346
0.004864595233
0.004272091731
0.003753137874
0.003298478439
0.002899929251
0.002550429121
0.002243786067
0.001974575112
0.001738067589
0.001530163335
0.001347308901
0.001186415731
0.001044790792
0.000920080343
0.0008102236646
0.0007134144676
0.0006280683731
0.000552794961
0.0004863735827
0.0004277317454
0.0003759248347
0.0003301203998
0.0002895875075
0.0002536793958
0.0002218182851
0.0001934966332
0.0001682663969
0.000145725371
0.0001255157112
0.0001073139181
9.083001979e-05
7.580302167e-05
6.199020163e-05
4.918424946e-05
3.713078865e-05
2.584418861e-05
1.445735911e-05
6.381968874e-06
-0.3340108587
-0.3431767464
-0.3524327429
-0.3497891784
-0.3329666945
-0.3017992693
-0.2585369245
-0.2083966528
-0.1584148735
-0.1131380351
-0.0752170245
-0.04520067083
-0.02262091338
-0.006351173114
0.004881262095
0.01225523683
0.01676485887
0.01920825478
0.02020277255
0.02021103232
0.01957153705
0.0185278641
0.01725260873
0.01586593262
0.01444986958
0.01305918583
0.01172940516
0.0104824713
0.009330711615
0.008279560596
0.007329377401
0.006476830662
0.005716128884
0.005040134315
0.004441223014
0.003911907878
0.003445241787
0.00303420221
0.002672284223
0.002353733736
0.002073388971
0.001826634911
0.001609383821
0.001418049101
0.001249493838
0.001100971468
0.0009700729623
0.0008546823684
0.0007529390201
0.0006632054635
0.0005840402365
0.0005141743846
0.0004524907561
0.0003980052762
0.0003498504462
0.0003072613342
0.0002695621084
0.0002361540184
0.000206506495
0.0001801506178
0.0001566669099
0.0001356772503
0.000116860126
9.991468681e-05
8.456810982e-05
7.057676832e-05
5.771576267e-05
4.579246324e-05
3.456976568e-05
2.406129735e-05
1.345857386e-05
5.944036827e-06
-0.2610815423
-0.2728551151
-0.2830645614
-0.2862715988
-0.2850514509
-0.2737562174
-0.2508620639
-0.2191446244
-0.1824988724
-0.1449516617
-0.1097304746
-0.07890806006
-0.0533412915
-0.03312569159
-0.01772171255
-0.006392864723
0.001648142134
0.007126738166
0.0106587422
0.0127450479
0.01378189396
0.01407564703
0.01385848468
0.01330321786
0.01253645416
0.0116497016
0.01070823579
0.00975788781
0.008830099319
0.007945658874
0.007117472304
0.006352566896
0.005653605299
0.005020137799
0.004449666694
0.003938492507
0.003482304325
0.003076709051
0.002717184994
0.00239871442
0.002116980318
0.00186800231
0.001648090715
0.001453898528
0.001282439531
0.001131065685
0.0009974319771
0.000879462824
0.0007753216144
0.000683383137
0.0006022093254
0.0005305281996
0.0004672153681
0.0004112773666
0.0003618364644
0.0003181169512
0.0002794327904
0.0002451763869
0.0002148093843
0.000187854185
0.0001638856052
0.0001425242043
0.0001234372096
0.0001063154087
9.08956217e-05
7.693387813e-05
6.420520577e-05
5.25041651e-05
4.165637114e-05
3.144632571e-05
2.188667334e-05
1.22402401e-05
5.4098744e-06
-0.2158559446
-0.2287920551
-0.2374868611
-0.2418597698
-0.239892815
-0.2300963606
-0.2124450456
-0.1885571857
-0.1609082959
-0.1321263017
-0.1044441545
-0.07942483714
-0.05794139019
-0.04020656638
-0.02604335939
-0.01509810528
-0.006902466145
-0.0009340014254
0.003279448522
0.006130499949
0.007940762839
0.008972520625
0.009435427114
0.009492554568
0.009268168895
0.008855928108
0.008325872053
0.007729813922
0.007105479728
0.006479761395
0.005871270833
0.00529229697
0.004750319603
0.004249240329
0.003790408987
0.003373446283
0.002996850183
0.002658524496
0.002356031752
0.002086103732
0.001845785633
0.001632260681
0.001442801137
0.001274851761
0.00112607441
0.0009943533443
0.0008777849073
0.0007746625407
0.0006834601254
0.0006028152019
0.0005315131684
0.0004684728559
0.000412733271
0.0003634412745
0.000319840016
0.0002812581952
0.0002471002311
0.0002168373193
0.0001899996372
0.0001661691799
0.0001449736013
0.0001260817419
0.0001091980867
9.405321677e-05
8.040736559e-05
6.805059324e-05
5.678971218e-05
4.643882429e-05
3.684237572e-05
2.781049573e-05
1.93550664e-05
1.082179945e-05
4.787981658e-06
-0.1801947827
-0.1924636342
-0.2003961688
-0.2038249344
-0.2018280509
-0.1942106746
-0.1810453564
-0.1632000051
-0.1422949751
-0.1201587577
-0.09837630062
-0.07815259632
-0.06019840569
-0.04482393018
-0.03208429649
-0.02178638461
-0.01373184726
-0.007587777974
-0.002993147152
0.0003612238342
0.002729102454
0.004325319578
0.005331264861
0.005894675243
0.006132146047
0.00613447597
0.005972059582
0.005699062498
0.005356612386
0.004975436806
0.004578076542
0.004180672068
0.003794381303
0.003426535324
0.003081601405
0.002761968232
0.002468548052
0.002201282391
0.001959521779
0.001741718975
0.001546200518
0.001371233526
0.001215038741
0.001075864341
0.0009520363437
0.0008419910641
0.0007442885608
0.0006576135303
0.0005807710446
0.0005126803859
0.0004523678142
0.0003989587698
0.0003516699546
0.0003098014169
0.0002727286952
0.0002398951941
0.0002108049656
0.0001850159996
0.0001621342342
0.0001418081585
0.0001237240211
0.0001076015014
9.318999399e-05
8.026326001e-05
6.861658942e-05
5.806527457e-05
4.845110558e-05
3.961703063e-05
3.142794602e-05
2.372097359e-05
1.650727264e-05
9.226074604e-06
4.088372026e-06
-0.1513249836
-0.1626774984
-0.1699548212
-0.1732391948
-0.1722192919
-0.1666022551
-0.1566809107
-0.1431120505
-0.1270227143
-0.1097110107
-0.09234127508
-0.07582887194
-0.06078114035
-0.04754428145
-0.03622795145
-0.02676118252
-0.0190601002
-0.01296219387
-0.008212864939
-0.004570151694
-0.001832478484
0.0001724831949
0.001595298798
0.002564031013
0.003183723074
0.003538888256
0.003697082544
0.003711920806
0.003625448822
0.003470204705
0.003271042007
0.003046656174
0.002810828349
0.002573460463
0.002341451664
0.002119427357
0.001910311449
0.001715808026
0.00153677258
0.001373229911
0.001224663297
0.00109034163
0.0009693941908
0.0008608428506
0.0007636623951
0.0006768392985
0.0005994026221
0.0005304366268
0.0004690873205
0.0004145660994
0.000366150523
0.0003231827695
0.0002850668401
0.0002512649339
0.0002212932672
0.0001947175459
0.0001711483765
0.0001502368381
0.0001316703844
0.0001151690551
0.00010048201
8.738435296e-05
7.567412374e-05
6.516978038e-05
5.570686025e-05
4.713754829e-05
3.932424135e-05
3.214810065e-05
2.549940592e-05
1.92430638e-05
1.338882956e-05
7.478544252e-06
3.322217534e-06
-0.1282362119
-0.138500909
-0.1451764093
-0.148431147
-0.1480645186
-0.1439918829
-0.1365037349
-0.1261572745
-0.1137305858
-0.1001403566
-0.0862508047
-0.07276384538
-0.06018882806
-0.04884845371
-0.03889718113
-0.03036497231
-0.02317288661
-0.01727124203
-0.01251167362
-0.008731589636
-0.005771791948
-0.003488824236
-0.001758465883
-0.0004741021892
0.0004546898535
0.001103722533
0.001535776107
0.001802030439
0.001943602463
0.001993190422
0.001976583624
0.001913902006
0.001820612288
0.001708408853
0.001585988453
0.001459707412
0.001334108714
0.001212345576
0.001096515544
0.0009881699506
0.000887608906
0.0007950833619
0.0007105786082
0.0006338319752
0.0005644326838
0.000501899851
0.0004457222673
0.0003953798591
0.0003503596332
0.0003101676757
0.0002743367558
0.000242430482
0.0002140452121
0.0001888105004
0.0001663883664
0.0001464717496
0.0001287825021
0.0001130691676
9.910475251e-05
8.668456362e-05
7.562413379e-05
6.575725232e-05
5.693407642e-05
4.901952725e-05
4.189119165e-05
3.543633096e-05
2.955332187e-05
2.415247211e-05
1.915194206e-05
1.444831082e-05
1.004956811e-05
5.607154689e-06
2.501774645e-06
-0.1097355306
-0.1188772027
-0.1249961625
-0.1281449573
-0.1283059896
-0.1255512412
-0.1199938249
-0.112109306
-0.1024659022
-0.0917274167
-0.08054893663
-0.06948052249
-0.05894298846
-0.04922778282
-0.04050806545
-0.0328606389
-0.02627323091
-0.02069163176
-0.01602862926
-0.01220818422
-0.009129153201
-0.006671943478
-0.004727895486
-0.003207394347
-0.002035537588
-0.001147250682
-0.000486072484
-4.489818784e-06
0.0003364599515
0.0005684138705
0.0007169841331
0.0008027589262
0.0008420817012
0.0008477571922
0.0008297105126
0.0007955620589
0.0007510966818
0.000700651345
0.0006474042914
0.0005938327347
0.0005413186185
0.0004909138908
0.0004433195638
0.0003989232301
0.0003578919119
0.0003202488814
0.0002859209606
0.0002547696295
0.0002266147693
0.0002012527999
0.0001784697266
0.0001580502403
0.000139783905
0.0001234692327
0.0001089161297
9.594712915e-05
8.439779001e-05
7.411660561e-05
6.496457737e-05
5.681462787e-05
4.955089208e-05
4.306794255e-05
3.726993364e-05
3.206973198e-05
2.738798295e-05
2.315166966e-05
1.929604688e-05
1.575787734e-05
1.248642607e-05
9.412921831e-06
6.54262193e-06
3.641708023e-06
1.640119255e-06
-0.09475551579
-0.1028500064
-0.1084399584
-0.1115133774
-0.1121650766
-0.1103467241
-0.1062636641
-0.1002481322
-0.09273439972
-0.08421204736
-0.075179914
-0.06607368783
-0.05723890545
-0.04893059911
-0.04131977138
-0.03450214865
-0.02850496395
-0.02330609837
-0.01885929438
-0.01509500968
-0.01196852408
-0.009409741125
-0.007325539954
-0.005636881969
-0.004280701353
-0.003202399655
-0.002353072923
-0.001690129622
-0.001177695508
-0.0007859742617
-0.0004902861291
-0.0002703122038
-0.0001095088383
5.453651879e-06
8.523602561e-05
0.0001383105067
0.0001713606779
0.0001896187961
0.0001971284
0.0001971172196
0.000191865646
0.0001831386751
0.0001722475357
0.0001601590547
0.0001475700188
0.0001349696651
0.0001226930227
0.0001109617835
9.991394174e-05
8.962595946e-05
8.012997659e-05
7.142700964e-05
6.349686081e-05
5.63053405e-05
4.980949818e-05
4.396136669e-05
3.871059712e-05
3.400629909e-05
2.979832964e-05
2.603818842e-05
2.267962718e-05
1.967902276e-05
1.699554679e-05
1.459121639e-05
1.243088417e-05
1.048186107e-05
8.714022889e-06
7.097259288e-06
5.609299497e-06
4.217036893e-06
2.923711699e-06
1.613433242e-06
7.509353318e-07
-0.08256424922
-0.08973420379
-0.09484458653
-0.09784706565
-0.09878014095
-0.09770541669
-0.09478065193
-0.09021439955
-0.08435722004
-0.07757723005
-0.07025499437
-0.06274032424
-0.05531890698
-0.04821065194
-0.04157445179
-0.03551228772
-0.03007375821
-0.02526773779
-0.02107672508
-0.01745634395
-0.01435626013
-0.0117510635
-0.009575922649
-0.007770491339
-0.006280331179
-0.005056512481
-0.004056464088
-0.003243426406
-0.002585748666
-0.002056180523
-0.001631434904
-0.001291933922
-0.001021452106
-0.0008066271722
-0.0006364856587
-0.0005020588695
-0.0003960652317
-0.0003126303946
-0.0002470394132
-0.0001955071879
-0.0001550196906
-0.0001231917646
-9.819118342e-05
-7.854551819e-05
-6.308763093e-05
-5.090832007e-05
-4.129891557e-05
-3.370358314e-05
-2.76860947e-05
-2.290503714e-05
-1.909349901e-05
-1.604254452e-05
-1.358838055e-05
-1.160246753e-05
-9.983887338e-06
-8.653397454e-06
-7.548832808e-06
-6.621502465e-06
-5.833339968e-06
-5.154621399e-06
-4.562131296e-06
-4.037688985e-06
-3.566984366e-06
-3.138695838e-06
-2.743796828e-06
-2.374853606e-06
-2.025904866e-06
-1.69250646e-06
-1.370696786e-06
-1.057153468e-06
-7.499233045e-07
-4.45542558e-07
-1.516737931e-07
-0.07259042446
-0.0789631787
-0.08363374807
-0.08654118239
-0.08769649399
-0.0872003117
-0.08515835768
-0.08171114509
-0.07713812409
-0.07172817397
-0.06577309199
-0.05955258614
-0.05330366954
-0.04721520001
-0.04143097482
-0.03605184767
-0.03113843447
-0.02671808049
-0.02279269096
-0.01934466135
-0.01633989528
-0.01374676376
-0.0115208227
-0.009631995228
-0.008043717238
-0.006711121044
-0.005593690507
-0.004658914443
-0.003879933573
-0.003232883099
-0.002696341792
-0.002251768933
-0.001883570445
-0.001578699831
-0.00132620945
-0.001116933625
-0.0009432491477
-0.0007988582198
-0.0006785482149
-0.0005781417253
-0.0004940348607
-0.0004233448505
-0.0003637899933
-0.0003134566522
-0.0002707715932
-0.0002344563657
-0.000203465997
-0.0001769396993
-0.000154166558
-0.0001345588966
-0.0001176296205
-0.0001029733365
-9.025123148e-05
-7.91790707e-05
-6.951755294e-05
-6.106451577e-05
-5.364861538e-05
-4.712418114e-05
-4.13669797e-05
-3.627066669e-05
-3.174381795e-05
-2.770743444e-05
-2.409285715e-05
-2.083999587e-05
-1.7896011e-05
-1.52144227e-05
-1.275344512e-05
-1.04731768e-05
-8.343461597e-06
-6.325941245e-06
-4.420057961e-06
-2.502722439e-06
-1.053484468e-06
-0.06439235082
-0.07008887312
-0.07437086712
-0.07718156678
-0.07851589584
-0.07844074566
-0.07705811726
-0.07448589556
-0.07092192179
-0.06659684718
-0.06173960097
-0.05657397222
-0.05129715347
-0.04607130314
-0.04102481997
-0.03625369118
-0.03182280249
-0.02776967212
-0.02410981092
-0.02084179987
-0.01794853419
-0.01540589932
-0.01318392792
-0.01124979335
-0.009588352825
-0.008172806698
-0.006965030865
-0.005933938324
-0.005055856157
-0.004310200545
-0.003677946801
-0.003142071488
-0.00268788486
-0.002302853051
-0.001976274011
-0.001699020884
-0.001463346385
-0.001262711224
-0.001091597767
-0.00094553367
-0.0008203701665
-0.000712974792
-0.0006206411823
-0.000541074192
-0.0004723571856
-0.0004128912786
-0.0003613332916
-0.0003165489018
-0.0002775784316
-0.0002436089488
-0.0002139501121
-0.0001880137903
-0.0001652973335
-0.0001453698781
-0.0001278611098
-0.0001124519254
-9.886669982e-05
-8.686680248e-05
-7.624513823e-05
-6.682149174e-05
-5.843851443e-05
-5.095830647e-05
-4.425945696e-05
-3.823456449e-05
-3.278807195e-05
-2.783382903e-05
-2.329657782e-05
-1.91043345e-05
-1.519926148e-05
-1.150693987e-05
-8.02909787e-06
-4.525723316e-06
-1.940292943e-06
-0.05763506458
-0.06276591673
-0.06671148519
-0.06941816233
-0.07087348536
-0.07111746254
-0.07024392367
-0.06835662919
-0.06558760974
-0.06212429574
-0.05814950336
-0.05384275326
-0.04936927818
-0.04486885074
-0.04045532543
-0.03621792342
-0.03222179395
-0.02850977824
-0.02510574475
-0.02201842048
-0.01924351069
-0.01676857152
-0.01457554558
-0.01263851664
-0.01093472418
-0.009456681545
-0.008176155761
-0.007068184738
-0.006110839847
-0.00528436108
-0.004571499116
-0.003957233688
-0.003428255831
-0.002972752515
-0.002580383107
-0.00224220377
-0.001950511167
-0.001698681627
-0.001481021141
-0.001292794298
-0.00112968788
-0.0009881487414
-0.0008651653082
-0.0007581626582
-0.0006649357668
-0.0005836061431
-0.0005125695318
-0.0004504507438
-0.0003960685389
-0.0003484070357
-0.0003065911403
-0.0002698654039
-0.0002375761557
-0.0002091566001
-0.0001841142961
-0.0001620206456
-0.0001425019702
-0.000125231935
-0.0001099250357
-9.63309581e-05
-8.422965954e-05
-7.342708906e-05
-6.375146422e-05
-5.505019855e-05
-4.718683323e-05
-4.003662658e-05
-3.349230341e-05
-2.745251674e-05
-2.183066766e-05
-1.651825354e-05
-1.152016044e-05
-6.482792618e-06
-2.798188923e-06
-0.0520626293
-0.0567239
-0.06038140521
-0.06298408993
-0.06451495847
-0.06499693531
-0.06453033949
-0.063173888
-0.06102954461
-0.05824992446
-0.05498410611
-0.05137692145
-0.04756644513
-0.04367334235
-0.03979856602
-0.036024112
-0.03241321296
-0.02901104417
-0.02584667021
-0.02293573226
-0.02028272868
-0.01788410876
-0.01573037286
-0.01380686406
-0.01209460972
-0.01057974468
-0.009241566147
-0.008068585148
-0.00704589225
-0.006153694279
-0.005374242048
-0.004693700088
-0.004100400586
-0.003583623954
-0.003133554545
-0.002741496053
-0.002399873276
-0.002102093333
-0.001842397449
-0.001615887742
-0.001418136459
-0.001245303581
-0.001094115132
-0.0009617740483
-0.0008458388339
-0.0007441938794
-0.0006550106161
-0.0005767049756
-0.0005079013565
-0.0004474038958
-0.000394172198
-0.0003473000072
-0.0003059966842
-0.0002695714011
-0.0002374197326
-0.0002090121929
-0.0001838844277
-0.0001616287098
-0.0001418865649
-0.0001243422929
-0.0001087172262
-9.476470472e-05
-8.226561332e-05
-7.102474005e-05
-6.086718958e-05
-5.163565632e-05
-4.318379444e-05
-3.538805229e-05
-2.813378761e-05
-2.12816068e-05
-1.483873631e-05
-8.343260964e-06
-3.613703204e-06
-0.04747623758
-0.05175066735
-0.05516463646
-0.05767210105
-0.05925871439
-0.05994136711
-0.05975839191
-0.05880617336
-0.05715887381
-0.05492494492
-0.05222783624
-0.04918816783
-0.04592197945
-0.04253369078
-0.03911305339
-0.03573507874
-0.0324600073
-0.02933348732
-0.02638763476
-0.02364283088
-0.02110963232
-0.01879088133
-0.01668361841
-0.01478039036
-0.01306883981
-0.01153588163
-0.01016632792
-0.008944805032
-0.007866160648
-0.006918479125
-0.006084317632
-0.005348931835
-0.004701294897
-0.004131936955
-0.003631895216
-0.003192850683
-0.002807388654
-0.002468996368
-0.002171927033
-0.001911200455
-0.001682339591
-0.001481303795
-0.001304604333
-0.00114926608
-0.001012657786
-0.000892468594
-0.0007866808556
-0.0006935319224
-0.0006114783115
-0.0005391671985
-0.000475412768
-0.000419175119
-0.0003695414322
-0.0003257096522
-0.0002869744128
-0.0002527149287
-0.0002223844759
-0.0001955011568
-0.0001716397958
-0.0001504247543
-0.0001315235722
-0.000114641276
-9.951539594e-05
-8.591096368e-05
-7.36158634e-05
-6.244010593e-05
-5.221649601e-05
-4.27860965e-05
-3.401021046e-05
-2.572267027e-05
-1.793297251e-05
-1.007806039e-05
-4.374103139e-06
-0.04372325792
-0.04768203602
-0.05089280544
-0.05331352725
-0.05492863497
-0.05574625123
-0.05580334702
-0.05516823638
-0.05390944498
-0.05210701752
-0.04986395854
-0.04728176518
-0.04445856215
-0.04148558712
-0.03844312945
-0.03539977436
-0.03241236488
-0.02952592998
-0.02677416022
-0.02418055495
-0.02175986329
-0.01951961272
-0.01746158163
-0.01558308994
-0.01387731831
-0.01233542855
-0.01094693499
-0.009698132305
-0.008577651915
-0.00758217513
-0.006701559224
-0.005921080423
-0.005228604527
-0.004615065166
-0.004072454152
-0.003593073566
-0.003169763805
-0.002796112443
-0.00246641747
-0.00217567109
-0.001919400315
-0.001693430664
-0.001494103301
-0.001318303672
-0.001163250746
-0.001026476052
-0.0009058054685
-0.0007993261536
-0.0007053520369
-0.0006223958819
-0.0005491463395
-0.0004844472739
-0.0004272789733
-0.0003767415452
-0.0003320404347
-0.0002924738448
-0.0002574217266
-0.0002263359727
-0.0001987318225
-0.0001741798661
-0.0001522989444
-0.0001327509619
-0.0001152341657
-9.947620547e-05
-8.523385045e-05
-7.229086512e-05
-6.045236751e-05
-4.95309277e-05
-3.936814149e-05
-2.977234424e-05
-2.075464304e-05
-1.166007251e-05
-5.067494085e-06
-0.04068591735
-0.04439039723
-0.04743447813
-0.04977990639
-0.05141054509
-0.0523308511
-0.05257038993
-0.05218188953
-0.05122286465
-0.04975796405
-0.04787352066
-0.04565603877
-0.04318940309
-0.04055381551
-0.03782158001
-0.03505571578
-0.03230977018
-0.02962761165
-0.02704355937
-0.02458307408
-0.02226379101
-0.02009666351
-0.01808709287
-0.0162360103
-0.01454060807
-0.01299562426
-0.0115939257
-0.01032617194
-0.009181033921
-0.008149551341
-0.007228909386
-0.006410122057
-0.005680890724
-0.00503113297
-0.004453087635
-0.003939755329
-0.0034844066
-0.003080783195
-0.002723231751
-0.002406737869
-0.002126864393
-0.001879358019
-0.001660430269
-0.001466859474
-0.001295747638
-0.001144501271
-0.001010819586
-0.0008926661308
-0.0007882362538
-0.0006959300443
-0.000614330097
-0.0005421813748
-0.0004783727658
-0.0004219203897
-0.0003719527287
-0.0003276978395
-0.0002884720241
-0.0002536693177
-0.0002227528236
-0.0001952465227
-0.0001707268144
-0.0001488167003
-0.0001291790167
-0.0001115103909
-9.554366181e-05
-8.103656792e-05
-6.776380097e-05
-5.551818508e-05
-4.412475209e-05
-3.336783861e-05
-2.32599072e-05
-1.306473763e-05
-5.683132376e-06
-0.03827339375
-0.04177705418
-0.04468759211
-0.04697011895
-0.04860879168
-0.04960672479
-0.04998198957
-0.0497792699
-0.04904907475
-0.04784585908
-0.04624083308
-0.04430900547
-0.04212388329
-0.03975677125
-0.03727333537
-0.03473196708
-0.03218329612
-0.0296698602
-0.02722604931
-0.02487849652
-0.02264679648
-0.02054436614
-0.01857933667
-0.01675543916
-0.0150727854
-0.01352875306
-0.01211872226
-0.01083623384
-0.009673048141
-0.008619622217
-0.007669040073
-0.006817479608
-0.006057520542
-0.005378625492
-0.004772078146
-0.004231043115
-0.003749293228
-0.003320869379
-0.002940205295
-0.002602278451
-0.002302688501
-0.002037140832
-0.001801751848
-0.001593220412
-0.001408559944
-0.001245080714
-0.001100382291
-0.0009723292237
-0.000859020857
-0.0007587654721
-0.0006700587753
-0.0005915638199
-0.0005220934309
-0.0004605938032
-0.0004061290196
-0.0003578679807
-0.0003150737307
-0.0002770922995
-0.0002433421922
-0.0002133065011
-0.0001865262125
-0.0001625924427
-0.000141135512
-0.000121833415
-0.0001043917153
-8.854017886e-05
-7.40359689e-05
-6.065525691e-05
-4.820641421e-05
-3.645317311e-05
-2.540969501e-05
-1.427011976e-05
-6.211386407e-06
-0.0364168842
-0.0397668528
-0.04257400709
-0.04480612088
-0.04644753547
-0.04749925914
-0.0479761429
-0.04791238069
-0.0473534366
-0.04634680143
-0.04495289756
-0.0432379309
-0.04126791461
-0.03910734249
-0.03681658294
-0.03445029231
-0.03205666684
-0.02967697892
-0.02734540895
-0.0250892468
-0.02292938465
-0.02088096738
-0.01895410913
-0.01715463255
-0.01548478343
-0.01394394226
-0.01252930145
-0.01123635428
-0.01005906979
-0.008990148356
-0.008020755146
-0.007144867487
-0.006359283824
-0.005656690114
-0.005028014223
-0.004465497825
-0.003962940895
-0.003514776931
-0.003115658393
-0.002760591019
-0.002445199801
-0.002165166716
-0.001916536419
-0.00169594794
-0.00150034892
-0.00132697791
-0.001173358681
-0.001037279235
-0.000916764015
-0.0008100491201
-0.0007155621322
-0.000631901287
-0.000557819093
-0.000492205671
-0.0004340738498
-0.0003825445296
-0.0003368355716
-0.0002962558508
-0.0002601906224
-0.0002280883481
-0.0001994586278
-0.0001738673428
-0.0001509285509
-0.0001302913157
-0.0001116386266
-9.468510168e-05
-7.917343299e-05
-6.486360774e-05
-5.155023413e-05
-3.898082372e-05
-2.717099353e-05
-1.525780529e-05
-6.644236525e-06
-0.03506568772
-0.0383043018
-0.04103588142
-0.04323018007
-0.04487177045
-0.0459601247
-0.04650823384
-0.04654367167
-0.04610643489
-0.04523994034
-0.04399749946
-0.04243881925
-0.04062452408
-0.03861420561
-0.03646431477
-0.03422668997
-0.03194765496
-0.02966744054
-0.02741993706
-0.02523277888
-0.02312768557
-0.02112096407
-0.0192240994
-0.01744438914
-0.01578558457
-0.01424851933
-0.0128317043
-0.01153185173
-0.01034424378
-0.009262905423
-0.008280924921
-0.007392047339
-0.006587856473
-0.005865994381
-0.005220111173
-0.004641711215
-0.004123974813
-0.003661249444
-0.00324836734
-0.002880452382
-0.00255318977
-0.002262258591
-0.002003651
-0.001773962727
-0.001570096675
-0.001389241723
-0.001228866916
-0.001086704031
-0.0009607225047
-0.0008491048663
-0.0007502285422
-0.0006626401132
-0.0005850494816
-0.0005163050599
-0.0004553808538
-0.0004013634493
-0.0003534368136
-0.0003108773161
-0.0002730437819
-0.0002393639607
-0.0002093278209
-0.0001824782575
-0.0001584074263
-0.0001367481424
-0.0001171707581
-9.937713915e-05
-8.309671333e-05
-6.807732119e-05
-5.410369633e-05
-4.091104187e-05
-2.851587679e-05
-1.601190383e-05
-6.974436122e-06
-0.03418274934
-0.03734916323
-0.04003160354
-0.04220103271
-0.04384221225
-0.04495379335
-0.0455467598
-0.04564645563
-0.04528702522
-0.04451041249
-0.04336584668
-0.04190852805
-0.04019545028
-0.03828306097
-0.03622527959
-0.03407207605
-0.03186850768
-0.02965407683
-0.02746242962
-0.02532136833
-0.02325310024
-0.02127464655
-0.01939835197
-0.0176324514
-0.01598165768
-0.01444774278
-0.01303009012
-0.01172619556
-0.01053212901
-0.009442876036
-0.008452454041
-0.007553613214
-0.006741058484
-0.006007723464
-0.00534963027
-0.004759575501
-0.004231430171
-0.003759065527
-0.003337103175
-0.002960678736
-0.002625533716
-0.002327362399
-0.002062116346
-0.001826359653
-0.0016169704
-0.001431108998
-0.001266210044
-0.001119968668
-0.000990318369
-0.0008754049677
-0.0007735856932
-0.0006833592446
-0.0006034093645
-0.0005325581684
-0.0004697520495
-0.0004140533613
-0.0003646307017
-0.0003207406844
-0.0002817193472
-0.0002469787393
-0.0002159935564
-0.0001882928508
-0.0001634565892
-0.0001411080339
-0.0001209074695
-0.000102546878
-8.574717838e-05
-7.024857041e-05
-5.582907934e-05
-4.221559974e-05
-2.942495944e-05
-1.652260153e-05
-7.195667675e-06
-0.03374586259
-0.03687615353
-0.0395341717
-0.04169125928
-0.04333215942
-0.04445507189
-0.04507069312
-0.04520267246
-0.04488266607
-0.04415063061
-0.04305441224
-0.04164710149
-0.03998382274
-0.03811952355
-0.03610694092
-0.03399515271
-0.03182860459
-0.02964645043
-0.02748222283
-0.02536380839
-0.02331365276
-0.02134912532
-0.01948298967
-0.01772393741
-0.01607714939
-0.01454485491
-0.01312686563
-0.01182106341
-0.01062383291
-0.009530417033
-0.008535205366
-0.0076320787
-0.006815424995
-0.006079274426
-0.005415708636
-0.00481979417
-0.004285938266
-0.003808345123
-0.003381646027
-0.00300087239
-0.00266172447
-0.002359920231
-0.002091354221
-0.001852563725
-0.001640414133
-0.001452052022
-0.001284894426
-0.001136618213
-0.001005138736
-0.0008885894973
-0.0007852787411
-0.0006937332572
-0.000612606254
-0.0005407005881
-0.0004769529278
-0.0004204164104
-0.0003702470883
-0.0003256901735
-0.000286073408
-0.00025080008
-0.0002193380056
-0.0001912106048
-0.0001659914608
-0.0001432978344
-0.0001227846397
-0.0001041393124
-8.707877411e-05
-7.133941513e-05
-5.669558997e-05
-4.287085217e-05
-2.98794783e-05
-1.678435531e-05
-7.294135899e-06
-0.3278694693
-0.3414665735
-0.3278607203
-0.3414941869
-0.3481985204
-0.3532220497
-0.3481866529
-0.3531252944
-0.3502008909
-0.3444595369
-0.3610417171
-0.3319081677
-0.3501942712
-0.34453168
-0.361046985
-0.3526195802
-0.3547833411
-0.3555510538
-0.3526644674
-0.3522823335
-0.3504276563
-0.3522095184
-0.3503751533
-0.3298873379
-0.3279890167
-0.3256981572
-0.3310846563
-0.3254635812
-0.3311338818
-0.3300489571
-0.3428276203
-0.3409799278
-0.3382895939
-0.341564856
-0.33673316
-0.3399027821
-0.3369675429
-0.3398243853
-0.3377327588
-0.3298888076
-0.3279899763
-0.3256940557
-0.3310772068
-0.3254641938
-0.331136341
-0.3300490645
-0.3428354298
-0.3409812622
-0.338291213
-0.3415678413
-0.3367233445
-0.339898378
-0.3369691416
-0.3398252342
-0.3377326435
-0.3587912027
-0.3581148629
-0.352615505
-0.354771947
-0.3555479528
-0.3526539313
-0.3587882672
-0.3581009936
-0.331865692
-0.3346480556
-0.3345773469
-0.3390575964
-0.3368172189
-0.3365779343
-0.3393047384
-0.3850341017
-0.3691626998
-0.3890109894
-0.3587297955
-0.38502685
-0.3691082764
-0.3890577918
-0.3657898652
-0.3541004425
-0.3708896518
-0.3497656546
-0.3658996853
-0.3541346005
-0.3708527988
-0.4109173986
-0.3783126597
-0.4001861312
-0.374488555
-0.4108729891
-0.3782695149
-0.4001992068
-0.3713309563
-0.3505622428
-0.3543591683
-0.3533790219
-0.3713834189
-0.3506118185
-0.3544197038
-0.3508537757
-0.3397030668
-0.350815801
-0.3397850525
-0.3816049344
-0.3393028341
-0.3528659222
-0.3522056667
-0.3816259643
-0.3393279143
-0.3528770099
-0.3519760921
-0.3484240035
-0.349918564
-0.3513861334
-0.3506427301
-0.3513265118
-0.3518627398
-0.354372441
-0.3530666202
-0.3529330526
-0.3543039817
-0.3530176114
-0.3541712392
-0.354184127
-0.3519688957
-0.348424135
-0.3499337055
-0.3513235166
-0.3506425009
-0.3513156638
-0.3518420396
-0.3543693734
-0.3530563882
-0.3529307899
-0.3542132104
-0.353015109
-0.3541643292
-0.3541586707
-0.3447493215
-0.3429178544
-0.3523471136
-0.3491503838
-0.3424245434
-0.351372713
-0.3452201705
-0.3445002984
-0.3394162056
-0.3394372122
-0.3434427521
-0.3485712222
-0.3483294542
-0.3436149576
-0.3489009498
-0.3562718933
-0.3541887514
-0.3601186859
-0.3554758172
-0.3536626949
-0.3493129819
-0.3318679954
-0.3346425086
-0.3345812147
-0.3390630977
-0.336823423
-0.3365813449
-0.339312732
-0.3447572053
-0.3491540696
-0.3429274161
-0.3523589711
-0.3424294787
-0.3513778112
-0.3452402177
-0.3445035771
-0.339420778
-0.3394394137
-0.3434489813
-0.3486896997
-0.3483305233
-0.3436595315
-0.3489124184
-0.3601219772
-0.3563256022
-0.3543504007
-0.3554868712
-0.3536677102
-0.3493671162
-0.3521529107
-0.3532919217
-0.3534993051
-0.3524144065
-0.3506168402
-0.3506278968
-0.3524187251
-0.3519941187
-0.3500735985
-0.3515146915
-0.3502201572
-0.350042719
-0.3514813861
-0.3519723774
-0.3521469484
-0.3533871398
-0.3535043954
-0.3524113962
-0.3506702069
-0.3506303648
-0.35244246
-0.3519946664
-0.3502095868
-0.3501092408
-0.3515267008
-0.3500437972
-0.351483613
-0.3519826758
-0.3607456157
-0.3563289545
-0.3585157054
-0.3646148447
-0.3689663959
-0.36246566
-0.3707303765
-0.4102842112
-0.3977268682
-0.4003587445
-0.3946415134
-0.4102820091
-0.3977307285
-0.4003542501
-0.3498698198
-0.3529823885
-0.3529358819
-0.3532727202
-0.3532981357
-0.3565031556
-0.3563703045
-0.3734387252
-0.3853821211
-0.3847501781
-0.3779258365
-0.3822242405
-0.3766320721
-0.3874375185
-0.4397734878
-0.4126854984
-0.409768573
-0.4199302056
-0.4397691432
-0.412739011
-0.4097162523
-0.3531736062
-0.3517926379
-0.3515384277
-0.3555016722
-0.3573112538
-0.3571766845
-0.3558910701
-0.4196505559
-0.373216075
-0.3800081526
-0.3826489253
-0.4195859889
-0.3731859086
-0.3799547597
-0.3519796161
-0.3511008622
-0.3554440179
-0.3511142192
-0.3551237672
-0.3501036091
-0.3524885539
-0.4133695355
-0.3548050212
-0.3505080944
-0.3812775319
-0.4133100112
-0.3547738703
-0.3504666128
-0.3309555307
-0.3077554819
-0.3309327769
-0.3077022646
-0.3494713253
-0.3089712094
-0.3125165549
-0.3340672593
-0.3495035058
-0.3089917484
-0.3124846971
-0.3692866248
-0.3800984749
-0.3860097429
-0.3809852703
-0.3671934471
-0.3820620632
-0.3816893213
-0.3647271849
-0.3672987176
-0.3628413887
-0.369581451
-0.3785009759
-0.3740425207
-0.3746682801
-0.3758468516
-0.3942682454
-0.3873398189
-0.3839370809
-0.3918199581
-0.3779726983
-0.385996825
-0.3563294614
-0.3607621729
-0.3585175838
-0.3646188326
-0.3689720153
-0.3624663482
-0.3707623222
-0.3692886416
-0.3809855569
-0.3801026209
-0.3860495641
-0.3671941319
-0.3820669438
-0.3817027226
-0.3673029477
-0.3647389781
-0.3628471664
-0.3695820906
-0.378456712
-0.3740385357
-0.3746495853
-0.3758452333
-0.3839423022
-0.3942614788
-0.3873723705
-0.3918177011
-0.3779745818
-0.3859965514
-0.3588025449
-0.3653861959
-0.3586103725
-0.3619407981
-0.36929095
-0.3687978892
-0.3620337736
-0.354104748
-0.3543802619
-0.3544191005
-0.3581059301
-0.3578093399
-0.3577454941
-0.3580882127
-0.3638258889
-0.3716330972
-0.3634805418
-0.3699409369
-0.371464547
-0.3631217853
-0.3638900842
-0.3498737109
-0.3528716101
-0.352929715
-0.3533867712
-0.3533044333
-0.3564833271
-0.3559837627
-0.365393068
-0.3591722235
-0.358620617
-0.3619056076
-0.3692163372
-0.3687777723
-0.3617829814
-0.3541061166
-0.3543447973
-0.354420958
-0.3581187027
-0.357834019
-0.3577456245
-0.3580280735
-0.363832513
-0.3699366349
-0.3716986978
-0.3634822496
-0.3714716037
-0.3631225788
-0.3638604089
-0.3916623157
-0.3969186741
-0.4019688751
-0.4087409287
-0.3912160352
-0.3988868394
-0.395571744
-0.3948015861
-0.38144186
-0.3819561332
-0.3759635224
-0.3803623092
-0.3790938136
-0.394424291
-0.3734529647
-0.385372257
-0.3847476211
-0.3778507147
-0.3822231349
-0.3766190707
-0.3874086174
-0.3916617088
-0.4087382204
-0.3968784689
-0.4019730332
-0.3912137222
-0.3988933735
-0.3955648279
-0.3947980062
-0.3759604433
-0.3814872684
-0.3819063389
-0.3803666749
-0.3790874934
-0.3944079725
-0.3609828508
-0.3630635086
-0.3692267225
-0.370845055
-0.3628587302
-0.3682336247
-0.3616564673
-0.3508985909
-0.3502355199
-0.3508764612
-0.3547599722
-0.3530358325
-0.3522266008
-0.3550425719
-0.3613272939
-0.3733182087
-0.3562697717
-0.3517024844
-0.3741937978
-0.3543519038
-0.3621731973
-0.353165006
-0.3517758585
-0.3515390925
-0.3554979285
-0.3572722395
-0.357171274
-0.3558376749
-0.3609853582
-0.3708480179
-0.363091632
-0.3692560585
-0.3628602558
-0.3682315072
-0.3616627125
-0.3502444132
-0.3509822452
-0.3508838837
-0.3547586543
-0.3530703621
-0.352232212
-0.3550544824
-0.3613284285
-0.3516997967
-0.3733117525
-0.3562891412
-0.3741865377
-0.3543542227
-0.3621793829
-0.350840859
-0.3506867603
-0.3508080081
-0.3495733158
-0.3493086998
-0.3487368963
-0.3499646296
-0.347102879
-0.3482252076
-0.3384785649
-0.3387964675
-0.3471541469
-0.3375253642
-0.3477863981
-0.3506800991
-0.3509421946
-0.3508278036
-0.3495860439
-0.3493586472
-0.3487493708
-0.3500044343
-0.3471077598
-0.3388051851
-0.3482771659
-0.3384447934
-0.3471669155
-0.3375112329
-0.3478013617
-0.349946771
-0.363189088
-0.3493522201
-0.3822421452
-0.3615412339
-0.3464186247
-0.3519427924
-0.368792533
-0.3526796888
-0.3320319359
-0.3374844273
-0.3508029861
-0.3291575456
-0.3682352391
-0.351978753
-0.3511103114
-0.3554788761
-0.3511057953
-0.3551363137
-0.3501022857
-0.3525113998
-0.3499573206
-0.3822482654
-0.3632276075
-0.3493921514
-0.3615509796
-0.346432164
-0.3519703174
-0.3687983014
-0.3374931927
-0.3527035435
-0.3320546189
-0.3508073852
-0.3291668781
-0.3682494354
-0.3979436512
-0.3773133565
-0.3808214028
-0.3974510491
-0.3757536235
-0.3808921911
-0.3833050127
-0.380823105
-0.3979930595
-0.377371163
-0.3974357409
-0.3757443963
-0.3808705867
-0.3833193915
-0.3220971684
-0.3201877592
-0.3181317126
-0.3217966637
-0.3212315027
-0.3216900137
-0.3188713703
-0.3169656668
-0.3148460071
-0.3250361517
-0.3244636432
-0.3250307077
-0.3316925427
-0.3304067483
-0.3287903784
-0.3343133656
-0.3343667224
-0.3355191389
-0.3220982109
-0.3201888118
-0.3181328283
-0.3217932352
-0.3212280256
-0.3216864111
-0.3188716131
-0.3169659257
-0.3148463132
-0.3250356517
-0.3244630327
-0.3250300574
-0.331693896
-0.3304081638
-0.3287918899
-0.3343140013
-0.3343674501
-0.3355199483
)
;

boundaryField
{
    inlet
    {
        type            zeroGradient;
    }
    outlet
    {
        type            fixedValue;
        value           uniform 0;
    }
    topAndBottom
    {
        type            symmetry;
    }
    frontAndBack
    {
        type            empty;
    }
    cylinder
    {
        type            zeroGradient;
    }
    procBoundary3to1
    {
        type            processor;
        value           nonuniform List<scalar> 
125
(
-0.4098155011
-0.3926999311
-0.3521212261
-0.2894164362
-0.215279432
-0.1408985515
-0.07538650372
-0.02360134162
0.01351446692
0.03741786926
0.05093891525
0.05702092647
0.05815290539
0.05622396588
0.05256711016
0.04807009772
0.04329470421
0.0385779642
0.03410886456
0.02998225288
0.02623544852
0.02287211483
0.01987916885
0.01723529211
0.0149166947
0.01289879891
0.01115570417
0.009659255491
0.008379124915
0.007284419116
0.006346078679
0.005538776387
0.004841570493
0.004237512841
0.003713014347
0.003256528674
0.002858296836
0.002510254339
0.002205657731
0.001938805795
0.001704822304
0.001499505876
0.00131922291
0.00116082189
0.00102156275
0.0008990596253
0.0007912335797
0.0006962716117
0.0006125908109
0.0005388073526
0.0004737098913
0.0004162362011
0.0003654524988
0.000320534007
0.0002807535853
0.0002454700947
0.000214116239
0.0001861885251
0.0001612400804
0.0001388725295
0.0001187291635
0.0001004886013
8.386104307e-05
6.857761572e-05
5.44089283e-05
4.107384261e-05
2.858767009e-05
1.599346157e-05
7.05549857e-06
-0.3319120541
-0.3587427209
-0.3946504297
-0.3278719869
-0.3278621254
-0.3502039296
-0.3319087237
-0.3501933818
-0.3279922427
-0.3257008356
-0.325466823
-0.3279927593
-0.3256962686
-0.3254672312
-0.3850407502
-0.3587299892
-0.3850332778
-0.3318696369
-0.3368207363
-0.3365830023
-0.3429206695
-0.3491549377
-0.3424287101
-0.3318711376
-0.3368227858
-0.3365849322
-0.3491571115
-0.3429250136
-0.3424316164
-0.4102995973
-0.3946510505
-0.4102974543
-0.3563327181
-0.3689695612
-0.3624700462
-0.3801024513
-0.3809927577
-0.3671988525
-0.3563322824
-0.3689739245
-0.3624702286
-0.3809929571
-0.3801060039
-0.367199285
-0.3218005237
-0.32123561
-0.3216943003
-0.3188757004
-0.3169702073
-0.314850672
-0.3217962712
-0.3212311956
-0.3216896733
-0.318875587
-0.3169700713
-0.3148505568
)
;
    }
    procBoundary3to2
    {
        type            processor;
        value           nonuniform List<scalar> 
103
(
-0.2984929394
-0.298411719
-0.2581762378
-0.240414365
-0.2582235444
-0.2404364002
-0.1969004017
-0.1622766851
-0.1353224031
-0.1142171662
-0.09758684023
-0.08424990618
-0.07344925476
-0.06463406221
-0.05739245977
-0.0514186782
-0.04648538397
-0.04241785672
-0.03908323025
-0.03637969646
-0.03422877069
-0.03257127029
-0.03136360511
-0.03057372673
-0.03018368377
-0.3559973593
-0.355421219
-0.3577918502
-0.3529623864
-0.3455763143
-0.3419010337
-0.3455820796
-0.3419022213
-0.365534143
-0.3575455851
-0.3648091362
-0.3574534236
-0.3574534236
-0.3575455851
-0.3559947422
-0.3554118852
-0.3577911516
-0.3529599736
-0.3655297734
-0.3575404371
-0.364795347
-0.3574335608
-0.3574335608
-0.3575404371
-0.3577366266
-0.3580032038
-0.3571610181
-0.357164368
-0.3561066935
-0.3550512212
-0.354992719
-0.3560823579
-0.3577955353
-0.3580020725
-0.3571530615
-0.3571389936
-0.356105666
-0.355114833
-0.3550026742
-0.3561091744
-0.3548007721
-0.3546544468
-0.3538799815
-0.3540255425
-0.3389025748
-0.3384646874
-0.3153824975
-0.3169064295
-0.2984929394
-0.3389513083
-0.3384642395
-0.3153681897
-0.3169207799
-0.298411719
-0.3494916114
-0.3409938213
-0.3402369202
-0.3496469012
-0.3548250544
-0.3546627495
-0.3538739395
-0.3539799844
-0.3494948882
-0.3410127051
-0.3402393197
-0.3496489804
-0.3455763143
-0.3464484582
-0.3477861432
-0.3455820796
-0.3464537327
-0.3477912662
-0.3419010337
-0.3414509598
-0.3399233395
-0.3419022213
-0.3414520965
-0.3399244228
)
;
    }
}


// ************************************************************************* //
