/*--------------------------------*- C++ -*----------------------------------*\
| =========                 |                                                 |
| \\      /  F ield         | OpenFOAM: The Open Source CFD Toolbox           |
|  \\    /   O peration     | Version:                                        |
|   \\  /    A nd           | Website:  www.openfoam.com                      |
|    \\/     M anipulation  |                                                 |
\*---------------------------------------------------------------------------*/
FoamFile
{
    version     2.0;
    format      ascii;
    class       surfaceScalarField;
    location    "6.2";
    object      phi;
}
// * * * * * * * * * * * * * * * * * * * * * * * * * * * * * * * * * * * * * //

dimensions      [0 3 -1 0 0 0 0];
oriented        oriented;


internalField   nonuniform List<scalar> 
5126
(
8.641463912e-05
-1.860080997e-08
5.409304351e-05
-0.0001405157724
0.0002951500993
4.493592003e-05
-1.026055058e-06
-0.000339080667
0.0004372051212
-0.001953373955
0.0001883275376
6.153221648e-10
0.0004196207843
0.0004635480324
0.000444626807
-0.008117428809
0.0004018086953
0.002069690293
0.001788206708
0.002069687056
0.001788225579
-0.007831322269
-0.0002855603022
-0.006895780326
-0.0009346228683
-0.005355159904
-0.001539466867
-0.003375347615
-0.001978661095
-0.00113823359
-0.002236207679
0.001183011382
-0.00232072121
0.003455752595
-0.002272608269
0.00558844292
-0.002132899438
0.00753136976
-0.001943362167
0.00926663032
-0.001735798739
0.01079663905
-0.001530560888
0.0121352405
-0.001339102427
0.01330177746
-0.001166971205
0.01431574197
-0.001014316098
0.01519779664
-0.000882323118
0.0159657696
-0.0007681676606
0.01663510202
-0.000669460701
0.01721876899
-0.0005837376328
0.01772735198
-0.000508608343
0.01816918196
-0.0004418218714
0.01855054531
-0.0003813309488
0.01887599539
-0.0003254082888
0.01914886392
-0.0002728258326
0.01937197864
-0.00022307616
0.01954849059
-0.0001764797361
0.01968260801
-0.0001340915181
0.01977998087
-9.735222629e-05
0.0198475598
-6.756240548e-05
0.01989294663
-4.537363785e-05
0.0199234621
-3.050529424e-05
0.01994526501
-2.179558937e-05
0.01996280893
-1.753948574e-05
0.0199765707
-1.375926697e-05
0.01998858729
-1.201502705e-05
0.02000028682
-1.169823992e-05
0.02001135834
-1.106957203e-05
0.02002138599
-1.002460853e-05
0.02003006528
-8.675134845e-06
0.02003727374
-7.203409739e-06
0.02004304948
-5.77004617e-06
0.02004753068
-4.475175753e-06
0.0200508943
-3.357508267e-06
0.02005331265
-2.412368489e-06
0.02005493186
-1.613540747e-06
0.02005586771
-9.30576187e-07
0.02005621057
-3.380449789e-07
0.02005603335
1.815869355e-07
0.02005539773
6.395804705e-07
0.02005435805
1.043288999e-06
0.02005296291
1.39844668e-06
0.02005125563
1.71035193e-06
0.02004927457
1.983924068e-06
0.02004705339
2.22387749e-06
0.02004462146
2.434458811e-06
0.02004200456
2.619299087e-06
0.0200392253
2.781528919e-06
0.02003630359
2.923878221e-06
0.020033257
3.048664083e-06
0.02003010104
3.157950097e-06
0.02002684947
3.253500607e-06
0.02002351446
3.336877931e-06
0.02002010684
3.409442482e-06
0.02001663628
3.472339933e-06
0.0200131114
3.52662803e-06
0.02000954008
3.573024515e-06
0.02000592763
3.614131356e-06
0.02000227139
3.657895906e-06
3.668807986e-06
6.836291783e-05
-0.0001696092035
4.378595851e-08
0.000183957658
-8.275515809e-05
-0.0001600724219
0.000138666241
-4.049166877e-07
-0.0001582584422
0.0001800695397
0.0001841894305
-0.000390604352
-0.000633874448
0.0004041038889
5.387022301e-09
0.0001202422493
0.0001908773098
0.0001250605332
-0.0009790662042
0.0003652345271
0.0005452894434
-3.75054711e-05
0.0005453504069
-3.749400455e-05
-0.0005061553964
-0.0007584711189
0.0004929992817
-0.001933777558
0.001839644057
-0.002886111667
0.003446956039
-0.00358597309
0.005176335649
-0.003965587302
0.006911891022
-0.004056276587
0.00856456494
-0.003925282186
0.01008298163
-0.003651316126
0.0114429778
-0.003303358338
0.01263969354
-0.002932514491
0.01368080205
-0.002571669406
0.01458066277
-0.002238963144
0.01535594358
-0.001942252018
0.01602461276
-0.001682985286
0.01660127888
-0.001458989248
0.01709954769
-0.001266436481
0.01753100746
-0.001100920467
0.01790534033
-0.0009580705154
0.01823055961
-0.0008338276319
0.01851325197
-0.0007245142361
0.01875920817
-0.0006272871575
0.01897114184
-0.0005373419579
0.01915350965
-0.0004551936473
0.01930884096
-0.0003784074752
0.01943918205
-0.0003068208244
0.0195464583
-0.0002413677677
0.01963281524
-0.0001837091651
0.01970082916
-0.0001355763271
0.01975350816
-9.805263681e-05
0.01979408656
-7.10836949e-05
0.01982569754
-5.340656759e-05
0.01985073965
-4.258159003e-05
0.01986988886
-3.290847976e-05
0.0198875009
-2.962705757e-05
0.01990312956
-2.732688767e-05
0.01991715649
-2.509649979e-05
0.01992972053
-2.258864409e-05
0.01994086527
-1.981987125e-05
0.01995063202
-1.697016171e-05
0.01995909933
-1.423736125e-05
0.01996638439
-1.176022769e-05
0.01997262562
-9.598745979e-06
0.0199779624
-7.749141612e-06
0.01998252075
-6.17189734e-06
0.0199864074
-4.817222257e-06
0.01998971043
-3.641075235e-06
0.0199925028
-2.610780524e-06
0.01999484656
-1.704171902e-06
0.0199967957
-9.058518673e-07
0.01999839802
-2.038694919e-07
0.01999969543
4.129440259e-07
0.02000072528
9.540693739e-07
0.02000152026
1.428910147e-06
0.02000210898
1.8457427e-06
0.02000251664
2.2116393e-06
0.02000276534
2.532829865e-06
0.02000287454
2.814680139e-06
0.02000286142
3.061786702e-06
0.02000274115
3.278226137e-06
0.02000252717
3.467478915e-06
0.02000223141
3.632633618e-06
0.02000186449
3.77636452e-06
0.02000143585
3.900978506e-06
0.02000095394
4.008528837e-06
0.02000042648
4.100481862e-06
0.019999861
4.179613489e-06
0.01999927662
4.242275086e-06
4.318942812e-06
-6.915681082e-05
-0.0001554182422
-1.416641357e-07
0.0001260752444
9.864147313e-05
-0.000179343012
-0.0001713497156
0.0001989835036
0.0001524312743
-7.220502508e-07
0.007526473518
0.0006138750701
-0.0004492403326
-0.0002807741864
-0.0004497910588
-0.0002802560601
-0.001324093303
-0.002015956929
-0.001324156407
-0.002016080316
0.008299117515
-0.0004074094909
0.009102548482
-0.001561902096
0.009989295693
-0.002820524757
0.01092568767
-0.003822503635
0.01187878347
-0.004539068906
0.01279642261
-0.004883226451
0.01365627308
-0.004916127055
0.0144403705
-0.004709379601
0.01514232634
-0.00435327197
0.01576222807
-0.003923260071
0.01630450387
-0.003474790282
0.01677592305
-0.00304308859
0.01718425857
-0.002647298666
0.01753736101
-0.00229535446
0.01784260305
-0.001988227328
0.01810662737
-0.001723013565
0.01833518461
-0.001494993717
0.01853316593
-0.001298901792
0.01870472693
-0.001129631526
0.01885348111
-0.0009825818138
0.01898272639
-0.0008537595242
0.01909519208
-0.0007397528487
0.01919553554
-0.0006376854184
0.01928556077
-0.0005452188887
0.01936783843
-0.0004606851369
0.01944423803
-0.0003832204324
0.01951570158
-0.000312831316
0.01958223604
-0.0002502436285
0.01964316184
-0.0001965021209
0.0196980077
-0.0001528984918
0.01974466027
-0.0001177362627
0.01978388537
-9.263167457e-05
0.01981418981
-7.288602823e-05
0.01984032585
-5.904451289e-05
0.01986159722
-5.089842103e-05
0.01987918031
-4.49099731e-05
0.01989405135
-3.996752983e-05
0.01990691033
-3.54476308e-05
0.01991820063
-3.111016968e-05
0.01992818092
-2.695045193e-05
0.01993700537
-2.30618111e-05
0.01994478465
-1.953950639e-05
0.0199516193
-1.64333966e-05
0.01995761039
-1.374022468e-05
0.01996285782
-1.141932556e-05
0.01996745517
-9.414577771e-06
0.01997148585
-7.671750865e-06
0.01997502197
-6.14689577e-06
0.0199781253
-4.807499414e-06
0.01998084892
-3.62947399e-06
0.0199832388
-2.593748729e-06
0.01998533558
-1.683834464e-06
0.01998717464
-8.849787492e-07
0.01998878737
-1.838257889e-07
0.01999020107
4.320507169e-07
0.01999144006
9.726577966e-07
0.01999252555
1.447336876e-06
0.01999347639
1.863843415e-06
0.0199943091
2.229081741e-06
0.01999503832
2.549008162e-06
0.019995677
2.82879332e-06
0.01999623665
3.072980141e-06
0.01999672751
3.285504796e-06
0.01999715869
3.469792616e-06
0.01999753838
3.628843758e-06
0.01999787401
3.764845434e-06
0.01999817172
3.881897807e-06
0.01999844216
3.971837549e-06
4.090715243e-06
-6.174850241e-05
-0.0006923715681
-1.09340251e-07
0.0006837676484
7.046176155e-05
-0.0007354986267
-0.0003694318749
0.003406005252
0.0002002237976
1.949249999e-08
-0.0008846441934
-0.0007345675622
-0.0008821062919
0.01731272875
3.71812378e-05
-0.003635591318
-0.00473270993
-0.003635061499
-0.004732672169
0.01789127465
-0.0009859554135
0.01843398137
-0.002104608811
0.01875572258
-0.003142265965
0.01886646726
-0.003933248325
0.01891270725
-0.004585308912
0.0188812708
-0.004851789994
0.01884176448
-0.00487662073
0.01879691562
-0.004664530748
0.01876654443
-0.004322900783
0.01875616031
-0.003912875951
0.01876791533
-0.003486545298
0.01879930934
-0.003074482595
0.01884583025
-0.00269381958
0.0189024884
-0.002352012606
0.01896479523
-0.002050534158
0.01902916203
-0.001787380362
0.01909292454
-0.001558756223
0.01915420504
-0.0013601823
0.01921175886
-0.001187185353
0.01926487423
-0.001035697186
0.0193133579
-0.000902243199
0.01935758541
-0.0007839803622
0.01939853799
-0.0006786380068
0.01943773242
-0.0005844133321
0.01947693748
-0.0004998902012
0.019517731
-0.0004240139587
0.01956100601
-0.0003561063236
0.01960662728
-0.0002958648915
0.01965340362
-0.0002432784619
0.01969894712
-0.0001984419916
0.01974253456
-0.0001613237079
0.01978147839
-0.0001315754969
0.01981545456
-0.0001068621909
0.01984261837
-8.620832186e-05
0.01986467242
-7.295245992e-05
0.01988255232
-6.278987249e-05
0.01989726116
-5.467636475e-05
0.01990965603
-4.784250115e-05
0.01992035688
-4.181101995e-05
0.01992975526
-3.634883387e-05
0.01993807651
-3.138305317e-05
0.01994545131
-2.691431332e-05
0.01995197042
-2.295249839e-05
0.01995771477
-1.948457803e-05
0.01996276568
-1.647024084e-05
0.01996720395
-1.38528447e-05
0.01997110563
-1.157342368e-05
0.01997453878
-9.580046777e-06
0.01997756247
-7.831185285e-06
0.01998022736
-6.2943602e-06
0.0199825771
-4.943494328e-06
0.01998464974
-3.756471682e-06
0.01998647856
-2.713786207e-06
0.01998809279
-1.798055157e-06
0.01998951862
-9.93780663e-07
0.01999077887
-2.875872368e-07
0.01999189352
3.326873235e-07
0.01999288043
8.769408231e-07
0.01999375517
1.35434032e-06
0.01999453168
1.77250137e-06
0.01999522221
2.138259804e-06
0.01999583766
2.457528432e-06
0.01999638773
2.735430933e-06
0.0199968811
2.976426407e-06
0.0199973255
3.184438504e-06
0.01999772799
3.362356932e-06
0.01999809444
3.515437693e-06
0.01999843317
3.633112198e-06
3.78862157e-06
-0.0001158592129
-0.00638744905
0.006248481708
0.0005818123525
5.736518013e-08
-0.000107919228
-0.0001137748032
-0.0001053491344
0.02539590964
0.00111378127
-0.0002792168396
-0.0001662247434
-0.0002794868357
-0.0001664451471
-0.006236325337
-0.006573100756
-0.006235953639
-0.006572937615
0.02525279124
0.0001802996261
0.02510600431
-0.0008391684904
0.02482121511
-0.001819819607
0.02432882774
-0.002649878608
0.02379145468
-0.003395875281
0.02309279499
-0.003886649218
0.02232081416
-0.004079809157
0.021645028
-0.004200834571
0.02105431034
-0.00407381309
0.02059233471
-0.00386092515
0.02023235041
-0.003552891654
0.01996493798
-0.00321913287
0.01977290097
-0.002882445579
0.01964063215
-0.002561550763
0.01955423067
-0.002265611122
0.01950183789
-0.001998141378
0.01947393939
-0.001759481867
0.01946321947
-0.001548036307
0.01946421929
-0.001361182121
0.01947295827
-0.001195924333
0.0194865963
-0.001049335221
0.01950318216
-0.0009188290668
0.01952150069
-0.0008022988911
0.01954099524
-0.0006981325634
0.01956170235
-0.0006051204531
0.01958411402
-0.0005223018814
0.01960892081
-0.0004488207483
0.0196366605
-0.0003838460127
0.0196673789
-0.0003265832936
0.01970043971
-0.0002763392747
0.01973457564
-0.0002325779167
0.01976816768
-0.0001949157485
0.01979963887
-0.0001630466841
0.01982925911
-0.00013648242
0.01985342988
-0.0001103790912
0.01987370055
-9.322312799e-05
0.01989048372
-7.957303545e-05
0.01990440319
-6.859583618e-05
0.01991610163
-5.954093045e-05
0.01992611719
-5.182658746e-05
0.0199348383
-4.506993696e-05
0.01994251716
-3.906191383e-05
0.01994930972
-3.370686862e-05
0.01995531872
-2.896149875e-05
0.01996062415
-2.479001454e-05
0.0199652989
-2.114498397e-05
0.01996941357
-1.796751488e-05
0.01997303493
-1.51947831e-05
0.01997622412
-1.27692384e-05
0.01997903491
-1.064197038e-05
0.01998151405
-8.773494206e-06
0.01998370162
-7.131064837e-06
0.01998563256
-5.687407978e-06
0.0199873377
-4.418926985e-06
0.01998884396
-3.304308007e-06
0.01999017522
-2.325038398e-06
0.01999135262
-1.464985198e-06
0.01999239475
-7.094374103e-07
0.01999331828
-4.658839801e-08
0.01999413737
5.352524192e-07
0.01999486513
1.044743114e-06
0.01999551276
1.490631189e-06
0.01999609046
1.879820496e-06
0.01999660733
2.218559883e-06
0.01999707131
2.512442148e-06
0.01999748967
2.766077098e-06
0.01999786901
2.98301758e-06
0.01999821461
3.169838521e-06
0.01999853444
3.313273842e-06
3.502974809e-06
0.02622164906
0.002568118982
-0.0006478679167
-0.0006480664206
0.02647333407
0.001868277938
-0.0005961319468
-0.0004639018033
-0.0005955098701
-0.0004644193366
0.02652373377
0.001063381547
0.02646585637
0.0002381770403
0.02624321959
-0.0006165317124
0.02587595822
-0.001452558237
0.02538352675
-0.00215744716
0.02473093213
-0.002743280651
0.02395898455
-0.003114701635
0.02325781546
-0.003378640071
0.02251780842
-0.003460827538
0.02180627273
-0.003362277397
0.02124110494
-0.003295757362
0.02078242603
-0.00309421274
0.02044297137
-0.002879678217
0.02019466274
-0.002634136953
0.02001163749
-0.002378525506
0.01987919967
-0.002133173303
0.01978567572
-0.001904617431
0.0197215409
-0.001695347043
0.019679292
-0.001505787415
0.01965318083
-0.001335070953
0.01963890973
-0.00118165324
0.01963333128
-0.001043756768
0.01963417409
-0.0009196718833
0.01963981807
-0.00080794288
0.01964913029
-0.00070744479
0.01966135973
-0.0006173498982
0.01967606295
-0.0005370050993
0.01969301873
-0.0004657765293
0.01971210861
-0.0004029358991
0.0197331656
-0.0003476402837
0.01975583801
-0.0002990116851
0.01977952215
-0.0002562620585
0.01980340087
-0.0002187944623
0.01982657253
-0.0001862183421
0.01984836623
-0.0001582761177
0.01986910565
-0.0001311185094
0.01988616239
-0.0001102798588
0.01990083319
-9.424383574e-05
0.01991333013
-8.109277141e-05
0.01992397538
-7.018618142e-05
0.01993310965
-6.096084937e-05
0.01994103019
-5.29904832e-05
0.01994796534
-4.599706006e-05
0.01995407727
-3.981879454e-05
0.01995947868
-3.436290923e-05
0.01996425258
-2.956391233e-05
0.0199684676
-2.536000284e-05
0.01997218505
-2.16849695e-05
0.01997546223
-1.847195785e-05
0.01997835172
-1.565872965e-05
0.01998090089
-1.319113486e-05
0.01998315073
-1.102333419e-05
0.01998513765
-9.117984116e-06
0.019986893
-7.442756806e-06
0.01998844395
-5.969871722e-06
0.0199898151
-4.675455947e-06
0.01999102769
-3.537618442e-06
0.01999210067
-2.537962069e-06
0.01999305095
-1.659717567e-06
0.01999389308
-8.887219609e-07
0.0199946409
-2.125592585e-07
0.01999530531
3.803303027e-07
0.01999589701
8.989269944e-07
0.01999642506
1.351768189e-06
0.01999689764
1.745979135e-06
0.01999732206
2.088022037e-06
0.01999770495
2.3831826e-06
0.0199980521
2.635867845e-06
0.01999836883
2.853105036e-06
0.01999866171
3.020394996e-06
3.241132654e-06
0.02548831835
0.002175375013
0.02577619321
0.001580403068
0.02587914458
0.0009604301812
0.02587028003
0.0002470415813
0.02566176628
-0.000408017978
0.02532425844
-0.001115050394
0.02488655997
-0.00171974869
0.02434925174
-0.002205972425
0.0237850043
-0.002550454191
0.02318760999
-0.002781245771
0.02257598032
-0.002849197868
0.02208722402
-0.002873521088
0.02159143276
-0.00279996611
0.02111290193
-0.002615681909
0.02072724848
-0.002494024775
0.02046221463
-0.002369103104
0.02026515791
-0.002181468786
0.02011451335
-0.001982528745
0.02000063674
-0.001790740825
0.01991584795
-0.00161055825
0.01985379725
-0.001443736728
0.01980939161
-0.001290665308
0.01977866061
-0.001150922247
0.01975858496
-0.001023681122
0.01974690106
-0.0009079879813
0.01974190229
-0.0008029441142
0.01974226129
-0.0007078038002
0.01974689727
-0.0006219858826
0.01975490182
-0.0005450096449
0.01976551349
-0.000476388201
0.01977811486
-0.0004155372776
0.01979222034
-0.0003617457584
0.01980743627
-0.0003142276184
0.01982340207
-0.0002722278623
0.01983973568
-0.0002351280712
0.01985601097
-0.0002024936224
0.01987177682
-0.0001740419645
0.01988794325
-0.0001472849328
0.01990144026
-0.0001237768731
0.01991350202
-0.0001063055876
0.01992408878
-9.167952791e-05
0.0199332855
-7.938289937e-05
0.01994125302
-6.8928369e-05
0.01994817888
-5.991634166e-05
0.01995423699
-5.205516621e-05
0.01995956883
-4.515063045e-05
0.01996428037
-3.907445479e-05
0.01996845015
-3.373369493e-05
0.01997213935
-2.90491989e-05
0.01997540018
-2.494579738e-05
0.01997828036
-2.135214147e-05
0.01998082351
-1.820187436e-05
0.01998306943
-1.543705478e-05
0.01998505411
-1.300800785e-05
0.01998680855
-1.087241971e-05
0.01998835988
-8.99408269e-06
0.01998973222
-7.342213284e-06
0.01999094637
-5.889599573e-06
0.01999202101
-4.612259057e-06
0.01999297266
-3.489609036e-06
0.01999381608
-2.503134538e-06
0.01999456416
-1.636801723e-06
0.0199952283
-8.766995191e-07
0.01999581924
-2.106081966e-07
0.01999634556
3.72604081e-07
0.01999681556
8.817649011e-07
0.01999723645
1.325087832e-06
0.01999761478
1.709692297e-06
0.01999795603
2.041937243e-06
0.01999826597
2.325919017e-06
0.01999854838
2.570695863e-06
0.0199988101
2.758672759e-06
3.007228888e-06
0.02485725452
0.00181498855
0.02504926206
0.001388395516
0.02513328427
0.0008764079694
0.0251108115
0.0002695143537
0.02497822997
-0.0002754364514
0.02471014305
-0.0008469634806
0.02435031624
-0.001359921886
0.02391434796
-0.00177000415
0.02344665367
-0.002082759909
0.02296518653
-0.00229977863
0.02252466159
-0.002408672926
0.02210015198
-0.002449011473
0.02168105354
-0.002380867682
0.02135017919
-0.002284807559
0.02095459199
-0.002098437578
0.02066655078
-0.002081061892
0.02046308419
-0.001978002195
0.02030419365
-0.001823638214
0.02017909283
-0.001665640007
0.02008138703
-0.001512852456
0.02000589909
-0.001368248801
0.01994829068
-0.001233056894
0.01990503799
-0.001107669561
0.01987335079
-0.0009919939288
0.01985105253
-0.000885689723
0.01983643831
-0.0007883299035
0.01982812923
-0.0006994947178
0.01982495144
-0.0006188081007
0.01982585998
-0.0005459181842
0.01982991753
-0.0004804457482
0.01983631292
-0.0004219326652
0.01984439114
-0.0003698239834
0.01985366153
-0.0003234980092
0.01986377115
-0.0002823374773
0.01987444609
-0.000245803011
0.01988543076
-0.0002134782959
0.01989644766
-0.0001850588621
0.01990850348
-0.0001593407482
0.01991861884
-0.000133892232
0.019927958
-0.0001156447444
0.01993638236
-0.0001001038862
0.01994385334
-8.685387104e-05
0.0199504171
-7.549212297e-05
0.01995616964
-6.566888788e-05
0.01996122383
-5.710934946e-05
0.01996568328
-4.961007681e-05
0.01996963259
-4.302376447e-05
0.01997313619
-3.723729835e-05
0.01997624424
-3.215724817e-05
0.01997899884
-2.770039314e-05
0.01998143717
-2.379046881e-05
0.01998359424
-2.035894516e-05
0.01998550238
-1.734519161e-05
0.01998719068
-1.469630672e-05
0.01998868504
-1.236677878e-05
0.01999000836
-1.031740339e-05
0.01999118041
-8.514258436e-06
0.01999221856
-6.927743974e-06
0.01999313859
-5.532283365e-06
0.01999395408
-4.30509771e-06
0.01999467732
-3.226377289e-06
0.01999531947
-2.278945927e-06
0.01999589015
-1.44737945e-06
0.01999639791
-7.183748435e-07
0.01999685102
-8.050097076e-08
0.01999725576
4.770201761e-07
0.01999761845
9.624014306e-07
0.01999794463
1.383504094e-06
0.01999823925
1.747319111e-06
0.01999850671
2.058456507e-06
0.01999875093
2.326470753e-06
0.01999897707
2.532540053e-06
2.804761556e-06
0.02425148344
0.001535204334
0.02445863761
0.001181241355
0.02458169402
0.0007533515534
0.02454309443
0.0003081139456
0.02445483398
-0.0001871760038
0.02421959075
-0.0006117202596
0.0239180707
-0.00105840184
0.02356491593
-0.001416849377
0.0231737517
-0.001691595684
0.02276723104
-0.001893257968
0.02238125458
-0.002022696464
0.02201964305
-0.002087399954
0.02171690757
-0.002078132206
0.02143803887
-0.002005938862
0.02113184936
-0.001792248069
0.02083552546
-0.001784737989
0.02062681353
-0.001769290267
0.02046044867
-0.00165727336
0.02032950331
-0.001534694651
0.02022444855
-0.001407797705
0.02014016823
-0.001283968484
0.02007313386
-0.001166022523
0.0200203579
-0.001054893606
0.01997937199
-0.0009510080326
0.01994816784
-0.0008544855741
0.01992510894
-0.0007652710061
0.01990883558
-0.0006832213554
0.01989817551
-0.0006081480376
0.01989208355
-0.0005398262184
0.01988961738
-0.0004779795852
0.01988994766
-0.0004222629414
0.01989238282
-0.0003722591399
0.01989638449
-0.000327499689
0.01990155583
-0.000287508808
0.01990760228
-0.0002518494648
0.01991427835
-0.0002201543606
0.01992134483
-0.000192125341
0.01992982234
-0.000167818261
0.01993683729
-0.0001409071721
0.01994352685
-0.0001223343034
0.01994972783
-0.0001063048695
0.01995535152
-9.24775515e-05
0.01996037892
-8.051952292e-05
0.01996484217
-7.013214e-05
0.01996879886
-6.106603392e-05
0.01997231272
-5.312393683e-05
0.01997543983
-4.615086748e-05
0.01997822598
-4.002345607e-05
0.01998070762
-3.463888381e-05
0.01998291492
-2.990769441e-05
0.01998487543
-2.575097496e-05
0.01998661457
-2.209808682e-05
0.01998815641
-1.888702091e-05
0.01998952338
-1.606328087e-05
0.01999073541
-1.357880456e-05
0.01999181052
-1.139250918e-05
0.01999276428
-9.468018725e-06
0.01999361059
-7.774052834e-06
0.01999436166
-6.283353393e-06
0.01999502838
-4.971811611e-06
0.01999562058
-3.818577153e-06
0.01999614689
-2.805255853e-06
0.01999661521
-1.915699132e-06
0.01999703249
-1.135651494e-06
0.01999740493
-4.529460828e-07
0.01999773822
1.437363936e-07
0.01999803714
6.63476302e-07
0.01999830621
1.114434492e-06
0.01999854961
1.503918189e-06
0.01999877071
1.837358166e-06
0.01999897283
2.124349831e-06
0.01999916012
2.345240033e-06
2.636906935e-06
0.02377845483
0.001299425151
0.0239771662
0.0009825299739
0.02404963587
0.0006808818791
0.02403517219
0.000322577617
0.02394776342
-9.976723441e-05
0.02378845111
-0.0004524079573
0.02354762855
-0.0008175792747
0.0232637261
-0.001132946926
0.022946791
-0.00137466059
0.02261183202
-0.00155829899
0.02227752293
-0.001688387379
0.02195761884
-0.001767495868
0.02167708655
-0.001797599922
0.02144803003
-0.001776882334
0.02131382964
-0.001658047682
0.02104712319
-0.001518031532
0.02081638661
-0.001538553696
0.0206068069
-0.001447693659
0.02045770301
-0.001385590769
0.02034719524
-0.001297289937
0.02025749448
-0.001194267721
0.02018396286
-0.001092490912
0.02012413141
-0.0009950621621
0.02007588586
-0.0009027624846
0.02003743514
-0.0008160348636
0.02000726428
-0.0007351001415
0.01998408003
-0.0006600371151
0.01996675817
-0.0005908261737
0.01995430023
-0.0005273682759
0.01994581356
-0.0004694929123
0.01994051165
-0.0004169610404
0.01993772555
-0.0003694730364
0.01993691214
-0.0003266862737
0.01993764632
-0.000288242988
0.01993959554
-0.0002537986878
0.01994248424
-0.0002230430519
0.01994606176
-0.0001957028686
0.0199497728
-0.0001715292983
0.0199554776
-0.000146611966
0.01995965347
-0.0001265101768
0.01996367759
-0.0001103289799
0.01996744106
-9.624102373e-05
0.0199708888
-8.396725345e-05
0.01997400835
-7.32516903e-05
0.01997681471
-6.387239331e-05
0.01997933474
-5.564396703e-05
0.01998159754
-4.841366854e-05
0.01998362858
-4.205449623e-05
0.01998544966
-3.645995506e-05
0.01998707931
-3.153734626e-05
0.01998853445
-2.720610934e-05
0.01998983129
-2.339492848e-05
0.01999098545
-2.004117838e-05
0.01999201183
-1.708966335e-05
0.01999292444
-1.449140598e-05
0.0199937358
-1.220387397e-05
0.01999445733
-1.018954746e-05
0.01999509925
-8.415961443e-06
0.01999567011
-6.85421853e-06
0.01999617814
-5.479838735e-06
0.01999663021
-4.270643751e-06
0.01999703288
-3.207927662e-06
0.01999739179
-2.27460514e-06
0.01999771217
-1.456035204e-06
0.01999799843
-7.392036538e-07
0.01999825523
-1.130688571e-07
0.01999848598
4.327304694e-07
0.01999869397
9.064445558e-07
0.01999888229
1.315597014e-06
0.0199990537
1.66594566e-06
0.01999921058
1.96746298e-06
0.01999935625
2.199578626e-06
2.506171747e-06
0.02337125643
0.001109099052
0.02351800269
0.0008357836946
0.02361401024
0.0005848743297
0.02364831924
0.0002882686132
0.02356075409
-1.220209008e-05
0.02344997276
-0.000341626618
0.02323973095
-0.0006073374669
0.02300083904
-0.0008940550208
0.0227425863
-0.001116407862
0.02246803729
-0.001283749986
0.02218829963
-0.001408649723
0.02191416396
-0.0014933602
0.02165635834
-0.001539794296
0.02142983274
-0.001550356726
0.02129006968
-0.001518284622
0.02121508733
-0.001443049188
0.02105086185
-0.001374328217
0.02079827572
-0.001195107537
0.02058519925
-0.001172514304
0.0204530127
-0.001165103382
0.0203588625
-0.00110011753
0.02028105301
-0.001014681426
0.02021631429
-0.0009303234545
0.02016263774
-0.0008490859421
0.02011848192
-0.0007718790423
0.02008249805
-0.0006991162788
0.02005350561
-0.0006310446714
0.02003046361
-0.0005677841704
0.02001244649
-0.0005093511599
0.01999862867
-0.0004556750878
0.01998828127
-0.0004066136457
0.01998077559
-0.0003619673524
0.01997558404
-0.0003214947209
0.01997227329
-0.0002849322404
0.01997048736
-0.0002520127595
0.01996992512
-0.0002224808012
0.01997031948
-0.0001960972317
0.01997142428
-0.0001726341012
0.0199741254
-0.0001493130843
0.01997593744
-0.0001283222138
0.01997787849
-0.0001122700295
0.01997982806
-9.819059132e-05
0.01998170802
-8.584720349e-05
0.01998347549
-7.501916325e-05
0.01998511292
-6.550981477e-05
0.01998661733
-5.71483799e-05
0.01998799333
-4.978966382e-05
0.01998924789
-4.330906278e-05
0.01999038781
-3.759986589e-05
0.0199914202
-3.25697406e-05
0.01999235187
-2.81377753e-05
0.01999318979
-2.42328444e-05
0.01999394132
-2.079271398e-05
0.01999461386
-1.776219486e-05
0.01999521496
-1.509250591e-05
0.01999575194
-1.274085262e-05
0.01999623154
-1.066914998e-05
0.01999665981
-8.844228426e-06
0.01999704255
-7.236953397e-06
0.01999738426
-5.821545307e-06
0.01999768982
-4.576209063e-06
0.0199979628
-3.480905556e-06
0.01999820708
-2.518883558e-06
0.01999842582
-1.674776243e-06
0.01999862199
-9.353723148e-07
0.01999879839
-2.894690863e-07
0.01999895734
2.737776603e-07
0.01999910122
7.625675589e-07
0.01999923181
1.185004911e-06
0.01999935113
1.546622051e-06
0.0199994605
1.858099163e-06
0.0199995623
2.097777866e-06
2.414456036e-06
0.02303528417
0.0009483762415
0.02315825092
0.0007128169321
0.02325734677
0.0004857784756
0.02326354289
0.0002820724994
0.02320763649
4.370431048e-05
0.02310539705
-0.0002393871774
0.02296159239
-0.000463532822
0.02276852156
-0.0007009841935
0.02255708797
-0.0009049742829
0.02233135206
-0.001058014073
0.02209835835
-0.001175656011
0.0218663617
-0.00126136355
0.02164221764
-0.001315650234
0.02143198896
-0.001340128048
0.02125075875
-0.001337054411
0.0211153494
-0.001307639844
0.02099686809
-0.001255846905
0.0209329302
-0.001131169656
0.02074589044
-0.0009854745418
0.02056263082
-0.0009818437636
0.02045271463
-0.0009902013485
0.02036633198
-0.0009282987862
0.02029740568
-0.0008613971603
0.02023982201
-0.0007915022723
0.02019130232
-0.0007233593534
0.02015068189
-0.000658495853
0.02011691783
-0.0005972806153
0.02008907513
-0.0005399414714
0.02006631394
-0.0004865899688
0.02004788172
-0.0004372428677
0.02003311006
-0.0003918419842
0.02002141412
-0.0003502714101
0.02001229142
-0.0003123720278
0.02000531464
-0.0002779554495
0.02000012095
-0.0002468190685
0.0199963974
-0.0002187572549
0.01999386743
-0.0001935672555
0.01999228211
-0.0001710487822
0.01999247895
-0.0001495099219
0.01999208223
-0.0001279254952
0.01999205374
-0.0001122415366
0.01999226523
-9.840207892e-05
0.01999262245
-8.620442252e-05
0.01999306052
-7.54572321e-05
0.01999353744
-6.598673147e-05
0.01999402713
-5.763806787e-05
0.01999451325
-5.027578397e-05
0.01999498556
-4.378137386e-05
0.01999543758
-3.805187501e-05
0.01999586483
-3.299699333e-05
0.01999626432
-2.853726792e-05
0.0199966347
-2.46032197e-05
0.01999697527
-2.11332793e-05
0.01999728637
-1.807329282e-05
0.01999756923
-1.537536371e-05
0.01999782556
-1.299718076e-05
0.0199980574
-1.0900995e-05
0.01999826701
-9.05383867e-06
0.01999845636
-7.426298734e-06
0.01999862754
-5.99272593e-06
0.01999878218
-4.730839165e-06
0.01999892191
-3.620639475e-06
0.01999904799
-2.644959373e-06
0.01999916205
-1.78884039e-06
0.01999926537
-1.038685611e-06
0.01999935895
-3.830499003e-07
0.01999944407
1.886546482e-07
0.01999952163
6.850002896e-07
0.01999959267
1.113963483e-06
0.01999965805
1.481247806e-06
0.01999971847
1.79767685e-06
0.019999775
2.041248436e-06
2.363024844e-06
0.02274865587
0.0008122556921
0.02284687318
0.0006145996081
0.02291471874
0.0004179329108
0.02294872006
0.0002480711771
0.02294109374
5.133063072e-05
0.0228430915
-0.000141384943
0.0227427223
-0.0003631636325
0.02257113913
-0.000529401029
0.02239085954
-0.0007246946963
0.02220362332
-0.0008707778529
0.02200905418
-0.000981086865
0.0218125433
-0.001064852673
0.02161958801
-0.001122694941
0.02143455861
-0.001155098647
0.02126140512
-0.001163900928
0.02110577644
-0.001152011162
0.02097243192
-0.001122502391
0.02090610694
-0.00106484467
0.02087239891
-0.0009517665156
0.02071717474
-0.0008266195953
0.02058419542
-0.0008572220356
0.02045611641
-0.0008002197835
0.02036977215
-0.0007750528987
0.02030788753
-0.0007296176591
0.02025617043
-0.0006716422534
0.0202119613
-0.0006142867251
0.02017436265
-0.0005596819672
0.02014255863
-0.0005081374592
0.02011580597
-0.0004598373142
0.02009342915
-0.0004148660416
0.02007482176
-0.0003732345965
0.02005944584
-0.0003348954864
0.02004682917
-0.0002997553569
0.02003656024
-0.0002676865201
0.02002828126
-0.0002385400882
0.02002167827
-0.0002121542542
0.02001647291
-0.0001883619022
0.020012417
-0.0001669928664
0.02001029292
-0.0001473858436
0.0200078457
-0.0001254782691
0.02000597287
-0.0001103687041
0.02000454022
-9.69694357e-05
0.02000344108
-8.510527181e-05
0.02000259499
-7.461114687e-05
0.02000194148
-6.53332141e-05
0.020001436
-5.713258859e-05
0.02000104533
-4.98851096e-05
0.02000074454
-4.348058209e-05
0.02000051439
-3.782172463e-05
0.02000033951
-3.282211143e-05
0.02000020812
-2.840587829e-05
0.02000011029
-2.450539056e-05
0.02000003838
-2.106136576e-05
0.01999998613
-1.80210423e-05
0.0199999488
-1.533802785e-05
0.01999992264
-1.297101916e-05
0.0199999052
-1.088355486e-05
0.01999989436
-9.043003231e-06
0.01999988881
-7.420747038e-06
0.01999988773
-5.991642177e-06
0.01999988979
-4.732897321e-06
0.0199998944
-3.625252244e-06
0.0199999012
-2.651758082e-06
0.01999990915
-1.796784225e-06
0.01999991822
-1.047754267e-06
0.01999992793
-3.927649126e-07
0.01999993801
1.785715727e-07
0.01999994844
6.745703419e-07
0.01999995909
1.103316204e-06
0.01999996983
1.470501848e-06
0.01999998049
1.787020328e-06
0.01999999097
2.030768408e-06
2.352490964e-06
0.02250448633
0.0006955209111
0.02258890788
0.0005301780535
0.0226464538
0.0003603869927
0.02268970775
0.0002048172223
0.0226621234
7.89149726e-05
0.02258853664
-6.77981865e-05
0.02250187477
-0.0002765017761
0.02238080404
-0.0004083303001
0.02223957788
-0.0005834685259
0.02208570946
-0.0007169094402
0.02192289797
-0.0008182753678
0.02175610335
-0.0008980580612
0.02158986202
-0.0009564536119
0.02142794077
-0.0009931774035
0.02127328895
-0.001009249103
0.02112820667
-0.00100692889
0.02099497437
-0.000989270088
0.02088847008
-0.0009583403801
0.02084463651
-0.0009079329423
0.02085153961
-0.0008335227025
0.02077092473
-0.0007766071552
0.0205990625
-0.0006283575637
0.0204520257
-0.0006280160998
0.02036928675
-0.0006468787162
0.02031367583
-0.0006160313363
0.0202665347
-0.0005671455923
0.02022592279
-0.0005190700638
0.02019090884
-0.0004731235078
0.02016084703
-0.0004297755077
0.02013514141
-0.0003891604241
0.0201132482
-0.0003513413915
0.02009467705
-0.0003163243296
0.02007898982
-0.0002840681255
0.02006579748
-0.0002544941751
0.02005475442
-0.000227497029
0.02004555414
-0.0002029539752
0.02003792293
-0.0001807306871
0.02003161571
-0.0001606856439
0.02002735516
-0.0001431252924
0.02002301949
-0.0001211425943
0.02001943665
-0.0001067858628
0.02001646627
-9.399905428e-05
0.02001399352
-8.263252965e-05
0.02001192553
-7.254315447e-05
0.02001018847
-6.359614765e-05
0.02000872336
-5.566747414e-05
0.02000748342
-4.864517309e-05
0.02000643092
-4.242807569e-05
0.02000553525
-3.692605432e-05
0.02000477159
-3.205844807e-05
0.02000411915
-2.775344051e-05
0.02000356078
-2.394701975e-05
0.02000308195
-2.058253353e-05
0.02000267048
-1.760957654e-05
0.02000231604
-1.498358674e-05
0.02000200998
-1.266495733e-05
0.02000174514
-1.061870745e-05
0.02000151579
-8.813652882e-06
0.02000131693
-7.221889764e-06
0.02000114445
-5.819155703e-06
0.02000099491
-4.583352634e-06
0.02000086533
-3.495673202e-06
0.02000075271
-2.53914331e-06
0.02000065508
-1.699147178e-06
0.02000057012
-9.627987318e-07
0.0200004962
-3.188436703e-07
0.02000043161
2.431587869e-07
0.02000037496
7.312183995e-07
0.02000032522
1.153054347e-06
0.02000028123
1.514498422e-06
0.02000024219
1.826054955e-06
0.02000020688
2.0660746e-06
2.382906015e-06
0.02229542775
0.0005946726407
0.02236854773
0.000457058072
0.02241378805
0.0003151466624
0.02243644182
0.0001821634533
0.02242441712
9.093966282e-05
0.02239124527
-3.462633929e-05
0.02231479946
-0.0002000559589
0.02222782128
-0.000321352119
0.02210791317
-0.0004635604179
0.02197857261
-0.000587568882
0.02184181031
-0.0006815130739
0.02169989193
-0.0007561396785
0.02155637184
-0.0008129335269
0.02141448484
-0.0008512904099
0.02127692224
-0.0008716865016
0.02114577607
-0.0008757827204
0.02102253704
-0.0008660310573
0.0209093695
-0.000845172845
0.02081659385
-0.0008151572934
0.02075860213
-0.000775530984
0.02070923091
-0.0007272359439
0.0207016953
-0.0006208219531
0.02057387495
-0.0005001957486
0.02044187975
-0.000514883521
0.0203708084
-0.0005449599846
0.02031570768
-0.0005120448842
0.02027185038
-0.0004752127613
0.0202342756
-0.0004355487367
0.02020150288
-0.0003970027885
0.02017301343
-0.0003606709716
0.02014832734
-0.0003266553072
0.02012700366
-0.0002950006455
0.02010864031
-0.0002657047767
0.02009287389
-0.0002387277511
0.02007937694
-0.0002140000737
0.02006785478
-0.0001914318182
0.0200580421
-0.0001709180056
0.02004970047
-0.0001523440086
0.02004216329
-0.0001355881072
0.02003742886
-0.0001164081628
0.02003227527
-0.000101632273
0.02002788288
-8.960667053e-05
0.02002413048
-7.888012911e-05
0.02002091623
-6.932890017e-05
0.02001815584
-6.083575082e-05
0.02001577947
-5.329111229e-05
0.0200137292
-4.659489451e-05
0.02001195689
-4.065576424e-05
0.02001042224
-3.539140399e-05
0.02000909152
-3.072772352e-05
0.02000793607
-2.659799219e-05
0.02000693196
-2.294290714e-05
0.02000605828
-1.970885351e-05
0.02000529733
-1.684863023e-05
0.02000463388
-1.432013319e-05
0.0200040548
-1.208587126e-05
0.02000354863
-1.011253633e-05
0.02000310567
-8.370697187e-06
0.02000271786
-6.834078036e-06
0.02000237793
-5.47922352e-06
0.02000207999
-4.285410615e-06
0.02000181864
-3.23431818e-06
0.0200015894
-2.309903902e-06
0.02000138804
-1.497786636e-06
0.0200012108
-7.855546468e-07
0.02000105464
-1.626907419e-07
0.02000091658
3.812180095e-07
0.02000079426
8.535380533e-07
0.02000068524
1.262080044e-06
0.02000058758
1.612155726e-06
0.02000049963
1.914005164e-06
0.02000041913
2.14656804e-06
2.453464747e-06
0.02211663949
0.0005067340175
0.0221812015
0.000392496056
0.02222124671
0.000275101441
0.02223982285
0.0001635873167
0.02225221772
7.854478903e-05
0.02224344033
-2.584894811e-05
0.02217106753
-0.000127683155
0.0221074141
-0.0002576986893
0.02199628315
-0.000352429472
0.02188303433
-0.000474320065
0.02176706661
-0.0005655453562
0.02164589755
-0.0006349706257
0.02152162189
-0.0006886578696
0.02139697333
-0.0007266418448
0.02127438955
-0.0007491027246
0.02115587958
-0.0007572727614
0.02104297743
-0.0007531289049
0.02093675173
-0.0007389471542
0.02083852715
-0.0007169327112
0.02075186209
-0.0006888659329
0.02068028731
-0.0006556611594
0.02066460402
-0.0006051386691
0.02067337608
-0.0005089678046
0.02056372218
-0.000405229621
0.02046949866
-0.000450736471
0.02037438908
-0.0004169353044
0.02031399022
-0.0004148139116
0.02027280681
-0.0003943653278
0.02023784482
-0.0003620408009
0.0202070564
-0.0003298825478
0.02018002244
-0.0002996213503
0.02015635075
-0.0002713289506
0.0201356775
-0.0002450315312
0.02011766737
-0.0002207176152
0.02010201388
-0.00019834658
0.02008843727
-0.0001778552145
0.02007668328
-0.0001591640078
0.02006652136
-0.0001421820908
0.02005774341
-0.000126810152
0.02005092586
-0.00010959061
0.02004434434
-9.505075804e-05
0.02003865163
-8.391395397e-05
0.02003372157
-7.395006635e-05
0.02002944608
-6.505341822e-05
0.02002573302
-5.712268718e-05
0.02002250392
-5.00620135e-05
0.02001969218
-4.378315437e-05
0.02001724108
-3.820465869e-05
0.020015102
-3.325231742e-05
0.02001323353
-2.885925171e-05
0.02001160029
-2.496475429e-05
0.02001017162
-2.151423202e-05
0.02000892122
-1.845845801e-05
0.02000782624
-1.575365223e-05
0.02000686677
-1.336065939e-05
0.02000602553
-1.124462764e-05
0.02000528736
-9.374366759e-06
0.02000463919
-7.722524738e-06
0.0200040695
-6.264389198e-06
0.02000356852
-4.978243073e-06
0.0200031278
-3.84468268e-06
0.02000273976
-2.846278111e-06
0.02000239785
-1.967989494e-06
0.02000209645
-1.196391597e-06
0.02000183033
-5.194336771e-07
0.02000159457
7.306703402e-08
0.02000138567
5.901189638e-07
0.02000119963
1.03957705e-06
0.02000103333
1.428381593e-06
0.02000088373
1.76175563e-06
0.02000074871
2.049017724e-06
0.02000062456
2.270724535e-06
2.562915915e-06
0.02196411732
0.0004292566765
0.02202181961
0.0003347937562
0.02205923364
0.0002376874108
0.02208070346
0.0001421174981
0.02209940677
5.984148455e-05
0.02207322586
3.319649254e-07
0.02202016105
-7.461834501e-05
0.02196274062
-0.0002002782622
0.0218857425
-0.0002754313587
0.02179644825
-0.0003850258138
0.02169927793
-0.0004683750387
0.02159551436
-0.0005312070608
0.02148747591
-0.0005806194224
0.02137755496
-0.0006167208919
0.02126795614
-0.000639503913
0.02116058421
-0.0006499008374
0.02105697123
-0.0006495159331
0.02095825617
-0.0006402320924
0.02086521413
-0.000623890676
0.02077846516
-0.0006021169663
0.02069907369
-0.000576269685
0.02064026125
-0.0005463262378
0.02063568579
-0.0005043923362
0.02067460202
-0.0004441458541
0.02062755974
-0.0004036942001
0.02048885276
-0.0002782283238
0.02036972099
-0.0002956821491
0.02030850681
-0.0003331511499
0.02026997973
-0.0003235137247
0.02023731193
-0.0002972147409
0.02020832551
-0.0002706349379
0.02018267324
-0.0002456766735
0.02016002802
-0.0002223863151
0.02014008392
-0.0002007735148
0.02012255648
-0.0001808191296
0.02010718254
-0.0001624812741
0.02009372048
-0.000145701947
0.02008194842
-0.0001304100239
0.0200716646
-0.0001165263314
0.02006337806
-0.0001013040775
0.02005551437
-8.71870642e-05
0.02004864746
-7.704704794e-05
0.02004264851
-6.795111415e-05
0.02003740494
-5.98098448e-05
0.02003281855
-5.253630141e-05
0.02002880449
-4.604794639e-05
0.02002528894
-4.026760893e-05
0.02002220807
-3.512378204e-05
0.0200195069
-3.055115269e-05
0.02001713713
-2.648947965e-05
0.02001505729
-2.288491284e-05
0.0200132312
-1.96881341e-05
0.02001162736
-1.685462123e-05
0.02001021851
-1.434479678e-05
0.02000898048
-1.212262562e-05
0.02000789213
-1.015628225e-05
0.020006935
-8.41723386e-06
0.02000609277
-6.880295284e-06
0.02000535127
-5.522883093e-06
0.02000469792
-4.324893645e-06
0.02000412195
-3.268708795e-06
0.02000361404
-2.338367374e-06
0.02000316553
-1.519481739e-06
0.02000276924
-8.000930306e-07
0.02000241861
-1.688101945e-07
0.02000210765
3.840289828e-07
0.02000183128
8.664838741e-07
0.02000158486
1.285999106e-06
0.02000136411
1.649136344e-06
0.02000116541
1.960453961e-06
0.02000098543
2.228990384e-06
0.02000081993
2.436228415e-06
2.709388835e-06
0.02183476578
0.0003602156921
0.02188685404
0.000282705493
0.02192119639
0.0002033450636
0.02193860161
0.0001247122771
0.02194390867
5.453442504e-05
0.0219302078
1.403283822e-05
0.02190625319
-5.066373729e-05
0.02185500571
-0.0001490307811
0.0218001495
-0.0002205751488
0.02172292704
-0.0003078033593
0.02163925714
-0.0003847051405
0.02154983178
-0.0004417816981
0.02145540214
-0.000486189787
0.02135793805
-0.0005192568154
0.02125944518
-0.0005410110436
0.02116172622
-0.0005521818905
0.02106628753
-0.0005540772427
0.02097430351
-0.0005482480821
0.02088662885
-0.0005362160138
0.02080383865
-0.0005193267692
0.02072628464
-0.0004987156752
0.02065529273
-0.0004753343341
0.02060025455
-0.0004493541527
0.02057493422
-0.0004188255302
0.02055464769
-0.0003834076717
0.02057062913
-0.000294209763
0.02046780321
-0.0001928562351
0.02035762734
-0.0002229752745
0.02029987011
-0.0002657564953
0.02026388148
-0.0002612261152
0.02023328506
-0.0002400385178
0.02020597806
-0.0002183696788
0.02018166697
-0.0001980752249
0.02016007368
-0.0001791802166
0.02014093583
-0.0001616812759
0.0201240074
-0.0001455528458
0.02010905923
-0.0001307537732
0.02009587925
-0.0001172300406
0.02008427245
-0.0001049195324
0.02007467748
-9.170910957e-05
0.02006567797
-7.818755497e-05
0.02005776626
-6.913533766e-05
0.02005081202
-6.099686774e-05
0.02004469917
-5.369699443e-05
0.02003932547
-4.71626039e-05
0.02003460075
-4.132322603e-05
0.02003044579
-3.611265181e-05
0.02002679139
-3.14693782e-05
0.02002357628
-2.733604188e-05
0.02002074732
-2.366051952e-05
0.02001825757
-2.039515912e-05
0.02001606608
-1.749664168e-05
0.02001413696
-1.492549697e-05
0.02001243851
-1.264635034e-05
0.02001094305
-1.062716648e-05
0.02000962619
-8.839418167e-06
0.0200084662
-7.257241843e-06
0.02000744419
-5.858286133e-06
0.02000654314
-4.621824138e-06
0.02000574852
-3.530274521e-06
0.02000504724
-2.567425813e-06
0.02000442768
-1.718809378e-06
0.02000388023
-9.720287639e-07
0.02000339582
-3.15686121e-07
0.02000296649
2.605232124e-07
0.02000258553
7.649941102e-07
0.02000224649
1.205516005e-06
0.02000194378
1.588706116e-06
0.02000167245
1.920471241e-06
0.02000142777
2.205135521e-06
0.02000120604
2.450712508e-06
0.02000100187
2.640404046e-06
2.890122965e-06
0.021726099
0.0002979261198
0.02177370439
0.0002351001088
0.02180597991
0.0001710695447
0.02182294951
0.0001077426774
0.0218274791
5.000483586e-05
0.02183134425
1.016769571e-05
0.02182387989
-4.319938097e-05
0.02177565709
-0.0001008079825
0.02173575688
-0.0001806749466
0.02166297973
-0.0002350262093
0.02158777453
-0.0003094999417
0.02150965188
-0.0003636590595
0.02142647033
-0.0004030082387
0.02133939532
-0.0004321818067
0.02125024321
-0.0004518589439
0.02116072831
-0.0004626669987
0.02107232394
-0.0004656728738
0.02098621658
-0.0004621407224
0.02090331006
-0.0004533094933
0.02082425821
-0.0004402749224
0.02074950831
-0.0004239657782
0.02067934204
-0.0004051680716
0.0206145504
-0.0003845625087
0.02055831974
-0.0003625948798
0.02051402501
-0.0003391129355
0.02052116071
-0.0003013454743
0.02054848525
-0.0002201807751
0.02045013298
-0.0001246230013
0.02034357824
-0.0001592017566
0.02028865081
-0.0002062986865
0.02025495805
-0.0002063457557
0.02022628481
-0.0001896964428
0.02020058498
-0.0001723753945
0.02017760465
-0.0001561998833
0.02015710163
-0.0001411782529
0.02013884698
-0.0001272981972
0.02012262437
-0.0001145311617
0.02010823155
-0.0001028372198
0.0200954801
-9.216807952e-05
0.02008473569
-8.096470143e-05
0.02007474668
-6.819853772e-05
0.02006592106
-6.030971729e-05
0.02005812781
-5.32036233e-05
0.02005124866
-4.681784451e-05
0.02004517824
-4.109218226e-05
0.02003982255
-3.596753155e-05
0.0200350982
-3.138830866e-05
0.02003093112
-2.730229514e-05
0.020027256
-2.366091842e-05
0.02002401501
-2.041952526e-05
0.02002115686
-1.753700768e-05
0.02001863635
-1.497613576e-05
0.02001641382
-1.270295717e-05
0.02001445396
-1.068648924e-05
0.02001272591
-8.89912262e-06
0.02001120204
-7.315539236e-06
0.02000985833
-5.913536348e-06
0.02000867298
-4.672936277e-06
0.02000762732
-3.576161325e-06
0.02000670418
-2.607124298e-06
0.02000588884
-1.75208994e-06
0.02000516829
-9.982610547e-07
0.02000453086
-3.345963112e-07
0.02000396614
2.490389794e-07
0.02000346554
7.611260393e-07
0.02000302073
1.209797207e-06
0.02000262461
1.601639716e-06
0.02000227078
1.942530804e-06
0.02000195333
2.237928548e-06
0.02000166699
2.491467564e-06
0.02000140729
2.710418371e-06
0.02000116802
2.879668867e-06
3.102311724e-06
0.02163610137
0.0002409780608
0.02168015333
0.0001910481501
0.02171086352
0.0001403593546
0.02172852917
9.007703606e-05
0.0217365368
4.199720649e-05
0.02174460709
2.097398671e-06
0.02172524963
-2.384192122e-05
0.02169038442
-6.594277963e-05
0.02165384353
-0.000144134061
0.02160316526
-0.0001843479368
0.02154309027
-0.0002494249568
0.02147545879
-0.0002960275853
0.02140151023
-0.0003290596868
0.02132292392
-0.0003535954943
0.02124144827
-0.0003703833039
0.02115873215
-0.0003799508812
0.02107621693
-0.0003831576505
0.02099508795
-0.0003810117504
0.02091627647
-0.0003744980168
0.02084048745
-0.0003644859068
0.02076823516
-0.0003517134912
0.02069987735
-0.0003368102591
0.0206356421
-0.000320327267
0.02057580189
-0.0003027546692
0.0205212119
-0.0002845229446
0.02048457062
-0.0002647041963
0.02049579467
-0.0002314048297
0.02052605995
-0.0001548882785
0.02043097934
-6.412115229e-05
0.02032755957
-0.0001028789143
0.02027517863
-0.0001539648202
0.02024361814
-0.0001581359446
0.02021677717
-0.0001455344297
0.02019264963
-0.0001320723369
0.02017101154
-0.0001195401617
0.02015164775
-0.0001079344102
0.02013435389
-9.723730073e-05
0.02011893675
-8.742007967e-05
0.02010521502
-7.844634871e-05
0.0200934783
-6.9227974e-05
0.02008264499
-5.736522816e-05
0.02007303707
-5.070180386e-05
0.02006452283
-4.468937595e-05
0.0200569832
-3.927822112e-05
0.02005031036
-3.441933821e-05
0.02004440755
-3.006472036e-05
0.02003918821
-2.61689669e-05
0.0200345747
-2.268879e-05
0.02003049788
-1.958410027e-05
0.02002689618
-1.681782066e-05
0.02002371513
-1.435595627e-05
0.0200209059
-1.216690529e-05
0.02001842546
-1.022250767e-05
0.02001623565
-8.496685696e-06
0.02001430253
-6.966000299e-06
0.02001259629
-5.609290414e-06
0.0200110903
-4.407552406e-06
0.02000976088
-3.343511543e-06
0.02000858714
-2.402419666e-06
0.02000755055
-1.570527355e-06
0.02000663443
-8.359750432e-07
0.02000582435
-1.881712739e-07
0.02000510725
3.825037975e-07
0.02000447181
8.844754528e-07
0.0200039079
1.325039168e-06
0.02000340674
1.710956086e-06
0.02000296009
2.048287758e-06
0.02000256082
2.341803082e-06
0.02000220242
2.596325289e-06
0.02000187902
2.814862632e-06
0.0200015856
3.003844299e-06
0.02000131518
3.150084958e-06
3.342051637e-06
0.02156322778
0.0001881853656
0.02160451149
0.0001497644431
0.02163396877
0.0001109020714
0.02165162677
7.241903076e-05
0.02165841644
3.520754344e-05
0.02165777624
2.737593451e-06
0.02164644274
-1.250843295e-05
0.02162692352
-4.642355898e-05
0.02159688807
-0.0001140986193
0.02155834783
-0.000145807699
0.02150767821
-0.0001987553455
0.02144788979
-0.0002362391697
0.0213811954
-0.0002623652992
0.02130930401
-0.000281704108
0.02123391263
-0.0002949919247
0.02115662704
-0.0003026652892
0.02107885962
-0.0003053902334
0.02100178655
-0.0003039386876
0.02092635005
-0.0002990615179
0.02085328455
-0.0002914204091
0.02078314935
-0.0002815782998
0.02071635703
-0.0002700179435
0.02065319514
-0.0002571653746
0.02059384314
-0.000243402676
0.02053839057
-0.00022907038
0.02048814984
-0.0002144634584
0.02045528339
-0.0001985383867
0.02046971582
-0.0001693207082
0.02050265785
-9.70631808e-05
0.02041044941
-1.067047796e-05
0.02030980328
-5.331868983e-05
0.02025978792
-0.0001081205771
0.02023026226
-0.0001160087677
0.02020520622
-0.0001070162961
0.02018264438
-9.69783251e-05
0.02016237415
-8.766417816e-05
0.02014420161
-7.906475627e-05
0.02012794162
-7.116009191e-05
0.02011341866
-6.392338858e-05
0.02010084421
-5.665352711e-05
0.02008931082
-4.583183676e-05
0.0200790518
-4.044278564e-05
0.02006993622
-3.557379293e-05
0.02006184423
-3.11862342e-05
0.0200546663
-2.724139961e-05
0.02004830386
-2.370228192e-05
0.02004266735
-2.053245908e-05
0.0200376768
-1.769823887e-05
0.02003326021
-1.516751013e-05
0.02002935313
-1.291073872e-05
0.02002589795
-1.090077929e-05
0.02002284339
-9.112340225e-06
0.02002014365
-7.522765427e-06
0.02001775809
-6.111122617e-06
0.02001565051
-4.858415532e-06
0.02001378865
-3.747430377e-06
0.02001214406
-2.762966247e-06
0.02001069157
-1.891019681e-06
0.02000940845
-1.119291478e-06
0.02000827475
-4.368275389e-07
0.02000727243
1.663464345e-07
0.02000638563
6.986335771e-07
0.02000560039
1.167741652e-06
0.0200049045
1.580369055e-06
0.02000428671
1.942830993e-06
0.02000373711
2.260548218e-06
0.02000324728
2.538121912e-06
0.02000280924
2.77983714e-06
0.02000241594
2.989631678e-06
0.02000206085
3.169951585e-06
0.02000173869
3.32599953e-06
0.02000144165
3.44712668e-06
3.605599474e-06
0.02150626352
0.0001385341068
0.02154545148
0.0001105764884
0.02157397186
8.238169146e-05
0.02159186699
5.452389132e-05
0.02159950838
2.756615202e-05
0.02159877106
3.474911141e-06
0.02159570137
-9.438752902e-06
0.02158165429
-3.237648074e-05
0.0215572188
-8.966313695e-05
0.02152571608
-0.0001143049828
0.02148134466
-0.0001543839217
0.021427344
-0.0001822385147
0.02136601358
-0.0002010348797
0.02129908459
-0.0002147751243
0.02122824091
-0.0002241482462
0.02115505656
-0.000229480935
0.0210809127
-0.0002312463816
0.02100696734
-0.0002299933333
0.02093416013
-0.0002262543057
0.02086323941
-0.0002204997022
0.02079479087
-0.0002131297644
0.02072926312
-0.0002044901919
0.02066698579
-0.0001948880521
0.02060818445
-0.0001846013342
0.02055299377
-0.0001738797064
0.02050147227
-0.0001629419541
0.02045490807
-0.0001519741856
0.02042542543
-0.0001398380706
0.02044284675
-0.0001144844992
0.02047832668
-4.615040839e-05
0.02038869134
3.631664762e-05
0.02029058776
-1.001699183e-05
0.02024280642
-6.82274262e-05
0.02021548617
-7.969604931e-05
0.02019198356
-7.347571559e-05
0.02017100185
-6.668246016e-05
0.02015213588
-6.019878781e-05
0.02013520775
-5.423196023e-05
0.02012004763
-4.876327042e-05
0.02010678771
-4.339361081e-05
0.02009469621
-3.374033806e-05
0.02008391753
-2.966409879e-05
0.0200743207
-2.597697082e-05
0.02006578552
-2.265104482e-05
0.02005820169
-1.965757128e-05
0.02005146887
-1.696946582e-05
0.02004549598
-1.455956398e-05
0.0200402007
-1.240296257e-05
0.0200355089
-1.047570989e-05
0.02003135415
-8.755983608e-06
0.02002767655
-7.223181446e-06
0.02002442267
-5.858456424e-06
0.02002154473
-4.644822321e-06
0.02001899981
-3.566200525e-06
0.02001675004
-2.608645497e-06
0.02001476155
-1.7589405e-06
0.02001300418
-1.005595163e-06
0.02001145135
-3.381849699e-07
0.02001007879
2.532677883e-07
0.02000886563
7.763420025e-07
0.02000779284
1.239136614e-06
0.0200068436
1.647874824e-06
0.02000600299
2.008347909e-06
0.02000525757
2.325792694e-06
0.02000459563
2.604773044e-06
0.0200040069
2.849280934e-06
0.02000348193
3.06308507e-06
0.02000301216
3.249612758e-06
0.02000259033
3.411455441e-06
0.02000220952
3.550763585e-06
0.02000186378
3.671739956e-06
0.02000154515
3.765755177e-06
3.888542233e-06
0.02146427575
9.113800067e-05
0.02150195524
7.289699925e-05
0.02152979612
5.454081239e-05
0.02154789181
3.642819801e-05
0.02155666691
1.879105143e-05
0.0215580744
2.067418556e-06
0.02155878309
-1.0147446e-05
0.0215510511
-2.464449315e-05
0.021531743
-7.035504669e-05
0.02150474617
-8.730815639e-05
0.02146442926
-0.0001140670193
0.02141413476
-0.0001319440134
0.02135626614
-0.0001431662601
0.02129260909
-0.0001511180832
0.02122483119
-0.0001563703446
0.02115446347
-0.0001591132208
0.02108284665
-0.0001596295683
0.02101110928
-0.0001582559602
0.02094017737
-0.0001553224025
0.0208707996
-0.0001511219387
0.02080357416
-0.0001459043299
0.02073897048
-0.0001398865144
0.02067734529
-0.0001332628636
0.02061895397
-0.0001262100144
0.02056396282
-0.0001188885581
0.0205124602
-0.0001114393407
0.02046446971
-0.0001039836928
0.02042125319
-9.662155664e-05
0.02039490658
-8.813788616e-05
0.02041516889
-6.641271132e-05
0.02045317934
-1.693802023e-06
0.02036593361
7.722873453e-05
0.02027081199
2.689420183e-05
0.0202295812
-3.846526669e-05
0.02019972597
-4.362048098e-05
0.02017751013
-4.446662047e-05
0.02015812975
-4.081841194e-05
0.02014070474
-3.680694187e-05
0.02012506929
-3.312782351e-05
0.02011127494
-2.959926115e-05
0.02009876637
-2.123176994e-05
0.02008759798
-1.849571027e-05
0.02007763989
-1.601887414e-05
0.02006877115
-1.37823074e-05
0.02006088133
-1.17677553e-05
0.02005386875
-9.956885306e-06
0.02004764151
-8.33231845e-06
0.0200421156
-6.877049723e-06
0.02003721564
-5.575750848e-06
0.02003287323
-4.413578997e-06
0.02002902699
-3.376936818e-06
0.020025622
-2.453459996e-06
0.02002260861
-1.631430409e-06
0.02001994281
-9.004025046e-07
0.02001758533
-2.51161887e-07
0.02001550064
3.257526499e-07
0.02001365756
8.374828167e-07
0.02001202814
1.291241728e-06
0.02001058783
1.693581751e-06
0.02000931412
2.05004634e-06
0.02000818769
2.365571457e-06
0.0200071909
2.64466609e-06
0.02000630808
2.891166798e-06
0.02000552531
3.108570037e-06
0.02000483018
3.299902775e-06
0.02000421176
3.467695269e-06
0.02000366003
3.614818232e-06
0.02000316647
3.743169014e-06
0.0200027231
3.854828442e-06
0.02000232255
3.95131342e-06
0.02000195913
4.035156552e-06
0.02000162388
4.101005764e-06
4.185950728e-06
0.02143661047
4.520285297e-05
0.02147330929
3.619818919e-05
0.02150070064
2.714946565e-05
0.02151889936
1.822946733e-05
0.02152815175
9.538665027e-06
0.02152903645
1.182719627e-06
0.0215243117
-5.42269919e-06
0.0215301685
-3.050129277e-05
0.0215210375
-6.122405658e-05
0.02149634106
-6.261171836e-05
0.02145723922
-7.496518169e-05
0.02140833986
-8.304465714e-05
0.02135202579
-8.685219588e-05
0.02129001323
-8.910552642e-05
0.02122388944
-9.024656249e-05
0.02115511185
-9.033563519e-05
0.02108496372
-8.948143705e-05
0.02101453469
-8.782693075e-05
0.02094472816
-8.55158773e-05
0.02087628329
-8.26770696e-05
0.02080979953
-7.942057509e-05
0.02074575519
-7.584217707e-05
0.02068452047
-7.202815529e-05
0.02062636847
-6.805801444e-05
0.0205714834
-6.400349424e-05
0.02051997272
-5.992865862e-05
0.02047187732
-5.588829636e-05
0.0204271834
-5.192763477e-05
0.02038712886
-4.808333809e-05
0.02036380333
-4.308718126e-05
0.02038687244
-2.47629114e-05
0.02042770793
3.639324638e-05
0.02035031276
0.0001042893696
0.02028530873
2.653876338e-05
0.02021599446
2.569378936e-05
0.02018269392
-1.116608483e-05
0.02016216546
-2.028994792e-05
0.02014440845
-1.904992786e-05
0.020128456
-1.717537891e-05
0.02011427664
-1.541990174e-05
0.02010149089
-8.446011282e-06
0.02009006326
-7.068081357e-06
0.02007986373
-5.819343463e-06
0.02007077208
-4.690661963e-06
0.02006267716
-3.672832198e-06
0.02005547728
-2.757007816e-06
0.02004907932
-1.934363208e-06
0.02004339879
-1.196518925e-06
0.02003835911
-5.360682626e-07
0.02003389088
5.465785037e-08
0.02002993162
5.8232632e-07
0.02002642507
1.053086467e-06
0.0200233211
1.472548375e-06
0.0200205743
1.846390858e-06
0.02001814409
2.179058762e-06
0.02001599488
2.474958197e-06
0.02001409424
2.738122627e-06
0.02001241356
2.97193024e-06
0.02001092757
3.179573627e-06
0.02000961344
3.364176054e-06
0.02000845097
3.528039625e-06
0.02000742227
3.673370894e-06
0.02000651116
3.802277408e-06
0.02000570349
3.916238878e-06
0.02000498634
4.017054244e-06
0.02000434816
4.105877175e-06
0.02000377904
4.183941296e-06
0.02000326975
4.252457778e-06
0.02000281204
4.312530585e-06
0.02000239865
4.364701064e-06
0.02000202327
4.410544482e-06
0.02000167705
4.447222223e-06
4.493085735e-06
0.02142281717
0.02145901536
0.02148616482
0.02150439429
0.02151393295
0.02151511567
0.02150969297
0.02147919168
0.02141796762
0.0213553559
0.02128039071
0.02119734605
0.02111049386
0.02102138833
0.02093114176
0.02084080613
0.02075132469
0.02066349776
0.02057798188
0.02049530481
0.02041588423
0.02034004205
0.02026801389
0.02019995588
0.02013595238
0.02007602372
0.02002013543
0.01996820779
0.01992012446
0.01987703728
0.01985227436
0.01988866761
0.01999295698
0.02001949574
0.02004518953
0.02003402345
0.0200137335
0.01999468357
0.01997750819
0.01996208829
0.01995364228
0.0199465742
0.01994075486
0.01993606419
0.01993239136
0.01992963435
0.01992769999
0.01992650347
0.01992596741
0.01992602206
0.01992660439
0.01992765748
0.01992913003
0.01993097642
0.01993315548
0.01993563044
0.01993836856
0.01994134049
0.01994452007
0.01994788425
0.01995141229
0.01995508566
0.01995888794
0.01996280417
0.01996682123
0.01997092711
0.01997511105
0.0199793635
0.01998367603
0.01998804073
0.01999245128
0.0199968985
5.069842156e-08
3.638186629e-05
4.995984351e-05
0.0001539765333
-8.018637417e-05
4.208547903e-08
-0.000130673717
5.684147252e-05
-8.641843132e-05
5.481468651e-08
3.638893422e-05
4.995553889e-05
0.000153928801
-8.0139313e-05
3.154261362e-08
-0.0001306137674
5.679273693e-05
9.35425883e-08
5.684288803e-05
0.0001654030162
0.0001397792229
1.4768496e-05
-6.683568736e-08
-0.0001589103426
4.429459386e-06
-6.837015445e-05
9.851534575e-08
5.684001102e-05
0.0001653604204
0.000139726612
1.47661526e-05
-2.961979107e-08
-0.0001588503834
4.387238759e-06
0.0002463365235
4.924193315e-05
-4.496825932e-07
1.730692516e-08
-0.0001420043454
-0.0001078085483
-0.0002017608689
0.0001678191734
-0.0001352976213
0.000169628638
-3.893210355e-07
-1.7198181e-08
5.409345012e-05
-0.0001405141914
-0.0002951441398
-4.452447817e-07
0.0002463573991
4.921967201e-05
0.0001696082778
-1.193338635e-08
-0.0001419895015
-0.000107746166
-0.0002017992434
0.0001677749347
-3.899777413e-07
-0.0001353239686
0.000169738255
-0.0001024911047
2.187381157e-08
9.672417517e-05
-2.255436379e-09
-3.737009245e-05
2.758165183e-07
0.0001023315547
-5.806034186e-05
-4.36294978e-05
-5.76113489e-05
-9.038802954e-10
-4.396735808e-05
9.713096893e-05
-3.707712028e-05
-5.622879021e-08
-3.812242828e-05
0.0001088010683
0.0004518365017
5.866680267e-05
-6.077065845e-05
-0.0004496453253
-8.732168241e-08
6.906201234e-05
-2.717630248e-08
-3.812146761e-05
0.0001088132477
0.0004518433744
5.858724692e-05
-6.965757565e-08
-6.073775583e-05
-0.0004496232089
-3.294016682e-05
-3.978180267e-05
6.226163839e-08
6.963220808e-05
6.363618612e-10
3.026863359e-06
3.688937391e-05
4.984075282e-05
3.934535712e-10
-8.670184948e-05
-8.627308512e-08
3.304695693e-05
3.410940868e-06
2.111696754e-08
3.941349195e-05
9.584344666e-05
-8.531821707e-05
2.179920257e-10
3.852325425e-06
9.5650701e-05
1.019969477e-09
-8.557164664e-05
6.990894017e-05
2.613739493e-06
-3.546948989e-07
-5.761821493e-05
-5.866182002e-05
2.16121686e-10
-5.028490175e-05
0.000118799754
-2.413065874e-07
7.846748616e-10
1.35787281e-06
-0.0001305150227
5.719155929e-05
1.236087719e-09
0.0001536749751
-8.031064823e-05
1.009545852e-07
4.985389939e-05
-8.478513297e-05
-4.077408225e-08
-0.000118488154
0.0001177521926
6.660482431e-10
-8.504893845e-05
4.266310853e-10
0.0001172882851
1.033400483e-06
-3.294203889e-05
-3.977968665e-05
6.173759538e-08
6.963403029e-05
3.026595835e-06
3.68887031e-05
4.984286175e-05
-8.669719581e-05
-8.454144324e-08
3.30525056e-05
3.411506956e-06
2.53673462e-08
3.941280573e-05
9.583166437e-05
-8.531429562e-05
3.852194177e-06
9.565493406e-05
-8.556538288e-05
6.991327584e-05
2.613760351e-06
-3.560067237e-07
-5.762305746e-05
5.806751035e-05
-5.865970212e-05
5.760879074e-05
-5.028173701e-05
0.0001188011776
-2.420570252e-07
1.357453302e-06
-0.0001305146548
5.71796358e-05
0.0001536640306
-8.029622344e-05
1.05863935e-07
4.985007297e-05
-8.473804767e-05
-3.804153296e-08
-0.0001184883646
0.0001176960913
-8.503493573e-05
0.0001172834714
1.032939203e-06
-2.756075103e-07
-9.786100054e-10
-3.395400818e-05
-3.378611696e-05
-0.0001024885473
1.872586731e-08
9.672228751e-05
-3.73780541e-05
2.787824308e-07
0.0001023263045
-4.362004978e-05
-4.396628834e-05
9.71241659e-05
-3.709630187e-05
-2.800746317e-07
-3.396125771e-05
-3.381198974e-05
5.401239659e-05
-0.0001407600232
1.042391871e-09
-3.026509272e-08
-0.0001345110112
0.0001033161032
-0.0001347158387
0.0001031247143
1.600611575e-09
-5.395829085e-05
1.053762833e-07
-0.000184310846
0.0001034450853
2.831741891e-09
-1.027550878e-07
5.40084657e-05
-0.0001944467447
-0.0001948473291
1.766301393e-09
-0.0001839429357
0.000103545748
0.0004092957786
2.959473417e-05
-1.70173695e-06
-0.0001270268038
-7.847714792e-07
-0.0002340217128
0.0001269014341
-0.0003268061577
-8.96083421e-05
0.0002916066592
-2.093593186e-06
-1.021376701e-06
4.492667611e-05
-0.000339065351
-0.0004371471636
-1.698369052e-06
0.0004092984259
2.953096471e-05
0.000159926593
-7.598126079e-07
-0.0001270086463
-0.0002339573734
0.0001269359794
-0.0003268654966
-2.111270585e-06
-8.958985086e-05
0.0002916306388
0.0001188793364
-1.681035986e-07
0.0001877741835
1.813823171e-09
-0.0001761541498
3.550258971e-05
8.42862994e-05
0.0001790550001
-0.0001924336329
-7.050973983e-05
-3.979270642e-07
4.54474448e-08
0.0001838499981
-8.265732733e-05
-0.0001387139049
-2.108618114e-07
0.000119074891
0.0001876248141
0.0001555257448
-1.200362134e-08
-0.0001762283635
3.548077926e-05
8.429295605e-05
0.0001790192259
-3.841970863e-07
-0.0001923943558
-7.05336291e-05
0.0001857711356
0.0001262352556
-9.155232117e-07
-0.000185074688
9.100677352e-05
-9.887947638e-07
1.573199476e-08
0.0001811397352
0.0006481741667
-0.0001610807984
-0.0001460138069
-0.0001461460695
-0.0001619424162
-2.264320391e-05
-8.452175744e-05
-8.184283615e-05
-2.513874947e-05
-4.304873234e-07
-0.0001583019444
0.000179945126
-0.0001841184241
-8.977102181e-07
0.0001857670446
0.0001261850683
0.0001792934412
-9.717950907e-07
-0.000185074127
9.104543437e-05
0.0001809642851
0.0006483623531
-0.0001610783715
-0.0001459059552
-0.0001461660744
-0.0001619488239
-2.264969227e-05
-8.458921942e-05
-8.183268118e-05
-2.514007697e-05
-0.0001458692185
0.0001537749449
-2.004386036e-07
-6.963661054e-05
-1.347724877e-07
0.0004598593824
8.55073594e-05
0.0004930542324
-8.801942174e-05
-0.0004894540644
-1.088106295e-06
-9.266015096e-08
0.0001260400144
9.864040731e-05
0.0001714276012
-2.208925838e-07
-0.0001459504066
0.0001537629238
6.179656053e-05
-1.515809213e-07
-6.965997199e-05
0.000459858373
8.547385362e-05
0.0004931976204
-1.114295436e-06
-8.806933888e-05
-0.0004894878403
-0.0006946944874
-6.899601947e-08
6.105870171e-05
0.00138123008
0.0001318374694
-0.0001050865765
-0.001407630683
-3.502924821e-07
0.00069225597
-5.605008854e-08
-0.0006947421198
6.112943443e-05
0.00138114085
0.0001321069077
-3.787065532e-07
-0.0001051093123
-0.001407759741
-0.0006989978826
4.875126471e-05
2.553608181e-07
-8.843535608e-05
0.001354505339
-6.991263514e-07
1.158118573e-08
0.004896846814
0.0004148294342
-7.451323521e-05
-6.279927887e-05
-6.017251415e-05
-7.629490555e-05
-0.001197283789
-0.00132293289
-0.001320517773
-0.00119717345
-9.347310511e-08
0.0006837756238
7.037039413e-05
0.0007355084196
2.493830096e-07
-0.0006990509251
4.876697874e-05
0.0001158311803
-7.053976459e-07
-8.849657998e-05
0.00135451164
0.004897287829
0.0004144562294
-7.450737472e-05
-6.282598375e-05
-6.019445048e-05
-7.627439152e-05
-0.001197292394
-0.001322917232
-0.001320532813
-0.001197187833
-0.0001306855886
-4.427755278e-05
-4.569467738e-08
0.0001376417734
-3.033274452e-09
5.707230345e-05
0.0001652919181
5.272446368e-11
-6.859576268e-05
2.922682798e-07
0.0001306733114
-2.452926409e-08
4.42829223e-05
0.0001677938787
-4.664925772e-05
-8.948595467e-11
0.0001676129947
-3.930937916e-09
-4.661923238e-05
0.0001378334161
-2.937332367e-05
0.0001331399712
-7.765172921e-08
-1.223252943e-09
-0.0001587597826
4.224805169e-06
-4.253390525e-09
0.0001398057119
1.466668602e-05
3.495500994e-08
2.931442875e-05
-2.046585498e-05
-5.749271382e-08
-0.0001332840884
0.0001151285045
-1.229830148e-09
-2.048391892e-05
-2.894196718e-09
0.0001147925127
-0.000130672606
-4.429277165e-05
-5.113675719e-08
0.0001376354204
5.706941689e-05
0.0001652691915
-6.857601092e-05
2.860944893e-07
0.0001306299491
-3.230545172e-09
4.433587259e-05
0.0001677194155
-4.66916389e-05
0.0001676120622
-4.664280754e-05
0.0001378183807
-2.937922733e-05
0.0001331390629
-8.688629677e-08
-0.0001587503493
4.246027291e-06
0.0001397746961
1.469575277e-05
3.486371829e-08
2.931523151e-05
-2.048106214e-05
-2.116394963e-08
-0.000133234739
0.0001149955127
-2.048387651e-05
0.0001148231919
-5.206055961e-05
-0.0002327357448
2.00222678e-07
0.0001002814149
3.813933021e-09
-2.117564285e-07
5.208073098e-05
-4.126376149e-07
0.0002319862242
9.487385576e-05
-0.0002772055035
0.0002471420819
4.918482967e-05
1.526054733e-09
-0.0002967992077
2.5417554e-09
9.474534643e-05
2.509762296e-09
-0.0002787114089
0.0001003242521
-0.000141748385
-0.0001080546802
1.347184514e-09
0.000169508373
8.934931204e-09
-0.0001234823102
-0.0001236647759
1.095466816e-09
0.0001437097599
7.228067243e-08
-0.0001640042673
2.526308817e-09
-1.025865669e-07
-0.0001438506573
-0.0001381483114
0.0001742930099
-0.0001384439194
4.388081279e-10
0.0001739959669
-0.0001637149423
-0.0002048031336
0.0001409042421
1.720956314e-07
3.941500158e-09
-3.320164744e-07
0.0002042749836
-0.0002443667248
-2.226489264e-07
-0.0001410563971
0.0001727593759
-0.000135277069
0.0001701779241
1.669274406e-09
-0.0002029071035
0.0001676152666
3.828319639e-09
-0.0002456706956
2.052249831e-09
0.0001724135562
5.401987628e-05
-0.0001407565498
-2.623430982e-08
-0.0001344889034
0.0001032942835
-0.0001347047903
0.0001031346439
-5.396853403e-05
1.064328466e-07
-0.0001843067628
0.0001034668867
-1.039541473e-07
5.402986105e-05
-0.0001944532197
-0.0001948469737
-0.000183929858
0.0001035772413
-5.207234475e-05
-0.0002327390251
2.053988025e-07
0.0001003030263
0.0002471450613
4.918176466e-05
-0.0002967880381
-2.137404375e-07
5.211077787e-05
-4.15483279e-07
0.0002319974523
9.48298475e-05
-0.0002771921434
9.473553233e-05
-0.0002787057642
0.0001003837733
-0.0001417653349
-0.00010802764
0.0001694861681
7.92608631e-09
-0.0001234411984
-0.0001236566044
0.0001437215594
8.837485386e-08
-0.00016399713
-1.523253959e-07
-0.0001439265461
-0.0001380918537
0.0001744245578
-0.0001384032647
0.0001739453039
-0.0001637021323
-0.0002048167256
0.0001409366629
1.899105202e-07
-0.0001352877567
0.0001701847544
-0.000202903558
0.0001676182636
-3.498609328e-07
0.000204306283
-0.0002444505393
-2.886793273e-07
-0.0001411778414
0.0001731129261
-0.0002457149832
0.0001724315343
-3.815456131e-05
0.0001087960072
-2.505324272e-09
6.911054941e-05
8.913676898e-08
8.879850471e-05
8.875154487e-05
2.116557873e-09
0.0001165660223
1.846425096e-09
6.496374671e-05
-1.2431388e-09
4.675346979e-09
-0.0001165964515
7.961664637e-05
0.0001457761983
7.953089909e-05
1.009274265e-09
0.0001458347994
6.494787332e-05
0.0002504442345
5.181509801e-05
-9.327367636e-09
2.274163298e-10
-1.297490249e-08
-0.0002504439449
0.0002693029081
-1.406581496e-08
-5.161755753e-05
4.697011237e-05
-6.067410581e-05
-0.0004497883043
-3.720445241e-09
0.0004516241845
5.875463069e-05
4.380433894e-10
0.0002692876273
8.14087174e-10
4.690957681e-05
-3.815065338e-05
0.0001088423842
6.905329442e-05
5.042178436e-08
8.878304232e-05
8.876110294e-05
0.0001165660885
1.328165714e-08
6.496037841e-05
-1.685183109e-08
-0.0001166078505
7.959637372e-05
0.0001458415763
7.954949776e-05
0.0001458431279
6.49381426e-05
0.0002504502624
5.180913626e-05
-5.14421426e-09
-6.065717508e-05
-0.0004497425815
0.0004516603317
5.866605187e-05
-2.750069721e-08
-0.0002504675633
0.0002693536897
-1.819621952e-08
-5.16006606e-05
4.699467598e-05
0.0002693155088
4.695784018e-05
-9.357138615e-07
-0.0003171403559
8.580648746e-05
4.504257272e-05
-0.0003428889215
2.086565408e-10
-0.0003205508967
8.59455781e-05
7.622611188e-10
-4.197433082e-05
2.535110863e-06
-0.0003625824493
8.146917524e-05
1.597973598e-09
-2.746062907e-06
4.157917281e-05
-0.0003779344818
-0.0003876308026
2.813033032e-10
-0.0003537264953
8.070041837e-05
0.0001163035671
-2.111640197e-09
-0.001633645254
3.755033346e-09
0.0003705916127
0.0003435832932
0.0003903836268
-4.301998232e-09
0.0002708693187
-0.001953394342
0.0001882927188
0.0004635093851
0.0004197009349
0.0004446991427
0.0001162753116
-0.001633680216
0.0003905974513
0.0003436239836
0.0003705438177
0.0003903459473
0.0002708163737
0.0001838329188
-8.287838995e-05
1.867008468e-09
-1.93932843e-08
-4.954250422e-05
0.0001868702948
-4.958369124e-05
0.0001867804631
-2.486248539e-09
1.07136826e-08
0.0001914655489
-9.993840829e-05
0.0001911752403
-0.0001000495181
2.567414395e-09
-5.555965588e-08
-5.407884342e-05
0.0001957339892
-8.039845588e-09
-5.390598921e-05
0.0001957734547
-0.0001597757278
0.0001799916357
-0.0001600210369
0.0001393951224
5.081999825e-09
-0.0001682498735
7.977899053e-05
8.568829288e-07
-9.348043873e-05
0.0001810987383
-4.299981019e-09
-1.05482101e-06
0.0001675665772
-0.0001482990047
-0.0001764712
-5.438084574e-07
-7.86185738e-05
6.887849977e-05
0.0001903534182
-0.0001491225514
-0.0001799573218
-5.517767136e-10
6.950793038e-05
0.0001897236979
-4.813087574e-09
-9.138965416e-05
0.000181194528
0.0001822897709
-5.452221574e-09
0.0001359386293
6.467771528e-08
-5.124868747e-08
-0.0006339299444
0.0004043320445
0.0001908456297
0.0001201667459
0.0001250699374
0.0001822313725
0.0001355699324
0.0001259196167
9.866935249e-05
-0.0001556164718
-3.601274364e-09
-1.073555463e-07
0.000177561155
9.439765001e-05
0.000177360186
9.428660428e-05
2.711617443e-10
-0.0001449721073
1.668893376e-07
0.0002113515044
0.0001108154533
-1.552524308e-09
-5.776346415e-08
0.0001447493223
-0.0001684001602
0.0001223500734
-0.0001684787789
0.0001221205105
-2.24840941e-09
0.0002113898022
0.0001110875459
0.0004035753912
-7.265485969e-08
-0.0002373009222
-0.000234561463
-0.0003019661457
-0.0003055933437
0.001922855516
-3.512661889e-08
-0.0004050935689
-0.0004904505604
-0.0004036725346
-0.000130255189
-0.0001287571171
-0.0001196103964
-0.0001213586605
-6.070974198e-08
0.000310534699
-7.499603871e-07
0.0001990482426
0.0001524227618
0.0004035931335
-0.0002373548918
-0.0002345339047
-0.0003019651117
-0.0003056059409
0.001923200463
0.0003690041568
-0.0004905098673
-0.0004050222118
-0.0004035251206
-0.0001303368845
-0.0001287718574
-0.0001195791948
-0.0001212969884
0.0003106525736
0.000683537382
7.048294894e-05
-6.172297644e-05
-0.000692406361
-3.442026846e-10
-6.578981493e-05
-0.0009375315449
5.594033825e-07
0.0009132612854
8.949634326e-05
4.327241284e-09
-1.295269195e-07
6.574193613e-05
-6.595680079e-05
0.0006841120476
-4.083110682e-07
0.0009374616986
-0.0009462537927
7.96621425e-05
-6.580368169e-05
0.000683416257
5.442372405e-09
-0.0009460102836
7.855389317e-05
-4.974944982e-10
0.0009138234865
8.993954837e-05
8.100512591e-05
-5.650741036e-08
0.004817883871
-3.007805598e-08
-4.568265043e-08
0.003405984048
0.0001998734752
-0.0007345545854
-0.0008846614863
-0.0008821093807
8.151862006e-05
0.004817644372
0.0006446298111
-2.58323005e-08
-0.00017850997
-0.0001297941083
-0.0001775261978
-5.622367822e-08
0.006624356044
0.0006450937863
0.00638685553
-0.000129999741
-0.0001782305569
-0.0001771877055
0.006624522197
0.000426951093
3.471670323e-08
0.006610016359
2.008060691e-08
-3.508132114e-08
0.006248249174
0.0005815731836
-0.0001137512531
-0.0001079639362
-0.0001053631023
0.0004267864798
0.006610605579
-3.754541302e-05
-0.0004053379183
5.10713484e-06
7.519296142e-05
7.839182228e-10
-5.42035355e-06
3.676282253e-05
-1.627197041e-06
0.000385346058
6.549666485e-05
0.0004306163328
3.121273641e-05
1.164388918e-10
2.562682509e-10
6.887249538e-05
1.94399784e-09
7.348953194e-05
-7.898346785e-07
-0.0002847972073
-0.0001272348437
-0.000236479789
1.722144829e-09
-0.0002877526796
2.88273351e-09
0.0001182112081
2.129549499e-06
-0.0003266245245
2.590471583e-10
-1.863349365e-06
-0.0001174113286
-0.0002630460441
-0.0002692528755
-1.610599499e-09
-0.000319378568
-0.0003636006754
0.0001079452778
4.224601177e-06
-7.633697652e-10
-1.020488212e-06
0.000347500434
-3.864854333e-06
-0.0001058360057
0.0001382614774
-9.463574819e-05
0.0003055130893
2.083007791e-09
0.0001306102732
-7.797305316e-10
7.51562005e-10
0.0001403398883
4.505675172e-05
-0.0003428848921
-9.419087186e-07
-0.0003171779815
8.585442092e-05
-0.0003205819446
8.599178477e-05
-4.197459249e-05
2.547039867e-06
-0.0003625845277
8.143172104e-05
-2.74807602e-06
4.15942894e-05
-0.0003779301108
-0.000387627616
-0.0003537404266
8.070377979e-05
-3.754714916e-05
-0.0004053459828
5.11193054e-06
7.519746793e-05
0.0004306153417
3.117874825e-05
-5.421659295e-06
3.677199274e-05
-1.641923726e-06
0.0003853486659
6.552516105e-05
6.889193993e-05
7.349217392e-05
-0.0001272229001
-0.0002364549751
0.0001600162289
-7.923709688e-07
-0.000284812391
-0.0002877355881
0.0001182025059
2.121275511e-06
-0.0003266273974
-1.846222508e-06
-0.0001173828429
-0.0002630268848
0.0001482985762
-0.0002692629157
0.0001491626104
-0.0003193701768
-0.000363597807
0.0001079419958
4.225122114e-06
-9.462081725e-05
0.0003055313051
0.0001306043119
-1.018471112e-06
0.0003474976083
-3.878273084e-06
-0.0001058447378
0.0001383267663
0.0001403328568
-8.063651644e-08
0.0001917809496
0.0001192117489
0.000187627774
2.767602119e-09
0.0001914910053
4.149668331e-09
-6.079778876e-05
3.921908309e-08
0.0001981851104
-1.438330904e-08
-2.084207879e-07
6.034739694e-05
0.0001965137088
0.0001961364097
-6.914498621e-09
0.0001982615724
-0.0001762045264
3.525599746e-05
5.5759723e-10
1.622863508e-08
-9.765944671e-06
-9.892506644e-06
7.507103565e-10
0.0001868050069
-7.473844421e-09
-9.612700106e-07
5.211303207e-09
-2.671382937e-08
-0.0001867866536
5.391579866e-05
5.35554634e-05
5.275080689e-11
-7.866219641e-07
5.564481672e-06
0.0001916294422
2.719820952e-08
2.715549125e-09
-7.137586166e-08
-5.827737809e-06
9.979186955e-06
-1.494001114e-07
-0.0001916744111
0.0001752298701
-0.0001923781482
-6.988915927e-05
-1.7444588e-09
8.303438751e-05
0.0001788367433
2.892816716e-09
9.248469894e-06
3.991350481e-10
0.0001751459464
0.0001838018119
-8.28443495e-05
2.424538329e-08
-4.976499943e-05
0.0001868991096
-4.959065265e-05
0.0001867714076
-3.467287781e-08
0.0001919493919
-0.0001001474908
0.0001910901368
-0.000100021289
-2.093941142e-07
-5.406173823e-05
0.0001957625606
-5.411409809e-05
0.000196089091
0.0001192303131
0.000187608631
-0.0001394287676
-2.310024029e-07
0.0001922713356
0.0001914137056
-6.077261276e-05
-5.178170273e-08
0.0001981619742
-1.854208458e-07
6.021880109e-05
0.0001963988874
-6.880744646e-05
0.0001961439344
-6.950025147e-05
0.0001983242609
-0.0001762146078
3.527586564e-05
0.0001556230513
3.182719034e-08
-9.842145449e-06
-9.89449812e-06
0.0001868306457
-3.825445995e-08
-9.19119514e-07
-3.699442386e-08
-0.0001868863348
5.393382482e-05
0.0001684702866
5.357391855e-05
0.0001684956562
-6.776445762e-07
5.59830941e-06
0.000191635432
1.182286909e-08
-0.0001923700825
-6.988640102e-05
8.301751697e-05
0.0001788530143
-9.620494199e-08
-5.961166614e-06
1.006190213e-05
-1.497893992e-07
-0.0001916972739
0.0001752472605
9.278835763e-06
0.000175173552
-0.0001502502315
-0.0001059421842
1.631424881e-06
-2.447551251e-10
-2.386378789e-06
0.0001499477919
-1.289166558e-06
0.0001017528652
0.0001922531162
0.0001283200404
-1.101556901e-09
-9.363999039e-10
3.151390431e-09
-1.338202954e-05
0.0001719994164
-1.605847274e-07
-1.267557135e-09
-4.561406735e-07
1.571404772e-05
-1.212950883e-06
-0.0001716092355
0.0001793072048
-0.0001851322139
8.878447372e-05
-1.253250576e-09
0.0001783945765
1.783433042e-09
-2.58911612e-09
0.0001777306858
-0.0001598103223
0.0001799723775
-0.0001682461842
7.977593633e-05
8.488555281e-07
-9.34757301e-05
0.0001810928136
-1.054076951e-06
0.0001675490901
-0.000176498384
-5.175455584e-07
-7.859137444e-05
0.0001902466019
-0.0001799485269
0.0001897257015
-9.137964293e-05
0.0001811862056
-0.0001502505038
-0.0001059328473
1.628991943e-06
0.0001922370367
0.0001283140951
-2.369919973e-06
0.0001499653464
-1.288259405e-06
0.0001017341237
-1.338761742e-05
0.0001719954589
-1.659943586e-07
-0.0001851450183
8.877047452e-05
0.0001784190039
-4.736851907e-07
1.570805752e-05
-1.194254149e-06
-0.0001715882039
0.0001792386779
0.0001777364045
-0.0001516951072
0.0002360831331
2.86763224e-07
0.0001266755076
1.20404554e-09
-8.557537162e-08
0.0001517962986
-4.123284368e-07
-0.0002366900415
0.0001289300087
0.0002619473064
-0.0001454851638
0.0001537509252
1.182062764e-09
0.0001703693698
6.162511918e-10
0.0001284795117
-8.499648924e-10
0.0002609430863
0.0001267828368
-9.177565992e-09
0.0002940731234
-6.961278848e-05
0.0004593760275
3.19111334e-09
0.0002939492865
2.978918855e-09
7.950486932e-05
1.177837596e-07
0.0003251426134
-5.309848718e-10
-3.30188947e-07
-7.956754004e-05
0.0004738003075
0.0004727449447
2.081265933e-09
0.0003257109076
0.0003630254793
8.843417343e-05
3.580567916e-07
4.097960695e-10
3.718324362e-07
-0.0003645548119
-7.82675532e-07
-8.829696981e-05
7.342588374e-05
-8.820800486e-05
-0.0004878325508
-1.065512627e-09
8.450294301e-05
-3.717922581e-09
9.151774919e-10
7.256296161e-05
0.0001259190859
9.866099803e-05
-9.998697631e-08
0.0001775915349
9.439004741e-05
0.0001773335315
9.432896674e-05
-0.0001449700672
1.455741838e-07
0.0002113667354
0.0001107897315
-4.333400702e-08
0.0001447411969
0.0001224128307
0.0001221410085
0.000211452273
0.0001110260312
-0.0001517053739
0.0002361001941
2.883670009e-07
0.0001266847601
-0.0001455130994
0.0001537583788
0.0001703880291
-9.670245179e-08
0.0001518063824
-4.254334746e-07
-0.0002367396964
0.0001289512794
0.0002619767695
0.0001284491171
0.0002609831648
0.000126807331
-6.962938332e-05
0.0004593995422
6.174177108e-05
-4.080444129e-08
0.0002941245639
0.000293977244
7.951865576e-05
1.232913819e-07
0.0003251244921
-3.420184392e-07
-7.960027595e-05
0.0004738040193
6.599664498e-05
0.0004727399706
6.583826918e-05
0.000325673604
0.0003630032631
8.844621817e-05
3.601723991e-07
-8.829493602e-05
-0.000487810513
8.44802307e-05
3.71397292e-07
-0.0003645116627
-7.896237673e-07
-8.832942625e-05
7.343522877e-05
7.258695193e-05
-1.340411086e-08
5.742777239e-05
-0.0006946609543
6.094265413e-05
-2.423238101e-09
5.729724988e-05
6.826599826e-09
0.0009616272196
1.56870141e-07
9.133560708e-05
4.641505703e-09
-2.282156355e-07
-0.0009620249682
7.705810489e-05
7.632730084e-05
4.054788113e-09
9.179410848e-05
0.001218035884
0.0001416694962
2.737334136e-07
1.804891965e-09
-4.181924088e-07
-0.001218336227
0.001190725928
-3.786244387e-07
-0.0001416991433
-0.0001035217177
-0.001407420743
3.266466979e-09
0.001380794769
4.069333992e-09
0.001190419224
-6.439917012e-09
-0.0006947088827
6.10195903e-05
0.0006922969026
-4.669237727e-08
5.752447832e-05
5.736948697e-05
0.0009616404511
1.677185662e-07
9.130042609e-05
-2.432174905e-07
-0.0009620634583
7.710172159e-05
0.0009463343811
7.637167214e-05
0.0009460492105
9.172578032e-05
0.001218041235
0.0001416297502
2.777542291e-07
-0.0001034939757
-0.001407622554
0.001380741315
-4.335328115e-07
-0.001218356089
0.001190782041
-3.707296201e-07
-0.0001416173604
0.00119048948
-5.83079318e-05
0.0008962549649
7.963351749e-07
4.673604491e-09
-6.589579476e-07
5.919900409e-05
-1.168320673e-06
-0.0008975238871
-0.0006970091536
4.719779829e-05
2.076517198e-09
3.167234984e-09
5.636185375e-09
-0.001181120951
7.355239959e-05
-2.215091094e-07
2.597526416e-09
-7.330584916e-07
0.001182685783
-1.116411825e-06
-7.523037628e-05
-8.71176371e-05
0.001353435019
3.466755576e-09
1.497108835e-09
4.118241885e-09
0.0006835276408
7.041721014e-05
-6.579989279e-05
-0.0009375147471
5.647898759e-07
0.0009132533407
8.95008458e-05
-1.385578576e-07
6.576113411e-05
0.0006841496866
-4.054034196e-07
0.0009374341346
7.967604114e-05
0.0006834328931
7.854576316e-05
0.0009138083873
8.995166833e-05
-5.831296511e-05
0.0008962604954
8.030923979e-07
-0.0006970395039
4.72165919e-05
-6.705275295e-07
5.92045262e-05
-1.178869314e-06
-0.0008975416207
-0.001181131498
7.356074976e-05
-2.181643318e-07
-8.716450552e-05
0.001353452655
-7.407293476e-07
0.001182702242
-1.121619801e-06
-7.524791355e-05
-2.026601373e-07
0.0001411924476
-6.436118183e-07
0.0002847669953
0.0001967706201
0.0001512706145
6.765403758e-10
0.0001397432874
-6.095680979e-09
0.000282816665
-3.683403039e-09
9.926017464e-07
-9.192257675e-09
0.0001967890636
0.0001512686877
-2.293398956e-07
0.0001411613591
-6.714072113e-07
0.000284734049
0.0001397561149
0.0002828048915
1.00753245e-06
1.197761132e-06
-2.258833676e-06
8.870237729e-08
3.999198363e-06
3.247513215e-11
2.88596953e-07
-1.0795106e-06
6.749899177e-08
1.921162444e-06
1.68783615e-11
-2.941697642e-07
5.129382756e-08
5.314609601e-07
8.372916441e-12
1.247202119e-06
-9.322387504e-08
2.256336551e-06
2.401185434e-07
-7.15341901e-08
1.078316109e-06
-5.398455032e-08
2.940162608e-07
1.499615778e-06
7.608506896e-12
3.48249884e-07
4.296531669e-12
2.399463546e-12
9.616433067e-07
3.997140137e-06
1.86347182e-07
1.921112284e-06
5.316550058e-07
5.447290697e-07
7.276311707e-08
4.11548552e-11
1.366877519e-07
5.648216413e-08
2.14032631e-11
4.51315087e-08
1.048355918e-11
3.511912274e-07
4.909158598e-08
1.197642656e-06
-2.258920919e-06
8.865436403e-08
3.999255561e-06
2.885615213e-07
-1.07955461e-06
6.747132002e-08
1.921190108e-06
-2.941819544e-07
5.127949707e-08
5.314679331e-07
1.247437948e-06
-9.310776301e-08
2.256610342e-06
2.401853242e-07
-7.147223358e-08
1.078457892e-06
-5.395429979e-08
2.940599957e-07
1.499556315e-06
3.482247355e-07
9.616598443e-07
3.997363136e-06
1.863532105e-07
1.921233039e-06
5.316920324e-07
5.445594165e-07
7.274187815e-08
1.36642819e-07
5.647104945e-08
4.512563614e-08
3.510144603e-07
4.905592382e-08
)
;

boundaryField
{
    inlet
    {
        type            calculated;
        value           nonuniform 0();
    }
    outlet
    {
        type            calculated;
        value           nonuniform List<scalar> 
25
(
0.0199986042
0.01999862648
0.01999867039
0.01999873526
0.01999882009
0.01999892355
0.01999904401
0.01999917953
0.01999932798
0.01999948698
0.01999965401
0.01999982643
0.0200000015
0.02000017647
0.02000034857
0.02000051511
0.02000067345
0.02000082113
0.02000095583
0.02000107544
0.0200011781
0.0200012622
0.02000132647
0.02000136991
0.02000139159
)
;
    }
    topAndBottom
    {
        type            symmetry;
        value           uniform 0;
    }
    frontAndBack
    {
        type            empty;
        value           nonuniform 0();
    }
    cylinder
    {
        type            calculated;
        value           uniform 0;
    }
    procBoundary3to1
    {
        type            processor;
        value           nonuniform List<scalar> 
125
(
-1.8953733e-07
-5.462439649e-07
-9.190610763e-07
-1.153539018e-06
-1.151196251e-06
-9.063408722e-07
-5.237456239e-07
-1.329365895e-07
2.090940276e-07
4.352988697e-07
5.381644404e-07
5.52163988e-07
5.009896976e-07
4.342576041e-07
3.515944135e-07
2.684526605e-07
1.947137381e-07
1.282962995e-07
7.0664821e-08
2.535253561e-08
-8.109041624e-09
-3.239590188e-08
-4.179756316e-08
-4.271750662e-08
-3.856565574e-08
-3.222306e-08
-2.589450016e-08
-2.063045292e-08
-1.652009468e-08
-1.31809847e-08
-1.015553112e-08
-7.3096423e-09
-4.417427133e-09
-2.491680125e-09
-1.571733618e-09
-1.304109279e-09
-1.960766354e-09
-3.050045646e-09
-4.150183032e-09
-5.057132992e-09
-5.687385631e-09
-6.02837812e-09
-6.107157119e-09
-5.9688802e-09
-5.667802618e-09
-5.262682915e-09
-4.811245782e-09
-4.364477504e-09
-3.956854633e-09
-3.605376133e-09
-3.310869951e-09
-3.067006455e-09
-2.860901115e-09
-2.682052466e-09
-2.524526817e-09
-2.38463859e-09
-2.262185646e-09
-2.156314662e-09
-2.065686519e-09
-1.989429882e-09
-1.926393895e-09
-1.874037855e-09
-1.82931008e-09
-1.789465146e-09
-1.75239786e-09
-1.717350277e-09
-1.684568153e-09
-1.659956482e-09
-1.62408792e-09
2.668759065e-08
2.069834288e-08
4.505355906e-08
2.223609279e-08
1.913859818e-08
2.132329361e-08
1.950290928e-08
1.231843729e-08
2.203160643e-08
1.024257016e-08
1.039161968e-08
2.083747196e-08
9.472510465e-09
1.012707902e-08
1.635619484e-08
1.591153112e-08
1.614742047e-08
2.613758569e-08
2.52672632e-08
2.449342906e-08
2.081733258e-08
2.110333498e-08
1.990698724e-08
2.333136379e-08
1.31282649e-08
1.970791979e-08
1.750478812e-08
7.151495171e-09
1.454478832e-08
1.4877022e-08
4.563168554e-08
1.530194463e-08
2.086971812e-08
2.069749909e-08
2.120535217e-08
1.882601433e-08
1.71164027e-08
1.95134385e-08
1.894413224e-08
1.855284215e-08
2.034391058e-08
1.705397539e-08
1.798438912e-08
1.917983685e-08
6.218198148e-10
3.040739314e-10
8.687973845e-11
6.418121401e-10
3.164997828e-10
9.132973665e-11
5.623080837e-10
2.724200335e-10
7.674406538e-11
6.187706305e-10
3.040330687e-10
8.731299534e-11
)
;
    }
    procBoundary3to2
    {
        type            processor;
        value           nonuniform List<scalar> 
103
(
-0.000738229747
-0.0007387463649
-0.00651730156
-0.006491586498
-0.00651797722
-0.006489992292
-0.02509557437
-0.02449686806
-0.02397169923
-0.02354267565
-0.02318093029
-0.02287456134
-0.02261253529
-0.02238775151
-0.02219457946
-0.02202870087
-0.02188663998
-0.02176572478
-0.02166380941
-0.0215791533
-0.02151043508
-0.02145661227
-0.02141687966
-0.02139067536
-0.02137761438
4.311740984e-05
-9.175426532e-07
4.229958238e-05
-6.356909806e-07
-8.741608229e-08
6.95536897e-07
-8.845675891e-08
6.951064683e-07
3.095517071e-05
9.999957665e-05
3.063713528e-05
0.0001000043386
2.264252468e-05
2.251765896e-05
4.312329534e-05
-9.175231464e-07
4.231714896e-05
-6.355759974e-07
3.09581763e-05
0.0001000044621
3.06457187e-05
0.0001000103447
2.264761835e-05
2.253784428e-05
-1.188156421e-05
-1.202657889e-05
-9.27788298e-05
-9.274396207e-05
-0.000237286486
-0.0004449838217
-0.0004448976615
-0.0002371229656
-1.195941633e-05
-1.203603083e-05
-9.2779892e-05
-9.274966479e-05
-0.0002372936376
-0.000444999028
-0.0004449086628
-0.0002371352254
-0.000705138761
-0.0007050688818
-0.0009958270905
-0.0009962344256
-0.001584937857
-0.001584160783
-0.001621907424
-0.001623379197
-0.006627537943
-0.00158506436
-0.001584243763
-0.001621853375
-0.00162328872
-0.006627551021
-0.001268645315
-0.001444062875
-0.001443649631
-0.00126796754
-0.0007052252436
-0.000705160384
-0.0009957344624
-0.0009960970146
-0.00126864652
-0.001444002189
-0.001443557691
-0.001267969919
4.75211982e-06
2.279694099e-06
6.258781836e-07
4.752032323e-06
2.279657074e-06
6.258736632e-07
4.739539642e-06
2.27270399e-06
6.230019017e-07
4.739454062e-06
2.272666684e-06
6.229929315e-07
)
;
    }
}


// ************************************************************************* //
