/*--------------------------------*- C++ -*----------------------------------*\
| =========                 |                                                 |
| \\      /  F ield         | OpenFOAM: The Open Source CFD Toolbox           |
|  \\    /   O peration     | Version:                                        |
|   \\  /    A nd           | Website:  www.openfoam.com                      |
|    \\/     M anipulation  |                                                 |
\*---------------------------------------------------------------------------*/
FoamFile
{
    version     2.0;
    format      ascii;
    class       volScalarField;
    location    "3.8";
    object      p;
}
// * * * * * * * * * * * * * * * * * * * * * * * * * * * * * * * * * * * * * //

dimensions      [0 2 -2 0 0 0 0];


internalField   nonuniform List<scalar> 
2429
(
-0.01796331419
-0.0203497874
-0.02231226937
-0.02384145665
-0.02494091334
-0.02562637072
-0.02592380097
-0.02586771867
-0.0254990736
-0.02486271701
-0.02400505117
-0.02297210306
-0.0218078538
-0.02055199618
-0.01923920376
-0.01790140146
-0.01656634721
-0.01525615387
-0.01398777954
-0.01277390263
-0.01162358128
-0.01054274056
-0.009534673106
-0.008600539578
-0.00773980713
-0.006950631228
-0.006230207498
-0.005575075098
-0.004981348728
-0.004444891677
-0.003961462705
-0.003526840825
-0.003136915619
-0.002787741712
-0.002475573481
-0.002196892525
-0.001948426115
-0.001727152676
-0.001530296358
-0.001355317321
-0.001199902064
-0.001061956723
-0.0009395837984
-0.0008311519855
-0.0007351178371
-0.0006500197487
-0.0005746367523
-0.000507883588
-0.0004487831536
-0.0003964640991
-0.0003501527389
-0.0003091578568
-0.0002728618548
-0.0002407175285
-0.0002122416422
-0.0001870044854
-0.000164624221
-0.0001447609258
-0.0001271122483
-0.0001114093637
-9.741285416e-05
-8.490696086e-05
-7.369756607e-05
-6.361143052e-05
-5.449456622e-05
-4.620818679e-05
-3.862677987e-05
-3.163438613e-05
-2.513206563e-05
-1.899854367e-05
-1.323542158e-05
-7.437232277e-06
-3.204178325e-06
-0.01836141507
-0.02076783761
-0.02273838189
-0.02426389335
-0.02534902741
-0.02601097873
-0.02627719578
-0.02618402979
-0.02577448904
-0.02509539423
-0.02419481822
-0.02311992676
-0.02191602962
-0.02062419155
-0.01928031608
-0.01791655829
-0.01655997835
-0.01523220427
-0.01394996123
-0.01272566018
-0.01156797754
-0.01048240576
-0.009471796156
-0.008536883508
-0.007676755233
-0.006889248526
-0.00617128894
-0.005519177028
-0.004928821664
-0.004395924665
-0.003916126808
-0.003485118985
-0.003098720536
-0.002752931765
-0.002443970814
-0.00216829908
-0.001922633667
-0.001703948575
-0.001509468443
-0.001336658831
-0.001183216499
-0.001047061101
-0.0009263123968
-0.0008193562407
-0.000724600449
-0.0006406454015
-0.0005662977192
-0.0005004740253
-0.000442202679
-0.0003906246577
-0.0003449776797
-0.0003045755252
-0.000268804946
-0.0002371266172
-0.000209065902
-0.0001841984994
-0.0001621486515
-0.0001425810181
-0.0001251962941
-0.0001097292203
-9.594339282e-05
-8.362522911e-05
-7.258341575e-05
-6.264758337e-05
-5.366644112e-05
-4.550423821e-05
-3.803729181e-05
-3.115173443e-05
-2.474965424e-05
-1.871052083e-05
-1.303688239e-05
-7.324751514e-06
-3.163012658e-06
-0.01916888755
-0.02161448686
-0.02360047858
-0.02511817437
-0.02617400866
-0.02678771917
-0.02699002664
-0.02682119013
-0.02632837423
-0.02556235726
-0.02457473723
-0.02341547423
-0.02213273915
-0.02076958824
-0.019363228
-0.01794622934
-0.01654532584
-0.01518161826
-0.01387127286
-0.01262599146
-0.01145356827
-0.01035855308
-0.009342896074
-0.008406510799
-0.007547740635
-0.006763753543
-0.006050892148
-0.005404974356
-0.004821521553
-0.00429592465
-0.003823573314
-0.00339996141
-0.003020763517
-0.002681880183
-0.002379463943
-0.00210993442
-0.001869983465
-0.001656575655
-0.001466940101
-0.001298555016
-0.001149137281
-0.001016633137
-0.0008991900349
-0.0007952044807
-0.0007030893562
-0.0006215066164
-0.0005492964798
-0.0004853829032
-0.0004288120879
-0.0003787514457
-0.000334462396
-0.0002952700291
-0.0002605726198
-0.0002298494408
-0.0002026398098
-0.0001785272977
-0.0001571474045
-0.0001381749614
-0.0001213210047
-0.0001063313204
-9.297324529e-05
-8.103641501e-05
-7.033575863e-05
-6.070631551e-05
-5.200030457e-05
-4.408699685e-05
-3.685041774e-05
-3.017991541e-05
-2.397833868e-05
-1.812788155e-05
-1.263127696e-05
-7.097637993e-06
-3.06566868e-06
-0.0204086774
-0.02291438982
-0.02492344395
-0.02642784172
-0.0274367786
-0.0279741536
-0.02807597576
-0.02778875081
-0.02716616555
-0.02626493386
-0.02514235044
-0.0238541247
-0.02245162309
-0.02098003375
-0.01947889579
-0.01798132437
-0.01651372419
-0.01509650077
-0.01374476421
-0.01246889903
-0.01127527926
-0.01016703369
-0.009144737041
-0.008207012597
-0.007351041457
-0.006572985449
-0.005868338425
-0.005232208847
-0.004659530346
-0.004145218276
-0.003684292112
-0.003271969997
-0.002903727962
-0.002575325131
-0.002282817531
-0.002022564125
-0.001791223095
-0.001585754705
-0.001403399905
-0.001241652658
-0.001098262697
-0.000971227891
-0.000858731992
-0.0007591836506
-0.0006710197604
-0.0005929958158
-0.0005239826471
-0.0004629160115
-0.0004088854861
-0.0003610944918
-0.00031882632
-0.0002814168804
-0.0002483031469
-0.0002190059859
-0.0001930724444
-0.0001700888962
-0.0001497015371
-0.0001315966754
-0.0001155272151
-0.0001012510095
-8.853221296e-05
-7.716522578e-05
-6.697577526e-05
-5.780790544e-05
-4.951800141e-05
-4.197716581e-05
-3.508785991e-05
-2.874008004e-05
-2.283688597e-05
-1.72661756e-05
-1.203159577e-05
-6.761761394e-06
-2.920328227e-06
-0.02211960459
-0.02470772945
-0.02674661417
-0.02822940446
-0.02916956181
-0.02959708885
-0.02955568196
-0.02910090423
-0.02829538002
-0.02720429152
-0.02589535927
-0.02443005191
-0.0228628779
-0.02124402819
-0.01961531245
-0.01800993077
-0.01645376302
-0.01496620176
-0.01356076285
-0.01224588272
-0.01102588032
-0.00990185534
-0.008872456158
-0.007934542073
-0.007083730469
-0.00631483171
-0.005622197941
-0.004999991055
-0.004442377692
-0.003943668074
-0.003498414667
-0.00310148678
-0.002748107718
-0.002433855567
-0.002154674035
-0.001906855843
-0.001687018919
-0.001492139373
-0.001319483657
-0.00116655719
-0.001031157874
-0.0009113717293
-0.0008054166614
-0.0007117135215
-0.0006287831106
-0.0005554687303
-0.0004906395974
-0.0004332957658
-0.0003826157428
-0.0003378290885
-0.0002982110727
-0.0002630899755
-0.000232048778
-0.0002046486034
-0.0001804114271
-0.0001589298731
-0.0001398645382
-0.0001229077078
-0.0001078952684
-9.457503793e-05
-8.270333674e-05
-7.208835322e-05
-6.257194615e-05
-5.40106236e-05
-4.627185303e-05
-3.923557084e-05
-3.280252424e-05
-2.687126746e-05
-2.135367056e-05
-1.614600677e-05
-1.12518936e-05
-6.324505338e-06
-2.730503799e-06
-0.02435554591
-0.02705035741
-0.0291247483
-0.03057389561
-0.03141740232
-0.03169376589
-0.03145746953
-0.03077657034
-0.02972483275
-0.02838270792
-0.02683033457
-0.02513255742
-0.02335259587
-0.02154588316
-0.01975560916
-0.01801493146
-0.01634900053
-0.01477556194
-0.01330572276
-0.01194515823
-0.01069537288
-0.009554749211
-0.008519406745
-0.007583924849
-0.006741921184
-0.005986497088
-0.005310581052
-0.004707172903
-0.004169513509
-0.003691192896
-0.00326620972
-0.002889033214
-0.002554599848
-0.002258274357
-0.001995902898
-0.001763717197
-0.001558276852
-0.001376616374
-0.001216027324
-0.001074046294
-0.0009485767353
-0.0008377782165
-0.0007398276023
-0.0006532764322
-0.0005768099026
-0.0005092812692
-0.0004494414395
-0.0003966461494
-0.0003501494661
-0.0003091115405
-0.0002727690697
-0.000240469065
-0.0002120474535
-0.0001870251682
-0.0001648900065
-0.000145264013
-0.0001278542312
-0.0001123965807
-9.869076557e-05
-8.651375232e-05
-7.565568508e-05
-6.594675929e-05
-5.724328952e-05
-4.94137099e-05
-4.233716015e-05
-3.590471465e-05
-3.001998546e-05
-2.459232805e-05
-1.954323913e-05
-1.477788133e-05
-1.029897966e-05
-5.789747336e-06
-2.497961789e-06
-0.02719026045
-0.0300187667
-0.03213262558
-0.03353053497
-0.03424082322
-0.03431343601
-0.03381778283
-0.03283939895
-0.03146874879
-0.02980659812
-0.02794016607
-0.02594740004
-0.02390230878
-0.02186410559
-0.01987685902
-0.01797359821
-0.0161780171
-0.01450509603
-0.01296242763
-0.01155192781
-0.01027138142
-0.009115649205
-0.008077636018
-0.007149077113
-0.006321135254
-0.005584852362
-0.004931471478
-0.004352632832
-0.003840523028
-0.003387921225
-0.002988191089
-0.002635398197
-0.002324191891
-0.002049681836
-0.001807673478
-0.001594317987
-0.001406132383
-0.001240311649
-0.001093987599
-0.0009648756358
-0.0008512323842
-0.0007510199224
-0.0006622528461
-0.0005840573055
-0.0005153773016
-0.0004547345924
-0.0004007781313
-0.0003534645713
-0.0003120243244
-0.0002754489928
-0.0002430611942
-0.0002143578931
-0.0001890602919
-0.0001667459799
-0.0001469972452
-0.0001294935574
-0.000113980005
-0.0001002147747
-8.798989539e-05
-7.712432247e-05
-6.744093907e-05
-5.878670391e-05
-5.103035327e-05
-4.405335914e-05
-3.774782767e-05
-3.201642434e-05
-2.677185003e-05
-2.19335345e-05
-1.743199719e-05
-1.318279502e-05
-9.188147023e-06
-5.16658796e-06
-2.226914772e-06
-0.03072185541
-0.03371460071
-0.03586969689
-0.0371906786
-0.03771890188
-0.03751888086
-0.03668163707
-0.03531647692
-0.03354005043
-0.03147220139
-0.02921071437
-0.02685389899
-0.02448610492
-0.02216951715
-0.0199490599
-0.01785692886
-0.01591391569
-0.014130675
-0.01250988049
-0.01104843985
-0.009739311096
-0.008572889139
-0.007538096892
-0.006623221845
-0.005816509783
-0.005106625502
-0.004482896641
-0.003935413075
-0.003455241844
-0.003034301128
-0.002665222975
-0.002341728427
-0.002058182327
-0.001809469111
-0.001591477941
-0.001399980433
-0.001231702541
-0.001084179156
-0.0009539284239
-0.000839497697
-0.0007394481225
-0.0006515813844
-0.0005733303408
-0.0005049824228
-0.0004453742168
-0.0003929122955
-0.0003464086591
-0.0003055206382
-0.0002695985793
-0.0002378924413
-0.0002098553359
-0.0001850768536
-0.0001632064758
-0.0001438971908
-0.0001268248596
-0.0001117124457
-9.832434264e-05
-8.645094865e-05
-7.591129998e-05
-6.653357931e-05
-5.818052543e-05
-5.071989452e-05
-4.403339427e-05
-3.801816761e-05
-3.258154597e-05
-2.763929006e-05
-2.311568515e-05
-1.894105385e-05
-1.505570801e-05
-1.138722378e-05
-7.937568687e-06
-4.464961258e-06
-1.921894804e-06
-0.03507887549
-0.03827100089
-0.04046912986
-0.04167450132
-0.04195223956
-0.04138683198
-0.04010310847
-0.03824501861
-0.03595613352
-0.03336966221
-0.0306186152
-0.02782111387
-0.02506756775
-0.02242305583
-0.01993333517
-0.0176281739
-0.01552326709
-0.01362289081
-0.01192299537
-0.01041389942
-0.009082399273
-0.007913348236
-0.006890866
-0.005999160626
-0.005223081342
-0.004548681673
-0.003963200111
-0.003454972711
-0.003013988006
-0.002631226962
-0.002298600398
-0.002009656141
-0.00175803402
-0.00153898389
-0.001348598453
-0.001181446135
-0.001035628251
-0.000908803873
-0.0007967419598
-0.0006995789016
-0.0006152732734
-0.0005414453582
-0.0004762575755
-0.0004192228467
-0.0003693725839
-0.0003255554594
-0.000286900648
-0.0002528640114
-0.0002229333822
-0.0001965780332
-0.0001733362524
-0.0001528308749
-0.0001347377997
-0.0001187712045
-0.0001046684627
-9.219456758e-05
-8.114748733e-05
-7.135305611e-05
-6.265588461e-05
-5.492059427e-05
-4.802918248e-05
-4.187587135e-05
-3.636203448e-05
-3.140139335e-05
-2.691724268e-05
-2.283981458e-05
-1.910630393e-05
-1.565914633e-05
-1.244936949e-05
-9.417688289e-06
-6.565760843e-06
-3.695248481e-06
-1.587296219e-06
-0.0404289215
-0.04385823907
-0.04610215589
-0.04713057462
-0.04706352383
-0.04601828982
-0.04416677246
-0.04167484899
-0.03871957721
-0.03548411559
-0.03213691796
-0.0288099991
-0.02559999504
-0.02257562136
-0.01978180521
-0.01724286813
-0.01496636174
-0.01294749576
-0.0111731493
-0.00962507352
-0.008282339058
-0.007123063922
-0.00612573929
-0.005269846123
-0.004536316496
-0.003908496685
-0.003371312151
-0.002911320187
-0.002517750192
-0.002179913308
-0.001889590115
-0.001640690115
-0.001424752826
-0.001239057775
-0.001079645145
-0.0009399815282
-0.000820144126
-0.0007174281452
-0.000627836106
-0.0005500235809
-0.0004824734492
-0.0004235459284
-0.0003719713218
-0.0003268470221
-0.0002874202101
-0.0002529075649
-0.0002226179562
-0.0001960109655
-0.0001726521231
-0.0001521327031
-0.0001340774508
-0.0001181718947
-0.0001041537181
-9.179423994e-05
-8.088606097e-05
-7.124418702e-05
-6.270908728e-05
-5.514378131e-05
-4.842863893e-05
-4.245928101e-05
-3.713755942e-05
-3.238728826e-05
-2.813268676e-05
-2.430438537e-05
-2.084229099e-05
-1.769247292e-05
-1.480629545e-05
-1.213938947e-05
-9.65426863e-06
-7.305648592e-06
-5.094807476e-06
-2.869963451e-06
-1.228617261e-06
-0.04699391226
-0.0506930102
-0.05292426023
-0.05373748871
-0.05321726965
-0.05155169237
-0.04894938747
-0.04563173163
-0.04183317171
-0.03779640458
-0.03372377566
-0.02976298116
-0.02601902712
-0.02256252072
-0.01943333302
-0.01664578226
-0.01419521527
-0.01206424938
-0.01022766207
-0.008656227739
-0.007319520702
-0.006187623789
-0.005232646947
-0.004428613645
-0.003752279825
-0.003184537602
-0.002706774986
-0.002304607663
-0.001967309498
-0.001680580055
-0.001438474119
-0.001234992814
-0.001060187796
-0.0009129794563
-0.0007892994226
-0.0006831807293
-0.0005925191108
-0.0005151471775
-0.000448515604
-0.0003909440178
-0.0003412501886
-0.0002982912312
-0.0002610650994
-0.0002286797607
-0.000200525892
-0.0001760265302
-0.0001546458995
-0.0001359453694
-0.0001195791226
-0.000105245122
-9.267104274e-05
-8.162442598e-05
-7.19104723e-05
-6.336069318e-05
-5.582535594e-05
-4.917237273e-05
-4.32879272e-05
-3.807505776e-05
-3.345047867e-05
-2.934182581e-05
-2.567437232e-05
-2.240429781e-05
-1.947574211e-05
-1.683903773e-05
-1.445233999e-05
-1.227828113e-05
-1.028331994e-05
-8.437123465e-06
-6.714275437e-06
-5.084154907e-06
-3.547613595e-06
-2.001860496e-06
-8.513144325e-07
-0.05507218047
-0.05908949142
-0.06129824966
-0.06175712074
-0.06061703522
-0.05813539978
-0.05455377432
-0.05016276733
-0.04529689294
-0.04026885133
-0.03531558895
-0.03060278337
-0.0262431568
-0.02230439268
-0.01881487236
-0.01577265486
-0.01315547648
-0.01092881654
-0.009051580078
-0.007480808798
-0.006174644958
-0.005093762541
-0.004203193856
-0.003469776387
-0.00286721652
-0.002374836769
-0.001967564428
-0.001633653542
-0.001361740169
-0.001134382755
-0.0009491385464
-0.0007990789199
-0.000674221086
-0.0005705772481
-0.0004848279817
-0.0004131585129
-0.0003529705537
-0.0003024608976
-0.0002599305198
-0.0002239291155
-0.0001934035387
-0.0001674665325
-0.0001453428857
-0.000126382649
-0.0001100985938
-9.609624247e-05
-8.401497241e-05
-7.355473706e-05
-6.448016246e-05
-5.659609102e-05
-4.973170463e-05
-4.374064378e-05
-3.850087965e-05
-3.390926501e-05
-2.987641578e-05
-2.63249087e-05
-2.318913883e-05
-2.041453126e-05
-1.795467231e-05
-1.576773229e-05
-1.381921747e-05
-1.208290819e-05
-1.052636477e-05
-9.121836876e-06
-7.846988808e-06
-6.681631539e-06
-5.607957622e-06
-4.610211342e-06
-3.675409108e-06
-2.788029938e-06
-1.948480947e-06
-1.10462505e-06
-4.613839286e-07
-0.06505637654
-0.06943650706
-0.0715662153
-0.07152966032
-0.06956801477
-0.06597278547
-0.06108304541
-0.05530123803
-0.04908670739
-0.04283169943
-0.03681390434
-0.0312184199
-0.0261605743
-0.02169639383
-0.01783347029
-0.01454471418
-0.0117828995
-0.009490490838
-0.00760619291
-0.006070536161
-0.004828189739
-0.003829012061
-0.003030016337
-0.002387866042
-0.001878284163
-0.001477449251
-0.001155159176
-0.0009044298802
-0.0007115499563
-0.0005574030299
-0.0004363791119
-0.0003431309376
-0.0002701296454
-0.0002124105562
-0.000167073011
-0.0001316160371
-0.0001038197153
-8.205266151e-05
-6.503137018e-05
-5.168953802e-05
-4.122282698e-05
-3.301855929e-05
-2.655419246e-05
-2.145819973e-05
-1.743805824e-05
-1.427090291e-05
-1.176948902e-05
-9.784120016e-06
-8.203041723e-06
-6.941255826e-06
-5.929925316e-06
-5.113313581e-06
-4.448085467e-06
-3.90071468e-06
-3.444546084e-06
-3.058441859e-06
-2.726535019e-06
-2.437775487e-06
-2.185394195e-06
-1.967373928e-06
-1.765295157e-06
-1.586704633e-06
-1.424334331e-06
-1.273423301e-06
-1.12981296e-06
-9.905518651e-07
-8.539204821e-07
-7.190739689e-07
-5.856671916e-07
-4.535261676e-07
-3.22642207e-07
-1.924082919e-07
-6.495768139e-08
-0.0774722849
-0.08224620806
-0.08419426608
-0.08346557361
-0.08040801688
-0.07533293038
-0.06869248093
-0.06109694558
-0.05316981488
-0.04539437781
-0.03809507214
-0.03147381246
-0.0256373714
-0.02061599174
-0.01638326887
-0.01287469303
-0.01000836311
-0.007695938768
-0.005852417246
-0.00439869161
-0.003263374089
-0.002383427152
-0.001705586182
-0.001180973006
-0.0007915392892
-0.0005052320143
-0.0002917881449
-0.0001385096914
-3.19153136e-05
4.608094832e-05
9.90930948e-05
0.0001310240216
0.0001489107926
0.0001577050711
0.0001598206135
0.0001569783836
0.0001508173295
0.0001425980714
0.0001331796812
0.0001231801846
0.0001130445774
0.0001030760936
9.353166103e-05
8.448859872e-05
7.60213833e-05
6.81725353e-05
6.095447286e-05
5.43594279e-05
4.836532661e-05
4.294065442e-05
3.80494222e-05
3.365388645e-05
2.971540649e-05
2.619534193e-05
2.305613643e-05
2.026181022e-05
1.777787805e-05
1.55715394e-05
1.361194489e-05
1.187178377e-05
1.030856633e-05
8.922289998e-06
7.686679166e-06
6.582038618e-06
5.593128942e-06
4.705198761e-06
3.903828499e-06
3.174963541e-06
2.506288343e-06
1.882592611e-06
1.30427829e-06
7.203895778e-07
3.316984046e-07
-0.09303747571
-0.09822387249
-0.09985399335
-0.09819641037
-0.09359557843
-0.08648880293
-0.07751348935
-0.06755423472
-0.05744583626
-0.04778995916
-0.03896187969
-0.03116871491
-0.02448772965
-0.01890129098
-0.01432926272
-0.01065555742
-0.00775075716
-0.005485415707
-0.003749304892
-0.002439550622
-0.001466010172
-0.0007514049455
-0.000237121667
0.000125385914
0.0003665257343
0.0005250988893
0.0006201731416
0.0006661590027
0.0006788716077
0.0006740811255
0.0006519843545
0.0006172223306
0.000576525373
0.0005338164269
0.00049067636
0.0004480934603
0.0004070020405
0.0003680820767
0.00033168773
0.0002979696404
0.0002669702101
0.00023865795
0.0002129956433
0.0001897560046
0.0001687825324
0.0001499207456
0.0001330026738
0.0001178594557
0.0001043297948
9.22614595e-05
8.151177652e-05
7.194836663e-05
6.344922999e-05
5.590242361e-05
4.920569657e-05
4.326591644e-05
3.799827504e-05
3.332578202e-05
2.917876435e-05
2.549363233e-05
2.220516624e-05
1.927668864e-05
1.666244774e-05
1.432056496e-05
1.221571608e-05
1.031565956e-05
8.590102259e-06
7.010335265e-06
5.551540303e-06
4.183325563e-06
2.906477482e-06
1.619275225e-06
7.222957416e-07
-0.1126691329
-0.1182513795
-0.119414277
-0.1165259125
-0.109852852
-0.09993138614
-0.08778375136
-0.07469561384
-0.0617828297
-0.04979878743
-0.03915907187
-0.03004751973
-0.02248053844
-0.01635881253
-0.01151685243
-0.007771997612
-0.004933112941
-0.002817321663
-0.001275980776
-0.000184785299
0.0005631595891
0.00106328159
0.001373487176
0.001542988742
0.001613828476
0.001624129985
0.001583409519
0.001507977338
0.001414429541
0.001314523618
0.001210809123
0.001106431728
0.001005250412
0.0009095118817
0.0008199851702
0.0007369285647
0.0006604867433
0.0005906428697
0.0005271818468
0.0004697627614
0.0004180003514
0.0003715105967
0.0003298820784
0.0002926254249
0.0002593383835
0.0002296519025
0.0002032136074
0.0001796937912
0.0001587907592
0.0001402298573
0.0001237610543
0.0001091574372
9.621392292e-05
8.474567612e-05
7.458643376e-05
6.558678139e-05
5.76124961e-05
5.054330393e-05
4.427035852e-05
3.869708262e-05
3.373419115e-05
2.931205745e-05
2.536135015e-05
2.181960039e-05
1.863296693e-05
1.575192969e-05
1.313065958e-05
1.072627034e-05
8.501810353e-06
6.41216926e-06
4.458522338e-06
2.489977673e-06
1.100644177e-06
-0.1377382172
-0.1435341047
-0.1439902304
-0.1394023881
-0.1299170549
-0.1161744165
-0.09972936279
-0.08247406938
-0.06594386973
-0.05108348596
-0.03832125319
-0.0277638822
-0.01932153084
-0.01276375612
-0.007794488749
-0.004124084436
-0.001486736496
0.0003565128444
0.001597572388
0.002379500651
0.002827560321
0.003051288409
0.003108546189
0.003050634799
0.002921158813
0.002752836675
0.002559840444
0.002355241807
0.002150568213
0.001953157943
0.001765896694
0.001590213328
0.001427356285
0.001277939904
0.001141789323
0.001018300747
0.0009067451678
0.0008063394103
0.0007162436811
0.0006355918672
0.0005635530461
0.0004993727714
0.0004422254134
0.0003913762305
0.0003461780663
0.0003060414208
0.0002704272142
0.0002388460552
0.0002108571698
0.0001860643641
0.0001641114931
0.0001446789263
0.0001274805026
0.0001122604254
9.879030849e-05
8.686631126e-05
7.630663286e-05
6.694928976e-05
5.864861993e-05
5.12736492e-05
4.471465859e-05
3.886935287e-05
3.364467016e-05
2.895994725e-05
2.474305051e-05
2.092770246e-05
1.745340099e-05
1.426374633e-05
1.131020605e-05
8.533679153e-06
5.935732053e-06
3.318653473e-06
1.460734261e-06
-0.1701494285
-0.1760831985
-0.1755871169
-0.1686673603
-0.1551530491
-0.1359928607
-0.1135448389
-0.09065046587
-0.06945564657
-0.05109174923
-0.03592582766
-0.02389065964
-0.01468386412
-0.007869460942
-0.002976495223
0.0004180796719
0.002659898773
0.004053537648
0.004852005155
0.005214789915
0.005278593307
0.005155615433
0.004912976551
0.004598683673
0.004249275736
0.003890283412
0.003536191919
0.003195965016
0.002875787707
0.002579170879
0.002307149585
0.002059243305
0.001834538883
0.001631911484
0.001449917429
0.001286901231
0.001141195395
0.001011212571
0.0008954501765
0.0007924912669
0.0007010532369
0.0006199876429
0.0005480772063
0.0004843168157
0.0004278254789
0.00037780056
0.0003335185712
0.0002943333264
0.0002596688336
0.000229011261
0.0002019021152
0.0001779328293
0.0001567398602
0.0001379998347
0.0001214252933
0.0001067608095
9.377924321e-05
8.227831513e-05
7.208073018e-05
6.302462943e-05
5.497268089e-05
4.779564156e-05
4.138045814e-05
3.562806171e-05
3.044871129e-05
2.57605899e-05
2.148950982e-05
1.756641335e-05
1.393196532e-05
1.051403139e-05
7.314550277e-06
4.092075828e-06
1.79682512e-06
-0.2109673208
-0.2170980798
-0.2160960345
-0.2067104331
-0.1879327248
-0.1610242528
-0.129910608
-0.09915138767
-0.07180025122
-0.04914820631
-0.03131488031
-0.0178527636
-0.008117483501
-0.001378734953
0.003085922152
0.005900474787
0.007496641867
0.008242278727
0.008433210383
0.008261009571
0.007862988317
0.007340287407
0.006758704063
0.006160078267
0.005572072618
0.005012307725
0.004490298648
0.004009962361
0.003572326366
0.003176690476
0.002820991746
0.002502309181
0.002217538454
0.001963684963
0.001737842587
0.001537202741
0.001359138029
0.001201251413
0.001061368105
0.0009375159006
0.0008279675015
0.0007311642997
0.000645531571
0.0005698001094
0.0005028547762
0.0004436903645
0.000391409022
0.0003452153091
0.0003044049024
0.0002683530927
0.0002365052125
0.0002083695661
0.0001835107856
0.0001615426118
0.0001421227261
0.0001249478375
0.000109747427
9.629038785e-05
8.435484833e-05
7.376197452e-05
6.434292187e-05
5.594777365e-05
4.844505602e-05
4.171738682e-05
3.565880571e-05
3.017344047e-05
2.517456654e-05
2.058154796e-05
1.632522379e-05
1.2321594e-05
8.572939861e-06
4.797871013e-06
2.103550648e-06
-0.2651119437
-0.2696101071
-0.2678131287
-0.2556060564
-0.2300870537
-0.1919879308
-0.1484604678
-0.1071203446
-0.07202473637
-0.04431109296
-0.0236693264
-0.009079127479
0.0007240613149
0.006890216738
0.01047161183
0.01230419188
0.01295551025
0.01284332758
0.0122753699
0.01145623451
0.01051731416
0.00954415823
0.008590194426
0.007685965196
0.006847677078
0.006082616945
0.005391967418
0.004772908715
0.004220664535
0.003729723467
0.003294311228
0.002908693676
0.002567489655
0.002265821796
0.001999286831
0.001763899485
0.001556077647
0.00137263183
0.001210731062
0.001067885073
0.0009419411005
0.0008308504619
0.0007328112892
0.0006462894177
0.0005699366804
0.0005025584107
0.0004430971652
0.00039062019
0.00034430515
0.0003034263787
0.0002673411275
0.0002354820063
0.0002073493181
0.0001825005692
0.0001605437091
0.0001411306287
0.0001239587104
0.0001087494131
9.527125672e-05
8.330959315e-05
7.267347845e-05
6.319516666e-05
5.472539592e-05
4.713035213e-05
4.02898978e-05
3.409562745e-05
2.84495785e-05
2.326084697e-05
1.845159995e-05
1.392733149e-05
9.69064175e-06
5.424641943e-06
2.375967268e-06
-0.3203834579
-0.3415457828
-0.3270146135
-0.2904826893
-0.2335489312
-0.170318322
-0.1134239923
-0.06804606875
-0.03468630665
-0.01161975037
0.003278002712
0.01223209902
0.01706315026
0.01917740905
0.01958233517
0.01895357974
0.0177439362
0.01625692657
0.01468421535
0.01313690986
0.01167576083
0.01033126958
0.009115029617
0.008027327428
0.007062163363
0.006210125907
0.005460194986
0.004801121891
0.00422228627
0.003714015823
0.003267647549
0.002875529209
0.002530969323
0.002228123437
0.001961869715
0.001727716091
0.00152173047
0.001340472376
0.001180986577
0.001040693357
0.000917147266
0.0008082974556
0.000712385751
0.0006278611645
0.0005533579852
0.000487675726
0.0004297595485
0.0003786827786
0.0003336330302
0.000293888349
0.0002588150375
0.0002278584591
0.0002005244754
0.0001763814902
0.0001550398766
0.000136164324
0.0001194570513
0.0001046516175
9.151189775e-05
7.983000339e-05
6.94212075e-05
6.012040686e-05
5.178001326e-05
4.426774876e-05
3.746430967e-05
3.126206153e-05
2.556134079e-05
2.027693587e-05
1.53053809e-05
1.064960427e-05
5.96224154e-06
2.609682819e-06
-0.3749412314
-0.3983771091
-0.4183383791
-0.3654434386
-0.2846549244
-0.1960148101
-0.1183028897
-0.05929569255
-0.01941439558
0.005398775204
0.01951576726
0.02654371649
0.02911041586
0.02902902631
0.02748496934
0.02521890448
0.02268194418
0.02014212375
0.01774639306
0.01556198932
0.01360934061
0.0118848153
0.01037336845
0.009055018473
0.007908280633
0.006912014449
0.006046456383
0.005293830495
0.004638609426
0.004067449299
0.003568942901
0.003133345104
0.002752325846
0.002418746543
0.002126464632
0.001870177409
0.001645299953
0.001447863583
0.001274508367
0.001122256536
0.0009883568874
0.0008705407544
0.0007668494012
0.0006755622104
0.0005951697974
0.0005243501672
0.0004619445867
0.0004069374998
0.0003584544333
0.0003156945295
0.0002779712046
0.0002446954085
0.0002153174388
0.0001893704273
0.0001664477188
0.0001461791237
0.0001282391526
0.0001123423366
9.823630149e-05
8.569709986e-05
7.452527158e-05
6.454301052e-05
5.559150073e-05
4.752835351e-05
4.022526914e-05
3.356671232e-05
2.744590116e-05
2.177167716e-05
1.643334879e-05
1.143420013e-05
6.401872106e-06
2.800869933e-06
-0.3994616132
-0.4404539651
-0.4966621353
-0.4238486324
-0.3168124243
-0.2063688887
-0.1111619305
-0.04110212186
0.00328680085
0.02800562634
0.03968613321
0.04341161886
0.04264826621
0.0396081692
0.03561046987
0.03139499214
0.02735460751
0.02367972149
0.02043974547
0.01763297737
0.01522199456
0.01315752268
0.01139088649
0.009878318073
0.008581601339
0.007467790883
0.006508820728
0.005681056825
0.004964770136
0.004343547509
0.003803702265
0.00333375886
0.002924041813
0.002566353001
0.002253713932
0.0019801606
0.001740578375
0.001530602866
0.001346529068
0.001184990093
0.001043078808
0.0009183420948
0.0008086532813
0.0007121571879
0.0006272328309
0.0005524634065
0.0004866065294
0.0004285606205
0.0003774619276
0.0003323914972
0.0002926449581
0.000257572897
0.0002266270099
0.0001993060739
0.0001751717045
0.0001538336557
0.0001349494621
0.0001182183671
0.0001033739585
9.017959305e-05
7.842481172e-05
6.792203769e-05
5.850361784e-05
5.001932948e-05
4.233402788e-05
3.532623062e-05
2.888385746e-05
2.291138101e-05
1.729274448e-05
1.203156931e-05
6.736350342e-06
2.946437849e-06
-0.4024875659
-0.4534330322
-0.4797280829
-0.4245786865
-0.3078975174
-0.1892379854
-0.08702729993
-0.01351774751
0.03067443609
0.05265335472
0.06039355832
0.05998981058
0.05547824175
0.04929699716
0.04279719823
0.03666035172
0.03118704549
0.02646953893
0.02248627112
0.01915683373
0.01637936862
0.0140553571
0.01210122051
0.01044981276
0.009047650556
0.007851868732
0.00682793581
0.005947934319
0.005189194351
0.004533193029
0.003964672553
0.00347095322
0.003041416193
0.002667115925
0.002340481129
0.00205507907
0.001805420899
0.001586893299
0.001395495164
0.001227621895
0.001080244638
0.0009507879304
0.0008370144472
0.0007369751465
0.000648970929
0.0005715217998
0.0005033376329
0.000443303928
0.0003903450976
0.0003436884615
0.0003025574745
0.0002662801312
0.0002342741154
0.0002060214738
0.0001810651797
0.0001590031038
0.0001394806129
0.0001221854689
0.0001068418865
9.320520005e-05
8.105745843e-05
7.020397974e-05
6.047067185e-05
5.170176694e-05
4.375749644e-05
3.651260577e-05
2.985184424e-05
2.367714895e-05
1.786912513e-05
1.243164073e-05
6.960134527e-06
3.044086888e-06
-0.3862216761
-0.4371931958
-0.4589352785
-0.3773662897
-0.2680599071
-0.1534431313
-0.05577652719
0.0130380895
0.05324762933
0.07138036373
0.07539857186
0.07166698246
0.06435402435
0.05589646825
0.04760093168
0.04009152509
0.03360387692
0.02816224585
0.02367854059
0.02001147682
0.01700818199
0.0145316722
0.01247203325
0.01074521385
0.009287200808
0.008048653323
0.006991079451
0.006084113436
0.005303502777
0.004629621247
0.004046391523
0.003540504209
0.003100847917
0.00271808728
0.002384339908
0.002092924736
0.001838167369
0.001615328116
0.001420207595
0.001249122227
0.001098980353
0.0009671363679
0.0008512989102
0.0007494728097
0.0006599176424
0.0005811154763
0.0005117460151
0.000450655432
0.000396810719
0.0003493612495
0.0003075347591
0.0002706494846
0.0002381087645
0.000209386366
0.0001840173906
0.0001615919918
0.0001417488096
0.0001241700358
0.0001085756982
9.471761545e-05
8.237427791e-05
7.134714546e-05
6.145810223e-05
5.254764241e-05
4.447307714e-05
3.710736461e-05
3.033444392e-05
2.405603286e-05
1.815190855e-05
1.262636418e-05
7.068252834e-06
3.091621211e-06
-0.3975027167
-0.3909488286
-0.397433847
-0.3909503766
-0.3793499633
-0.351264025
-0.3793808556
-0.3512543536
-0.3958487083
-0.3958455196
-0.395783151
-0.3957860149
-0.4029220059
-0.4019158061
-0.3805784209
-0.3782701908
-0.4222977051
-0.3593473015
-0.3971217253
-0.3862757505
-0.4222321921
-0.3593441856
-0.3971093567
-0.3947702594
-0.3990098861
-0.4001652864
-0.3949369048
-0.4029348824
-0.4019784641
-0.3947847668
-0.3990311717
-0.4001748665
-0.39497799
-0.3713823889
-0.3794160873
-0.3754454514
-0.3696252674
-0.3751244089
-0.3698273483
-0.3705480417
-0.355718093
-0.3511407617
-0.3580786544
-0.3472498013
-0.357899571
-0.3470206117
-0.355911449
-0.3806028127
-0.3782778715
-0.3713857088
-0.3794204442
-0.3754512328
-0.3696129037
-0.3751293998
-0.3698292719
-0.3705517316
-0.3557199089
-0.3511415817
-0.3580686576
-0.3472460909
-0.3579015701
-0.3470214038
-0.3559121403
-0.3764192228
-0.3963551683
-0.3765061149
-0.3964591952
-0.3973424516
-0.4010585459
-0.4436291907
-0.3749317109
-0.397358418
-0.400798344
-0.4436485794
-0.3985073263
-0.3984405557
-0.4097202425
-0.4009818808
-0.4388118461
-0.399275373
-0.409806779
-0.4008698738
-0.4388737769
-0.4399004156
-0.3961099569
-0.4323807365
-0.4025549736
-0.4398318081
-0.396125049
-0.4324745073
-0.4852894645
-0.4483073601
-0.5011749396
-0.453385702
-0.4852828729
-0.4483987584
-0.5011317326
-0.3862472906
-0.3756780514
-0.3756467854
-0.3850035651
-0.3958616099
-0.3956350671
-0.3852738226
-0.4603977521
-0.4124042408
-0.4454571491
-0.437116345
-0.4604401806
-0.4123869496
-0.4454517229
-0.3976315558
-0.3973125365
-0.3965442679
-0.3978001794
-0.3965138032
-0.3978557212
-0.3973735609
-0.3951276613
-0.3912366963
-0.3960406684
-0.3921848099
-0.3959257836
-0.3931755167
-0.3950014291
-0.3976436192
-0.3973128954
-0.3965538877
-0.3978458027
-0.3965240437
-0.3978670007
-0.3974052953
-0.3951369268
-0.3912412357
-0.3960254172
-0.3922267157
-0.395930739
-0.3931854923
-0.3950260066
-0.3943028339
-0.3948407051
-0.3946826391
-0.3956072623
-0.3947577751
-0.3946456233
-0.3943371903
-0.3956479076
-0.394952801
-0.3951723345
-0.3942239831
-0.394095446
-0.3940385463
-0.3942239355
-0.3986001783
-0.3984606558
-0.3943096181
-0.3955917401
-0.3948924737
-0.3946952979
-0.3947661
-0.3946453367
-0.3943603416
-0.3956458421
-0.3950986061
-0.3951864715
-0.3942307641
-0.3941641978
-0.3940454717
-0.3942695759
-0.3970243876
-0.4081809865
-0.4117648859
-0.4211158082
-0.4076321736
-0.4105432655
-0.3976403362
-0.3590994035
-0.3654144112
-0.3651740198
-0.3751367902
-0.3699009169
-0.3693981864
-0.3756034446
-0.3873706583
-0.4024006673
-0.3827477152
-0.3952880109
-0.4007477648
-0.3818298775
-0.3882045872
-0.3862519048
-0.3756709053
-0.3756485189
-0.3850078524
-0.3958686147
-0.3956379194
-0.3852871347
-0.3970286069
-0.4211149077
-0.4081544576
-0.4117931852
-0.40763448
-0.4105493876
-0.3976456961
-0.3591011055
-0.3654012094
-0.3651759762
-0.3751380973
-0.3699033615
-0.3694003147
-0.3755968483
-0.3873720752
-0.3952900365
-0.4023971316
-0.3827528516
-0.4007481284
-0.3818331877
-0.3882055783
-0.3232462756
-0.3561829064
-0.323197935
-0.3561518868
-0.3262719788
-0.354991662
-0.3587671444
-0.3204049244
-0.3262565425
-0.3550301881
-0.3587775373
-0.3896483395
-0.3898447326
-0.412135726
-0.3706164309
-0.3952430746
-0.3730736762
-0.367897249
-0.3929179538
-0.4120994718
-0.392929674
-0.4384310069
-0.4607517991
-0.3984077563
-0.3928854016
-0.4384521125
-0.4607081104
-0.3985076819
-0.3989831551
-0.3984632611
-0.406828974
-0.4046627084
-0.4037050014
-0.4071463845
-0.4468709986
-0.4572060873
-0.5096045501
-0.4404286684
-0.4468161563
-0.4572792373
-0.5095380713
-0.4024495244
-0.4034937783
-0.4034730149
-0.4133083734
-0.4122438219
-0.4121402809
-0.4133732336
-0.4797653117
-0.4602462424
-0.4593327537
-0.4506575144
-0.4567426971
-0.458146769
-0.4789855815
-0.4621079975
-0.501564985
-0.5069433263
-0.4797101249
-0.4621670039
-0.5015483844
-0.5069397012
-0.4270930421
-0.4346667296
-0.4242507882
-0.4349335489
-0.451903657
-0.4457698458
-0.4426073669
-0.4346961757
-0.4474989652
-0.4384198354
-0.458935085
-0.4346946246
-0.4474972152
-0.4384169398
-0.3873636925
-0.3740478013
-0.3897836577
-0.3756531461
-0.3730849218
-0.3885517143
-0.3881677927
-0.3992935973
-0.3991345956
-0.397332565
-0.3974851221
-0.3953225405
-0.3963013651
-0.3953423513
-0.3932273733
-0.3937332531
-0.3932331838
-0.393579523
-0.3896544536
-0.3761736394
-0.3754630659
-0.3898619706
-0.387371644
-0.3756573025
-0.3740159591
-0.3898589415
-0.37307022
-0.3885559725
-0.3882067434
-0.3993339776
-0.3991531097
-0.3973437369
-0.3974847053
-0.3962991585
-0.3954851369
-0.3953742772
-0.3932623927
-0.3939909401
-0.3932539592
-0.3937156628
-0.4007630463
-0.3972294404
-0.3966084534
-0.4077308966
-0.3955793052
-0.4074605496
-0.3982245211
-0.3981699819
-0.3966546846
-0.4194824502
-0.4438874262
-0.3944375312
-0.4174824534
-0.3991017942
-0.412141871
-0.3730624355
-0.3706062204
-0.3951236331
-0.367893531
-0.3928607386
-0.4120968369
-0.4006473776
-0.3973297937
-0.3962812172
-0.4078342785
-0.3954323558
-0.4075256884
-0.398425914
-0.3982387953
-0.4438957879
-0.3966997922
-0.4195180272
-0.3944484227
-0.4174993229
-0.3992696084
-0.4191220897
-0.410943112
-0.4384922686
-0.4068609851
-0.4090507467
-0.4396494336
-0.4200703031
-0.400578658
-0.3987464266
-0.3984411783
-0.4077657822
-0.4106076212
-0.4104398723
-0.4082316578
-0.4193779216
-0.434037699
-0.4231987663
-0.4383001932
-0.4328466762
-0.422961132
-0.420181689
-0.3989348613
-0.3985748817
-0.3984664632
-0.4068305488
-0.4045279902
-0.4037213945
-0.4071335552
-0.4191319122
-0.4068713487
-0.4109706006
-0.4385068588
-0.409075371
-0.4396485766
-0.4200887726
-0.4005741289
-0.3987542038
-0.3984433834
-0.4077599719
-0.4105813951
-0.4104395426
-0.4081746031
-0.419383702
-0.4383080753
-0.4340744797
-0.4232431334
-0.4328475876
-0.4229692933
-0.4201947205
-0.4263266946
-0.4250427989
-0.4421526633
-0.4387199282
-0.4245866145
-0.4418329269
-0.4264730032
-0.3962279036
-0.4016737851
-0.4015691494
-0.4053430918
-0.405434498
-0.4112270457
-0.4112791023
-0.4176623595
-0.4320322686
-0.4176517759
-0.423762082
-0.438845281
-0.4383403609
-0.4239593568
-0.4024591707
-0.4035133249
-0.4034780619
-0.4133129862
-0.4122905575
-0.4121445824
-0.4133811554
-0.4263310965
-0.4387165832
-0.4250495948
-0.4421733371
-0.4245904099
-0.441836047
-0.4264815987
-0.3962327217
-0.4016428334
-0.4015703968
-0.4054091266
-0.4054418727
-0.4112280755
-0.4112824231
-0.4320429356
-0.417777667
-0.4176650077
-0.4237616928
-0.4388442509
-0.4383365711
-0.4239623431
-0.4473280496
-0.4676477212
-0.4544934593
-0.464916038
-0.4532256667
-0.4622796779
-0.469669407
-0.4753803123
-0.4884172748
-0.4814106145
-0.4996530516
-0.4858696232
-0.4753643159
-0.4794009727
-0.4797623299
-0.4506588165
-0.4602069303
-0.4593761261
-0.4567348527
-0.4581537055
-0.4789826127
-0.4473395855
-0.467643343
-0.4544978817
-0.4649054891
-0.4532241457
-0.4622743944
-0.4696621697
-0.4753801766
-0.499648794
-0.4884170403
-0.4813644315
-0.4858745564
-0.4753600362
-0.4793948747
-0.4435135297
-0.4628844143
-0.4686577351
-0.4539690767
-0.4503079524
-0.4655165213
-0.4582354815
-0.4175204027
-0.4082565037
-0.4137923263
-0.4228380788
-0.4282496643
-0.4171326335
-0.4330089932
-0.4276806407
-0.4494502785
-0.4426364469
-0.4381641335
-0.4432489955
-0.421421631
-0.4474081253
-0.4346648628
-0.4270897364
-0.4242512223
-0.4349302805
-0.4518521572
-0.4457591064
-0.4425785236
-0.4435092351
-0.4539728357
-0.4629157823
-0.4686475561
-0.4503076088
-0.4655124288
-0.4582285287
-0.4082544692
-0.4175258073
-0.4137890905
-0.4228401422
-0.4282515475
-0.4171316496
-0.4330373635
-0.4276806436
-0.438163556
-0.4494832772
-0.442638215
-0.4432522837
-0.4214207429
-0.4474164195
-0.3653538059
-0.3644543581
-0.3438845415
-0.3450107862
-0.3653931479
-0.3644467842
-0.3438666459
-0.3450205919
-0.4473584638
-0.4804157333
-0.4550911137
-0.4452504492
-0.479737504
-0.4555439815
-0.4586147567
-0.4550965504
-0.4474229898
-0.4804735414
-0.4452446457
-0.4797226305
-0.455521995
-0.4586303909
-0.3627269356
-0.3611900716
-0.3594168748
-0.3655026142
-0.3654341746
-0.3666784782
-0.3440099683
-0.3413105931
-0.338716966
-0.3399615247
-0.3386215239
-0.3385746812
-0.3367548441
-0.3339812552
-0.3312418702
-0.3472774639
-0.3460169232
-0.3461937116
-0.3627291302
-0.3611921671
-0.3594189381
-0.3655049088
-0.3654360695
-0.3666800756
-0.3440107387
-0.3413112643
-0.3387176256
-0.339957853
-0.3386176661
-0.3385706314
-0.3367550453
-0.3339814344
-0.3312420593
-0.3472759598
-0.3460149712
-0.3461914915
)
;

boundaryField
{
    inlet
    {
        type            zeroGradient;
    }
    outlet
    {
        type            fixedValue;
        value           uniform 0;
    }
    topAndBottom
    {
        type            symmetry;
    }
    frontAndBack
    {
        type            empty;
    }
    cylinder
    {
        type            zeroGradient;
    }
    procBoundary1to0
    {
        type            processor;
        value           nonuniform List<scalar> 
116
(
-0.01517444101
-0.01554093144
-0.01628594479
-0.01742965618
-0.01900740312
-0.02106803019
-0.02367824645
-0.0269269333
-0.03093083961
-0.0358436468
-0.04186992317
-0.0492815925
-0.05844585293
-0.06986280316
-0.0842179357
-0.1024352839
-0.1259827285
-0.1567425289
-0.196873204
-0.3154081297
-0.2479561196
-0.2678960217
-0.2478010122
-0.2677754266
-0.3153560947
-0.3154081297
-0.3154081297
-0.3154081297
-0.4080049892
-0.407940749
-0.4002083683
-0.4111520029
-0.3997871493
-0.3997871493
-0.4101177637
-0.4002083683
-0.3849596251
-0.381028271
-0.400175094
-0.4021915809
-0.4014880851
-0.3989031552
-0.400226615
-0.4111661428
-0.3999636701
-0.3999636701
-0.4101922855
-0.400226615
-0.4001970021
-0.402260591
-0.4015133346
-0.3989136559
-0.3849821343
-0.3810356403
-0.4078105769
-0.3782146725
-0.4076759125
-0.4079887648
-0.3979647498
-0.3979647498
-0.398053858
-0.398053858
-0.3998484693
-0.4000261746
-0.3986120208
-0.3986927114
-0.4079817893
-0.3979705639
-0.3979705639
-0.3980978305
-0.3980978305
-0.3998561258
-0.4000228608
-0.3986131796
-0.3986796198
-0.3623434361
-0.3153560947
-0.3153560947
-0.3153560947
-0.3624125995
-0.3754638913
-0.3924103368
-0.3761559587
-0.3761559587
-0.3761559587
-0.392579
-0.3754638913
-0.3754638913
-0.3754638913
-0.4077894563
-0.4030097545
-0.4029865873
-0.3924148019
-0.3775587054
-0.3926103829
-0.4077653764
-0.4029990188
-0.4029453146
-0.3423634505
-0.3604172752
-0.3407828014
-0.3604272432
-0.3424077442
-0.3407769389
-0.3849596251
-0.3862812547
-0.3878514583
-0.3849821343
-0.3863027562
-0.3878726164
-0.381028271
-0.3807590943
-0.3791036777
-0.3810356403
-0.3807663092
-0.3791106373
)
;
    }
    procBoundary1to3
    {
        type            processor;
        value           nonuniform List<scalar> 
125
(
-0.3773898097
-0.2680780288
-0.1534555557
-0.05578298722
0.01303558158
0.05324804346
0.07138190549
0.07539947226
0.07166620087
0.06435083921
0.0558915681
0.04759483951
0.04008479912
0.03359679705
0.02815556802
0.02367273017
0.0200066362
0.01700424867
0.01452850092
0.01246946462
0.01074311474
0.009285489977
0.008047285143
0.006990003013
0.006083259009
0.005302812307
0.004629051621
0.004045910827
0.003540087651
0.003100475948
0.002717746454
0.002384026014
0.002092642262
0.00183797814
0.001615209211
0.001420102989
0.001249021533
0.001098888671
0.000967054521
0.0008512234084
0.0007493999925
0.0006598481028
0.0005810540029
0.0005116983093
0.000450624871
0.0003967717514
0.0003493163977
0.0003074883848
0.0002706060667
0.0002380708611
0.0002093538267
0.000183988679
0.0001615661107
0.0001417260843
0.00012415118
0.0001085604294
9.470424294e-05
8.236054329e-05
7.133153192e-05
6.144063541e-05
5.252973023e-05
4.445665258e-05
3.709394819e-05
3.032461402e-05
2.404945025e-05
1.814770445e-05
1.26236322e-05
7.066411267e-06
3.090758653e-06
-0.3593463815
-0.4124077226
-0.4475096965
-0.3512644598
-0.3512561497
-0.397123372
-0.3593460548
-0.3971157822
-0.3511406424
-0.3472519653
-0.3470223917
-0.351142006
-0.3472489155
-0.3470234857
-0.4454643628
-0.4123933089
-0.4454590669
-0.3590974579
-0.3698993966
-0.3693949195
-0.3827482918
-0.3952881168
-0.3818290354
-0.3591001009
-0.369906886
-0.3693988239
-0.3952919633
-0.3827597736
-0.3818347156
-0.4384385725
-0.4475078201
-0.4384355372
-0.4082590665
-0.4282534933
-0.4171362049
-0.4426413859
-0.4381716754
-0.421427212
-0.4082581814
-0.4282568153
-0.4171357913
-0.4381711648
-0.4426437404
-0.4214265727
-0.3399642616
-0.3386244909
-0.3385778207
-0.3367572826
-0.3339839417
-0.3312447206
-0.3399617602
-0.3386219266
-0.3385751451
-0.3367579909
-0.3339846728
-0.331245483
)
;
    }
}


// ************************************************************************* //
