/*--------------------------------*- C++ -*----------------------------------*\
| =========                 |                                                 |
| \\      /  F ield         | OpenFOAM: The Open Source CFD Toolbox           |
|  \\    /   O peration     | Version:                                        |
|   \\  /    A nd           | Website:  www.openfoam.com                      |
|    \\/     M anipulation  |                                                 |
\*---------------------------------------------------------------------------*/
FoamFile
{
    version     2.0;
    format      ascii;
    class       surfaceScalarField;
    location    "3.8";
    object      phi;
}
// * * * * * * * * * * * * * * * * * * * * * * * * * * * * * * * * * * * * * //

dimensions      [0 3 -1 0 0 0 0];
oriented        oriented;


internalField   nonuniform List<scalar> 
5191
(
0.02123496992
-2.679720646e-05
0.02125040775
-1.543782197e-05
0.02125504259
-4.634837342e-06
0.02124924876
5.793827212e-06
0.02123352883
1.571992837e-05
0.0212085747
2.495413379e-05
0.02117526224
3.331246729e-05
0.02113461852
4.064371248e-05
0.02108777425
4.684427028e-05
0.02103593151
5.184273774e-05
0.02098059831
5.533320516e-05
0.02092491757
5.56807362e-05
0.02087158896
5.332860706e-05
0.02079402238
7.756657878e-05
0.02069523533
9.878704737e-05
0.02059546683
9.976849679e-05
0.02049993134
9.553549445e-05
0.02040981293
9.011840823e-05
0.02032540877
8.440416293e-05
0.02024674546
7.866330214e-05
0.02017372128
7.302417372e-05
0.02010615975
6.756151917e-05
0.02004383682
6.232293033e-05
0.01998649584
5.734098667e-05
0.01993385983
5.263600645e-05
0.01988563929
4.822053591e-05
0.01984153997
4.409931845e-05
0.01980126879
4.02711862e-05
0.01976453783
3.673095748e-05
0.01973106829
3.346954596e-05
0.01970059247
3.047581188e-05
0.01967285545
2.773702663e-05
0.01964761668
2.523876519e-05
0.01962465064
2.29660397e-05
0.01960374813
2.090251385e-05
0.01958471629
1.903184633e-05
0.01956737846
1.733782567e-05
0.01955157357
1.580489247e-05
0.01953715428
1.441929459e-05
0.01952398684
1.316743797e-05
0.01951194945
1.20373837e-05
0.01950093143
1.101801716e-05
0.01949083342
1.009801012e-05
0.01950343029
-1.25968691e-05
0.01951714623
-1.371594372e-05
0.01953136068
-1.421445126e-05
0.01954602185
-1.466117346e-05
0.01956108321
-1.506135754e-05
0.01957650285
-1.541963775e-05
0.0195922433
-1.57404495e-05
0.01960827063
-1.60273357e-05
0.01962455433
-1.628370255e-05
0.01964106681
-1.651248192e-05
0.01965778319
-1.671638111e-05
0.01967468085
-1.689766003e-05
0.01969173891
-1.705805184e-05
0.01970903136
-1.729245314e-05
0.01972634814
-1.731677221e-05
0.01974377075
-1.74226142e-05
0.01976128226
-1.751150082e-05
0.01977886535
-1.758308928e-05
0.01979650177
-1.76364225e-05
0.01981417061
-1.766883353e-05
0.01983200928
-1.783866814e-05
0.01985081596
-1.880667725e-05
0.01986836905
-1.755308944e-05
0.01988564528
-1.727622515e-05
0.01990267795
-1.703266802e-05
0.01991927518
-1.659722814e-05
0.0199350651
-1.578991884e-05
0.01994925934
-1.419423757e-05
0.01996013511
-1.087576788e-05
-4.617156575e-06
0.02124577387
-5.383762102e-05
0.02126122795
-3.089188099e-05
0.02126564201
-9.048895798e-06
0.02125940898
1.202685824e-05
0.02124304644
3.208246686e-05
0.02121727715
5.072343145e-05
0.02118301474
6.757487325e-05
0.02114132776
8.233069109e-05
0.02109339903
9.477299899e-05
0.02104069518
0.0001045465835
0.02098655757
0.0001094708145
0.02093940081
0.0001028374952
0.02088266389
0.0001100655309
0.02082831283
0.000131917631
0.02077725152
0.0001498483546
0.02072344747
0.0001535725502
0.02066843581
0.0001505471494
0.02061406634
0.0001444878723
0.02056149023
0.0001369802665
0.02051137548
0.0001287780459
0.02046410864
0.0001202910218
0.0204198985
0.0001117716648
0.0203788319
0.0001033895235
0.02034091018
9.52626985e-05
0.02030607147
8.747471514e-05
0.02027421002
8.008198578e-05
0.02024518802
7.312131865e-05
0.0202188473
6.661190165e-05
0.02019501698
6.056127501e-05
0.02017352026
5.496626923e-05
0.0201541785
4.981757276e-05
0.02013681585
4.509968229e-05
0.02012126125
4.079336762e-05
0.02010735154
3.687575419e-05
0.02009493272
3.332133732e-05
0.02008386109
3.010346973e-05
0.02007400364
2.719527861e-05
0.02006523778
2.457075211e-05
0.02005745168
2.220539009e-05
0.02005054279
2.007633341e-05
0.0200444179
1.8162267e-05
0.02003899288
1.644302709e-05
0.02003475582
1.433506818e-05
0.02003112133
-8.962380308e-06
0.02002742114
-1.001576155e-05
0.02002416307
-1.095637435e-05
0.02002129806
-1.179616753e-05
0.02001878195
-1.254524996e-05
0.02001657594
-1.32136294e-05
0.02001464534
-1.380984722e-05
0.02001308683
-1.446883014e-05
0.0200116127
-1.48095756e-05
0.02001033195
-1.523172983e-05
0.02000922391
-1.560834156e-05
0.02000827013
-1.594388156e-05
0.020007755
-1.654291572e-05
0.02000923592
-1.877336324e-05
0.02000876569
-1.684654613e-05
0.02000812376
-1.678067652e-05
0.0200075791
-1.696683381e-05
0.02000712691
-1.713089501e-05
0.02000676538
-1.727488846e-05
0.02000667858
-1.758202722e-05
0.02000900269
-2.016277996e-05
0.0200180029
-2.780688021e-05
0.02001871698
-1.826715872e-05
0.02001734393
-1.590316699e-05
0.02001608097
-1.576970731e-05
0.02001519321
-1.570946279e-05
0.02001492475
-1.552145847e-05
0.02001573737
-1.500685639e-05
0.02001822938
-1.336777212e-05
-6.919235736e-06
0.0212674936
-8.136411734e-05
0.02128294845
-4.634670967e-05
0.02128687802
-1.297846588e-05
0.02127969855
1.920632729e-05
0.02126196841
4.981261183e-05
0.02123447208
7.8219762e-05
0.02119820338
0.000103843563
0.02115432015
0.0001262139271
0.02110418324
0.0001449099106
0.02105002482
0.0001587050011
0.02099671808
0.0001627775607
0.02094604778
0.000153507789
0.02088226426
0.0001738490536
0.02082130261
0.0001928792857
0.02076595238
0.000205198581
0.02071113352
0.0002083914067
0.02065634477
0.0002053359058
0.02060249273
0.000198339921
0.02055045809
0.0001890149169
0.0205008656
0.0001783705375
0.02045410951
0.0001670471116
0.02041041047
0.0001554706939
0.02036986249
0.0001439375001
0.02033246769
0.0001326575099
0.02029816205
0.0001217803518
0.02026683458
0.0001114094405
0.02023834247
0.000101613419
0.02021252167
9.243270297e-05
0.02018919615
8.388679651e-05
0.02016818394
7.597848909e-05
0.02014930253
6.869897966e-05
0.0201323729
6.202931489e-05
0.02011722271
5.594355662e-05
0.02010368874
5.040971978e-05
0.02009161754
4.539254552e-05
0.02008086632
4.085469288e-05
0.02007130332
3.675827629e-05
0.02006280707
3.306700332e-05
0.02005526619
2.974626862e-05
0.02004857962
2.676289499e-05
0.02004265589
2.408600033e-05
0.0200374121
2.168681433e-05
0.02003390287
1.784429026e-05
0.02002980515
-4.86466062e-06
0.0200261907
-6.401312858e-06
0.02002316166
-7.927333006e-06
0.02002035074
-8.985245798e-06
0.02001787725
-1.007176031e-05
0.02001570282
-1.103920062e-05
0.02001419885
-1.230588374e-05
0.02001551102
-1.578099895e-05
0.02001425413
-1.355269009e-05
0.02001280248
-1.378008393e-05
0.02001151353
-1.431939092e-05
0.02001069561
-1.512595471e-05
0.02001438082
-2.022812121e-05
0.02003178476
-3.617730293e-05
0.0200339705
-1.903228033e-05
0.02003178985
-1.460002447e-05
0.02002940021
-1.457718863e-05
0.02002708228
-1.481296174e-05
0.0200249071
-1.509970722e-05
0.02002422985
-1.690477288e-05
0.02003269309
-2.862601643e-05
0.02005949062
-5.460440672e-05
0.02006279258
-2.156911333e-05
0.02005541743
-8.528006009e-06
0.02004679243
-7.144709358e-06
0.02003825729
-7.174320625e-06
0.02002998321
-7.247371683e-06
0.02002228481
-7.308457584e-06
0.02001624254
-7.325496724e-06
-7.473150307e-06
0.02130063353
-0.0001096427608
0.02131608457
-6.179774184e-05
0.02131924394
-1.613782341e-05
0.0213105668
2.788346564e-05
0.02129067624
6.970317253e-05
0.02126046016
0.0001084358321
0.02122104044
0.000143263285
0.02117384008
0.0001734142939
0.02112173487
0.0001970151218
0.0210717468
0.0002086930677
0.02102676472
0.0002077596504
0.02095689218
0.0002233803252
0.02088365668
0.0002470845589
0.02081856808
0.0002579678831
0.02075831759
0.0002654490719
0.02070033169
0.0002663773132
0.02064395015
0.0002617174446
0.02058939412
0.0002528959458
0.02053713836
0.0002412706734
0.02048761253
0.0002278963674
0.02044111621
0.0002135434392
0.02039781736
0.0001987695407
0.02035777491
0.0001839799598
0.02032096342
0.000169468994
0.02028729577
0.0001554480061
0.02025664106
0.0001420641472
0.02022883946
0.0001294150183
0.02020371251
0.0001175596509
0.02018107151
0.0001065277885
0.02016072406
9.632594006e-05
0.02014247958
8.694344643e-05
0.02012615349
7.835541022e-05
0.02011157011
7.052694482e-05
0.02009856437
6.341546565e-05
0.02008698306
5.697385623e-05
0.02007668402
5.115374115e-05
0.0200675361
4.590618775e-05
0.02005941945
4.118365793e-05
0.0200522243
3.694141185e-05
0.02004585135
3.313584537e-05
0.02004021137
2.972597361e-05
0.02003539705
2.650113887e-05
0.02003230227
2.093906038e-05
0.02002836961
-9.32000208e-07
0.02002539407
-3.425768171e-06
0.02002600633
-8.539597452e-06
0.02002360857
-6.587483372e-06
0.0200210676
-7.53079293e-06
0.02001924695
-9.218551826e-06
0.02002360954
-1.666847532e-05
0.02004711283
-3.928429267e-05
0.02005029575
-1.673561604e-05
0.02004753854
-1.102287061e-05
0.02004466088
-1.144172497e-05
0.02004450923
-1.497431123e-05
0.0200619058
-3.762468409e-05
0.02011851891
-9.279041539e-05
0.02013323259
-3.374595447e-05
0.02012692057
-8.287998815e-06
0.02011781461
-5.471224996e-06
0.02010863546
-5.63380859e-06
0.02009942507
-5.889317067e-06
0.02008888385
-6.363544941e-06
0.02007023288
-9.975041321e-06
0.02003619432
-2.056584453e-05
0.02002208809
-7.462876969e-06
0.02001783032
-4.270229358e-06
0.02001488252
-4.19690647e-06
0.02001200726
-4.299060219e-06
0.02000914771
-4.387817483e-06
0.02000630493
-4.465675986e-06
0.02000350093
-4.521496818e-06
-4.614694919e-06
0.02134594482
-0.0001389943998
0.02136139656
-7.724948403e-05
0.02136346504
-1.820629668e-05
0.02135267011
3.867839719e-05
0.02132972743
9.264584858e-05
0.02129567545
0.0001424878121
0.02125191242
0.0001870263205
0.0212014037
0.0002239230114
0.0211542129
0.0002442059186
0.0211133667
0.0002495392736
0.0210443612
0.0002767651441
0.02095880936
0.0003089321672
0.02088471057
0.0003211833421
0.02081607463
0.0003266038246
0.02075121789
0.0003303058076
0.02068948571
0.0003281094855
0.02063055658
0.0003206465684
0.0205744433
0.0003090092181
0.02052134649
0.0002943674817
0.02047148853
0.0002777543346
0.02042502886
0.0002600031132
0.0203820388
0.0002417596002
0.02034250634
0.0002235124125
0.02030635166
0.0002056236752
0.02027344372
0.0001883559427
0.02024361632
0.0001718915469
0.02021667984
0.0001563514982
0.02019243135
0.0001418081378
0.02017066247
0.0001282966629
0.02015116531
0.0001158231017
0.0201337379
0.0001043708521
0.02011818795
9.39053698e-05
0.02010433505
8.4379842e-05
0.02009201182
7.573870592e-05
0.02008106365
6.792201827e-05
0.02007134829
6.086910515e-05
0.02006273614
5.451833602e-05
0.0200552772
4.864259959e-05
0.02004852807
4.36905377e-05
0.02004255927
3.910463967e-05
0.0200378112
3.44740439e-05
0.02003726489
2.704745084e-05
0.02003534588
2.285807418e-05
0.02003201231
2.401567129e-06
0.02003634803
-7.761492074e-06
0.02006442554
-3.661711039e-05
0.02006798975
-1.015169378e-05
0.02006453419
-4.075228785e-06
0.020064307
-8.991367187e-06
0.02008800677
-4.03682488e-05
0.02016669515
-0.0001179726784
0.02018969667
-3.973712781e-05
0.02018399715
-5.323353483e-06
0.02017430685
-1.751430007e-06
0.02016207698
-2.744435451e-06
0.02013432165
-9.869357243e-06
0.02007359618
-3.206493808e-05
0.02004818237
-8.332139921e-06
0.02004207726
-2.182884413e-06
0.02003877157
-2.1655412e-06
0.02003564793
-2.510154775e-06
0.02003257295
-2.814332953e-06
0.02002929212
-3.082711064e-06
0.02002287001
-3.552925578e-06
0.02000753662
-5.232457143e-06
0.02000373208
-3.658332678e-06
0.02000306476
-3.602901172e-06
0.02000261109
-3.743227051e-06
0.02000217796
-3.865927655e-06
0.02000176216
-3.972025615e-06
0.02000136156
-4.065074424e-06
0.02000097842
-4.138350391e-06
-4.235980746e-06
0.02140448717
-0.0001698173012
0.02141995859
-9.272092468e-05
0.0214205696
-1.881730876e-05
0.02140693587
5.231212826e-05
0.02137990021
0.0001196815145
0.02134075812
0.0001816298946
0.02129173051
0.000236053926
0.02124044822
0.000275205309
0.0212076482
0.0002770059306
0.02113671686
0.000320470611
0.02104384021
0.0003696417905
0.02096202821
0.0003907441611
0.02088596674
0.0003972448052
0.02081257923
0.0003999913319
0.02074294017
0.0003999448567
0.02067715652
0.0003938931365
0.02061517512
0.000382627974
0.02055698527
0.0003671990668
0.02050263331
0.000348719433
0.02045217029
0.0003282173523
0.0204056065
0.0003065668971
0.02036289298
0.000284473114
0.02032392217
0.000262483221
0.02028853682
0.0002410090153
0.02025654381
0.000220348957
0.02022772537
0.0002007099786
0.02020185058
0.0001822262919
0.02017868272
0.0001649759952
0.02015798736
0.0001489920227
0.0201395365
0.0001342739664
0.02012311462
0.0001207927343
0.02010851953
0.0001085004543
0.02009556466
9.733471664e-05
0.02008407958
8.722378716e-05
0.02007407284
7.792875856e-05
0.02006507356
6.986837741e-05
0.02005762868
6.196321992e-05
0.02005460365
5.166762589e-05
0.02004894724
4.934695328e-05
0.02004405372
4.399815596e-05
0.02004759433
3.093343269e-05
0.02007857134
-3.929558855e-06
0.02008570303
1.572638085e-05
0.02008538276
2.721841366e-06
0.0201138157
-3.619442975e-05
0.02021053088
-0.0001333322914
0.02024003993
-3.966074594e-05
0.02023430578
1.658918475e-06
0.02022056433
4.75007319e-06
0.02018555715
-5.361067351e-06
0.02010436384
-3.677937175e-05
0.02007014291
-5.516196144e-06
0.02006236559
2.453970254e-06
0.02005853819
2.075962833e-06
0.020054557
1.236757104e-06
0.0200446339
5.374579295e-08
0.02001616359
-3.594624085e-06
0.02000873774
-9.062865316e-07
0.02000754169
-9.86830088e-07
0.02000681537
-1.439223561e-06
0.0200061436
-1.838381209e-06
0.02000552002
-2.19074358e-06
0.02000493851
-2.501193691e-06
0.0200041604
-2.774813512e-06
0.02000201497
-3.087025019e-06
0.02000157478
-3.218132679e-06
0.02000137531
-3.403429962e-06
0.02000119769
-3.565600706e-06
0.0200010387
-3.706943178e-06
0.02000089621
-3.829532636e-06
0.02000076766
-3.9365226e-06
0.02000064992
-4.020605263e-06
-4.133321653e-06
0.02147768282
-0.0002026192432
0.02149321872
-0.0001082568411
0.02149193295
-1.753154428e-05
0.02147459787
6.964720424e-05
0.02144229402
0.0001519853656
0.02139699974
0.000226924163
0.02134165852
0.0002913951484
0.02128635777
0.0003305060483
0.02122818673
0.0003351769669
0.02113946768
0.0004091896539
0.02105184565
0.0004572638206
0.02096832706
0.0004742627461
0.02088627838
0.0004792934869
0.02080708706
0.0004791826537
0.02073223685
0.0004747950599
0.02066208908
0.0004640409036
0.020596743
0.0004479740581
0.02053618682
0.0004277552408
0.02048036177
0.0004045444825
0.0204291721
0.0003794070103
0.0203824794
0.0003532595983
0.02034010165
0.0003268508662
0.02030181669
0.0003007681805
0.02026737286
0.000275452854
0.02023649839
0.0002512234229
0.0202089119
0.0002282964612
0.02018432921
0.000206808981
0.02016247224
0.000186832967
0.02014307369
0.0001683905694
0.02012588167
0.0001514659914
0.02011066436
0.0001360100451
0.02009737024
0.0001217945727
0.02008548536
0.0001092195951
0.02007549715
9.721198588e-05
0.02007017418
8.325173276e-05
0.02006309018
7.695237751e-05
0.02006407676
6.097663209e-05
0.0200921883
2.355609212e-05
0.020096036
4.549924983e-05
0.02009673612
4.329804263e-05
0.0201289907
-1.32114873e-06
0.02024142751
-0.0001163663676
0.02028290382
-2.574993013e-05
0.0202729421
1.268355679e-05
0.02023169049
5.057180283e-06
0.02013295532
-3.459711713e-05
0.02009103004
2.264534534e-06
0.02008155232
1.113663585e-05
0.02007642601
9.876375826e-06
0.02006352731
7.537631157e-06
0.02002488684
1.861096143e-06
0.02001447084
4.899806288e-06
0.0200126381
4.286705936e-06
0.02001149466
3.219411199e-06
0.02001045578
2.275635201e-06
0.02000906832
1.441198763e-06
0.02000491296
5.607406176e-07
0.02000394536
6.131598115e-08
0.02000347284
-5.143110053e-07
0.02000305589
-1.02226592e-06
0.02000268797
-1.470455701e-06
0.02000236302
-1.865791729e-06
0.02000207599
-2.214158192e-06
0.02000182213
-2.520944367e-06
0.02000152581
-2.79070218e-06
0.0200013353
-3.02761365e-06
0.02000116723
-3.235361701e-06
0.02000101841
-3.416773074e-06
0.02000088642
-3.574958949e-06
0.02000076881
-3.711920279e-06
0.02000066375
-3.831457799e-06
0.02000056835
-3.925205519e-06
-4.051191903e-06
0.02156742835
-0.0002380416936
0.02158309157
-0.0001239200605
0.02157937508
-1.381506362e-05
0.02155741244
9.160984015e-05
0.02151982517
0.0001895726301
0.02147188426
0.0002748650688
0.02141956713
0.0003437122739
0.02137449694
0.0003755762362
0.02126949034
0.0004401835649
0.02116108672
0.0005175932715
0.02106637829
0.0005519722553
0.02097441858
0.0005662224566
0.02088455613
0.0005691559399
0.02079860118
0.0005651375951
0.02071796616
0.0005554300718
0.02064311367
0.0005388933886
0.02057418821
0.00051689952
0.02051113783
0.0004908056191
0.02045379337
0.0004618889415
0.02040191163
0.0004312887514
0.02035519934
0.0003999718838
0.02031332767
0.0003687225379
0.02027594611
0.0003381497428
0.02024269227
0.0003087066912
0.02021320297
0.0002807127185
0.02018712044
0.0002543789929
0.02016409846
0.000229830958
0.02014381138
0.0002071200564
0.02012611211
0.0001860898439
0.02011040904
0.0001671690565
0.02009709987
0.0001493192089
0.02008883161
0.000130062829
0.02007924737
0.0001188038338
0.020077949
9.851035107e-05
0.02010386719
5.733354079e-05
0.0201102449
7.057466774e-05
0.02014039647
3.082506161e-05
0.02024898916
-8.503658801e-05
0.02029037642
4.111985658e-06
0.02028967829
4.399617737e-05
0.02025552532
3.283182069e-05
0.02015411759
-1.495863923e-05
0.02010958363
1.878403325e-05
0.02009779392
2.447326364e-05
0.02008179819
2.105290525e-05
0.02003435066
1.285041193e-05
0.02002116957
1.544563084e-05
0.02001857232
1.373387933e-05
0.02001687586
1.157283393e-05
0.02001475377
9.659715751e-06
0.02000884468
7.770186784e-06
0.02000726618
6.478303818e-06
0.02000639858
5.154307714e-06
0.02000563425
3.983738941e-06
0.02000496114
2.948747033e-06
0.02000436801
2.03432936e-06
0.02000370246
1.22629142e-06
0.02000325075
5.130255917e-07
0.02000285338
-1.169374255e-07
0.0200025041
-6.729794956e-07
0.02000219702
-1.163367126e-06
0.02000192712
-1.595890324e-06
0.02000168969
-1.976720061e-06
0.02000148091
-2.312160125e-06
0.02000129722
-2.607012066e-06
0.02000113546
-2.865850098e-06
0.02000099281
-3.092702003e-06
0.02000086673
-3.290691125e-06
0.02000075507
-3.463301803e-06
0.02000065569
-3.612536056e-06
0.02000056712
-3.742887604e-06
0.02000048669
-3.844772616e-06
-3.982102214e-06
0.02167621544
-0.0002768962569
0.02169208617
-0.0001397907821
0.02168538771
-7.116609915e-06
0.0216590855
0.0001179120506
0.02162332802
0.0002253301057
0.02158601645
0.0003121766417
0.0215403436
0.0003893851218
0.02143158423
0.0004843356045
0.02129692186
0.0005748459376
0.02118591177
0.0006286033592
0.02108139032
0.0006564937123
0.02097879101
0.0006688217538
0.02087967831
0.0006682686419
0.02078593469
0.0006588812079
0.02069889049
0.0006424742681
0.02061900638
0.0006187774956
0.02054637859
0.0005895273108
0.02048085133
0.000556332879
0.02042210759
0.0005206326776
0.02036973326
0.0004836630771
0.02032326056
0.0004464445702
0.02028219762
0.0004097854708
0.02024604743
0.0003742999384
0.02021432138
0.0003404327415
0.02018655352
0.0003084805772
0.02016245472
0.0002784777946
0.02014130288
0.0002509828094
0.0201233573
0.0002250656392
0.02011109781
0.0001983493414
0.02009816982
0.0001800970414
0.02009392459
0.0001535644313
0.02011695027
0.0001070371419
0.02012114014
0.0001146139566
0.02014915096
7.049952573e-05
0.0202548235
-4.833899496e-05
0.02029055052
3.484764738e-05
0.02026136549
6.001009295e-05
0.02016122806
1.510084826e-05
0.02011704778
4.829226612e-05
0.02010746237
5.358158784e-05
0.02009286431
4.742988367e-05
0.02004181248
3.609319012e-05
0.02002746981
3.312669877e-05
0.02002412636
2.781671761e-05
0.02002114771
2.40315501e-05
0.02001356175
2.043637046e-05
0.02001128984
1.771753761e-05
0.02000993338
1.509034057e-05
0.02000874063
1.276558309e-05
0.02000769165
1.070869925e-05
0.02000657229
8.88954199e-06
0.02000576946
7.28112967e-06
0.02000506431
5.859460515e-06
0.02000444488
4.603171908e-06
0.02000390054
3.493080464e-06
0.02000342244
2.512432529e-06
0.02000300225
1.646482489e-06
0.02000263331
8.819648514e-07
0.0200023093
2.070766872e-07
0.0200020248
-3.884725667e-07
0.02000177506
-9.136281669e-07
0.02000155586
-1.376685434e-06
0.02000136363
-1.784481739e-06
0.02000119481
-2.143342329e-06
0.02000104655
-2.458747025e-06
0.02000091622
-2.735508137e-06
0.02000080147
-2.977951559e-06
0.02000070034
-3.189557525e-06
0.02000061098
-3.373939595e-06
0.02000053161
-3.533163456e-06
0.02000046096
-3.672242691e-06
0.02000039701
-3.780820926e-06
-3.92748923e-06
0.02180719093
-0.0003202139347
0.02182331966
-0.0001559195006
0.02181354679
2.656256176e-06
0.02178454488
0.0001469139601
0.02175091983
0.0002589551635
0.02168435506
0.0003787414102
0.02158823892
0.0004855012675
0.02145826888
0.000614305645
0.02133354988
0.0006995649308
0.02121388193
0.0007482713137
0.0210953158
0.0007750598311
0.02097997827
0.0007841592855
0.02087009358
0.0007781533236
0.02076752133
0.0007614534687
0.02067347487
0.0007365207218
0.0205883187
0.0007039336662
0.02051200427
0.0006658417384
0.02044419262
0.0006241445208
0.02038435997
0.0005804653334
0.02033187897
0.0005361440758
0.02028607606
0.0004922474747
0.02024627314
0.0004495883836
0.02021196097
0.0004086121134
0.02018220521
0.0003701884971
0.02015705767
0.0003336281246
0.02013877206
0.0002967634145
0.02012087781
0.0002688770653
0.02011245981
0.0002334836349
0.02013175629
0.0001790528633
0.0201330431
0.000178810225
0.02015845235
0.0001281551717
0.02026126776
4.221723446e-06
0.02029517811
8.070360304e-05
0.02026520619
0.0001004714453
0.02016552286
5.134433847e-05
0.02012025164
8.011886568e-05
0.02009933951
8.092222714e-05
0.02004786156
6.657879599e-05
0.02003223577
6.391805966e-05
0.02002847955
5.73378109e-05
0.0200251327
5.077673145e-05
0.0200165428
4.468308812e-05
0.02001459149
3.507801194e-05
0.02001280581
2.960239754e-05
0.02001124238
2.559497471e-05
0.02000963097
2.204778627e-05
0.02000843913
1.890937161e-05
0.0200073955
1.613397605e-05
0.02000648139
1.367968505e-05
0.02000568019
1.150990441e-05
0.02000497777
9.591958347e-06
0.02000436184
7.897062071e-06
0.02000382168
6.399610789e-06
0.02000334811
5.076749584e-06
0.02000293277
3.908412633e-06
0.02000256863
2.876576885e-06
0.02000224943
1.965683277e-06
0.02000196979
1.161607224e-06
0.02000172469
4.521751255e-07
0.02000151017
-1.739430564e-07
0.02000132237
-7.258285746e-07
0.02000115794
-1.212250836e-06
0.02000101395
-1.640484066e-06
0.02000088801
-2.017395493e-06
0.02000077763
-2.348366166e-06
0.020000681
-2.638872066e-06
0.02000059621
-2.893167547e-06
0.02000052179
-3.115129054e-06
0.0200004563
-3.308445702e-06
0.02000039845
-3.475309779e-06
0.02000034719
-3.620981592e-06
0.02000030106
-3.734691459e-06
-3.888239728e-06
0.02196450683
-0.0003693444829
0.02198107456
-0.0001724872173
0.02196726388
1.646693736e-05
0.02193184404
0.0001823338068
0.02187749059
0.0003133086182
0.02180279867
0.0004534333361
0.02166240271
0.0006258972277
0.02151890781
0.0007578005448
0.02138058594
0.0008378867946
0.02124228706
0.000886570207
0.02110634883
0.0009109980443
0.02097604734
0.000914460785
0.02085379796
0.0009004026964
0.0207413986
0.0008738528272
0.02063987173
0.0008380475963
0.0205493714
0.0007944339956
0.02046962711
0.0007455860254
0.02039994718
0.000693824446
0.02033956063
0.0006408518914
0.02028757064
0.000588134066
0.02024305805
0.0005367600704
0.02020560804
0.0004870383972
0.02017717807
0.0004370420873
0.02015096561
0.0003964009645
0.02013578337
0.0003488103627
0.02014954167
0.0002830051193
0.02014640551
0.000272013228
0.02016820516
0.0002116839759
0.02026808343
7.917459163e-05
0.02029964004
0.0001472536056
0.02026830698
0.0001594882308
0.02016858373
0.0001039449718
0.02012271011
0.0001265772194
0.02010114808
0.0001220334726
0.02004948409
0.0001030083317
0.02003347435
9.612860215e-05
0.02002856866
8.582792012e-05
0.02001944992
7.569753535e-05
0.02001613819
6.722979224e-05
0.02001398666
5.94893458e-05
0.02001212819
5.263520387e-05
0.02001029068
4.652059684e-05
0.02000979411
3.557457511e-05
0.02000853947
3.085704163e-05
0.02000744886
2.668558097e-05
0.02000649956
2.299708864e-05
0.02000567244
1.973648674e-05
0.02000495165
1.685476669e-05
0.02000432297
1.430836297e-05
0.02000377417
1.205870829e-05
0.020003295
1.007112675e-05
0.02000287643
8.315633581e-06
0.02000251083
6.765208507e-06
0.02000219158
5.395997154e-06
0.02000191271
4.18727662e-06
0.02000166922
3.120067787e-06
0.02000145675
2.178155305e-06
0.02000127141
1.346945751e-06
0.02000110973
6.138648389e-07
0.02000096866
-3.286784472e-08
0.02000084589
-6.03060719e-07
0.02000073903
-1.105379498e-06
0.02000064603
-1.547488074e-06
0.02000056504
-1.936400281e-06
0.02000049468
-2.277999674e-06
0.02000043346
-2.577645023e-06
0.02000038024
-2.839950394e-06
0.02000033404
-3.068929185e-06
0.02000029359
-3.267992592e-06
0.02000025841
-3.440120721e-06
0.02000022747
-3.590042445e-06
0.02000019992
-3.707140867e-06
-3.865396257e-06
0.02215359047
-0.0004260276952
0.0221715068
-0.0001904035394
0.02215808953
2.988421916e-05
0.02212827843
0.0002121449093
0.02203708638
0.0004045006723
0.02190830134
0.0005822183838
0.0217518362
0.0007823623646
0.02159269909
0.0009169376613
0.02143066676
0.0009999191182
0.02126889828
0.001048338699
0.0211122614
0.001067634914
0.0209645491
0.00106217309
0.02082831001
0.001036641787
0.0207052286
0.0009969342435
0.02059593445
0.000947341757
0.02050038185
0.0008899865921
0.02041851293
0.0008274549529
0.02034777408
0.0007645632958
0.02028764181
0.0007009841577
0.02023699368
0.0006387822046
0.02019511126
0.0005786424965
0.02016755446
0.0005145951987
0.02017154877
0.0004330477817
0.02016057258
0.0004073771466
0.02017614137
0.0003332415667
0.02027083785
0.000188308635
0.02029847422
0.0002443768564
0.0202649891
0.000245169096
0.02016875239
0.0001754113049
0.02012229869
0.0001937073044
0.02009980749
0.0001819794283
0.02004774892
0.0001560035442
0.02003138088
0.0001429452536
0.02002623803
0.0001271763229
0.02001703914
0.0001122072229
0.02001370933
9.945841221e-05
0.02001160112
8.793612912e-05
0.02000955698
7.774167895e-05
0.02000806284
6.872392769e-05
0.02000680178
6.075041005e-05
0.02000573464
5.370233889e-05
0.02000589937
4.635586603e-05
0.0200050743
3.639964662e-05
0.02000436848
3.156286525e-05
0.02000376388
2.72901741e-05
0.02000324474
2.351623647e-05
0.02000279834
2.018287785e-05
0.02000241403
1.723908424e-05
0.02000208275
1.46396408e-05
0.02000179704
1.234441726e-05
0.02000155033
1.031783199e-05
0.02000133729
8.528676633e-06
0.02000115327
6.949218687e-06
0.02000099432
5.554947278e-06
0.02000085721
4.324388744e-06
0.02000073889
3.238383315e-06
0.02000063695
2.280097058e-06
0.02000054912
1.434777426e-06
0.02000047381
6.891805409e-07
0.02000040885
3.209639878e-08
0.02000035342
-5.476229864e-07
0.02000030593
-1.057890196e-06
0.02000026553
-1.507082601e-06
0.02000023127
-1.902130943e-06
0.02000020221
-2.248936873e-06
0.02000017772
-2.553159406e-06
0.02000015718
-2.819398999e-06
0.02000013989
-3.051640912e-06
0.02000012556
-3.25366182e-06
0.02000011363
-3.428189062e-06
0.02000010383
-3.580239813e-06
0.02000009561
-3.698921752e-06
-3.859329225e-06
0.02238135536
-0.0004924524219
0.02240097692
-0.0002100251027
0.02238336631
4.749483535e-05
0.02232970206
0.0002658091615
0.0222370115
0.0004971912374
0.02205554693
0.0007636829489
0.02186541846
0.0009724908402
0.02167469466
0.001107661474
0.02148123621
0.001193377563
0.02129098294
0.001238591975
0.02110994231
0.001248675556
0.02094224299
0.001229872415
0.02079062195
0.001188262824
0.02065711548
0.001130440721
0.02054033697
0.001064120264
0.02044188107
0.0009884424927
0.02036435634
0.0009049796911
0.02029515339
0.0008337662463
0.02023646878
0.0007596687622
0.02018843753
0.0006868134586
0.02015319219
0.000613887835
0.02015237371
0.0005154136692
0.02022952596
0.0003558955291
0.02024849774
0.0003884053688
0.02021313634
0.0003686029519
0.02010871145
0.0002927335274
0.02005936117
0.0002937271408
0.02004444047
0.0002600897899
0.02002993293
0.0001899188528
0.02002288479
0.0002007554403
0.02001827026
0.0001865939592
0.02000919972
0.0001650740806
0.02000615274
0.0001459922366
0.02000443098
0.0001288980801
0.02000283599
0.0001138022065
0.02000182117
0.0001004732367
0.02000104839
8.870890537e-05
0.02000046313
7.832694742e-05
0.02000002236
6.916469123e-05
0.01999969359
6.10791804e-05
0.01999945162
5.394431612e-05
0.02000041557
4.539190776e-05
0.02000023252
3.658269619e-05
0.02000009456
3.170082769e-05
0.01999999149
2.739324174e-05
0.01999991567
2.359206076e-05
0.01999986088
2.0237666e-05
0.01999982246
1.727750354e-05
0.01999979661
1.466549694e-05
0.01999978048
1.236054187e-05
0.01999977187
1.032643658e-05
0.01999976898
8.531561747e-06
0.01999977062
6.94758221e-06
0.01999977549
5.55007722e-06
0.01999978294
4.316937367e-06
0.0199997922
3.229119167e-06
0.01999980285
2.2694537e-06
0.01999981444
1.423183037e-06
0.01999982678
6.76842966e-07
0.01999983952
1.936972168e-08
0.01999985258
-5.606794436e-07
0.01999986573
-1.071040349e-06
0.01999987895
-1.520297852e-06
0.01999989194
-1.915117058e-06
0.01999990492
-2.261915989e-06
0.01999991773
-2.565969061e-06
0.01999993023
-2.831889693e-06
0.01999994266
-3.064073579e-06
0.01999995481
-3.265805637e-06
0.01999996664
-3.440019201e-06
0.01999997824
-3.591837815e-06
0.01999998949
-3.71016806e-06
-3.870431674e-06
0.02265780324
-0.0005722692826
0.02268659268
-0.0002388145416
0.02268031678
5.377072661e-05
0.02258169156
0.0003644343854
0.02242126533
0.0006576174647
0.02221393493
0.0009710133435
0.02199300451
0.001193421262
0.02176212936
0.001338536616
0.02152964011
0.001425866829
0.02130505903
0.001463173047
0.02109634803
0.001457386549
0.0209061966
0.001420023834
0.02073961923
0.001354840188
0.02060162582
0.001268434136
0.0204801745
0.001185571589
0.02038346421
0.00108515279
0.02031713823
0.0009713056806
0.02025492661
0.0008959778625
0.02019973149
0.0008148638827
0.02015539274
0.0007311521988
0.0201190777
0.0006502028738
0.02006381088
0.0005706804956
0.0199501625
0.000469543904
0.01990227324
0.0004362946239
0.01990792595
0.0003629502401
0.01986042762
0.0003402318622
0.01984699756
0.0003071572009
0.01987270274
0.0002343846073
0.01995297728
0.0001096443138
0.01998514418
0.0001685885422
0.01998899759
0.0001827405468
0.01998861094
0.0001654607247
0.01998864372
0.0001459594597
0.01998893372
0.0001286080764
0.01998939305
0.0001133428743
0.01998995597
9.991031897e-05
0.01999057636
8.808851459e-05
0.01999122112
7.768218748e-05
0.01999186632
6.851949719e-05
0.01999249581
6.044968386e-05
0.01999309919
5.334094208e-05
0.01999487249
4.361860241e-05
0.01999534482
3.611036805e-05
0.01999578471
3.126093808e-05
0.01999619144
2.698650514e-05
0.01999656506
2.321844637e-05
0.01999690668
1.989604338e-05
0.01999721774
1.696644696e-05
0.01999750018
1.438305175e-05
0.01999775618
1.210454592e-05
0.01999798759
1.009502609e-05
0.01999819645
8.322693029e-06
0.01999838459
6.759439402e-06
0.01999855417
5.380497587e-06
0.01999870666
4.164444433e-06
0.01999884402
3.091761085e-06
0.01999896766
2.145815771e-06
0.01999907904
1.311802374e-06
0.01999917926
5.766350745e-07
0.01999927003
-7.139916597e-08
0.01999935154
-6.421853908e-07
0.01999942536
-1.144856743e-06
0.01999949201
-1.586943965e-06
0.01999955263
-1.975740641e-06
0.01999960762
-2.316896843e-06
0.01999965767
-2.616019141e-06
0.01999970344
-2.877658611e-06
0.01999974533
-3.105956634e-06
0.01999978388
-3.304348306e-06
0.01999981949
-3.475631637e-06
0.01999985251
-3.624853102e-06
0.01999988343
-3.741093887e-06
-3.898614131e-06
0.02299407088
-0.0006690869176
0.02302828994
-0.0002730335997
0.02299760757
8.445310079e-05
0.02289713936
0.0004649025926
0.02266785448
0.0008869023408
0.0224092975
0.001229570316
0.02213616617
0.001466552591
0.02185252685
0.001622175932
0.02157296901
0.001705424667
0.02130931288
0.001726829165
0.02107537644
0.001691323
0.02086269961
0.001632700673
0.02068412676
0.001533413041
0.02054767483
0.001404886059
0.02042433948
0.001308906947
0.02031586839
0.001193623879
0.02022963296
0.001057541107
0.02016232364
0.0009632871786
0.02011108225
0.000866105274
0.02007721838
0.0007650160638
0.02006730907
0.0006601121933
0.02004228989
0.0005956996769
0.01999286373
0.0005189700539
0.02000446373
0.0004246946294
0.02008972458
0.000277689386
0.02011734454
0.000312611902
0.02011664683
0.0003078549125
0.02008676767
0.000264263767
0.02000110354
0.0001953084406
0.01996895406
0.0002007380183
0.01996651275
0.0001851818585
0.01996868674
0.0001632867348
0.01997112313
0.0001435230613
0.0199735224
0.0001262088056
0.01997583319
0.0001110320885
0.01997802244
9.772106774e-05
0.01998007155
8.603940504e-05
0.01998197157
7.578217478e-05
0.01998372025
6.677081566e-05
0.01998532015
5.884978343e-05
0.01998677695
5.188414192e-05
0.01998935809
4.103745857e-05
0.01999048845
3.498001129e-05
0.01999150733
3.024205192e-05
0.01999242369
2.60701516e-05
0.01999324617
2.239596448e-05
0.01999398295
1.915926153e-05
0.01999464215
1.630724462e-05
0.01999523125
1.379395263e-05
0.01999575718
1.157861544e-05
0.01999622641
9.625794534e-06
0.01999664476
7.90433499e-06
0.01999701757
6.386630859e-06
0.01999734978
5.048284891e-06
0.01999764589
3.868330813e-06
0.01999790976
2.827891472e-06
0.01999814503
1.910552454e-06
0.01999835474
1.102090845e-06
0.01999854186
3.895224763e-07
0.01999870901
-2.385417113e-07
0.01999885831
-7.914808607e-07
0.01999899176
-1.278310995e-06
0.01999911148
-1.706655099e-06
0.01999921865
-2.08291039e-06
0.01999931502
-2.413259171e-06
0.01999940185
-2.702852202e-06
0.0199994803
-2.956103562e-06
0.01999955128
-3.176937295e-06
0.01999961582
-3.368880582e-06
0.01999967474
-3.534554822e-06
0.01999972884
-3.678948282e-06
0.01999977903
-3.791288115e-06
-3.943602752e-06
0.0234160933
-0.0007967521046
0.02347867576
-0.0003356160776
0.02339938327
0.0001637455933
0.02321638133
0.0006479045215
0.02294720038
0.001156083286
0.02263543759
0.001541333102
0.02229507746
0.001806912716
0.02194612483
0.001971128555
0.02161633526
0.002035214239
0.02131152531
0.002031639112
0.02105367474
0.001949173574
0.02081748515
0.001868890258
0.02060935562
0.001741542575
0.02043936415
0.001574877517
0.02030559519
0.001442675902
0.0202117797
0.001287439366
0.02016486483
0.001104455979
0.02014011931
0.0009880326971
0.02010620861
0.0009000159694
0.02009677722
0.0007744474602
0.02013706791
0.0006198214966
0.02014518411
0.0005875834867
0.02013090464
0.0005332495201
0.02009809047
0.000457508798
0.02001481861
0.0003609612388
0.01998348266
0.000343947854
0.01998264606
0.000308691504
0.01997782194
0.0002690878925
0.01994316986
0.0002299605155
0.01993863197
0.0002052759055
0.01994348379
0.0001803300369
0.01994873275
0.0001580377773
0.01995364662
0.0001386091883
0.01995820256
0.0001216528616
0.01996239493
0.0001068397223
0.01996622839
9.388761364e-05
0.01996971524
8.255255102e-05
0.01997287331
7.262410168e-05
0.01997572386
6.392026698e-05
0.01997828926
5.628438667e-05
0.01998130243
4.887097108e-05
0.01998396766
3.837223042e-05
0.01998574733
3.32003377e-05
0.01998733632
2.865306407e-05
0.01998875339
2.465308373e-05
0.01999001568
2.113366615e-05
0.01999113932
1.803562677e-05
0.01999213853
1.530802911e-05
0.0199930267
1.290578489e-05
0.01999381578
1.078953269e-05
0.01999451648
8.925091759e-06
0.01999513881
7.281999523e-06
0.01999569148
5.833961098e-06
0.01999618196
4.557804795e-06
0.01999661759
3.432702116e-06
0.01999700436
2.44112522e-06
0.01999734787
1.567044147e-06
0.01999765322
7.967364497e-07
0.01999792453
1.182174711e-07
0.0199981659
-4.799090965e-07
0.01999838082
-1.006393726e-06
0.01999857228
-1.46977226e-06
0.01999874293
-1.877301964e-06
0.01999889551
-2.235477416e-06
0.01999903206
-2.549808951e-06
0.01999915442
-2.825210415e-06
0.01999926441
-3.066088276e-06
0.01999936356
-3.276086139e-06
0.01999945325
-3.458566837e-06
0.01999953483
-3.616134393e-06
0.01999960912
-3.753239585e-06
0.01999967795
-3.860122389e-06
-4.004844389e-06
0.02392801192
-0.0009519365734
0.02397664069
-0.0003842448585
0.02390619387
0.0002341924045
0.02364044675
0.0009136516402
0.02329849026
0.001498039783
0.02290317485
0.001936648492
0.02248132851
0.002228759067
0.02205423954
0.002398217527
0.02166310411
0.002426349669
0.0212915765
0.002403166714
0.0209635427
0.002277207371
0.02069116114
0.002141271805
0.02048202749
0.001950676223
0.02034364821
0.001713256809
0.02024576191
0.001540562207
0.0201430201
0.001390181172
0.02005977189
0.001187704192
0.02005942385
0.0009883807333
0.02004442153
0.000915018287
0.02000673862
0.0008121303753
0.01994203023
0.0006845298872
0.01991759391
0.0006120198072
0.0199156862
0.000535157224
0.01991116873
0.0004620262651
0.01987836504
0.0003937649311
0.01987788954
0.0003444233488
0.01988794678
0.0002986342574
0.01989802913
0.0002590055392
0.01990301215
0.0002249774987
0.01991199802
0.0001962900323
0.01992092453
0.0001714035298
0.01992908487
0.0001498774288
0.01993650652
0.0001311875393
0.01994323177
0.0001149276162
0.01994930596
0.0001007655325
0.01995477502
8.841855472e-05
0.01995968513
7.764243625e-05
0.01996408297
6.822626149e-05
0.0199680143
5.998893185e-05
0.01997152339
5.277529525e-05
0.01997608209
4.431227635e-05
0.01997879155
3.566276548e-05
0.01998120045
3.07914421e-05
0.01998334031
2.651320127e-05
0.01998524001
2.275338199e-05
0.01998692581
1.944787113e-05
0.01998842093
1.654050098e-05
0.01998974651
1.398245521e-05
0.01999092166
1.173063159e-05
0.01999196295
9.748241933e-06
0.01999288584
8.002200143e-06
0.01999370336
6.464476436e-06
0.01999442776
5.109562411e-06
0.01999506974
3.915820574e-06
0.01999563853
2.86390985e-06
0.0199961427
1.936955e-06
0.01999658969
1.120056596e-06
0.01999698582
4.006144042e-07
0.01999733767
-2.336335359e-07
0.01999764974
-7.919742184e-07
0.01999792705
-1.283698613e-06
0.01999817356
-1.716276445e-06
0.01999839299
-2.096730352e-06
0.01999858857
-2.431053982e-06
0.01999876306
-2.72429614e-06
0.01999891921
-2.981354321e-06
0.01999905918
-3.206058684e-06
0.01999918501
-3.401910876e-06
0.0199992987
-3.572255845e-06
0.01999940161
-3.719041405e-06
0.01999949537
-3.847004866e-06
0.01999958181
-3.946557427e-06
-4.081513649e-06
0.02461088757
-0.001166298329
0.02461752393
-0.0003908812311
0.02446065645
0.0003910598781
0.02415099596
0.001223312115
0.02373815695
0.00191087879
0.02323451319
0.002440292278
0.02270360957
0.002759662672
0.02215395506
0.002947872046
0.02164155961
0.002938745104
0.02120750522
0.002837221106
0.02087408542
0.002610627175
0.0206128816
0.002402475631
0.02037449232
0.002189065496
0.02018504455
0.001902704572
0.02011079123
0.001614815528
0.02003610851
0.001464863894
0.01994032285
0.001283489852
0.01984175258
0.001086951002
0.01980104516
0.0009557257029
0.01978623866
0.0008269368743
0.01976356121
0.0007072073332
0.01976632219
0.0006092588235
0.01977925732
0.0005222220969
0.01979455704
0.0004467265307
0.01980653153
0.0003817904451
0.01982379269
0.0003271621863
0.01984138571
0.0002810412264
0.01985797036
0.0002424208975
0.01987296312
0.0002099847358
0.01988673063
0.0001825225186
0.01989908842
0.000159045738
0.01991015453
0.0001388113204
0.01992005807
0.0001212839954
0.01992891674
0.0001060689526
0.01993683149
9.285077751e-05
0.01994389122
8.135882054e-05
0.01995017794
7.135571332e-05
0.01995576854
6.263566356e-05
0.01996073508
5.502239423e-05
0.01996514375
4.836662782e-05
0.0199705261
3.892991915e-05
0.01997391876
3.227011088e-05
0.01997692392
2.778627617e-05
0.01997958544
2.385167989e-05
0.01998194162
2.039720926e-05
0.01998402724
1.736224787e-05
0.01998587303
1.469470886e-05
0.0199875065
1.234898623e-05
0.0199889517
1.028542209e-05
0.01999023031
8.469636329e-06
0.01999136146
6.871049678e-06
0.01999236234
5.463591993e-06
0.01999324792
4.2239844e-06
0.01999403152
3.132217506e-06
0.01999472496
2.170475551e-06
0.01999533887
1.32304345e-06
0.01999588229
5.76641418e-07
0.01999636379
-8.088235306e-08
0.01999679036
-6.602044491e-07
0.01999716857
-1.170185057e-06
0.01999750404
-1.619164021e-06
0.01999780201
-2.014245242e-06
0.01999806687
-2.361577785e-06
0.01999830246
-2.666642643e-06
0.01999851261
-2.934443208e-06
0.01999870025
-3.168987867e-06
0.01999886816
-3.373965141e-06
0.01999901893
-3.552677845e-06
0.01999915477
-3.708101468e-06
0.01999927762
-3.841891261e-06
0.01999938932
-3.958700667e-06
0.01999949212
-4.049359924e-06
-4.172526669e-06
0.02537184081
-0.001426853163
0.0254360877
-0.0004551281264
0.02521012533
0.0006170222614
0.02483719346
0.001596243991
0.02430944253
0.002438629723
0.02362312009
0.003126614722
0.02288710675
0.003495675996
0.0221965041
0.003638474709
0.02161108763
0.003524161577
0.02111710109
0.003331207642
0.02068918149
0.003038546774
0.02042601469
0.002665642429
0.02020169401
0.002413386179
0.01999028304
0.00211411554
0.01980673656
0.001798362002
0.01971161466
0.001559985784
0.01966160628
0.001333498227
0.01961962742
0.001128929854
0.01961515238
0.0009602007457
0.01962738193
0.0008147073179
0.01964387434
0.0006907149215
0.01966773752
0.0005853956399
0.0196946206
0.0004953390109
0.0197226716
0.0004186755286
0.01975041747
0.0003540445762
0.01977729456
0.0003002850945
0.01980227074
0.0002560650454
0.01982489118
0.000219800456
0.01984503297
0.00018984294
0.01986282273
0.0001647327674
0.01987851479
0.000143353673
0.01989238416
0.0001249419432
0.01990467094
0.000108997215
0.01991556836
9.517153465e-05
0.01992523241
8.318672046e-05
0.01993379564
7.279558783e-05
0.01994137642
6.377493988e-05
0.0199480835
5.592857784e-05
0.0199540159
4.908999114e-05
0.01995930486
4.307766737e-05
0.01996540734
3.282744411e-05
0.01996943441
2.824303689e-05
0.01997299306
2.422763314e-05
0.01997613754
2.070718965e-05
0.01997891608
1.761867312e-05
0.01998137105
1.490727539e-05
0.01998354018
1.252558157e-05
0.01998545684
1.043232476e-05
0.01998715025
8.592005004e-06
0.01998864673
6.973153375e-06
0.01998996917
5.548609464e-06
0.019991138
4.294771403e-06
0.01999217105
3.190925855e-06
0.01999308431
2.218966267e-06
0.01999389188
1.362901573e-06
0.01999460595
6.089772222e-07
0.01999523781
-5.522510777e-08
0.01999579695
-6.400138812e-07
0.01999629194
-1.155199096e-06
0.01999673052
-1.608754842e-06
0.01999711916
-2.007798027e-06
0.01999746398
-2.359069193e-06
0.01999777015
-2.667736555e-06
0.01999804239
-2.938881387e-06
0.01999828473
-3.176783166e-06
0.01999850094
-3.385192309e-06
0.01999869427
-3.567293265e-06
0.01999886773
-3.726137967e-06
0.01999902362
-3.863985605e-06
0.01999916479
-3.983065531e-06
0.01999929258
-4.086481902e-06
0.01999941044
-4.167219558e-06
-4.276457313e-06
0.02631692531
-0.0003173670873
-0.0003174644608
0.02633597691
-0.000199048466
-3.835222043e-05
-0.0001983378279
-3.844123264e-05
0.02608230734
0.0008706918535
0.02562312367
0.002055427652
0.02487622958
0.003185523822
0.02398080085
0.00402204344
0.02307815016
0.004398326695
0.02222478044
0.004491844425
0.02145300063
0.004295941396
0.02089880564
0.00388540263
0.02041227045
0.003525081958
0.02000341383
0.003074499049
0.01974863657
0.002668163436
0.01958953683
0.002273215279
0.01947446658
0.001913432243
0.01942669046
0.001607761899
0.01941599921
0.001344189481
0.0194236527
0.001121276354
0.01944874461
0.0009351088367
0.01948367871
0.0007797732105
0.01952429824
0.000650095391
0.01956815703
0.0005415368555
0.01961277809
0.0004507179421
0.01965617579
0.0003752778249
0.0196967947
0.0003134256677
0.01973363127
0.0002634485247
0.01976626275
0.0002234335692
0.01979475249
0.0001913107067
0.0198194823
0.0001651131298
0.01984097121
0.000143243861
0.01985973205
0.0001245928222
0.01987619497
0.0001084790259
0.01989069162
9.450056243e-05
0.01990347541
8.238774213e-05
0.01991474996
7.191216016e-05
0.01992468993
6.285561705e-05
0.01993345127
5.501360872e-05
0.01994117438
4.820545828e-05
0.01994798416
4.228022001e-05
0.01995560624
3.54555841e-05
0.01996082277
2.761091561e-05
0.01996542313
2.364267738e-05
0.01996948085
2.016990209e-05
0.01997306016
1.71278809e-05
0.01997621798
1.446084943e-05
0.0199790042
1.212105383e-05
0.01998146294
1.006684611e-05
0.01998363285
8.262415941e-06
0.01998554826
6.676589482e-06
0.01998723936
5.282059821e-06
0.01998873242
4.055548261e-06
0.01999005089
2.976296274e-06
0.01999121537
2.026446617e-06
0.01999224417
1.190165144e-06
0.01999315313
4.5394935e-07
0.01999395654
-1.944322773e-07
0.01999466671
-7.653949167e-07
0.01999529501
-1.268320271e-06
0.01999585071
-1.710888977e-06
0.01999634266
-2.100708991e-06
0.01999677848
-2.44360573e-06
0.01999716475
-2.745340284e-06
0.01999750762
-3.010604464e-06
0.01999781225
-3.243500262e-06
0.01999808318
-3.447713575e-06
0.01999832477
-3.626772829e-06
0.01999854058
-3.783105328e-06
0.01999873391
-3.919464772e-06
0.01999890778
-4.037852313e-06
0.01999906465
-4.139941134e-06
0.0199992071
-4.228928749e-06
0.01999933785
-4.297974488e-06
-4.391858347e-06
-0.006763233797
0.006768882812
-0.0002047173861
1.991210922e-08
0.02654795267
0.0001790776707
-0.006750429694
-0.006605464841
-0.006750780945
-0.006605703038
0.0003381577516
0.0001795286055
0.0003383536647
0.0259849725
0.002618407818
0.02513705082
0.004033445508
0.02409344569
0.00506564856
0.0229610545
0.005530717887
0.02199263787
0.005460261054
0.02110659125
0.005181988012
0.02036127866
0.004630715224
0.01984832508
0.004038035533
0.01949648372
0.003426340407
0.01929567009
0.00286897706
0.01918969422
0.002379191144
0.0191414068
0.001961719653
0.01913734387
0.001611824825
0.01916090684
0.00132062651
0.01920276625
0.001079416941
0.01925782562
0.0008800494649
0.01932194348
0.0007156553501
0.01939132276
0.0005807161113
0.01946197436
0.0004708852591
0.01953007108
0.0003826212164
0.01959257266
0.0003127762491
0.01964768892
0.0002583094102
0.01969494457
0.0002161928712
0.01973487626
0.0001835018759
0.01976856321
0.0001576237549
0.01979720064
0.0001364756956
0.01982183046
0.0001186140375
0.0198432412
0.0001031820794
0.01986198452
8.973569247e-05
0.01987844418
7.804090259e-05
0.01989290709
6.792483671e-05
0.01990561128
5.920796925e-05
0.01991676825
5.169864693e-05
0.01992656918
4.521267612e-05
0.01993518417
3.959046648e-05
0.01994276229
3.470209874e-05
0.01995106939
2.714847799e-05
0.01995686184
2.181846426e-05
0.01996196158
1.854294113e-05
0.01996645289
1.56785868e-05
0.01997040947
1.317129951e-05
0.0199738958
1.097451427e-05
0.01997696868
9.048180773e-06
0.01997967771
7.357809566e-06
0.01998206655
5.873576001e-06
0.01998417354
4.569600709e-06
0.01998603217
3.423438382e-06
0.01998767216
2.415557048e-06
0.01998911951
1.528945269e-06
0.01999039717
7.487886059e-07
0.01999152493
6.240523413e-08
0.01999252116
-5.422887278e-07
0.01999340118
-1.074442948e-06
0.01999417878
-1.542998916e-06
0.019994866
-1.955533153e-06
0.01999547385
-2.318738663e-06
0.01999601159
-2.638453347e-06
0.01999648777
-2.919772481e-06
0.01999690963
-3.167203803e-06
0.01999728372
-3.384683904e-06
0.01999761589
-3.575666302e-06
0.01999791135
-3.743170046e-06
0.01999817444
-3.889858472e-06
0.0199984094
-4.01806461e-06
0.01999861972
-4.129783633e-06
0.01999880871
-4.22684264e-06
0.01999897928
-4.31051299e-06
0.0199991337
-4.383345762e-06
0.01999927571
-4.439987899e-06
-4.516915699e-06
-0.001535670748
3.529645299e-05
0.001521678386
-2.059079054e-05
-7.133146689e-07
-0.005833601371
0.00583307069
0.0001795736483
3.471291691e-08
0.02153881021
0.002152084038
-0.005767268134
-0.004768992181
-0.005767832931
-0.004768393191
0.02150165109
0.004070604644
0.02121509318
0.005352206465
0.02067178153
0.006074029526
0.02003666294
0.006095379646
0.01952584213
0.005692808822
0.01913386615
0.005022691201
0.0188913712
0.004280530481
0.01875442415
0.003563287458
0.01869902905
0.002924372155
0.01869843689
0.002379783301
0.01873352838
0.001926628154
0.01879216275
0.001553190454
0.01886709236
0.001245696901
0.01895473081
0.0009917784848
0.01905254567
0.0007822346058
0.0191571127
0.0006110883258
0.01926346535
0.0004743634647
0.0193658504
0.0003685002123
0.01945918238
0.000289289229
0.01954025775
0.0002317008801
0.01960816305
0.0001904041059
0.0196638731
0.0001604828164
0.0197094181
0.0001379568744
0.01974706043
0.000119981425
0.01977875391
0.000104782213
0.01980593585
9.143208346e-05
0.01982955831
7.955962216e-05
0.01985022679
6.906720301e-05
0.01986834632
5.992137216e-05
0.01988422576
5.204539702e-05
0.01989813233
4.530140053e-05
0.01991030997
3.952100583e-05
0.01992098023
3.454241854e-05
0.01993033914
3.02315528e-05
0.01993871532
2.632591733e-05
0.01994742751
1.843628671e-05
0.019953695
1.555097196e-05
0.01995920556
1.303237511e-05
0.01996405275
1.083139547e-05
0.0199683181
8.905944557e-06
0.01997207281
7.219805557e-06
0.01997537912
5.741875732e-06
0.01997829146
4.445471116e-06
0.01998085749
3.307541466e-06
0.01998311896
2.308132725e-06
0.01998511253
1.429873471e-06
0.01998687023
6.578581674e-07
0.0199884203
-2.113014603e-08
0.01998978761
-6.185201744e-07
0.01999099413
-1.144117822e-06
0.01999205869
-1.606845627e-06
0.01999299835
-2.014106912e-06
0.01999382799
-2.37263679e-06
0.01999456073
-2.688266983e-06
0.01999520812
-2.966124259e-06
0.01999578034
-3.210675301e-06
0.01999628643
-3.425852547e-06
0.0199967343
-3.615074542e-06
0.019997131
-3.781376866e-06
0.01999748273
-3.927395582e-06
0.01999779502
-4.055452118e-06
0.01999807276
-4.167599768e-06
0.01999832029
-4.265588018e-06
0.01999854149
-4.350980095e-06
0.0199987398
-4.425149213e-06
0.01999891839
-4.48910391e-06
0.0199990798
-4.544757979e-06
0.01999922784
-4.588030733e-06
-4.646816012e-06
-0.0006103791014
4.281446273e-05
-6.170464703e-05
-1.986322614e-07
0.0006294679177
-0.0007070931008
8.509938669e-05
0.002857694264
-3.034027813e-08
-0.0005959006809
-0.0007037257354
-0.0005944550469
-9.827136183e-05
-9.634298256e-05
-7.241386455e-05
-7.456055851e-05
0.01193401238
5.168920101e-05
-0.003072484478
-0.002152704175
-0.003072606478
-0.002152776012
0.0002823257702
5.156012769e-05
0.0002830677098
0.01301658459
0.002988032431
0.01387806763
0.004490723413
0.01464397111
0.005308126046
0.01530530657
0.005434044182
0.01590288126
0.005095234124
0.01642154176
0.0045040307
0.01687276972
0.003829302525
0.01726102831
0.003175028882
0.01759362704
0.002591773426
0.01787848476
0.002094925578
0.01812446655
0.00168064636
0.01834085506
0.001336801945
0.0185363452
0.00105020676
0.01871748273
0.0008106409455
0.018887445
0.0006122723424
0.01904592654
0.0004526067843
0.01919028777
0.0003300022452
0.01931742902
0.0002413589656
0.01942548369
0.0001812345599
0.01951462983
0.0001425547382
0.01958689674
0.0001181371847
0.01964534747
0.0001020320809
0.0196931725
9.01318355e-05
0.01973306972
8.008419419e-05
0.01976701346
7.083847293e-05
0.01979631544
6.213009612e-05
0.0198218156
5.405946108e-05
0.01984407569
4.680711051e-05
0.01986351631
4.048075837e-05
0.0198804906
3.507110156e-05
0.01989531315
3.047885781e-05
0.01990826609
2.656806673e-05
0.0199195981
2.321040513e-05
0.01992952437
2.030527917e-05
0.01993994224
1.59080384e-05
0.01994741653
1.096199606e-05
0.01995396718
9.000315288e-06
0.0199597108
7.288750744e-06
0.01996474821
5.793984739e-06
0.01996916717
4.486983306e-06
0.01997304409
3.342883719e-06
0.01997644556
2.340409939e-06
0.01997942973
1.46129856e-06
0.01998204739
6.898920335e-07
0.01998434284
1.268154414e-08
0.01998635529
-5.825739373e-07
0.01998811873
-1.105581772e-06
0.0199896631
-1.565497402e-06
0.01999101461
-1.970038805e-06
0.01999219642
-2.325923799e-06
0.01999322872
-2.639146944e-06
0.01999412944
-2.914828932e-06
0.0199949143
-3.157496654e-06
0.01999559714
-3.371101477e-06
0.01999619014
-3.55912055e-06
0.01999670406
-3.724590052e-06
0.01999714836
-3.870157438e-06
0.01999753147
-3.998171033e-06
0.01999786074
-4.110644028e-06
0.01999814276
-4.20941078e-06
0.01999838332
-4.296005508e-06
0.01999858755
-4.371827049e-06
0.01999876004
-4.438081357e-06
0.01999890488
-4.495813866e-06
0.01999902569
-4.545961108e-06
0.01999912577
-4.589182517e-06
0.01999920782
-4.626813148e-06
0.01999927771
-4.657920204e-06
-4.693949859e-06
-5.72931052e-05
0.0002010812936
-1.591815811e-08
-0.0002385533473
9.478107799e-05
-0.0001879942293
0.0001811076202
0.0002055465503
-0.0001975017282
-1.158213888e-06
-0.0006743144362
0.0007742917268
-4.827050326e-05
-1.759170919e-08
0.002335871204
0.001757688119
-0.0007124434836
0.0001598746633
-0.0007128354346
0.0001598773555
0.004173166002
0.002653428616
0.006321335995
0.003159956036
0.008487788395
0.003267591764
0.01048406289
0.003098959604
0.0122265972
0.002761496383
0.01369470276
0.00236119697
0.01490299924
0.001966732399
0.01588417374
0.001610598931
0.01667627303
0.001302826292
0.01731527099
0.001041648406
0.01783160256
0.0008204703772
0.0182491991
0.0006326102189
0.018586037
0.0004738030518
0.01885566322
0.0003426461285
0.01906901818
0.000239251831
0.01923586792
0.0001631525126
0.01936545791
0.0001117689867
0.01946642894
8.026353645e-05
0.01954634656
6.263711847e-05
0.01961125834
5.322541e-05
0.01966553569
4.775472192e-05
0.01971203591
4.363160506e-05
0.01975246996
3.965013516e-05
0.01978782267
3.548574552e-05
0.01981870794
3.124482389e-05
0.01984560249
2.716490638e-05
0.01986895726
2.34523464e-05
0.01988922116
2.021686703e-05
0.01990682243
1.74698402e-05
0.01992214445
1.515684084e-05
0.01993551352
1.319899578e-05
0.01994720084
1.152308918e-05
0.01995743192
1.007418544e-05
0.01996742148
5.918475702e-06
0.01997432585
4.057616542e-06
0.01998026371
3.06244693e-06
0.01998535802
2.194440367e-06
0.01998971528
1.436722643e-06
0.01999342779
7.744699278e-07
0.01999657578
1.948938937e-07
0.01999922895
-3.127642527e-07
0.02000144813
-7.578769802e-07
0.02000328641
-1.148383894e-06
0.0200047903
-1.491200461e-06
0.0200060001
-1.792376529e-06
0.02000695152
-2.056994945e-06
0.02000767567
-2.289651641e-06
0.02000819989
-2.49426217e-06
0.02000854821
-2.674244619e-06
0.02000874169
-2.832625086e-06
0.02000879887
-2.972009715e-06
0.02000873605
-3.094677837e-06
0.02000856761
-3.202659837e-06
0.02000830619
-3.297692536e-06
0.02000796293
-3.381329832e-06
0.02000754768
-3.454903376e-06
0.02000706909
-3.51957971e-06
0.02000653487
-3.576413061e-06
0.02000595176
-3.626293134e-06
0.02000532579
-3.670028736e-06
0.02000466229
-3.70832922e-06
0.020003966
-3.741785808e-06
0.02000324113
-3.770947551e-06
0.02000249144
-3.79626813e-06
0.02000172035
-3.818096165e-06
0.0200009318
-3.838265684e-06
0.02000014
-3.866117349e-06
-3.856550703e-06
0.0001098087232
0.0002493833875
1.07991574e-08
-0.000212627433
-0.0001465754774
0.0002636596316
0.0001926522404
-0.0001554966829
-1.057390205e-06
-0.0002997578012
0.0003925397947
0.0001286561645
-0.00185462246
-3.956356451e-05
-2.162130372e-10
0.0004651139401
0.0004151334388
0.000492742909
-0.006479556138
0.001867692961
0.002250970046
0.001867750017
0.002250961917
-0.003825654238
-0.0006650299773
0.002603263882
0.005702848151
0.008464813638
0.010826308
0.01279318752
0.01440382643
0.01570663215
0.01674823089
0.01756864974
0.01820121934
0.01867499602
0.0190176268
0.0192568696
0.01942001536
0.01953177726
0.01961203284
0.01967466171
0.01972787914
0.0197756261
0.01981924994
0.01985889212
0.01989436951
0.01992560557
0.01995276139
0.01997620445
0.01999641195
0.02001387246
0.0200290202
0.02004221051
0.02005372572
0.02006379277
0.02006970458
0.02007375627
0.02007681327
0.02007900269
0.02008043474
0.02008120484
0.02008139563
0.02008107901
0.02008031749
0.02007916567
0.02007767122
0.02007587577
0.02007381585
0.02007152342
0.0200690265
0.02006634971
0.02006351464
0.02006054029
0.02005744337
0.02005423856
0.02005093882
0.02004755553
0.02004409876
0.02004057738
0.02003699922
0.02003337123
0.02002969955
0.02002598961
0.02002224625
0.02001847376
0.020014676
0.02001085644
0.02000701675
0.02000314924
0.0001834200927
-8.136243916e-08
-2.240449211e-05
-0.0002182273452
-0.0002323939445
-8.04212005e-05
1.187236446e-07
0.0002430703182
6.962610404e-05
0.0001833168038
5.727922738e-05
-5.172807947e-08
-2.23923249e-05
-0.0002181519779
-0.0002323799004
-8.045304526e-05
1.199533333e-07
0.0002430654054
6.964758738e-05
2.813617419e-08
7.929473973e-05
-0.000201908097
-0.0001399074035
-5.209699123e-08
7.947035743e-05
6.043490377e-05
-0.0001098163522
1.684689433e-08
7.927407401e-05
-0.0002018544681
-0.0001399155504
-4.766195026e-08
7.946003679e-05
6.044491913e-05
3.049469634e-05
-0.0005860273285
-5.474568566e-05
-1.007869221e-07
0.0001293431581
-8.555048416e-08
-7.85900864e-05
0.0001327525612
3.038095809e-05
0.0006103807493
-7.988032785e-08
-0.0005859695703
-5.471226376e-05
0.0001292061822
-6.06673645e-08
-7.857288901e-05
0.0001327441681
-4.095173157e-07
-0.0001324169206
4.362870503e-09
-2.97858651e-05
-0.0001328783843
-2.956616304e-05
-4.417496014e-07
8.77776074e-05
-8.65229845e-05
8.721038897e-05
-8.769961666e-05
1.479803538e-09
0.0002165792025
0.0002254695105
-0.0001778940051
-4.950748288e-07
-1.055743753e-07
8.276742455e-05
-0.0002226336359
-0.0004412600904
6.630482082e-05
0.0003756515477
-7.777432458e-07
0.0002494156653
-1.005513926e-08
-0.0002126048665
-0.0001466170925
0.0002165123202
-0.000263622393
-4.678649929e-07
0.000225466866
-0.0001778889293
-1.035219944e-07
8.275242875e-05
-0.0002226375747
-0.000441245822
-7.715925877e-07
6.625493457e-05
0.0003756715783
-0.0001460867996
8.099919537e-08
7.472061596e-09
-4.042880727e-05
4.138026304e-07
0.0001457586963
-5.638141637e-05
4.057321902e-09
-5.675529481e-05
-4.008779514e-05
-3.892830173e-07
-0.0001324318424
-2.980176936e-05
-0.0001329213321
-2.962122917e-05
-0.0001461045387
9.391976184e-08
-4.044117983e-05
4.095893947e-07
0.0001458055991
-8.781115089e-05
-5.639052169e-05
-8.721772438e-05
-5.676197799e-05
-4.011823837e-05
0.0001874386572
-7.582402645e-05
-3.600666676e-07
-0.0001129935771
1.723367655e-09
1.73728962e-06
7.977747382e-05
-0.0002016988094
1.793005426e-09
-0.0001100195144
0.0002319671931
-1.661909361e-07
-0.0001870601507
0.0001799981025
8.651742245e-08
7.534730781e-05
-0.0001508144988
-0.0001265274215
3.119854444e-09
0.0001793472112
-0.0001505041575
7.96723013e-10
-0.0001269329596
-0.0001134639561
1.391033644e-06
-6.341196027e-05
-5.442308723e-05
7.426557579e-08
8.041011346e-10
4.766397772e-06
7.926833119e-05
6.091734322e-05
3.35108016e-10
-0.0001402927047
-7.64464364e-08
6.311502847e-05
-0.0001343827214
-8.416039813e-08
5.45862651e-05
5.899764265e-06
8.25210299e-10
-0.0001347250626
2.814286467e-10
6.376833531e-06
4.311608247e-06
-4.45033058e-07
-8.655322458e-05
-8.770726528e-05
0.0001874499759
-7.582741537e-05
-3.599048075e-07
-0.0001129983182
1.737379938e-06
7.977680113e-05
-0.0002017016509
0.0002319691003
-0.000110025616
-1.665977139e-07
-0.0001870840467
0.0001799714967
9.262794196e-08
7.536059977e-05
-0.0001508017004
-0.0001265059929
0.0001793560394
-0.0001505081402
-0.0001269275029
-0.0001134752843
1.391915337e-06
-6.341245637e-05
-5.44253469e-05
7.383447672e-08
4.766456819e-06
7.926777755e-05
6.09178057e-05
-0.0001402890689
-7.132483292e-08
6.312148774e-05
-0.0001343918228
-8.250916726e-08
5.459246731e-05
5.900642964e-06
-0.0001347233101
6.376806976e-06
4.312506868e-06
6.016235296e-05
-0.00155120845
-4.433016472e-05
-2.944960186e-07
0.0008752765433
-0.0008659884283
-2.168087871e-08
2.122826882e-05
0.001535551559
6.042139172e-05
-3.263867355e-07
-0.00155135907
-4.42875107e-05
0.0008764612411
-6.449681075e-08
-0.0008661351232
2.011934473e-05
1.503366567e-08
-1.768512427e-05
-0.001395796409
-0.001507599063
-0.001505051787
-0.001396498181
-1.825619755e-05
1.216543339e-05
1.470722917e-05
-1.960231363e-05
-1.205463754e-07
2.677063698e-05
0.00089144091
-3.430680362e-05
0.0009798745774
-1.389440823e-05
-0.0009317757116
1.023383226e-07
3.524486354e-05
-7.139030226e-07
0.00152159532
-2.057472058e-05
-1.740789145e-05
0.005833270781
-0.001395661185
-0.00150755274
-0.001505052583
-0.001396210906
-1.83581561e-05
1.212124268e-05
1.468459147e-05
-1.981813629e-05
-4.159811683e-05
-6.156524271e-08
2.404651954e-05
0.0008940743952
-3.431708799e-05
0.0009798685878
9.797696947e-08
-1.373498371e-05
-0.0009319144985
-2.758051129e-08
0.0005697278485
2.254893084e-05
0.0005696169369
6.806069891e-09
2.269383042e-05
-0.0006876469881
-5.259384089e-05
-1.15909379e-06
-1.735253006e-07
0.0001519344695
0.0001786635108
-0.000198183154
0.0003021259714
0.0001559829835
-0.0002597165456
-2.09256616e-07
-1.413462317e-07
-6.158744095e-05
0.0006305114234
0.0007072929081
-1.190303313e-06
-0.0006877379334
-5.268176376e-05
-0.0002011689698
-1.272136326e-07
0.0001518678863
0.0001786344831
-0.0001981502883
0.000302204984
-2.313966372e-07
0.0001559705979
-0.0002597938979
-0.0001602341673
-0.0002254520365
-4.911850243e-07
4.930610098e-08
0.0002648295577
-9.591667221e-05
-0.0001542043569
0.0001349129148
-1.443382054e-07
0.0002360149826
-4.010145218e-08
-0.0002385956847
9.474604468e-05
0.0001879533691
-4.638965051e-07
-0.0001602024028
-0.0002254373614
4.501065477e-08
0.0002648066682
-9.588906085e-05
-0.0001542196352
-1.788057051e-07
0.0001349279667
0.000235982794
-6.423176752e-09
0.0004387128299
-0.0001153818436
-0.0002051305821
-0.0002017547353
-0.0001180875214
-0.0001332316271
-0.0001034362976
-0.0001009788039
-0.0001350194298
-4.060779628e-07
0.0002097312755
-0.0001708773154
-0.0001041827586
-0.0001614115016
8.652053351e-05
0.0001797159048
-6.421801271e-07
0.0001810631271
-1.137665517e-06
0.0002055680835
-0.0001975401764
0.0004389318947
0.0006739197491
-0.0001153705332
-0.0002051679455
-0.0002017123869
-0.0001180666895
-0.0001332276646
-0.000103303181
-0.0001009939418
-0.0001350157344
-0.0001925478298
-4.393204026e-07
0.0002097042045
-0.0001709366901
-0.0001042056352
-0.0001613510981
-6.255559646e-07
8.6468656e-05
0.0001797136316
-0.0002122539029
-0.0001469798513
1.883133579e-09
0.0002492231466
-1.32046682e-08
-0.0001823330575
-0.0001568085928
-0.0001826877536
-0.0001565130211
7.079205077e-10
0.0002076353702
1.12541192e-07
-0.0002390498937
-0.0001513874404
1.671079795e-09
-9.534370446e-08
-0.0002078469022
-0.0001860244616
0.0002473912314
-0.0001866167099
1.394803735e-09
0.0002471754923
-0.0002384984421
-0.0001515689686
0.0003572445911
-6.624242729e-05
-2.645126382e-06
5.613884367e-05
-1.747596032e-06
-0.0004957301629
-0.0005799792517
1.893689318e-05
0.00056401934
-3.036272087e-06
-1.025689409e-06
-0.0001554772892
-0.0002996672459
-0.0003926048292
-2.661694258e-06
0.0003572779748
-6.621708762e-05
-1.741049834e-06
5.612047719e-05
-0.0004957088783
-0.0005799069834
-3.033897942e-06
1.886738616e-05
0.0005640142146
0.0001809428418
-1.532927802e-05
-1.060938318e-07
-0.0001952988578
5.520623949e-09
-2.256437947e-05
-0.0002181120193
1.484432235e-10
0.0001835200331
5.707484701e-05
-1.31764553e-08
-0.0001809731308
0.0001483753106
2.288466732e-08
1.517793915e-05
-0.0002389485153
5.520338218e-06
5.290312624e-09
0.0001480909956
-0.00023879439
3.748726321e-09
5.372225015e-06
-0.0001954674642
-4.275462415e-05
-0.0001929265057
-5.068155092e-08
4.143886919e-09
0.0002429451287
6.993997171e-05
2.150479135e-09
-8.080133646e-05
-4.705931684e-08
4.276100871e-05
-3.859215108e-05
3.978588522e-07
0.0001928449278
1.963552845e-09
-3.865290787e-05
3.252892123e-09
0.0001809460599
-1.533901315e-05
-9.800765824e-08
-0.0001953052877
-2.251236742e-05
-0.000218097335
0.0001834531858
5.710491686e-05
-1.290562333e-08
-0.0001809616561
0.0001482433628
8.736014328e-09
1.519221398e-05
-0.0002388863506
5.533414608e-06
0.0001481184525
-0.000238805349
5.38146568e-06
-0.0001954887005
-4.276855317e-05
-0.0001929292236
-4.453232608e-08
0.0002429425441
6.994682686e-05
-8.079816616e-05
-3.877714179e-08
4.2807983e-05
-3.859015681e-05
3.850751847e-07
0.0001928434876
-3.866817513e-05
3.797509376e-05
0.0003512266453
1.465912601e-08
-6.968324749e-05
2.419725186e-09
-3.423611137e-08
-3.798186973e-05
2.171664524e-05
-1.569073264e-08
-0.0003510856284
-8.729215417e-05
0.0003836477921
-0.0005858090675
-5.49455446e-05
-5.260498479e-09
0.000610352512
3.030658532e-05
3.136468325e-09
2.174557778e-05
-8.72048515e-05
-1.176035161e-10
0.0003834703821
-6.953223781e-05
-7.852701884e-05
0.000132725923
-8.647097287e-10
0.0001292364479
9.479946443e-08
0.0001070248409
0.0001070427947
5.906573895e-09
0.0001802557254
-2.060345454e-11
2.766916389e-09
-2.413104666e-08
-0.0001803269886
0.000225811537
2.84022783e-09
0.0002257498245
-5.764647313e-08
0.000569719403
2.26641484e-05
0.0005696421116
2.274473038e-05
3.798702945e-05
0.0003512093566
2.164286301e-08
-6.967626716e-05
-0.0005857712858
-5.489636907e-05
3.033149829e-05
0.0006102510125
-5.217602157e-08
-3.801529928e-05
2.181731041e-05
-2.117709938e-08
-0.0003510444796
-8.726508563e-05
0.0003836184844
2.18088133e-05
-8.720239883e-05
0.0003834940685
-6.951159922e-05
-7.852961681e-05
0.0001327704336
0.0001291508526
3.796271917e-08
0.000107022284
0.0001070480942
0.0001802544257
1.678142074e-08
-5.036518887e-08
-0.0001803339395
0.0002258633835
0.0002257749459
0.0001952973738
-0.0002936737765
2.551176129e-07
-0.0001409307
2.09354613e-09
-2.302515498e-07
-0.0001954806267
0.0002351559242
-5.05248331e-07
0.0002926968475
-0.0001266215316
-0.0003434640736
0.0002264591476
-0.0001779272625
-3.649000913e-10
-0.0002654271408
0.0002164005437
9.364627242e-10
0.0002349086246
-0.0001265025349
2.078956652e-09
-0.0003456058292
-0.0001410271024
8.262447761e-05
-0.0002230886389
7.010139391e-10
-1.022305816e-07
-0.000208321662
-0.0002087166404
8.045742555e-10
-7.955309371e-05
1.974463121e-07
-0.0002807489627
5.349776669e-10
-2.144163777e-07
7.965939752e-05
-0.0003021523639
-0.0003029319341
1.084150293e-09
-0.0002800337885
-0.0003482798693
-7.375205594e-05
3.515690397e-07
6.959087431e-10
-6.935159065e-07
0.0003469015928
-0.0004065247873
-3.907827141e-07
7.38077297e-05
6.626107017e-05
0.0003771596986
8.312157447e-10
-0.0004442809497
1.476497969e-10
-0.0004092149965
1.698112293e-09
-0.0002122752503
-0.0001469827008
0.0002492241585
-9.454031857e-09
-0.000182332458
-0.0001567689494
-0.0001826942083
-0.0001565172923
0.0002076426932
1.163049084e-07
-0.0002390554144
-0.0001513961146
-9.708206247e-08
-0.0002078578949
-0.0001860368501
0.0002473747316
-0.0001866158445
0.000247180151
-0.0002385161952
-0.0001515578557
0.0001953029503
-0.0002936800454
2.556030716e-07
-0.0001409318242
0.0002264513052
-0.0001779359684
0.0002164134594
-0.0002653970335
-2.181091977e-07
-0.0001954699238
0.000235118043
-5.145052139e-07
0.0002926986602
-0.0001265404169
-0.0003435326678
0.0002349212304
-0.0001264749282
-0.000345653519
-0.0001410318617
8.26267735e-05
-0.0002230872554
-9.578041496e-08
-0.0002083125654
-0.0002087088079
-7.955177633e-05
1.940915439e-07
-0.0002807466943
-2.145502708e-07
7.965116791e-05
-0.0003021619504
-0.0003029327471
-0.0002800251605
-0.0003482787493
-7.375047081e-05
3.513972999e-07
6.624422438e-05
0.0003771621357
-0.0004442625162
-6.918533439e-07
0.0003469013375
-0.0004064949695
-3.915567818e-07
7.38042862e-05
-0.0004092011609
-0.0003156632703
-5.129238377e-08
-3.422101629e-08
0.006745364156
-0.0001105407288
-5.805830519e-05
-0.0001095816752
-0.001671581823
-0.00167073572
-0.001689404304
-0.001690928298
-0.0003161191154
0.006763396387
0.006744773987
-5.825870305e-05
-0.0001102461869
-0.0001092302587
-0.001671725736
-0.00167082481
-0.001689360607
-0.001690859646
-1.988125471e-05
-1.783428634e-08
0.006643040676
4.053333009e-08
-1.820911685e-05
-3.322066908e-05
-1.570824748e-05
9.485832215e-09
0.006769712641
-0.0002046341964
-1.952737027e-05
0.006642628815
-3.317997876e-05
-1.82829084e-05
-1.574072054e-05
7.793036495e-08
0.001433899811
-7.206038944e-05
2.571936372e-09
0.001433173759
-7.114821888e-05
1.175011304e-06
-0.001377721114
-1.408851293e-08
-1.923988767e-05
3.673695458e-09
-1.044463028e-06
-3.085347864e-06
-8.947126727e-07
0.001379898907
-0.001378995352
-2.059965614e-05
0.00152062665
-1.923169379e-05
-0.001535324688
-4.21127966e-09
-2.832343125e-09
-0.001378464394
-1.935683772e-05
-2.625463896e-08
-1.969873163e-05
0.0004040090071
-4.870910988e-08
0.004511821787
2.558089079e-08
-0.00114473522
-0.0009792200646
-0.001143344449
-4.088879781e-08
0.0001468795177
0.005832990592
0.0001798434933
0.0004034626385
0.004511601807
-8.466860978e-05
-0.0009791980365
-0.001144686651
-0.001143310833
0.0001466303597
-1.843407263e-08
0.0004228370493
-0.00010087548
-6.165320217e-05
0.0006294511803
4.237220489e-05
-1.62962917e-08
0.0004225866748
-0.000100789208
1.286317239e-09
6.424204747e-05
1.313941692e-07
0.0004730990136
-0.0001148864079
6.301363963e-10
-3.896573935e-07
-6.43869126e-05
3.812001101e-05
0.0006561244715
3.823323895e-05
0.000655063877
6.459464173e-09
0.0004737964982
-0.0001152149661
-6.784791263e-05
-6.2777242e-08
0.0001374965891
0.000346598064
-8.610697203e-07
-7.575231595e-08
-0.0004026697861
-0.000399431508
-0.0004875945129
-0.0004920677026
0.002858109413
-0.0007038227337
-0.000595802943
-0.0005942711241
-9.837178374e-05
-9.637749769e-05
-7.237943992e-05
-7.448989571e-05
-6.79295075e-05
-8.887947391e-07
0.000137494691
0.000346662209
-0.0004027365249
-0.0003994051027
-0.0004876042999
-0.0004921034358
-0.0002386609115
9.43726101e-05
0.0002013433123
3.904823613e-09
-8.639197793e-09
2.904992804e-05
-0.0002620743063
2.875821171e-05
-0.0002620572424
1.696821229e-09
0.0002448701835
2.722725607e-08
4.9536905e-05
-0.0002656784517
2.337687343e-09
-4.300231809e-08
-0.0002448093528
0.0002108862617
0.0001287471684
0.0002110257493
0.0001281723056
1.727353714e-09
4.98185386e-05
-0.000265550749
0.0001624023701
-9.463137998e-05
-3.295949533e-07
-0.0001828217278
-1.514461919e-09
-1.473559372e-06
-0.000162130947
0.000164020469
-4.965128855e-07
9.743594392e-05
-8.07392028e-05
-0.0002137019591
0.0002030586724
-0.0001977826188
-0.0001864557707
5.259097873e-10
0.0001800209855
-2.710199177e-09
0.0001622354545
-7.96754672e-05
-0.0002132377394
2.686972816e-09
-0.0001831121336
0.0003441099814
6.401625619e-08
-0.0003835577266
-1.914368057e-08
6.568265994e-05
0.0001674119377
6.945643317e-05
-4.575282749e-09
0.0001204314824
0.0007737365324
-4.827424625e-05
0.0003440328234
-0.0003835052409
-0.0001285987592
0.0001673848969
6.560186743e-05
6.947274556e-05
0.0001204003603
-1.180825908e-06
-0.0003915901876
-0.000106189741
-0.0001559859256
-0.0003033274065
0.0001928295575
-7.556631246e-10
-0.0003961902152
-0.0001065825441
1.744934719e-10
0.000131514244
3.188213014e-06
-0.000438920506
-9.197085237e-05
-1.313929335e-09
-2.550679225e-06
-0.0001300107933
0.0001623636637
-0.0003295599906
0.0001638436161
-0.0003382037632
-3.7000097e-09
-0.0004279350378
-9.047773557e-05
0.0001335034655
-1.48355253e-09
-0.002384381732
-1.674515868e-09
0.0005524619558
0.0006210261202
0.0005911740179
-2.768557102e-09
-0.001854622586
-3.950672786e-05
0.0004151817766
0.0004650519105
0.0004926918187
0.000133526311
-0.002384391572
0.0006209718559
0.0005525583014
0.0005912684461
8.617825148e-05
0.001394991283
3.196808332e-07
-4.759209102e-05
2.667765064e-09
-3.80777025e-07
-8.617519612e-05
-4.766612133e-07
-0.001395333164
-2.751567211e-05
-0.00155095576
-4.272327094e-05
1.549700707e-09
-6.798731326e-09
-2.667467155e-05
1.595851964e-09
-4.801491387e-05
-6.451584271e-08
3.789294504e-05
0.0008679388206
3.770728931e-05
0.0008678388604
8.832454065e-09
6.17771605e-08
0.001174416665
4.994551214e-09
0.001174851657
7.946323912e-09
2.365909402e-05
-0.0008659340119
2.050347466e-05
-8.611588485e-10
0.0008757163005
2.364753529e-05
1.083899936e-08
0.001150321069
1.396966585e-07
1.134220908e-08
-1.96370684e-07
-0.001150635491
0.00114454447
7.896545313e-09
0.001143945625
8.096530169e-05
8.234802616e-08
0.001433924128
-7.208913583e-05
-2.725675352e-07
-8.113340242e-05
0.001575165776
9.636181887e-05
0.001574655266
9.582898247e-05
0.001433233067
-7.12244546e-05
8.612763529e-05
0.001395004315
3.319827803e-07
-4.753714707e-05
-0.001551171936
-4.266888647e-05
0.001535257284
-3.739041299e-07
-8.606557128e-05
-5.04084704e-07
-0.001395389555
-2.71576484e-05
0.001378763793
-2.659299724e-05
0.00137842591
-4.78900735e-05
-7.338675765e-08
3.790982643e-05
0.0008679902649
3.764924399e-05
0.0008679168013
5.707026762e-08
0.001174317136
0.001174724636
-0.0008659927415
2.032099376e-05
0.0008759378865
-4.447961611e-08
2.371693755e-05
2.369923555e-05
0.001150310794
1.797856108e-07
-2.892530966e-07
-0.001150731285
0.001143982235
0.001143757411
2.585759707e-05
0.0008921660496
-5.570702044e-08
-0.00115010668
-2.454302146e-05
3.96931107e-07
0.001154966463
4.639146285e-08
-4.077174687e-07
0.001151123158
-1.092264734e-07
2.321381513e-05
0.0009064563277
-6.801443277e-08
0.0009057163184
3.071501496e-08
0.001155035171
0.001145540039
-9.233184706e-06
3.72785594e-07
3.063539247e-08
-8.756858138e-07
-0.001145588489
-7.961480061e-07
9.782871551e-06
-3.430610782e-05
-1.602362101e-05
-0.0009293334938
3.634638738e-09
-3.376425446e-05
3.513943421e-09
6.150321346e-09
-3.365266348e-05
1.234269017e-06
-0.001377186219
-1.749914384e-08
-1.968804641e-05
0.001520603878
-1.924468062e-05
-1.042004082e-06
-3.19832305e-06
-8.699447876e-07
0.001378822566
-1.976355981e-05
-1.890121372e-05
-2.060418806e-05
2.435391047e-05
0.0008935010139
-4.203429469e-05
-0.001148807081
-2.578413189e-05
4.372557705e-07
0.001154512311
-3.350367974e-07
0.001148600236
-1.251307956e-07
2.569468981e-05
0.0009072384236
-3.873357247e-05
0.0009061115208
-3.848904548e-05
0.001154127983
0.001145455447
-9.683116369e-06
4.124382208e-07
-1.594348602e-05
-0.0009294035418
-3.374937011e-05
-8.892278959e-07
-0.001145411167
-8.044984574e-07
1.068888421e-05
-3.45604581e-05
-3.377347682e-05
6.532977141e-05
0.0005330011861
3.977620805e-07
-0.0001256346318
4.926170001e-09
-7.655259487e-07
-6.506310294e-05
4.866660092e-07
-0.000534789687
-0.0001141915007
-0.0006859635736
-5.268957597e-05
4.068087709e-09
1.189296211e-08
-0.0001136563959
-3.490620906e-10
-0.0001256585234
0.0001517777898
0.0001786303244
-1.884617013e-09
-1.282402471e-07
0.0002769987709
0.0002766091652
1.012035305e-09
-0.0001704443708
1.981359606e-07
0.0003319713853
-2.391785732e-09
-7.145438087e-08
0.000170078436
0.000219542795
0.0002191403779
-1.360113468e-10
0.0003320603598
0.0003739594255
-0.0001679647489
3.392526813e-07
2.833668364e-09
-4.901066428e-07
-0.0003747822156
0.0004170637999
-9.84823226e-08
0.0001680411375
-0.0002081164107
0.0001560301555
-0.0002591479273
3.118576351e-09
-0.0001980146125
0.000300920013
3.626982156e-10
0.0004158427162
2.899221073e-09
-0.000208073683
-6.163090029e-05
0.0006296899817
-4.501000532e-08
0.0004229324782
-0.0001008564299
0.0004226480288
-0.0001008285844
6.426186997e-05
1.254386613e-07
0.0004730842695
-0.0001148229019
-3.284311031e-07
-6.434346465e-05
0.0006564497653
0.0006551408237
0.0004737816349
-0.0001150671864
6.534347021e-05
0.0005329794843
4.013661771e-07
-0.0001256351233
-0.0006859558877
-5.280244513e-05
-7.668286711e-07
-6.508180943e-05
4.800478206e-07
-0.0005347577352
-0.000114207014
-0.0001136143924
-0.0001256565454
0.0001517553987
0.0001786075673
-0.00020134121
-1.305927074e-07
0.0002770054404
0.0002765721653
-0.0001704179398
1.763022342e-07
0.0003319884987
-6.041636041e-08
0.0001700130837
0.0002195961587
-0.000210914335
0.0002191567251
-0.0002110276626
0.0003321276413
0.0003739802817
-0.0001679664058
3.423285201e-07
0.0001560396671
-0.0002591782062
-0.0001980319063
0.0003009421347
-5.04921073e-07
-0.0003748402159
0.0004171087214
-1.135012316e-07
0.0001680268047
-0.0002081110425
0.0004159009929
-0.000208098496
0.0002394209719
6.653921857e-05
6.15933675e-08
-0.0002564871075
2.228163139e-09
-1.884803491e-07
-0.0002394149291
-1.344277444e-07
-6.70076928e-05
-0.0002390491144
-0.0001593292268
-0.0002256310009
-1.345824888e-09
1.88964541e-09
-0.0002389029367
1.24706972e-09
-0.0002565424862
0.0002646627426
-9.619365708e-05
2.02102499e-09
-4.350771293e-08
-3.579339633e-05
-3.609142584e-05
5.014744841e-10
3.820998485e-08
0.0002663752285
-0.0001149388807
0.0002663819844
-0.0001153649233
2.983693507e-09
2.183520063e-08
-3.541013556e-05
4.054599523e-10
-3.494708783e-05
-4.391139906e-09
0.0002551343423
0.0001355597341
0.0002359446004
4.273987611e-09
-0.0001552524086
0.0002550937296
5.311875222e-09
-3.688663231e-05
8.327592142e-08
-1.589165087e-10
-2.133758114e-07
3.627195989e-05
-3.909271572e-05
-1.849730096e-09
-4.00565004e-05
-0.0002386656209
9.439312242e-05
-1.467172565e-08
2.898896277e-05
-0.0002620365695
2.874218152e-05
-0.0002620393188
0.000244868149
2.861439582e-08
4.953214873e-05
-0.0002656843894
-6.063624183e-08
-0.0002448281354
0.000128720477
0.0001281746942
4.980921049e-05
-0.0002656197845
0.0002394178967
6.653654884e-05
6.335768998e-08
-0.000256483424
-0.0001593062624
-0.0002255991548
0.0001864082531
-1.897258724e-07
-0.0002394032435
-1.418162504e-07
-6.700777999e-05
-0.0002390256912
8.073792468e-05
-0.0002388989094
7.969573543e-05
-0.0002565384604
0.0002646608243
-9.618781142e-05
-3.011496705e-08
-3.578994951e-05
-3.607628562e-05
1.369076463e-08
0.0002664133387
-0.0001149413578
0.0002663736427
-0.0001153646345
2.279528347e-08
-3.540942939e-05
-3.497360192e-05
0.0001355739245
0.0002359414346
-0.0001552764375
-4.67581198e-08
0.0002551514072
0.000255089078
-3.688863026e-05
8.469432111e-08
-2.145275795e-07
3.627596113e-05
-3.910433088e-05
-4.006248808e-05
0.000209883029
-0.0001727165941
4.628198887e-09
4.394433509e-05
-0.0001765561231
8.4746861e-07
-5.105519806e-05
-2.210919869e-09
-5.337444743e-07
-4.252965952e-05
-1.100893907e-06
0.0001755001297
-0.0001829128919
-6.19231588e-10
-0.0001865273528
-2.636583667e-09
-4.929419878e-05
-5.313191668e-05
-0.0001328423202
1.687464792e-06
-5.502053571e-11
-1.07269016e-06
4.98395824e-05
-2.532794078e-06
0.000132786586
-0.0001334507754
8.572914931e-05
0.0001860419138
-1.737092099e-09
-0.0001049995657
2.17389804e-09
-1.733925193e-09
-0.000135858813
0.0001623978176
-9.462583745e-05
-3.295809333e-07
-0.0001828144451
0.0002030267589
-0.0001977980287
0.0001800423784
-1.459992693e-06
-0.0001621112816
0.0001639714061
-5.118746265e-07
9.740765036e-05
-0.0002136980309
0.0001622494835
-0.0002132373277
-0.0001830999132
0.0002098806783
-0.0001727523473
-0.0001928394541
4.395597755e-05
-0.0001765588508
8.462789831e-07
-5.106006277e-05
-5.362258033e-07
-4.256193122e-05
-1.098602263e-06
0.0001755054219
-0.0001829477045
-0.0001623958052
-0.0001865199555
-0.0001638924792
-4.931014343e-05
-5.313070811e-05
-0.0001328421208
1.685051312e-06
8.572032916e-05
0.0001860274384
-0.0001049901636
-1.070596052e-06
4.983793436e-05
-2.514624717e-06
0.0001328028923
-0.0001335223349
-0.0001358509979
0.0001031408837
-0.000474888712
6.086676269e-06
-7.325722757e-05
-2.131755151e-09
-5.16814049e-06
-0.0001005980381
-1.302442178e-06
0.0004513227121
-5.114875827e-05
0.0003760896917
-6.860243981e-05
1.495446152e-09
-1.365445925e-10
-5.204906794e-05
-1.61219182e-09
-7.112368492e-05
-1.549542032e-06
-0.0004550261429
5.642384104e-05
-0.000502530191
-8.294160262e-10
-0.0004609219387
-1.300991445e-09
-4.753977547e-05
4.176176559e-06
-0.0005095300119
8.190953833e-10
-4.647904517e-06
4.680075136e-05
-0.0005379561165
-0.0005547905259
-3.981025126e-10
-0.0004945269515
-0.000555284212
-3.555266778e-05
8.049642771e-06
1.158119725e-12
-2.535165134e-06
0.0005227852563
-8.819914353e-06
3.481574806e-05
1.869572387e-05
0.0005992312997
-2.324451306e-10
1.298864227e-09
-3.572536015e-10
-0.0001559710149
-0.0003032919201
-1.179298223e-06
-0.0003915812548
-0.0001062494058
-0.0003961572777
-0.0001066463858
0.0001315046208
3.177321182e-06
-0.0004389211712
-9.191937396e-05
-2.533441849e-06
-0.000129985335
-0.0003295442674
-0.0003382169248
-0.0004279215535
-9.046771389e-05
0.0001031373088
-0.0004748830476
6.0855226e-06
-7.326308471e-05
0.0003761129736
-6.85815585e-05
-5.18222426e-06
-0.0001006064062
-1.29974352e-06
0.0004513129018
-5.117833139e-05
-5.207414129e-05
-7.112953147e-05
5.64386079e-05
-0.0005025235727
-1.553191775e-06
-0.0004550707087
-0.0004609634355
-4.75380194e-05
4.187540631e-06
-0.0005095315121
-4.648985039e-06
4.681132163e-05
-0.0005379462751
-0.0005547848147
-0.0004945395591
-0.0005552947995
-3.555299468e-05
8.053196836e-06
1.864700919e-05
0.0005992277121
-2.547815403e-06
0.0005227951623
-8.820778774e-06
3.482073729e-05
-3.410286894e-07
9.607510017e-05
9.450508138e-05
-2.785545543e-09
4.249607591e-07
-7.025651239e-09
-3.588890646e-07
9.606262377e-05
9.449887506e-05
4.354664743e-07
-8.620173835e-07
0.0004571510481
-2.766356097e-07
0.000108225386
0.0001362341406
0.0003438436477
2.142695988e-09
0.0004548741586
-2.296552749e-09
0.0001063768426
-5.8734459e-09
1.251828156e-06
-9.214384441e-09
0.0001362331813
0.000343864675
-8.909545193e-07
0.0004571225798
-3.063473277e-07
0.0001082034295
0.0004548634254
0.0001063968339
1.267324736e-06
6.84590314e-07
7.701766617e-08
-6.594256863e-06
6.710572001e-11
1.646109296e-07
6.052962443e-08
-3.189682114e-06
3.17144893e-11
4.871225191e-08
-8.890099052e-07
1.431103464e-11
4.776453899e-07
-6.593856869e-06
7.04731148e-08
-3.190253781e-06
-8.895250876e-07
1.873658773e-06
-3.800101188e-06
9.855802804e-08
2.283971104e-11
4.411936327e-07
-1.83151137e-06
7.428703718e-08
1.047997581e-11
-5.034150533e-07
5.559581657e-08
4.874826974e-12
2.200557615e-06
-1.021563551e-07
3.798857988e-06
4.460879297e-07
-7.781696899e-08
1.831107167e-06
-5.785121376e-08
5.036209276e-07
2.472078554e-06
6.304175503e-12
5.615838229e-07
2.973610714e-12
1.483223417e-12
1.615170105e-06
3.303064126e-07
6.846331986e-07
7.701901802e-08
-6.594512836e-06
1.646139225e-07
6.052535514e-08
-3.189813912e-06
4.870787361e-08
-8.890469714e-07
4.780092046e-07
-6.594604965e-06
7.056615574e-08
-3.190654334e-06
-8.89645617e-07
1.873678633e-06
-3.80019339e-06
9.848768757e-08
4.411892802e-07
-1.831555607e-06
7.424397197e-08
-5.034261741e-07
5.55730314e-08
2.200916362e-06
-1.020339868e-07
3.799159756e-06
4.461848866e-07
-7.775005091e-08
1.831262526e-06
-5.78184157e-08
5.036675585e-07
2.472059982e-06
5.615608858e-07
1.615554458e-06
3.30402788e-07
)
;

boundaryField
{
    inlet
    {
        type            calculated;
        value           nonuniform 0();
    }
    outlet
    {
        type            calculated;
        value           nonuniform List<scalar> 
25
(
0.01996475227
0.02002053146
0.02001679645
0.02000064248
0.0200005997
0.02000054726
0.02000048622
0.0200004176
0.0200003424
0.02000026181
0.02000017708
0.02000008955
0.02000000059
0.01999991161
0.01999982402
0.0199997392
0.01999965848
0.01999958313
0.01999951437
0.01999945325
0.01999940077
0.01999935774
0.01999932484
0.0199993026
0.01999929135
)
;
    }
    topAndBottom
    {
        type            symmetry;
        value           uniform 0;
    }
    frontAndBack
    {
        type            empty;
        value           nonuniform 0();
    }
    cylinder
    {
        type            calculated;
        value           uniform 0;
    }
    procBoundary1to0
    {
        type            processor;
        value           nonuniform List<scalar> 
116
(
-0.02120817266
-0.02121873346
-0.02123996717
-0.02127235497
-0.02131659323
-0.02137366425
-0.02144488082
-0.02153200585
-0.02163736088
-0.02176387329
-0.02191537633
-0.02209690729
-0.02231493062
-0.02257798631
-0.02289725321
-0.02328842813
-0.02377282743
-0.02439652582
-0.02511128595
-0.0004394523588
-0.006517745688
-0.006598400457
-0.00651613085
-0.006597628172
-0.000439589408
-0.006764886301
9.93780223e-05
0.0001013160759
-0.0005669892099
-0.0005670414148
0.0001301700196
3.243793408e-05
0.0001299688598
1.020650407e-05
3.20661755e-05
1.026901202e-05
-8.129198588e-07
4.598488487e-08
5.401020624e-05
5.304910103e-05
-2.013470578e-06
-1.711366106e-06
0.0001301830045
3.244425286e-05
0.0001300678949
1.033887185e-05
3.208539785e-05
1.030762509e-05
5.402743033e-05
5.309642416e-05
-2.013508173e-06
-1.711196981e-06
-8.128364768e-07
4.597997397e-08
-0.0008832183207
-0.001590121636
-0.0008831625554
-0.0005671344931
-2.521067226e-05
-0.0003195355618
-2.525997364e-05
-0.0003195206026
-3.733439724e-05
-3.738992486e-05
-0.0001428989275
-0.0001428344026
-0.0005672187977
-2.521892344e-05
-0.0003195393486
-2.528448578e-05
-0.0003195265768
-3.738977061e-05
-3.741538953e-05
-0.000142896619
-0.0001428064669
-0.001671055349
-0.006764793021
9.943486004e-05
0.0001013985844
-0.001671067663
8.09428884e-05
-0.00144286277
8.108144084e-05
-0.00157519321
-9.626055207e-05
-0.001443029081
-0.001574733169
3.06835479e-10
-9.571709656e-05
-0.0008829256721
-0.001208836544
-0.001208045139
-0.001442880033
-0.001589791797
-0.001443059699
-0.0008828858551
-0.001208809103
-0.001207982205
-0.001695744333
-0.001669861961
-0.001694695162
-0.001669856382
-0.001695760145
-0.001694739072
7.584264523e-06
3.657953039e-06
1.008710711e-06
7.585534346e-06
3.658623558e-06
1.008919952e-06
7.569867699e-06
3.649098111e-06
1.00489328e-06
7.570310153e-06
3.649336329e-06
1.004967121e-06
)
;
    }
    procBoundary1to3
    {
        type            processor;
        value           nonuniform List<scalar> 
125
(
-1.306636359e-07
-4.73260671e-07
-6.681748361e-07
-7.020607492e-07
-6.246279992e-07
-4.690700233e-07
-2.974038863e-07
-1.471644779e-07
-3.999157293e-08
2.053391331e-08
4.961221567e-08
5.146997042e-08
4.057990025e-08
2.635270292e-08
1.533804189e-08
9.021305589e-09
6.73016178e-09
7.055931285e-09
7.914744557e-09
8.215098448e-09
7.970725697e-09
7.774969908e-09
7.769087599e-09
7.961599567e-09
8.344839979e-09
8.755187159e-09
9.068461354e-09
9.260409668e-09
9.346163076e-09
9.312820814e-09
9.095817792e-09
8.673387347e-09
7.883739691e-09
7.134413304e-09
6.65975549e-09
5.930998351e-09
5.439265232e-09
5.024442503e-09
4.673260252e-09
4.37184138e-09
4.10619132e-09
3.865034999e-09
3.645296449e-09
3.440926548e-09
3.249472595e-09
3.077217898e-09
2.920459273e-09
2.780198825e-09
2.653956948e-09
2.542129608e-09
2.440760543e-09
2.343767373e-09
2.24730332e-09
2.150306034e-09
2.054748387e-09
1.964836895e-09
1.884814488e-09
1.816647631e-09
1.759215811e-09
1.70934553e-09
1.663592208e-09
1.619569794e-09
1.57635799e-09
1.534119634e-09
1.493351723e-09
1.454648131e-09
1.417472276e-09
1.388033576e-09
1.334329333e-09
6.43834758e-08
7.88219462e-08
1.785062596e-07
5.424238573e-08
5.825115047e-08
8.145919645e-08
7.311058542e-08
9.090368212e-08
5.460526753e-08
3.304017255e-08
3.298255952e-08
5.61605329e-08
3.43236012e-08
3.342253837e-08
5.92983234e-08
8.36273408e-08
5.927932892e-08
6.518553715e-08
7.374994266e-08
7.470857511e-08
8.223666848e-08
8.160281258e-08
8.323460792e-08
6.859775748e-08
8.776025454e-08
8.025284508e-08
8.539313096e-08
9.690248163e-08
8.905722257e-08
9.454789862e-08
1.775877122e-07
9.388592967e-08
7.863234522e-08
7.31016292e-08
7.305259655e-08
6.738346118e-08
6.305691722e-08
6.853427975e-08
8.057125199e-08
7.505899832e-08
7.382635772e-08
6.299691459e-08
6.797211213e-08
6.875966986e-08
2.506560598e-09
1.177788289e-09
3.173557205e-10
2.493101505e-09
1.168854763e-09
3.138340208e-10
2.600421447e-09
1.227123873e-09
3.328199289e-10
2.53012383e-09
1.188494341e-09
3.199985313e-10
)
;
    }
}


// ************************************************************************* //
