/*--------------------------------*- C++ -*----------------------------------*\
| =========                 |                                                 |
| \\      /  F ield         | OpenFOAM: The Open Source CFD Toolbox           |
|  \\    /   O peration     | Version:                                        |
|   \\  /    A nd           | Website:  www.openfoam.com                      |
|    \\/     M anipulation  |                                                 |
\*---------------------------------------------------------------------------*/
FoamFile
{
    version     2.0;
    format      ascii;
    class       volScalarField;
    location    "8.1";
    object      p;
}
// * * * * * * * * * * * * * * * * * * * * * * * * * * * * * * * * * * * * * //

dimensions      [0 2 -2 0 0 0 0];


internalField   nonuniform List<scalar> 
2429
(
-0.04226649909
-0.04597452183
-0.04920946892
-0.05193231002
-0.05411595516
-0.05574641211
-0.05682279324
-0.05735684308
-0.05737200814
-0.05690157359
-0.05598721878
-0.05467723799
-0.05302443422
-0.05108264316
-0.04890365391
-0.04654082284
-0.04404730191
-0.04147149178
-0.0388561293
-0.03623883399
-0.03365242871
-0.03112481967
-0.02867892851
-0.02633285737
-0.02410020135
-0.0219904424
-0.02000941739
-0.01815983697
-0.01644181687
-0.01485338459
-0.01339093467
-0.01204962403
-0.01082371089
-0.009706840686
-0.00869228211
-0.007773120559
-0.006942415917
-0.006193328588
-0.005519215569
-0.00491370045
-0.004370721405
-0.003884574634
-0.003449900653
-0.003061987294
-0.002716213661
-0.002408053329
-0.002133658338
-0.001889550653
-0.001672541442
-0.001479705255
-0.001308465117
-0.001156453247
-0.00102153885
-0.0009018197311
-0.0007955829002
-0.0007012890739
-0.0006175640231
-0.0005431795272
-0.0004770351673
-0.000418145125
-0.0003656230621
-0.0003186598024
-0.0002765117993
-0.0002385691533
-0.0002042837777
-0.0001731408289
-0.0001446654043
-0.0001184122863
-9.400601422e-05
-7.097022242e-05
-4.937344578e-05
-2.748462202e-05
-1.236535776e-05
-0.04270188383
-0.04645447393
-0.04972318107
-0.0524683426
-0.05466269762
-0.05629241365
-0.05735698143
-0.0578691195
-0.05785360271
-0.05734501573
-0.05638646552
-0.05502734849
-0.05332238548
-0.05132763078
-0.04909740962
-0.04668676271
-0.04414874371
-0.04153190619
-0.03887965664
-0.03623018735
-0.0336164927
-0.03106635991
-0.02860244856
-0.02624251344
-0.0239997415
-0.02188317281
-0.01989819403
-0.01804707633
-0.0163295194
-0.01474316565
-0.01328406147
-0.01194705688
-0.01072614485
-0.00961474441
-0.008605934326
-0.007692644906
-0.006867811657
-0.006124497058
-0.00545598296
-0.004855836173
-0.004317956359
-0.003836618279
-0.003406465312
-0.003022790644
-0.00268079183
-0.002376087268
-0.002104897753
-0.001863735852
-0.001649435527
-0.001458995056
-0.001289957733
-0.001139930303
-0.001006827183
-0.0008887387791
-0.0007839654029
-0.0006909813332
-0.00060843513
-0.0005351081437
-0.0004699114488
-0.0004118831895
-0.0003601545861
-0.0003139135328
-0.0002723579029
-0.0002349534255
-0.0002011681751
-0.0001704888746
-0.0001424433204
-0.0001165919264
-9.256235763e-05
-6.98818059e-05
-4.862304429e-05
-2.706025557e-05
-1.220755285e-05
-0.04358216852
-0.04742337151
-0.05075952886
-0.05354954403
-0.05576548412
-0.05739366637
-0.05843457371
-0.05890273109
-0.0588251486
-0.05823919337
-0.0571911416
-0.05573357373
-0.0539254241
-0.05182574191
-0.04949246108
-0.04698362966
-0.04435385672
-0.04165292085
-0.03892547349
-0.03621054078
-0.03354133438
-0.03094539586
-0.02844485981
-0.0260567721
-0.02379348429
-0.02166313439
-0.01967019249
-0.01781603402
-0.01609950881
-0.01451747461
-0.01306526971
-0.01173711771
-0.01052646873
-0.009426280307
-0.008429246699
-0.007527983874
-0.006715171906
-0.005983672721
-0.005326615499
-0.004737450406
-0.004209998439
-0.003738493977
-0.003317562576
-0.002942435344
-0.002608241943
-0.00231072762
-0.002046166129
-0.001811044824
-0.001602168133
-0.001416842538
-0.001252390521
-0.00110643035
-0.0009770015339
-0.0008622277962
-0.0007604399067
-0.0006701212656
-0.0005899644995
-0.0005187727649
-0.0004554823221
-0.0003991901929
-0.0003490954522
-0.0003043895699
-0.0002639663645
-0.0002276547425
-0.0001948883186
-0.0001651393853
-0.0001379582668
-0.0001129158331
-8.964201027e-05
-6.767504485e-05
-4.708657285e-05
-2.620570901e-05
-1.182759741e-05
-0.04492719895
-0.04890464695
-0.05234445058
-0.05520316527
-0.05745176791
-0.05907683135
-0.06008032031
-0.06047961718
-0.06030530158
-0.05959869451
-0.05841130403
-0.056802967
-0.05483705509
-0.05257589582
-0.05008423048
-0.04742449284
-0.04465403909
-0.041824951
-0.03898361423
-0.03616997817
-0.03341740914
-0.03075301533
-0.02819807599
-0.0257684911
-0.02347528602
-0.02132518731
-0.01932124252
-0.01746344724
-0.01574935123
-0.01417461698
-0.01273350725
-0.01141929988
-0.01022463213
-0.009141771699
-0.008162839775
-0.007279985838
-0.006485509736
-0.005771986284
-0.005132321855
-0.004559783371
-0.00404808126
-0.0035914275
-0.003184403172
-0.002822132074
-0.002499713661
-0.002213055371
-0.001958455513
-0.001732425905
-0.001531860805
-0.001353989404
-0.001196276668
-0.001056500415
-0.000932514199
-0.0008226850953
-0.0007253775123
-0.0006390474683
-0.0005624279644
-0.0004943484458
-0.0004338938322
-0.0003801875182
-0.0003325055205
-0.0002904559721
-0.0002513637954
-0.0002167074489
-0.0001855039425
-0.0001571599462
-0.0001312884719
-0.0001074635674
-8.531746252e-05
-6.441130134e-05
-4.48163393e-05
-2.494372426e-05
-1.125998735e-05
-0.04677129513
-0.05093650446
-0.05451845027
-0.05747050183
-0.05976225564
-0.06138074493
-0.0623301406
-0.06263192343
-0.06232104
-0.06144447802
-0.06006518032
-0.05824924793
-0.05606235759
-0.05357801392
-0.0508692228
-0.04800292028
-0.04504042192
-0.04203730587
-0.03904221776
-0.03609610238
-0.03323234401
-0.03047731966
-0.0278510062
-0.02536761127
-0.02303624686
-0.02086164176
-0.01884485845
-0.01698398438
-0.0152747855
-0.01371129886
-0.01228633494
-0.01099190565
-0.009819568128
-0.008760672504
-0.007806594269
-0.006948875999
-0.006179306806
-0.005490122805
-0.004873948103
-0.004323775307
-0.003833182122
-0.003396420883
-0.003007975524
-0.002662824425
-0.002356131767
-0.002083971512
-0.001842481258
-0.001628342408
-0.001438775895
-0.001270941695
-0.001122196876
-0.0009901926696
-0.0008733997658
-0.0007701944676
-0.0006788509184
-0.0005978876296
-0.0005259886238
-0.0004620163617
-0.0004053779366
-0.0003551139109
-0.0003101539361
-0.0002694063275
-0.0002343106875
-0.0002022624911
-0.0001732053988
-0.0001467841307
-0.0001226396588
-0.0001003886679
-7.969942423e-05
-6.016962533e-05
-4.186623873e-05
-2.330271216e-05
-1.051913495e-05
-0.04916105247
-0.05357105817
-0.057337135
-0.06040865918
-0.062753623
-0.06435982349
-0.06523454735
-0.06540462128
-0.06490948746
-0.06380938972
-0.06218008062
-0.06008601738
-0.05760782187
-0.0548332133
-0.05184263894
-0.04870889113
-0.04549917294
-0.04227360914
-0.03908342433
-0.0359705127
-0.0329679949
-0.0301010324
-0.02738767101
-0.02483972655
-0.02246368442
-0.02026158558
-0.01823186348
-0.01637010911
-0.01466978465
-0.01312285249
-0.01172027778
-0.01045249232
-0.009309712779
-0.008282132466
-0.007360252587
-0.006534883613
-0.005797137811
-0.00513892429
-0.004552512585
-0.004030540185
-0.003566529101
-0.003154749872
-0.002789310767
-0.002465286718
-0.002178219967
-0.001924001255
-0.001698463482
-0.001498986392
-0.001323179864
-0.001167907369
-0.001030346781
-0.0009080140191
-0.0008003548722
-0.0007055449741
-0.0006216658407
-0.0005473167789
-0.0004813991976
-0.0004228831467
-0.000371023386
-0.0003249362328
-0.0002837781122
-0.0002469399384
-0.0002142989145
-0.0001849133304
-0.0001583377249
-0.0001341910759
-0.0001121126493
-9.176102818e-05
-7.284491887e-05
-5.49906965e-05
-3.82604727e-05
-2.129493138e-05
-9.612467676e-06
-0.05215948796
-0.05687856094
-0.06087520248
-0.06409408431
-0.06650144708
-0.0680860911
-0.06885954584
-0.06885603171
-0.06812446535
-0.06674328649
-0.06478494625
-0.06233061668
-0.05948305729
-0.05634206332
-0.0529964674
-0.04952787037
-0.04601123133
-0.04251185908
-0.03908365025
-0.03576924355
-0.03260099998
-0.02960213458
-0.02678790586
-0.02416684126
-0.02174191721
-0.01951166621
-0.01747115699
-0.0156128241
-0.01392727233
-0.01240391621
-0.01103144176
-0.009798428592
-0.008693511914
-0.007705439164
-0.00682379472
-0.006038506987
-0.005339816927
-0.004719452803
-0.004168968084
-0.003680856648
-0.003248955495
-0.002867103316
-0.002528289302
-0.002229278962
-0.001966088877
-0.001733667735
-0.001526996475
-0.001345745506
-0.001186754882
-0.001046524429
-0.0009225257424
-0.0008127948535
-0.0007161233899
-0.0006309058619
-0.0005555590698
-0.0004888503301
-0.0004297802691
-0.0003774364968
-0.0003310097836
-0.0002897546318
-0.0002530078955
-0.0002202160523
-0.0001909681433
-0.000164713818
-0.000141010951
-0.0001194896552
-9.981876996e-05
-8.169179831e-05
-6.484784398e-05
-4.895385376e-05
-3.405862753e-05
-1.895454536e-05
-8.555276503e-06
-0.05584917815
-0.06095049631
-0.06522940352
-0.06862543942
-0.07110312889
-0.07265240679
-0.07329089329
-0.07306144586
-0.07203181706
-0.07029200324
-0.06791281169
-0.06500677361
-0.06169930714
-0.05810291001
-0.05431867403
-0.05044018542
-0.04655148764
-0.04272344323
-0.03901257334
-0.03546181465
-0.03210194384
-0.02895316628
-0.02602680359
-0.02332694579
-0.02085195887
-0.01859589475
-0.01654960899
-0.01470160806
-0.01303908915
-0.01154843272
-0.01021551225
-0.009026888027
-0.007969349508
-0.007029838582
-0.006197188913
-0.005459930502
-0.004807482363
-0.004231680378
-0.003722275217
-0.003273704853
-0.002880097804
-0.002533482876
-0.002225920098
-0.001957056998
-0.001722416561
-0.001516232162
-0.001334078263
-0.001174184074
-0.001033896775
-0.0009104059999
-0.0008015387789
-0.0007055624271
-0.000621008669
-0.0005465066482
-0.000480777962
-0.0004227191631
-0.000371393542
-0.0003259761313
-0.0002857297636
-0.0002500094794
-0.000218243528
-0.0001899306668
-0.0001646429844
-0.0001419569889
-0.0001214963137
-0.0001029330732
-8.597574255e-05
-7.035524904e-05
-5.584424245e-05
-4.215465122e-05
-2.932739185e-05
-1.632088849e-05
-7.364861012e-06
-0.06033665571
-0.06590415378
-0.07052305926
-0.07412789209
-0.07668114189
-0.07817323544
-0.07863545564
-0.07812725675
-0.07672877391
-0.07451582021
-0.0716041544
-0.06814040266
-0.0642661501
-0.06011013616
-0.05579152527
-0.05141896445
-0.04708663472
-0.04287121416
-0.03883156385
-0.03501003882
-0.03143452275
-0.02812071238
-0.02507448027
-0.02229400364
-0.0197716466
-0.01749588394
-0.01545238942
-0.01362476402
-0.01199633414
-0.01054991057
-0.00926783727
-0.008134779395
-0.007135005393
-0.006253523756
-0.005478762259
-0.004796525674
-0.004198244883
-0.003674967445
-0.003213672933
-0.002812271117
-0.002463771817
-0.002159324544
-0.001891848527
-0.001658499748
-0.001455171357
-0.001277269238
-0.001121184608
-0.0009844093649
-0.0008646813094
-0.0007597590048
-0.0006676770964
-0.0005868026588
-0.0005157362151
-0.0004532657195
-0.0003982968785
-0.0003498589289
-0.0003071189157
-0.0002693591601
-0.0002359496249
-0.0002063383753
-0.0001800386457
-0.0001566218243
-0.0001357122887
-0.0001169661878
-0.0001000743226
-8.476166602e-05
-7.078321817e-05
-5.791340097e-05
-4.596223162e-05
-3.46914434e-05
-2.413380408e-05
-1.343083308e-05
-6.0586208e-06
-0.06575904661
-0.07188880614
-0.07691150528
-0.08075758848
-0.08338753534
-0.08480255837
-0.08505482089
-0.08419392184
-0.08229650663
-0.07948248666
-0.07591555101
-0.07176549033
-0.06719385197
-0.0623546385
-0.05739089184
-0.0524288208
-0.04757369912
-0.0429081012
-0.03849245124
-0.03436697301
-0.03055471285
-0.02706480506
-0.02389573794
-0.02103784562
-0.01847562879
-0.01619086746
-0.0141629729
-0.01236925785
-0.01078903071
-0.009400517912
-0.008181922908
-0.007116400357
-0.006184061067
-0.00537173616
-0.004666137075
-0.004048429948
-0.003515079184
-0.00305571311
-0.002656465933
-0.002310802534
-0.002012055541
-0.001753111907
-0.001528219155
-0.001332990647
-0.001163722068
-0.001016781023
-0.0008889732448
-0.0007777022755
-0.0006808387387
-0.000596442452
-0.0005227778117
-0.000458383149
-0.0004020311166
-0.0003526721159
-0.0003093836036
-0.0002713565528
-0.0002378963997
-0.0002084085978
-0.0001823771445
-0.0001593514675
-0.0001389375763
-0.0001207898597
-0.0001046044145
-9.010976179e-05
-7.706324659e-05
-6.524837657e-05
-5.447234229e-05
-4.45580692e-05
-3.535670676e-05
-2.668316412e-05
-1.856089259e-05
-1.032950063e-05
-4.657194981e-06
-0.07229349398
-0.07909465553
-0.08459065493
-0.08871049635
-0.09141911421
-0.09273656952
-0.09269844777
-0.09137120774
-0.08884547841
-0.08529286119
-0.08091687434
-0.07591713908
-0.07048861468
-0.06481976357
-0.05908214423
-0.05342203187
-0.04795684295
-0.04277468127
-0.03793583681
-0.0334758618
-0.02941022542
-0.02573873852
-0.02245013706
-0.01952453162
-0.01693569965
-0.01465772168
-0.01266232453
-0.01091904166
-0.009403299367
-0.008086343971
-0.006947018252
-0.005965320103
-0.005114065941
-0.004386259324
-0.003765939213
-0.003232698047
-0.002776468207
-0.002387077913
-0.002053622602
-0.001767918466
-0.001523546543
-0.001314519583
-0.001135630189
-0.0009821801054
-0.0008506169086
-0.0007377533559
-0.0006407201647
-0.0005571220076
-0.0004850160457
-0.0004227375076
-0.0003688337201
-0.0003220776979
-0.0002814481724
-0.0002460844459
-0.0002152483815
-0.000188304597
-0.0001647113668
-0.0001440087128
-0.0001258031567
-0.0001097551526
-9.557091774e-05
-8.299511254e-05
-7.180479766e-05
-6.180371416e-05
-5.28182612e-05
-4.469432483e-05
-3.729512772e-05
-3.049565362e-05
-2.419103857e-05
-1.82525719e-05
-1.269427451e-05
-7.064898149e-06
-3.181836232e-06
-0.08016689215
-0.08776191074
-0.09380668336
-0.09823083227
-0.101010941
-0.1021936417
-0.1017860529
-0.09985233807
-0.09653853519
-0.0920687066
-0.08668605962
-0.08063331123
-0.07415370013
-0.06747974058
-0.06081693605
-0.0543345967
-0.04816306309
-0.04239504794
-0.03708746168
-0.03226719103
-0.02793827147
-0.02408712784
-0.02068934482
-0.01771262189
-0.01511646721
-0.01286576261
-0.01092138583
-0.009251120994
-0.007824104263
-0.006598532531
-0.005560665648
-0.004686571742
-0.003945586076
-0.003320617454
-0.002795194024
-0.002352579171
-0.001980065558
-0.001667491227
-0.001405470028
-0.001185782335
-0.001001804639
-0.0008478459306
-0.0007189621668
-0.0006108634049
-0.0005201003462
-0.0004438673396
-0.0003797054772
-0.0003255562592
-0.0002797555803
-0.0002409317323
-0.0002079286582
-0.0001797838552
-0.0001557088634
-0.0001350559981
-0.0001172869072
-0.0001019513045
-8.867353765e-05
-7.714123888e-05
-6.70934903e-05
-5.831040352e-05
-5.060562448e-05
-4.382037887e-05
-3.781862546e-05
-3.24830101e-05
-2.771160426e-05
-2.341524973e-05
-1.951579006e-05
-1.594278281e-05
-1.263752222e-05
-9.530157198e-06
-6.625217165e-06
-3.688128515e-06
-1.655717418e-06
-0.08967447674
-0.09819290975
-0.1048604591
-0.1096267614
-0.1124986007
-0.1134734857
-0.112569128
-0.1098681124
-0.1055711395
-0.09995353145
-0.09331224145
-0.08595350831
-0.07818538481
-0.07029525643
-0.06253005813
-0.05508472993
-0.04810156994
-0.04167669425
-0.03585850953
-0.0306598474
-0.02606807437
-0.0220496682
-0.01855978964
-0.01555076207
-0.01297583048
-0.01078556502
-0.008919887524
-0.007355202529
-0.006052390699
-0.004959545247
-0.004050088417
-0.00329992301
-0.002680672991
-0.002169707696
-0.001750149123
-0.001407240309
-0.00112789745
-0.000901326164
-0.0007183385392
-0.0005710221419
-0.0004528502182
-0.0003584589225
-0.000283243877
-0.0002234825112
-0.0001761204255
-0.0001387265659
-0.0001092739271
-8.61033631e-05
-6.789664314e-05
-5.36085683e-05
-4.240057407e-05
-3.360339788e-05
-2.669183282e-05
-2.125680732e-05
-1.697823642e-05
-1.360447981e-05
-1.093806113e-05
-8.825112799e-06
-7.14590601e-06
-5.806923978e-06
-4.734858671e-06
-3.872153722e-06
-3.173601042e-06
-2.603623412e-06
-2.134096391e-06
-1.742678388e-06
-1.411584156e-06
-1.126615567e-06
-8.766417103e-07
-6.521722796e-07
-4.483257347e-07
-2.517045758e-07
-1.029212643e-07
-0.1012036815
-0.1107753293
-0.1181293765
-0.1232569143
-0.1262147148
-0.1269394369
-0.125392715
-0.1217147934
-0.1161801717
-0.109121157
-0.1009019557
-0.09191830887
-0.08256543462
-0.0731996602
-0.06412167463
-0.05555367717
-0.04764531616
-0.04049182028
-0.0341274168
-0.02854385038
-0.02370516153
-0.01955232533
-0.01601036842
-0.013002836
-0.01049316133
-0.008412454064
-0.006685392342
-0.005268873584
-0.004115985217
-0.003171449058
-0.002407128429
-0.001799168221
-0.001317070057
-0.0009353021848
-0.0006360723477
-0.000404917096
-0.0002288199239
-9.677732019e-05
1.83665376e-07
6.944787444e-05
0.0001170755894
0.0001479398553
0.0001662186994
0.0001749586268
0.000176696891
0.0001734274602
0.0001667057847
0.0001577332854
0.0001474176759
0.000136429976
0.0001252585513
0.0001142498498
0.0001036381806
9.357183163e-05
8.413635575e-05
7.537287373e-05
6.729095728e-05
5.987767997e-05
5.310481842e-05
4.693438502e-05
4.132256702e-05
3.622245136e-05
3.158591493e-05
2.736493427e-05
2.351252411e-05
1.998318073e-05
1.673342393e-05
1.372043734e-05
1.090714393e-05
8.242154518e-06
5.73963108e-06
3.191757154e-06
1.460992421e-06
-0.1152501142
-0.1259859463
-0.1340861221
-0.1396399067
-0.1426283767
-0.1429778679
-0.1406339085
-0.1357605062
-0.1286843102
-0.1198051179
-0.1095956981
-0.09858358533
-0.08727739619
-0.07611758179
-0.0654733349
-0.05559804885
-0.04664411163
-0.03869465193
-0.03176264887
-0.02580567116
-0.02075208245
-0.01650936866
-0.01297565795
-0.01005525535
-0.007675570208
-0.005743704671
-0.004189550208
-0.002957255561
-0.001986276751
-0.001216874881
-0.0006271607002
-0.0001872761446
0.0001372842447
0.0003727720388
0.0005371470506
0.0006447274484
0.0007080879407
0.0007377791328
0.0007422230847
0.0007281284843
0.0007008892208
0.0006647492069
0.000623308669
0.0005788362356
0.0005332549594
0.0004880128302
0.0004441239471
0.0004022741667
0.0003629036073
0.000326261563
0.0002924515488
0.0002614701062
0.000233237517
0.0002076224334
0.0001844616489
0.000163575167
0.0001447766917
0.0001278803716
0.0001127054173
9.907897424e-05
8.683777116e-05
7.5828886e-05
6.590989965e-05
5.694866797e-05
4.882286856e-05
4.141910027e-05
3.463267954e-05
2.836392839e-05
2.25277158e-05
1.70121583e-05
1.184007089e-05
6.584259292e-06
2.993704656e-06
-0.1324481966
-0.1443986403
-0.1532547169
-0.159260157
-0.1622965624
-0.1621754884
-0.158853615
-0.1525055317
-0.1434709469
-0.1322591282
-0.1195113053
-0.1059406628
-0.0922078789
-0.07886645246
-0.06636545159
-0.05498789495
-0.04487779817
-0.03609171363
-0.0285998042
-0.02230744451
-0.01709677137
-0.0128287984
-0.009374999447
-0.006614533363
-0.004429050434
-0.002702943616
-0.001377711289
-0.0003823902109
0.0003559178838
0.0008969489799
0.001274901036
0.001521966162
0.001669542529
0.001742221072
0.001757898168
0.001730645912
0.001672225494
0.001592252456
0.001498279388
0.001396155327
0.001290427459
0.001184586183
0.001081267139
0.0009820331171
0.0008880619889
0.0008001188055
0.0007185976716
0.0006436152037
0.0005750938422
0.0005128166267
0.0004564678336
0.0004056681376
0.0003600035049
0.0003190470527
0.0002823752093
0.0002495790136
0.0002202711727
0.0001940896338
0.0001706990395
0.0001497907033
0.0001310816955
0.000114313392
9.924973235e-05
8.567528265e-05
7.339333641e-05
6.22236227e-05
5.200131079e-05
4.257096595e-05
3.380037064e-05
2.551857661e-05
1.775653515e-05
9.8741119e-06
4.482234009e-06
-0.1537200807
-0.1667645872
-0.1763873436
-0.1828097443
-0.1858370113
-0.1852019996
-0.180796296
-0.1726819131
-0.1611786674
-0.1469679982
-0.1309523304
-0.114116298
-0.09733290326
-0.08131053229
-0.06659885462
-0.05350586822
-0.04213014221
-0.03246684432
-0.02443660829
-0.01788118101
-0.01261100437
-0.008419107875
-0.005148916236
-0.002640768649
-0.0007433010867
0.0006723438704
0.001692620249
0.00239828205
0.002862478699
0.003143144032
0.003282294913
0.003313128631
0.003263971618
0.003157682533
0.003011648779
0.002839183679
0.002650797842
0.00245477664
0.002257469249
0.002063611654
0.001876691542
0.001699296245
0.001532797667
0.001378004344
0.001235258098
0.001104529413
0.0009855063792
0.0008776761997
0.0007803951889
0.0006929390767
0.0006145407947
0.0005444217248
0.0004818167401
0.0004259918621
0.0003762558655
0.0003319669464
0.0002925353089
0.0002574227455
0.0002261403737
0.0001982453583
0.000173337171
0.0001510537316
0.0001310676144
0.0001130823795
9.682917618e-05
8.206304348e-05
6.856109492e-05
5.611420689e-05
4.454490954e-05
3.362565041e-05
2.339468885e-05
1.300873268e-05
5.901065055e-06
-0.1801369424
-0.1938458773
-0.2039863159
-0.2109473056
-0.2141462057
-0.2130389191
-0.2073511395
-0.1969838965
-0.1822885465
-0.1641985689
-0.1439481535
-0.1229334596
-0.1023578485
-0.08309727906
-0.06577589585
-0.05073978676
-0.03803465381
-0.0275510406
-0.01907936116
-0.01239330175
-0.007215582546
-0.003265882523
-0.0003186609105
0.001825841231
0.003341093792
0.004369065791
0.005019325777
0.00538015029
0.005524288107
0.005509475859
0.005379820726
0.005168670124
0.00490227713
0.004601356479
0.004281615349
0.003954702746
0.003629338494
0.003312071575
0.003007686164
0.00271951528
0.00244976727
0.002199913017
0.001969958007
0.001759710667
0.001568609427
0.001395751335
0.001240033369
0.001100247546
0.0009751364856
0.0008634325037
0.0007638902964
0.0006753137137
0.0005965752697
0.0005266281219
0.0004645116655
0.0004093523939
0.0003603610104
0.0003168271342
0.000278112801
0.0002436455743
0.0002129117732
0.000185450122
0.0001608458626
0.0001387253358
0.0001187511204
0.0001006169749
8.404514926e-05
6.877567868e-05
5.458853727e-05
4.120288921e-05
2.866342922e-05
1.593709379e-05
7.227243535e-06
-0.2127674261
-0.2267424552
-0.2370101466
-0.2439770249
-0.2479077865
-0.247385426
-0.2407772325
-0.2275815544
-0.2084987143
-0.1850832027
-0.1591575874
-0.1326164336
-0.1071308661
-0.08385950181
-0.06349083483
-0.04628632528
-0.03222500909
-0.02103147248
-0.01231869869
-0.005706834508
-0.00081134467
0.00272180803
0.005188286937
0.006830632493
0.007846687701
0.008394321213
0.008596261187
0.008546630165
0.008318555306
0.007968584865
0.007539295403
0.007062035796
0.006560129185
0.006051061211
0.005547627893
0.005058915723
0.004591297017
0.004149179433
0.003735442273
0.003351743782
0.002998822543
0.002676773201
0.00238415155
0.002119619021
0.001881552142
0.001668079901
0.00147723635
0.001307059358
0.001155634512
0.001021121474
0.0009017782146
0.0007959810732
0.0007022371028
0.0006191885202
0.0005456107488
0.0004804059557
0.0004225936053
0.0003712995362
0.0003257447661
0.0002852347742
0.0002491496623
0.0002169353112
0.0001880954434
0.0001621845628
0.0001388015895
0.000117583451
9.82021745e-05
8.035071234e-05
6.376862698e-05
4.812737934e-05
3.347725821e-05
1.861326037e-05
8.439744925e-06
-0.2532178802
-0.2656540642
-0.2782754211
-0.2842847312
-0.2878323344
-0.28814111
-0.2812800068
-0.2650030827
-0.2404335592
-0.2100741633
-0.1765972402
-0.1428800816
-0.1111441313
-0.08299686455
-0.05915104948
-0.039695858
-0.02437032896
-0.01265104067
-0.003938382071
0.002339969643
0.006702767325
0.009596788507
0.01138727186
0.01236201323
0.01274458605
0.01270652736
0.0123770702
0.01185203059
0.01120238555
0.01048053708
0.009724422488
0.008960866119
0.008208647711
0.007480842257
0.006786318825
0.006130806108
0.005517774232
0.004949099406
0.004425466129
0.003946703431
0.003511941794
0.003119212941
0.002766015692
0.002449624631
0.002167135615
0.001915586365
0.001692074771
0.001493833373
0.001318257673
0.001162918298
0.001025572353
0.0009041727235
0.0007968706021
0.0007020103283
0.0006181180355
0.0005438864987
0.0004781582091
0.0004199083274
0.0003682286709
0.0003223131996
0.0002814452467
0.0002449863309
0.0002123661439
0.0001830740981
0.0001566517994
0.0001326849803
0.0001108012644
9.065026478e-05
7.193695078e-05
5.428688019e-05
3.776067802e-05
2.099473488e-05
9.518505044e-06
-0.2944425884
-0.3226264763
-0.3341826832
-0.3413178333
-0.3413532354
-0.3320264101
-0.3115346625
-0.2795633777
-0.239765982
-0.196148087
-0.1531203687
-0.1136776072
-0.07975098013
-0.05201024234
-0.03027876378
-0.01390058066
-0.001994581535
0.006336711787
0.01190378196
0.01539309634
0.0173611204
0.01824196563
0.01836370997
0.01796957651
0.01723752633
0.01629586504
0.01523569967
0.01412102493
0.01299626799
0.0118915672
0.01082666079
0.009813956971
0.00886085609
0.007971339788
0.007147043516
0.00638803044
0.005693326275
0.005061236051
0.004489606529
0.003975849189
0.003515908337
0.003105814759
0.002741394827
0.002418318583
0.00213237654
0.001879632868
0.001656468323
0.001459574258
0.001285938244
0.00113283435
0.0009978158766
0.0008787045396
0.0007735734197
0.0006807245969
0.0005986643403
0.000526078372
0.0004618088142
0.0004048336313
0.000354248625
0.0003092519497
0.0002691313585
0.0002332523593
0.0002010473363
0.0001720069506
0.0001456715176
0.0001216349743
9.950418574e-05
7.895681518e-05
5.958336958e-05
4.144387353e-05
2.304138641e-05
1.044559288e-05
-0.3189089968
-0.3261992141
-0.3643750195
-0.3744689497
-0.3807881467
-0.37545369
-0.3541304612
-0.3165463639
-0.267812915
-0.2139963072
-0.1611486149
-0.1135143342
-0.07350868364
-0.04183534264
-0.0180124573
-0.0009256245759
0.01074688939
0.01827090589
0.02273480836
0.02501450051
0.02578321035
0.02554040876
0.02464621006
0.02335456038
0.02184136991
0.0202263269
0.01858918939
0.01698180968
0.01543678381
0.01397347413
0.01260222527
0.01132741328
0.01014963945
0.009067221816
0.008077165115
0.007175796384
0.006359134974
0.005623073092
0.004963515421
0.00437595977
0.003854348088
0.003393078288
0.002986280578
0.002628013696
0.002312676773
0.002035215078
0.001791134235
0.001576440695
0.001387579766
0.001221391453
0.001075079574
0.0009461839009
0.0008325490364
0.0007322900101
0.0006437578131
0.000565507486
0.0004962700041
0.0004349281753
0.0003804960271
0.0003321002209
0.0002889656141
0.0002504049441
0.0002158049941
0.0001846149154
0.0001563394821
0.0001305267903
0.0001067713347
8.472037822e-05
6.393048885e-05
4.446554605e-05
2.472037162e-05
1.120642425e-05
-0.3305387888
-0.3388278421
-0.3742088502
-0.3861566668
-0.3931424938
-0.3895657215
-0.3683738125
-0.3293214817
-0.2767134706
-0.2177436644
-0.1592781193
-0.1065724277
-0.06268856241
-0.02858668398
-0.003703296479
0.01337342284
0.02430808566
0.0306689958
0.03377788001
0.03467104613
0.03411929265
0.03267358376
0.03071520918
0.02850048297
0.02619686361
0.02391034262
0.02170530058
0.019618484
0.01766861444
0.01586287159
0.01420125061
0.01267950783
0.01129114208
0.01002868549
0.008884502016
0.007851282475
0.006922236036
0.006091225221
0.00535251776
0.004699117621
0.00412379286
0.003619111135
0.003177262964
0.002790543567
0.002451876017
0.002155056469
0.001894736068
0.001666292025
0.001465698792
0.001289436473
0.001134429701
0.0009979992413
0.000877815193
0.00077185045
0.0006783375016
0.0005957308799
0.0005226754319
0.0004579798695
0.0004005947461
0.0003495919421
0.000304148207
0.0002635322843
0.00022709551
0.0001942565418
0.0001644923633
0.0001373292134
0.000112331268
8.912826334e-05
6.725402056e-05
4.67757974e-05
2.600410106e-05
1.178814123e-05
-0.3327907484
-0.3437852769
-0.3663772936
-0.3872460277
-0.3928617078
-0.3888727651
-0.3654485101
-0.3250889899
-0.2702769996
-0.2094666873
-0.1491271401
-0.0948388757
-0.04986968567
-0.01529443916
0.009433502814
0.02585486515
0.03580006069
0.04099124709
0.04287397508
0.0425721017
0.0409103272
0.03846720768
0.03563339198
0.03266290207
0.02971410197
0.02688060754
0.02421354796
0.02173694754
0.01945799946
0.01737382736
0.01547591219
0.01375294113
0.01219261508
0.01078279435
0.00951214312
0.00837054549
0.0073491326
0.006440485809
0.005637656873
0.004931832674
0.004314551942
0.003776807421
0.003309010526
0.002901789755
0.002546694517
0.002236481397
0.001965055573
0.001727269384
0.001518725397
0.001335635835
0.001174728982
0.001033178326
0.0009085394374
0.0007986921709
0.000701790571
0.0006162216499
0.0005405717434
0.0004735989597
0.0004142085355
0.0003614347877
0.000314423819
0.0002724173019
0.0002347381973
0.0002007836521
0.0001700111815
0.0001419313356
0.0001160914727
9.210908293e-05
6.950193038e-05
4.833853229e-05
2.687257809e-05
1.218162136e-05
-0.3252604026
-0.3384358132
-0.3560197873
-0.3739867866
-0.3792347115
-0.3716972257
-0.348635733
-0.3087085283
-0.2556415386
-0.1962083577
-0.1372468039
-0.08414843131
-0.04022761279
-0.006472213689
0.01748290293
0.03312819047
0.04229617246
0.04672837591
0.04789162037
0.04692590076
0.04466509207
0.04169083173
0.0383923168
0.03501921128
0.03172394436
0.02859350232
0.02567243215
0.02297865228
0.02051382625
0.01827020047
0.01623506867
0.0143935797
0.01273049805
0.01123138438
0.0098831068
0.008674378068
0.007595566135
0.006638971524
0.00579661027
0.005059077694
0.004416961188
0.003860066951
0.003377593552
0.002959058905
0.002595111209
0.002277834697
0.002000655059
0.001758089437
0.00154550831
0.001358964079
0.001195074836
0.001050936125
0.0009240451907
0.0008122351629
0.000713620725
0.0006265548553
0.0005495944601
0.0004814714551
0.0004210695545
0.0003674041943
0.0003196044201
0.000276896019
0.0002385897474
0.0002040715723
0.0001727898612
0.0001442476958
0.0001179841666
9.360965867e-05
7.063350916e-05
4.91248493e-05
2.730940012e-05
1.237933134e-05
-0.3334593286
-0.328614136
-0.333405191
-0.3286175335
-0.3235868853
-0.314554003
-0.3236141905
-0.3145444019
-0.3311183615
-0.3331148817
-0.3310559507
-0.3330668121
-0.3388572319
-0.3381864576
-0.3250288301
-0.3233902026
-0.3339708523
-0.3171570323
-0.3275811505
-0.3253082635
-0.3339184702
-0.3171537758
-0.3275716867
-0.3333474061
-0.3344368358
-0.3350672277
-0.3332873451
-0.3388678722
-0.3382406384
-0.3333599002
-0.3344553119
-0.335075578
-0.3333228113
-0.3218485034
-0.3237160983
-0.3228551714
-0.3204138217
-0.3228824191
-0.3206626777
-0.3214054694
-0.3159165942
-0.3147508362
-0.3166453048
-0.313135062
-0.3167764943
-0.312893398
-0.3160670003
-0.3250499508
-0.3233966996
-0.321851173
-0.3237200367
-0.3228601821
-0.3204023915
-0.3228865917
-0.3206639747
-0.3214080677
-0.3159178792
-0.3147512825
-0.3166353017
-0.3131303516
-0.3167778674
-0.3128937039
-0.3160665819
-0.3203228081
-0.3304163329
-0.3203960187
-0.3305050406
-0.3280080715
-0.3312008634
-0.3522762063
-0.3188998841
-0.3280385211
-0.3309952455
-0.3522980918
-0.3367423991
-0.3367022999
-0.3261823018
-0.3326946618
-0.3409666705
-0.3303684989
-0.3262409481
-0.3325995086
-0.3410157445
-0.3402742304
-0.3290293629
-0.3367830143
-0.3328484342
-0.3402228499
-0.329044905
-0.336860475
-0.3550073135
-0.3414589147
-0.3638545431
-0.3437479345
-0.3550264152
-0.3415352867
-0.3638176332
-0.3253560102
-0.3219630613
-0.3220267562
-0.3241651191
-0.3273773226
-0.327286516
-0.3242369037
-0.3496926824
-0.3324942873
-0.3487923437
-0.3383776236
-0.3497404969
-0.3324839881
-0.3487862996
-0.3347700074
-0.3333566924
-0.3351623239
-0.3327791286
-0.3352023598
-0.332884888
-0.334537437
-0.3322399276
-0.328820556
-0.3312070583
-0.3303278264
-0.3311703834
-0.3309378905
-0.3321085646
-0.3347806804
-0.3333582747
-0.3351738378
-0.3328185529
-0.3352116082
-0.3328941239
-0.3345662642
-0.3322482477
-0.3288253771
-0.3311957541
-0.3303642722
-0.3311751611
-0.3309465615
-0.3321304917
-0.3338790905
-0.3326706503
-0.3316629628
-0.3309141609
-0.332620764
-0.3316827854
-0.3338509775
-0.3330318961
-0.3349834221
-0.3352630185
-0.3347143003
-0.3320089376
-0.3320553055
-0.3346321389
-0.3368146713
-0.3367153628
-0.3338842616
-0.3309008505
-0.3327110023
-0.331670177
-0.332625569
-0.3316817529
-0.333869614
-0.3330316316
-0.3351111177
-0.335273876
-0.3347187073
-0.3320663084
-0.3320600784
-0.334670244
-0.327074327
-0.3302707118
-0.3311058653
-0.3333679441
-0.3299961469
-0.3306252658
-0.3273084423
-0.3171882103
-0.3188919419
-0.3188923958
-0.32141866
-0.3200204481
-0.31989432
-0.3215564893
-0.3245599231
-0.3288203855
-0.3234625804
-0.326924653
-0.3282166961
-0.3231687204
-0.3248404749
-0.3253601594
-0.3219569717
-0.3220284793
-0.324168975
-0.3273832116
-0.327288572
-0.3242486258
-0.3270782624
-0.3333678555
-0.3302482785
-0.331131377
-0.3299976768
-0.3306308802
-0.3273140574
-0.3171896758
-0.3188798533
-0.3188942066
-0.3214202648
-0.3200224987
-0.3198962457
-0.3215512701
-0.324561596
-0.3269269739
-0.3288202451
-0.3234667136
-0.3282178628
-0.3231715326
-0.324842513
-0.2941461557
-0.3143651661
-0.2941008282
-0.3143354833
-0.2936679181
-0.3165071194
-0.3313286898
-0.2944519322
-0.2936417222
-0.3165389653
-0.3313333625
-0.330867203
-0.3310057821
-0.3452456187
-0.3098352712
-0.3312982738
-0.317149466
-0.3068972664
-0.3295463507
-0.3446631172
-0.3186995199
-0.3483718489
-0.374585318
-0.3262275362
-0.3186748736
-0.3484030766
-0.3745542407
-0.3307656336
-0.3301308933
-0.3307753038
-0.3321210331
-0.3303802955
-0.32955584
-0.3323736251
-0.3396095389
-0.3477464346
-0.3725994734
-0.3388074045
-0.3395688327
-0.3478060057
-0.3725486207
-0.3328097491
-0.3327155056
-0.3327215421
-0.3340400364
-0.334059732
-0.334002015
-0.3340832908
-0.3549455581
-0.3444915927
-0.346166091
-0.3416416378
-0.3420029631
-0.3451590821
-0.3550506975
-0.3622247914
-0.3696818797
-0.3848831575
-0.3664522387
-0.3621749546
-0.369697797
-0.3848821159
-0.3358962912
-0.3371622788
-0.3346802892
-0.3384903678
-0.3438266236
-0.3407996183
-0.3418039725
-0.3593907269
-0.3552048768
-0.3678818769
-0.3560262741
-0.3593882925
-0.3552070558
-0.367881213
-0.3279962611
-0.3199943122
-0.3281439665
-0.3193922178
-0.3190433224
-0.3271253957
-0.3286306336
-0.3361968064
-0.3360247038
-0.3349375991
-0.335084221
-0.3317633834
-0.3303303071
-0.3317518618
-0.3302723073
-0.3288740703
-0.32835532
-0.3306250487
-0.3308732764
-0.3232672201
-0.3224825352
-0.3310226702
-0.3280011495
-0.3193954976
-0.319964027
-0.3282143561
-0.3190278179
-0.327127499
-0.3286623828
-0.3362193188
-0.3360367939
-0.3349465454
-0.3350796338
-0.3303263504
-0.3318906923
-0.3317734155
-0.3302984551
-0.3291011631
-0.3283698038
-0.3307345241
-0.3309112965
-0.3278412641
-0.3293291016
-0.3325858853
-0.3282479158
-0.3323693482
-0.3291912083
-0.3258023533
-0.3226226457
-0.3376004512
-0.3529481829
-0.3197876361
-0.3361327657
-0.3275490817
-0.3452649174
-0.3171405582
-0.3098559544
-0.3312058356
-0.306905274
-0.3294955913
-0.3446889697
-0.3308186328
-0.3279025468
-0.3290822658
-0.3327292306
-0.3281243692
-0.3324436285
-0.3293067852
-0.3258425455
-0.3529561006
-0.3226814806
-0.3376819125
-0.3198092429
-0.3361661023
-0.327646101
-0.335725454
-0.3306697896
-0.3439090077
-0.3236881271
-0.3288900192
-0.3447777381
-0.3364634346
-0.3324279535
-0.3314091952
-0.3312394179
-0.3327106899
-0.3340299503
-0.3339232628
-0.3330440984
-0.3350717131
-0.3395958329
-0.3365602137
-0.3405091849
-0.3387033711
-0.3363757595
-0.3356895987
-0.3300917664
-0.330818717
-0.330777508
-0.3321236029
-0.3302426584
-0.3295684483
-0.3323586502
-0.3357333627
-0.323690748
-0.3306696925
-0.3439104391
-0.3289056627
-0.3447756678
-0.3364722815
-0.3324252479
-0.3314151767
-0.3312413335
-0.3327061936
-0.334005528
-0.3339227022
-0.3329948974
-0.3350753548
-0.3405152063
-0.3396247105
-0.3365940606
-0.338703296
-0.3363812505
-0.3356965338
-0.3366230495
-0.3365467755
-0.3408323539
-0.339362102
-0.3362052689
-0.34055982
-0.3367471499
-0.3291230153
-0.3314524443
-0.3313675462
-0.3305128546
-0.3305896082
-0.3327665525
-0.3328239345
-0.3330681668
-0.336582689
-0.3330935818
-0.3352163894
-0.3390447171
-0.3386612976
-0.3353803735
-0.3328182928
-0.3327325874
-0.3327266219
-0.3340441999
-0.334098289
-0.3340058073
-0.3340918146
-0.3366279434
-0.339361736
-0.3365543736
-0.3408557305
-0.3362091549
-0.3405651911
-0.3367579074
-0.3291279737
-0.3314287287
-0.3313700901
-0.3305695504
-0.3305960722
-0.3327687898
-0.3328305796
-0.3365916821
-0.3331630249
-0.3331036613
-0.3352168787
-0.3390498051
-0.3386600221
-0.335387287
-0.3408076624
-0.3475575893
-0.343548252
-0.3475991396
-0.3425783751
-0.3456991558
-0.3492548059
-0.3505006525
-0.3568741234
-0.3551083724
-0.3619853511
-0.3543306527
-0.3506108958
-0.3536581569
-0.354953061
-0.3416450484
-0.3444647455
-0.3462067021
-0.3420053509
-0.34516909
-0.3550551571
-0.3408179587
-0.3475590001
-0.3435576998
-0.347600392
-0.342579381
-0.3457003585
-0.3492576097
-0.3505068109
-0.361985621
-0.3568852254
-0.355075442
-0.3543403015
-0.3506114785
-0.3536619833
-0.3419814889
-0.3490678398
-0.3539084074
-0.3459822958
-0.3425320374
-0.3521379903
-0.3488271966
-0.3336051873
-0.3309822542
-0.3322053971
-0.3356749857
-0.3386162588
-0.334537787
-0.3395372198
-0.3382254408
-0.3489863964
-0.3456604825
-0.3460484556
-0.3462200978
-0.3372388756
-0.3463891036
-0.3371624189
-0.3358980282
-0.3346829512
-0.3384900176
-0.3437952058
-0.3407968768
-0.3417855775
-0.3419803127
-0.3459886686
-0.3491036752
-0.353904061
-0.3425350331
-0.3521369094
-0.3488285405
-0.3309826429
-0.3336157952
-0.3322056347
-0.3356779922
-0.3386220449
-0.3345387103
-0.3395657638
-0.3382276217
-0.3460494968
-0.3490254861
-0.3456652474
-0.3462252203
-0.337240112
-0.3464025986
-0.3233125914
-0.323051049
-0.2989604234
-0.3005983946
-0.3233479677
-0.3230452568
-0.2989446377
-0.3006058241
-0.3436617937
-0.3580075152
-0.3460983763
-0.3423182034
-0.3574833397
-0.3442764208
-0.346349629
-0.3461033599
-0.3437183409
-0.3580580135
-0.3423137399
-0.3574748642
-0.3442622242
-0.3463708144
-0.3161812209
-0.3150194628
-0.3134869744
-0.3187067551
-0.3188193687
-0.3199332187
-0.309757451
-0.3081842961
-0.3063615037
-0.3105661938
-0.3103056733
-0.3109622951
-0.307783878
-0.3062386249
-0.3043822877
-0.3125307942
-0.3122365717
-0.3129613179
-0.3161828994
-0.3150210436
-0.3134885425
-0.318708252
-0.3188205363
-0.3199341499
-0.3097578821
-0.3081846267
-0.3063618255
-0.3105618668
-0.3103012094
-0.3109576036
-0.3077837243
-0.3062384301
-0.3043821102
-0.3125286649
-0.3122340757
-0.3129585586
)
;

boundaryField
{
    inlet
    {
        type            zeroGradient;
    }
    outlet
    {
        type            fixedValue;
        value           uniform 0;
    }
    topAndBottom
    {
        type            symmetry;
    }
    frontAndBack
    {
        type            empty;
    }
    cylinder
    {
        type            zeroGradient;
    }
    procBoundary1to0
    {
        type            processor;
        value           nonuniform List<scalar> 
116
(
-0.0381343509
-0.03851529504
-0.03928764241
-0.04046704812
-0.04208243813
-0.04417287829
-0.046791366
-0.05000779674
-0.05391273228
-0.05862400149
-0.0642961044
-0.07113038365
-0.07939825364
-0.08946636732
-0.101824406
-0.1171523351
-0.1365327737
-0.161258252
-0.1931106286
-0.2857967498
-0.2330770723
-0.249801606
-0.2329419389
-0.2496919694
-0.2857504164
-0.2857967498
-0.2857967498
-0.2857967498
-0.3445555459
-0.3444921078
-0.3386338493
-0.3451484239
-0.3382128736
-0.3382128736
-0.344373812
-0.3386338493
-0.3269858305
-0.3235629469
-0.3359888654
-0.3376008075
-0.3342251482
-0.3318655772
-0.3386483494
-0.3451597076
-0.3383682472
-0.3383682472
-0.3444395954
-0.3386483494
-0.336007636
-0.3376604963
-0.3342463599
-0.3318744478
-0.3270048317
-0.3235691524
-0.3435260847
-0.3256235298
-0.3434103506
-0.3445224592
-0.337826704
-0.337826704
-0.3378431582
-0.3378431582
-0.3395909752
-0.3398388134
-0.3390697443
-0.3390668163
-0.3445144453
-0.3378304795
-0.3378304795
-0.3378793214
-0.3378793214
-0.3396239256
-0.3398362104
-0.3390696942
-0.3390564219
-0.3173512403
-0.2857504164
-0.2857504164
-0.2857504164
-0.3174112675
-0.3224817512
-0.3337003922
-0.3232489639
-0.3232489639
-0.3232489639
-0.3338655781
-0.3224817512
-0.3224817512
-0.3224817512
-0.3434782671
-0.3401343173
-0.3401380625
-0.3337045237
-0.3249722905
-0.3338933287
-0.3434583648
-0.3401258014
-0.3401044897
-0.3020453147
-0.3157508925
-0.3006193641
-0.3157595046
-0.3020842266
-0.3006140613
-0.3269858305
-0.327716612
-0.3289615477
-0.3270048317
-0.32773483
-0.3289796185
-0.3235629469
-0.3230344674
-0.3215719138
-0.3235691524
-0.3230405902
-0.3215778813
)
;
    }
    procBoundary1to3
    {
        type            processor;
        value           nonuniform List<scalar> 
125
(
-0.3739829893
-0.3792255466
-0.3717108069
-0.3486092819
-0.3086667522
-0.2555939609
-0.1961633435
-0.1372079524
-0.08411757048
-0.04020337441
-0.006454754511
0.01749386117
0.03313383186
0.0422984912
0.04672745368
0.04788867405
0.0469220599
0.04466090237
0.04168665625
0.03838840765
0.03501562226
0.03172073473
0.02859062609
0.02566986014
0.02297647655
0.0205120546
0.01826874627
0.01623384714
0.01439254645
0.01272964814
0.01123061718
0.009882434326
0.008673775253
0.007595227124
0.006638855166
0.005796525467
0.005059008052
0.004416924898
0.003860056219
0.003377595952
0.002959066454
0.002595119822
0.00227784229
0.002000660772
0.001758093379
0.001545511127
0.001358966444
0.001195077184
0.001050938631
0.0009240478701
0.0008122379697
0.0007136235979
0.0006265577156
0.0005495972618
0.0004814741405
0.000421072263
0.0003674070253
0.0003196070747
0.0002768983953
0.0002385919659
0.000204073563
0.0001727914982
0.0001442489412
0.0001179850143
9.361014882e-05
7.063372915e-05
4.91249081e-05
2.730935081e-05
1.237938425e-05
-0.3171591468
-0.3324972224
-0.3552104376
-0.3145567973
-0.3145480739
-0.3275832624
-0.317158
-0.3275775743
-0.3147529692
-0.3131388349
-0.3128967073
-0.3147537688
-0.3131343375
-0.3128971288
-0.3487950255
-0.3324891533
-0.3487892044
-0.31718935
-0.3200220229
-0.3198944332
-0.3234647966
-0.3269254752
-0.3231696527
-0.3171915329
-0.3200279021
-0.3198977079
-0.3269291999
-0.3234738929
-0.3231743583
-0.3678864126
-0.3552126122
-0.3678856911
-0.3309842144
-0.3386191708
-0.3345398954
-0.3456633822
-0.3460507827
-0.3372411827
-0.3309854855
-0.3386261366
-0.3345413326
-0.3460519196
-0.3456687125
-0.3372426741
-0.3105699695
-0.3103095119
-0.310966218
-0.3077872206
-0.3062420312
-0.3043857482
-0.3105662369
-0.3103057353
-0.3109622852
-0.3077873344
-0.306242146
-0.3043859039
)
;
    }
}


// ************************************************************************* //
