/*--------------------------------*- C++ -*----------------------------------*\
| =========                 |                                                 |
| \\      /  F ield         | OpenFOAM: The Open Source CFD Toolbox           |
|  \\    /   O peration     | Version:                                        |
|   \\  /    A nd           | Website:  www.openfoam.com                      |
|    \\/     M anipulation  |                                                 |
\*---------------------------------------------------------------------------*/
FoamFile
{
    version     2.0;
    format      ascii;
    class       volScalarField;
    location    "10";
    object      p;
}
// * * * * * * * * * * * * * * * * * * * * * * * * * * * * * * * * * * * * * //

dimensions      [0 2 -2 0 0 0 0];


internalField   nonuniform List<scalar> 
2429
(
-0.04865615727
-0.0528703132
-0.05662511013
-0.05987411634
-0.06258154818
-0.06472370227
-0.06628927384
-0.06727914559
-0.06770587386
-0.06759325693
-0.06697437755
-0.06589044358
-0.06438932599
-0.06252263802
-0.06034219938
-0.05790353406
-0.05526443167
-0.05247973151
-0.0495995732
-0.04666938025
-0.04372978507
-0.04081619056
-0.03795847173
-0.03518103242
-0.03250312225
-0.0299393049
-0.02750002098
-0.0251921933
-0.02301981413
-0.02098446752
-0.01908576765
-0.01732171664
-0.01568899813
-0.01418322487
-0.012799156
-0.01153089611
-0.01037208245
-0.009316061372
-0.008356048726
-0.007485267372
-0.006697054639
-0.005984957965
-0.00534275212
-0.004764891246
-0.004245811845
-0.00377975411
-0.00336185678
-0.002987720935
-0.002653109424
-0.002354104336
-0.0020871793
-0.00184908753
-0.001636839369
-0.001447726974
-0.001279280316
-0.001129274671
-0.0009956766255
-0.0008766442525
-0.0007705204374
-0.0006758088388
-0.00059116748
-0.0005153790354
-0.0004473382316
-0.0003860472565
-0.0003306064963
-0.0002801871126
-0.0002340363381
-0.0001914427916
-0.0001518162921
-0.0001143580735
-7.933470885e-05
-4.345012491e-05
-2.084391182e-05
-0.04908054186
-0.05334464463
-0.05713955024
-0.06041814523
-0.0631443572
-0.06529444661
-0.06685730614
-0.06783424762
-0.06823855996
-0.06809533224
-0.06743867428
-0.06631055641
-0.06476049053
-0.06284222431
-0.06060996511
-0.05812112287
-0.05543364694
-0.05260274127
-0.04967945967
-0.04671009315
-0.04373575109
-0.04079200277
-0.03790871994
-0.03511018325
-0.03241541189
-0.02983865405
-0.02738997902
-0.02507590687
-0.02290001455
-0.02086347365
-0.01896550152
-0.01720373035
-0.01557450951
-0.01407315793
-0.01269418216
-0.01143147374
-0.01027849241
-0.009228438861
-0.008274411646
-0.007409538987
-0.006627085993
-0.005920549796
-0.005283692126
-0.004710949765
-0.004196465041
-0.003734752561
-0.003321000515
-0.002950637511
-0.002619484501
-0.002323710464
-0.002059785321
-0.001824450975
-0.001614723993
-0.001427914978
-0.001261534475
-0.001113424732
-0.0009815604583
-0.0008641053815
-0.0007594102166
-0.0006659872263
-0.0005825180847
-0.0005077913735
-0.0004407119038
-0.0003802945212
-0.0003256524252
-0.0002759667627
-0.000230496472
-0.0001885402632
-0.0001495135994
-0.0001126232005
-7.814153882e-05
-4.277915754e-05
-2.058857046e-05
-0.04993776689
-0.05430101656
-0.05817600034
-0.0615140716
-0.06427821915
-0.06644441226
-0.06800187891
-0.06895292281
-0.06931251723
-0.06910754112
-0.0683745942
-0.06715827802
-0.06551191923
-0.06349168928
-0.06115538661
-0.05856383802
-0.05577693106
-0.05285148148
-0.049840319
-0.04679119719
-0.04374608333
-0.04074090497
-0.03780555059
-0.03496405059
-0.03223495108
-0.02963185893
-0.02716409035
-0.02483734724
-0.02265435981
-0.02061545615
-0.01871904203
-0.01696199379
-0.01533997856
-0.01384771512
-0.01247919411
-0.0112278728
-0.01008684782
-0.009049022615
-0.008107256329
-0.007254481461
-0.006483813595
-0.005788652957
-0.005162702158
-0.004600275083
-0.004095396905
-0.003642693282
-0.003237375513
-0.002874843543
-0.002550919192
-0.002261812069
-0.002004025956
-0.00177429945
-0.001569745914
-0.001387643941
-0.001225606179
-0.001081379905
-0.0009530091826
-0.0008387202449
-0.0007369123903
-0.0006461058051
-0.0005650270921
-0.0004924649565
-0.0004273461721
-0.0003687056995
-0.0003156706447
-0.0002674505482
-0.0002233478578
-0.0001826747384
-0.0001448513883
-0.0001091027212
-7.569335568e-05
-4.14342296e-05
-1.995695386e-05
-0.05124564388
-0.05576095957
-0.05975874364
-0.06318785094
-0.06600976887
-0.0682000523
-0.06974853234
-0.07065904259
-0.07094887692
-0.07064763094
-0.06979603409
-0.06844505018
-0.06665171375
-0.06447434147
-0.06197792592
-0.05922830861
-0.05628859279
-0.05321855472
-0.05007365266
-0.04690356695
-0.04375141759
-0.04065363536
-0.03764009161
-0.03473437421
-0.03195425055
-0.0293123039
-0.02681666522
-0.02447175814
-0.0222789985
-0.02023741405
-0.01834416636
-0.016594979
-0.01498448464
-0.01350649461
-0.01215422364
-0.01092048025
-0.009797816238
-0.008778698621
-0.007855632871
-0.007021249447
-0.006268445335
-0.005590523934
-0.004981070468
-0.004434190552
-0.003943811577
-0.00350471807
-0.003112130877
-0.002761412686
-0.002448411989
-0.002169371182
-0.001920832262
-0.001699432835
-0.001502501359
-0.001327481573
-0.001171903861
-0.001033500491
-0.0009103591188
-0.0008006810791
-0.0007031043987
-0.0006162921766
-0.0005388212944
-0.0004695053704
-0.0004073324506
-0.0003513757685
-0.000300769431
-0.0002547444758
-0.0002127060223
-0.0001739653893
-0.0001379405844
-0.000103890923
-7.207311542e-05
-3.944779993e-05
-1.90112421e-05
-0.05303557746
-0.05775979013
-0.06192560285
-0.06547852851
-0.06837815207
-0.0705995961
-0.07213365273
-0.0729863905
-0.07317767625
-0.072740916
-0.07172697122
-0.07019153071
-0.06819148387
-0.06579640825
-0.06308023939
-0.06011372355
-0.05696455934
-0.05369710295
-0.05037041957
-0.04703661463
-0.0437402388
-0.04051831494
-0.03740057928
-0.03440988811
-0.03156282661
-0.02887048051
-0.02633928287
-0.0239718519
-0.02176776808
-0.01972426314
-0.01783679266
-0.01609951219
-0.0145056612
-0.01304782952
-0.01171820208
-0.01050873145
-0.009411235437
-0.008417639955
-0.007519994235
-0.006710482357
-0.00598172503
-0.005326994456
-0.00473969596
-0.004213616397
-0.003742655337
-0.003321757164
-0.002946010731
-0.002610844587
-0.002312394007
-0.002046795268
-0.001810405644
-0.001600013843
-0.00141305316
-0.001247379075
-0.001100443464
-0.0009698926412
-0.0008537679513
-0.0007502557689
-0.0006584939236
-0.0005770059401
-0.0005043241663
-0.0004393115418
-0.0003810282937
-0.0003286137668
-0.0002812653875
-0.0002382302387
-0.0001989017819
-0.0001626551528
-0.0001289569547
-9.711400079e-05
-6.736571514e-05
-3.686273743e-05
-1.777598456e-05
-0.055349866
-0.06034530766
-0.06472812701
-0.06843973891
-0.0714375193
-0.07369621523
-0.07520808542
-0.07598228456
-0.07604042072
-0.0754269194
-0.07420357882
-0.07241990115
-0.07014661709
-0.0674683509
-0.06446656946
-0.06121816048
-0.05779781579
-0.05427611346
-0.05071660007
-0.04717428851
-0.04369538328
-0.04031746535
-0.03706987141
-0.03397429325
-0.0310455929
-0.02829275809
-0.02571990352
-0.02332722395
-0.02111187183
-0.01906873845
-0.01719106982
-0.01547101933
-0.0139000694
-0.01246925141
-0.01116949767
-0.009991707505
-0.00892672164
-0.007965899624
-0.007100771833
-0.006322841498
-0.005624500447
-0.004998951677
-0.004439202931
-0.00393892757
-0.003492308403
-0.003093998606
-0.002738623457
-0.002422660718
-0.002142590179
-0.001894075661
-0.001673115373
-0.001476129186
-0.001302177076
-0.001148551719
-0.001012409987
-0.0008915663044
-0.0007842980623
-0.000689025547
-0.0006045159936
-0.0005294262707
-0.0004624992387
-0.0004026971958
-0.000349134539
-0.0003010033122
-0.0002575541577
-0.0002181022841
-0.0001820497344
-0.0001488319999
-0.0001179694759
-8.882272816e-05
-6.160369414e-05
-3.369591082e-05
-1.626196428e-05
-0.05824575135
-0.06358185018
-0.06823532761
-0.07214292558
-0.07525965034
-0.07755993921
-0.07903819339
-0.07970817283
-0.07959571054
-0.07876371116
-0.07726346364
-0.07515755062
-0.07253870544
-0.06950322019
-0.066140627
-0.06253742806
-0.05877792146
-0.05494025514
-0.05109324588
-0.0472952929
-0.04359438565
-0.04002845782
-0.03662599013
-0.03340688839
-0.03038356585
-0.02756214434
-0.02494366561
-0.02252516555
-0.02030069192
-0.01826219746
-0.01640014045
-0.01470424438
-0.01316387892
-0.0117680843
-0.01050641189
-0.009368553683
-0.008343907606
-0.007423371357
-0.006597927463
-0.005858258675
-0.005196876023
-0.004606377316
-0.004078500317
-0.003608904278
-0.003192220289
-0.002821704279
-0.002490874642
-0.002198742801
-0.001941199208
-0.001713292056
-0.00151120628
-0.001331950516
-0.001173684999
-0.001033919174
-0.000910225324
-0.0008006704241
-0.0007036436555
-0.0006176759167
-0.0005414447524
-0.0004737622958
-0.0004135463489
-0.0003598394189
-0.0003118016368
-0.0002686802988
-0.000229792458
-0.0001945222297
-0.000162316066
-0.0001326606796
-0.0001051261066
-7.91360008e-05
-5.487417283e-05
-2.999975537e-05
-1.449376722e-05
-0.06179817039
-0.06755290169
-0.07253608668
-0.07667963016
-0.07993622691
-0.08227986064
-0.08370902047
-0.08424586037
-0.08391842047
-0.08280783766
-0.08095260559
-0.07844390057
-0.07539587041
-0.07191591764
-0.06810567811
-0.06406525704
-0.05989077007
-0.05566921504
-0.05147557651
-0.04737209507
-0.04340849128
-0.03962259451
-0.03604131401
-0.03268189431
-0.02955332013
-0.02665786298
-0.02399257269
-0.02155041713
-0.01932159606
-0.01729449797
-0.01545601272
-0.01379308601
-0.01229270727
-0.01094112116
-0.009726555047
-0.008637447394
-0.007661118063
-0.006788045985
-0.006008081766
-0.005313427016
-0.004696818673
-0.004148356985
-0.003658678595
-0.003226321282
-0.002845611226
-0.002508919994
-0.002210170573
-0.001946600679
-0.001714426607
-0.001509520946
-0.001328515709
-0.001168714705
-0.001027811414
-0.0009036158581
-0.0007940743995
-0.0006973875276
-0.000612000016
-0.0005365378636
-0.0004697674853
-0.0004106060847
-0.0003580819549
-0.0003113256881
-0.000269571507
-0.00023214231
-0.0001984321306
-0.0001678950542
-0.0001400402822
-0.0001144137122
-9.063765945e-05
-6.820946721e-05
-4.72842462e-05
-2.58336559e-05
-1.249793404e-05
-0.06610367718
-0.07236502758
-0.07774288497
-0.08216502439
-0.08558204088
-0.08796645979
-0.08932472639
-0.08968818041
-0.08911602527
-0.0876340513
-0.08532913466
-0.08232564967
-0.07874957005
-0.07472210687
-0.07036350108
-0.06579158261
-0.06111650544
-0.05643564664
-0.05183114772
-0.0473693654
-0.04310138435
-0.03906413103
-0.03528189302
-0.0317680371
-0.02852678309
-0.02555533679
-0.02284568281
-0.0203854403
-0.01816020658
-0.01615430119
-0.0143496474
-0.01273024794
-0.01128065848
-0.009983215163
-0.008824813081
-0.00779214549
-0.006873823525
-0.006058793513
-0.005332526308
-0.004692021591
-0.004128696951
-0.003631354723
-0.003190950445
-0.002803239706
-0.002462582887
-0.002162669935
-0.001898371144
-0.001665883866
-0.001461740965
-0.001282501551
-0.001125069431
-0.0009868094097
-0.0008654148076
-0.0007588527644
-0.0006652687482
-0.00058300355
-0.0005106172865
-0.0004468581171
-0.0003906206019
-0.0003409324532
-0.0002969336004
-0.0002578624966
-0.0002230497343
-0.0001919062929
-0.0001639090933
-0.0001385894862
-0.0001155283637
-9.433892975e-05
-7.470084103e-05
-5.619278529e-05
-3.893852407e-05
-2.125503837e-05
-1.030116029e-05
-0.07128655253
-0.07815327558
-0.08399619645
-0.0887410621
-0.09233773452
-0.09476698114
-0.0960540956
-0.09621151546
-0.09527664084
-0.0933216243
-0.09047054757
-0.08686217049
-0.08263681771
-0.07793899995
-0.07291419536
-0.06770170128
-0.0624283455
-0.05720383434
-0.05211846389
-0.04724263872
-0.04262799453
-0.03830929239
-0.03430673147
-0.03062811691
-0.02727090384
-0.024225829
-0.02147885078
-0.01901001251
-0.01679961786
-0.01482759328
-0.01306889412
-0.01150434845
-0.01011541355
-0.008885110415
-0.007797432562
-0.006832004958
-0.005983835117
-0.005240476263
-0.004585590171
-0.004010744731
-0.003507148355
-0.003065406522
-0.002677864843
-0.002338377282
-0.002041569821
-0.00178219625
-0.00155553741
-0.001357577994
-0.001184906781
-0.00103438052
-0.000903123442
-0.0007886318947
-0.0006887494111
-0.0006015995879
-0.0005255127446
-0.0004590107948
-0.0004008112869
-0.000349806308
-0.0003050306922
-0.000265641323
-0.0002309014961
-0.0002001671142
-0.0001728758937
-0.0001485363085
-0.000126716043
-0.0001070315592
-8.914252584e-05
-7.273697229e-05
-5.755737451e-05
-4.327040781e-05
-2.996658236e-05
-1.633670966e-05
-7.937712249e-06
-0.07750739779
-0.08508900119
-0.09147170578
-0.09658352018
-0.1003812765
-0.1028632875
-0.1040305552
-0.1039004653
-0.1025172073
-0.09999368345
-0.09647703499
-0.09212346851
-0.08710039147
-0.0815851848
-0.07575442359
-0.06977350584
-0.06378957002
-0.05792688083
-0.05228453305
-0.04693627613
-0.0419328814
-0.03730503113
-0.03306688632
-0.02921877961
-0.02574770817
-0.02263620053
-0.01986365736
-0.01739923385
-0.01521710523
-0.01329117792
-0.01159501933
-0.01010475166
-0.008791478532
-0.007645526366
-0.006647500579
-0.005773753848
-0.005011764427
-0.004348573538
-0.003770468725
-0.003266808172
-0.002828912011
-0.002448607947
-0.002118732019
-0.001832602703
-0.001584843427
-0.001370598115
-0.001185404867
-0.001025383934
-0.0008872397537
-0.0007680604215
-0.000665237119
-0.00057649317
-0.0004998739034
-0.0004336919293
-0.0003764752647
-0.0003269415088
-0.0002839859594
-0.000246663034
-0.0002141612537
-0.0001857823843
-0.0001609258918
-0.0001390751928
-0.0001197855732
-0.0001026733839
-8.740601659e-05
-7.369263275e-05
-6.127828836e-05
-4.993215793e-05
-3.946454274e-05
-2.963608476e-05
-2.05027581e-05
-1.115233559e-05
-5.442084918e-06
-0.08497201986
-0.09338747556
-0.1003879592
-0.1059089109
-0.1099210504
-0.1124507331
-0.1134623264
-0.1129553847
-0.1110210868
-0.1078031246
-0.1034653706
-0.09819195348
-0.09219016892
-0.08567962446
-0.07887527728
-0.0719748636
-0.06515034087
-0.05854336345
-0.05226170204
-0.04638069687
-0.04094797656
-0.03598686993
-0.03150210605
-0.02748579546
-0.02390876816
-0.02074230278
-0.01795668316
-0.01551637488
-0.01338740442
-0.01152756439
-0.009918505609
-0.008530449538
-0.007327857996
-0.006289341561
-0.005393861344
-0.004620558847
-0.003953345676
-0.003378927946
-0.002884979902
-0.002460564407
-0.002096564774
-0.001784957694
-0.0015186214
-0.001291176121
-0.00109719166
-0.0009321136834
-0.0007918357162
-0.0006727634425
-0.0005718241422
-0.0004863605665
-0.0004140461409
-0.0003528639794
-0.0003010902831
-0.0002572566276
-0.0002201088815
-0.0001885769069
-0.000161754072
-0.0001388777612
-0.0001193078273
-0.0001025068194
-8.802384046e-05
-7.548084147e-05
-6.456069295e-05
-5.499686938e-05
-4.65643539e-05
-3.907154475e-05
-3.235451641e-05
-2.626869992e-05
-2.069641882e-05
-1.549713658e-05
-1.069157374e-05
-5.781767902e-06
-2.852280982e-06
-0.09394902563
-0.1033185172
-0.1110081129
-0.116982464
-0.1212488608
-0.1237888851
-0.1245792107
-0.1236059752
-0.1210019506
-0.1169285461
-0.1115737673
-0.1051654735
-0.0979634447
-0.0902400892
-0.08225985647
-0.07426088327
-0.06644432809
-0.05897368459
-0.05196426316
-0.04549014201
-0.03959243881
-0.03428108711
-0.0295425899
-0.02535853227
-0.02169135525
-0.01849669068
-0.01572000038
-0.01333635526
-0.01130079937
-0.009556168194
-0.008066583498
-0.006800798959
-0.005724024685
-0.004807353668
-0.00402826792
-0.003367279133
-0.002807283343
-0.002333890878
-0.001934616061
-0.001598517135
-0.001316302193
-0.001080103563
-0.0008829579152
-0.0007189661209
-0.0005830185898
-0.0004708548234
-0.0003787422368
-0.0003034361749
-0.0002421644144
-0.0001925625601
-0.0001526038063
-0.0001205596306
-9.497454159e-05
-7.463407313e-05
-5.852847253e-05
-4.582123028e-05
-3.582480616e-05
-2.797981099e-05
-2.183473755e-05
-1.702726374e-05
-1.326836696e-05
-1.032901437e-05
-8.028853816e-06
-6.226503864e-06
-4.81135296e-06
-3.696720379e-06
-2.814460725e-06
-2.110405374e-06
-1.542251812e-06
-1.071891679e-06
-6.84774628e-07
-3.083679123e-07
-2.079895108e-07
-0.1047921715
-0.1152268321
-0.123659244
-0.130108164
-0.1346410528
-0.1371838872
-0.1376734618
-0.1361366076
-0.1327140265
-0.127586847
-0.1209773816
-0.1131678916
-0.1044879832
-0.09527928698
-0.08587501247
-0.07656339084
-0.06757747884
-0.05910630601
-0.0512722323
-0.04414454809
-0.03775348037
-0.0320913372
-0.02711620573
-0.02277768153
-0.0190534064
-0.01588001989
-0.01317812906
-0.01089857273
-0.008984674572
-0.007373177098
-0.006023038363
-0.004901907224
-0.003970854053
-0.003195919545
-0.002552358696
-0.002020143476
-0.001581533901
-0.001221369097
-0.0009269877028
-0.0006877200915
-0.0004945591106
-0.0003400155425
-0.0002174120023
-0.0001214687197
-4.754764955e-05
8.253194114e-06
4.925516021e-05
7.829123866e-05
9.776197318e-05
0.0001096872805
0.0001157593334
0.0001173839781
0.0001157124873
0.0001116733146
0.0001060055545
9.928986577e-05
9.197432738e-05
8.439641288e-05
7.680266084e-05
6.936643477e-05
6.220302668e-05
5.538235139e-05
4.893957184e-05
4.288389784e-05
3.720577952e-05
3.188235582e-05
2.688230273e-05
2.216643174e-05
1.769935088e-05
1.341461941e-05
9.361451979e-06
5.182332803e-06
2.449724429e-06
-0.1179553636
-0.1295336956
-0.1387380429
-0.1457076955
-0.150466595
-0.1529614989
-0.153087877
-0.1508866114
-0.1464858082
-0.1400675446
-0.1319011226
-0.1223550804
-0.1118501925
-0.1008144695
-0.08967580774
-0.07878910119
-0.06842744616
-0.05880463202
-0.05004808613
-0.04221316805
-0.03530862193
-0.02930283058
-0.02412861301
-0.01971261558
-0.01599214867
-0.01287635087
-0.01028351887
-0.008147044451
-0.006392065373
-0.004945056082
-0.003771493433
-0.002829167852
-0.002071549901
-0.001461990856
-0.0009743854965
-0.0005879515591
-0.0002847113343
-4.949594468e-05
0.0001300842559
0.0002641861475
0.0003612561066
0.0004282245954
0.0004712796684
0.0004949574367
0.0005033114257
0.0004997592966
0.0004871334588
0.0004677934574
0.0004437073324
0.0004164991012
0.0003874876314
0.0003577234999
0.0003280222967
0.0002989966072
0.0002710881522
0.0002445983152
0.0002197149563
0.0001965350769
0.0001750842348
0.0001553332728
0.0001372125469
0.0001206237515
0.0001054495464
9.156123629e-05
7.882470843e-05
6.71042962e-05
5.626687929e-05
4.617830762e-05
3.672433643e-05
2.773346567e-05
1.928832668e-05
1.060366174e-05
5.07863946e-06
-0.1340234277
-0.1467486379
-0.1566868305
-0.1641566198
-0.1691374544
-0.1715276622
-0.1712582008
-0.1683161312
-0.1627501422
-0.1547369787
-0.1446218972
-0.1328984018
-0.1201122263
-0.1068157804
-0.09356273711
-0.08078879038
-0.06881432192
-0.05788029906
-0.04811093694
-0.03952859637
-0.03210872695
-0.02578299802
-0.02045535344
-0.01602148023
-0.01236417838
-0.009360093802
-0.006938387372
-0.00500943889
-0.003478592695
-0.002265846994
-0.001319442562
-0.0005911320777
-3.523379528e-05
0.0003846364296
0.0006956521376
0.0009192251737
0.001073076163
0.001171742761
0.001226895226
0.00124789692
0.00124236115
0.001216521715
0.00117554275
0.001123295833
0.001063102149
0.0009977318653
0.0009294401315
0.0008600589452
0.0007910741524
0.0007236679971
0.0006587483678
0.0005969783819
0.0005388073021
0.0004845020983
0.0004341795794
0.0003878375352
0.0003453824724
0.0003066527137
0.0002714373934
0.0002394921915
0.0002105524159
0.0001843436609
0.0001605902281
0.000139021331
0.0001193755328
0.000101402744
8.486727888e-05
6.953994209e-05
5.52277619e-05
4.165542201e-05
2.893710577e-05
1.586938614e-05
7.635851556e-06
-0.1538460929
-0.1674997293
-0.1780863714
-0.185968121
-0.1911107994
-0.1933874075
-0.1927460748
-0.1890198861
-0.1820887619
-0.1721247145
-0.159577753
-0.1451096439
-0.1294377232
-0.1133033419
-0.09744306028
-0.08240977968
-0.0685538537
-0.0561178542
-0.0452320205
-0.03588007701
-0.02797683814
-0.0213855602
-0.01598296023
-0.01161581534
-0.008121873823
-0.00535200275
-0.003195624414
-0.001543179627
-0.000292608591
0.0006401313332
0.001319969146
0.001799715981
0.002124158544
0.002329467844
0.002443456559
0.00248752379
0.002478512943
0.002429759115
0.002351725832
0.002252597707
0.002138823512
0.002015731765
0.001887056814
0.001755920958
0.001624818559
0.001495747866
0.001370295872
0.001249709685
0.001134949465
0.001026717326
0.0009254763404
0.0008314716179
0.0007447563045
0.0006652220998
0.0005926327781
0.000526657374
0.0004668994135
0.0004129204931
0.0003642585945
0.0003204426133
0.0002810040271
0.0002454860988
0.0002134507061
0.0001844827775
0.0001581927861
0.000134216536
0.0001122168268
9.187105694e-05
7.29090847e-05
5.495487436e-05
3.815174257e-05
2.08951124e-05
1.007848389e-05
-0.1784608093
-0.1924502702
-0.2031825276
-0.2113596072
-0.2167707027
-0.2192179278
-0.2183685036
-0.2138014202
-0.2052033848
-0.192803907
-0.1771677468
-0.159191223
-0.1398745596
-0.1202016043
-0.1011112051
-0.08333994133
-0.06730043188
-0.05321771395
-0.04115142175
-0.03105190725
-0.02275183765
-0.01603127324
-0.01068475884
-0.006500906025
-0.003278006959
-0.000837987582
0.0009681057513
0.002268382782
0.003172882035
0.003772350243
0.004139193395
0.004330169773
0.00439039205
0.004355362389
0.004252076268
0.004100666375
0.00391624825
0.003710285979
0.003491453123
0.003266280682
0.003039702757
0.002815798064
0.002596742141
0.002384579535
0.002180916164
0.001986908639
0.001803396872
0.00163098697
0.00147007753
0.001320862717
0.001183334613
0.001057293062
0.0009423653457
0.0008380363829
0.0007436859229
0.0006586264202
0.0005821352897
0.0005134791314
0.0004519309845
0.0003967830048
0.0003473561763
0.0003030076151
0.0002631353432
0.0002271804182
0.0001946269987
0.0001649994661
0.0001378622741
0.0001128029697
8.947738118e-05
6.741375429e-05
4.678165577e-05
2.559969056e-05
1.23649295e-05
-0.2089986227
-0.2228686202
-0.2331295684
-0.2405617877
-0.2461636375
-0.2495271196
-0.2493300826
-0.2442101924
-0.2336130242
-0.2180382718
-0.1983618986
-0.1757796948
-0.151679653
-0.1274720263
-0.1043769597
-0.08327469116
-0.06469803574
-0.04882207376
-0.03559053571
-0.02482835536
-0.0162534693
-0.00954940915
-0.004413384963
-0.0005654585598
0.002244744841
0.004232794672
0.005578785698
0.00643039664
0.006908490149
0.007110498377
0.007112813456
0.006973820728
0.006737810192
0.006438071258
0.006098998299
0.005738037243
0.005367581441
0.004996460275
0.004630927887
0.00427536272
0.003932848244
0.003605797218
0.003294695127
0.003000350066
0.00272332912
0.00246387692
0.002222043582
0.001997765235
0.001790862019
0.001601008348
0.001427710465
0.001270299903
0.001127946176
0.0009996896683
0.0008844880141
0.0007812634688
0.0006889410084
0.000606473614
0.0005328573258
0.0004671406097
0.0004084309612
0.000355899354
0.0003087822099
0.0002663805913
0.0002280572333
0.0001932305043
0.0001613720385
0.0001319851236
0.0001046563438
7.882517852e-05
5.468424808e-05
2.990641114e-05
1.445622172e-05
-0.2465909288
-0.2583234131
-0.2705796334
-0.2761249052
-0.2812362908
-0.2853075305
-0.2860208789
-0.2806394349
-0.2679844178
-0.2487611641
-0.2238882747
-0.1952597533
-0.1648616766
-0.1348404411
-0.1067958258
-0.08177228858
-0.06033310337
-0.04254411462
-0.02818756865
-0.01690098888
-0.00824496344
-0.001770234554
0.002939259336
0.006248031037
0.008465931586
0.009849900777
0.0106080713
0.01090592274
0.01087379838
0.01061302814
0.0102005446
0.009693206582
0.009132132552
0.00854644334
0.007956164263
0.007374591627
0.006810287571
0.006268606226
0.005752736688
0.005264465382
0.004804890823
0.004373660622
0.003970047722
0.00359344893
0.00324321511
0.002918609339
0.002618883274
0.002343312191
0.002091150567
0.00186156287
0.001653567303
0.00146600623
0.001297552125
0.001146750218
0.001012084269
0.0008920426185
0.0007851668095
0.0006900780312
0.0006054873796
0.0005301986171
0.0004631090814
0.0004032096042
0.0003495826435
0.000301397758
0.0002579050118
0.0002184253664
0.0001823457254
0.000149092843
0.0001181904643
8.899808674e-05
6.172812143e-05
3.374494781e-05
1.631786425e-05
-0.2834791114
-0.3060372327
-0.314751367
-0.3223024516
-0.328282583
-0.3292819664
-0.3228344636
-0.3076406439
-0.2841633084
-0.2530211954
-0.2169394768
-0.1788654423
-0.1417844722
-0.1078311125
-0.07828550207
-0.05368214192
-0.03393401782
-0.01858712064
-0.007022033252
0.001422323578
0.007372937263
0.0113813535
0.01390905618
0.01533057503
0.01594357777
0.01598044142
0.01561974157
0.01499687493
0.01421283393
0.01334110035
0.01243339524
0.01152473846
0.01063778382
0.009786311933
0.008977959233
0.008216318516
0.007502434534
0.006835854321
0.006215233485
0.005639545858
0.005105446193
0.004610542725
0.00415293432
0.003730749001
0.003342235109
0.002985866044
0.002660306706
0.002364298739
0.00209653641
0.001855564039
0.001639715192
0.001447114158
0.001275741526
0.001123537027
0.0009884990762
0.0008687509649
0.0007625674732
0.000668374685
0.0005847400774
0.0005103633377
0.0004440691776
0.0003848004148
0.000331609015
0.0002836453895
0.0002401449457
0.0002004204517
0.000163831903
0.0001298482938
9.775964943e-05
6.779471455e-05
3.705183236e-05
1.792055586e-05
-0.3059400499
-0.3071687503
-0.3353668012
-0.342945025
-0.3522912851
-0.3581180883
-0.3546602
-0.3397738448
-0.31379886
-0.2777617534
-0.2350314996
-0.1897730494
-0.1458620254
-0.1061146414
-0.07216254883
-0.0445706977
-0.02310672383
-0.0070660573
0.004453646282
0.01236691022
0.01750109283
0.02055449186
0.02208929143
0.0225440056
0.02225346336
0.02146910238
0.0203767926
0.01911160426
0.01776949191
0.01641637608
0.01509535962
0.01383264733
0.01264243073
0.01153077841
0.01049857819
0.009543672933
0.008662248717
0.007849928948
0.00710177294
0.006414546548
0.005781775879
0.005199452551
0.004664317821
0.004173302704
0.003723705781
0.003313304835
0.00294024915
0.002602862601
0.002299445158
0.002028104131
0.001786651815
0.001572608189
0.001383309204
0.001216071949
0.001068347334
0.0009378111855
0.0008223876324
0.0007202299727
0.0006296898302
0.00054929235
0.000477719078
0.0004137947992
0.000356473534
0.0003048233996
0.0002580093743
0.0002152830272
0.0001759488603
0.0001394302164
0.0001049603903
7.278153527e-05
3.977244948e-05
1.924134126e-05
-0.318292187
-0.3187146244
-0.3403114312
-0.3491199184
-0.3586480647
-0.364664148
-0.3627145762
-0.349153122
-0.3230169012
-0.285354186
-0.2396701966
-0.1907119783
-0.1429049215
-0.09962860432
-0.06292043585
-0.03351286314
-0.01115014282
0.005028263462
0.01612875037
0.02326154833
0.02741598688
0.02941174572
0.02989440252
0.02935450057
0.02815539409
0.02656079524
0.02475828476
0.0228782399
0.02100829524
0.01920442678
0.01749952207
0.01591007995
0.01444148818
0.01309208419
0.0118561249
0.01072586109
0.009692745174
0.008748825445
0.007886274125
0.007097688214
0.006375487835
0.005714013644
0.005108545286
0.004554938083
0.004049727634
0.003590161853
0.003174025032
0.002799363007
0.002464192388
0.002166245696
0.001902822004
0.001670802511
0.001466824872
0.001287534881
0.001129807458
0.0009908664315
0.0008682994014
0.0007600111381
0.0006641679168
0.000579150589
0.0005035263651
0.0004360284171
0.000375536105
0.0003210552574
0.0002716975193
0.0002266678546
0.0001852289627
0.0001467678392
0.0001104737911
7.660009181e-05
4.185794259e-05
2.025943288e-05
-0.3199541116
-0.3243636735
-0.335308631
-0.3499718566
-0.3582220265
-0.3641026805
-0.3612468614
-0.3467914758
-0.3196564555
-0.2808038792
-0.2337962563
-0.1835922189
-0.1345830097
-0.09027050817
-0.05282458244
-0.02305565742
-0.0007339778955
0.01506062561
0.02552637678
0.03186704382
0.03515416401
0.03627184283
0.03591099523
0.03459035733
0.03268797312
0.03047234787
0.02812909261
0.02578283562
0.02351326068
0.02136781745
0.0193711881
0.01753242702
0.01585040016
0.01431782399
0.0129241518
0.0116575473
0.01050607164
0.009458634393
0.008505940059
0.007636954975
0.00684328212
0.006118177996
0.005455826825
0.004851309013
0.004300678365
0.003800898567
0.003349594238
0.002944698426
0.002584065222
0.002265131061
0.001984732035
0.001739151077
0.001524371886
0.001336420595
0.001171651046
0.00102688719
0.0008994288392
0.0007869721099
0.0006875355461
0.0005993907748
0.0005210228003
0.0004511019999
0.000388458122
0.0003320560323
0.0002809718017
0.0002343793111
0.0001915117933
0.0001517353679
0.0001142073175
7.91877155e-05
4.327321372e-05
2.095584949e-05
-0.3131546619
-0.3205742721
-0.3298488176
-0.3425670189
-0.3508758055
-0.354960179
-0.3505675607
-0.3351174389
-0.3076924151
-0.2693214779
-0.2232620757
-0.173987604
-0.1258925371
-0.0823788674
-0.04563815404
-0.01642540094
0.005376223415
0.02064984588
0.03058993258
0.03640821698
0.03918890186
0.03982874056
0.0390284106
0.03731182492
0.03505859737
0.03253599417
0.02992570863
0.02734873773
0.02488003317
0.02256250402
0.02041685071
0.01844872274
0.01665410903
0.01502328696
0.01354361659
0.01220143763
0.01098332049
0.009877075121
0.008871876157
0.007955951497
0.007120121957
0.006356994577
0.005660280871
0.005024751742
0.004446300182
0.003921850885
0.003449040889
0.003025800868
0.002649902563
0.002318576711
0.002028329079
0.001775028144
0.001554221506
0.001361535266
0.001192993658
0.001045169762
0.0009151769019
0.0008005894264
0.0006993300605
0.0006096042523
0.0005298510753
0.0004587071615
0.0003949767005
0.0003376040525
0.0002856477376
0.0002382661179
0.0001946787968
0.0001542386237
0.000116088065
8.049085607e-05
4.398598138e-05
2.130937867e-05
-0.3213562348
-0.3163262881
-0.3213055519
-0.3163301731
-0.312085039
-0.3051266802
-0.312111546
-0.3051171415
-0.3195915567
-0.3214089841
-0.3195308215
-0.3213633531
-0.3264382496
-0.3258313652
-0.3135698136
-0.312042349
-0.3180457674
-0.3070389992
-0.3135957516
-0.3132010448
-0.3179951428
-0.3070355981
-0.3135867469
-0.3212320611
-0.3217249908
-0.3222711041
-0.3211425191
-0.3264487305
-0.3258846799
-0.321244307
-0.32174315
-0.3222793244
-0.3211772846
-0.3109638511
-0.3122234694
-0.3117665935
-0.3096014264
-0.3118433508
-0.3098490874
-0.3105842431
-0.306222533
-0.3053552439
-0.306700227
-0.3041082098
-0.3068661826
-0.3038633516
-0.3063672816
-0.3135903326
-0.3120486385
-0.3109664012
-0.3122273143
-0.3117715791
-0.309590179
-0.311847408
-0.3098502675
-0.3105867063
-0.3062237079
-0.3053555909
-0.3066902779
-0.3041033148
-0.3068674238
-0.3038635385
-0.3063666701
-0.3081113587
-0.3185729121
-0.3081818938
-0.3186580913
-0.3120270168
-0.3186254396
-0.3353876974
-0.3059313001
-0.3120565552
-0.318427165
-0.3354079779
-0.3255716642
-0.3255386061
-0.3096246206
-0.3202532601
-0.3236867991
-0.3181277517
-0.3096778478
-0.3201644105
-0.3237318336
-0.3228390179
-0.3162359588
-0.3199997095
-0.3200295528
-0.3227887908
-0.3162516474
-0.3200732991
-0.3300282877
-0.3226033205
-0.3364138089
-0.3243262192
-0.3300498137
-0.3226757629
-0.3363803864
-0.3132643189
-0.3106275836
-0.3107043586
-0.3119643704
-0.3143520781
-0.3142923757
-0.3120003248
-0.3263842277
-0.3165642697
-0.3264709217
-0.3205188368
-0.3264310961
-0.3165550677
-0.3264653574
-0.322558918
-0.3212659449
-0.3233550522
-0.3203761398
-0.3234058092
-0.3204872597
-0.3223363606
-0.3198881467
-0.3165175184
-0.318701071
-0.317980921
-0.3186774489
-0.3185141041
-0.3197624919
-0.3225695655
-0.3212680858
-0.3233687258
-0.320415016
-0.3234155444
-0.3204961931
-0.3223652883
-0.3198964326
-0.3165224362
-0.3186909956
-0.3180165761
-0.3186823111
-0.3185226218
-0.3197843077
-0.3228713494
-0.3215062824
-0.3203377161
-0.3194003353
-0.3214663388
-0.3203725256
-0.3228310293
-0.3213427579
-0.3236118881
-0.323901377
-0.3236325079
-0.320630146
-0.3206935684
-0.323538512
-0.3256405449
-0.3255507112
-0.3228763411
-0.3193873282
-0.3215448408
-0.3203445058
-0.3214706863
-0.320371367
-0.3228491325
-0.3213430407
-0.3237362207
-0.3239130651
-0.3236369086
-0.3206858337
-0.3206980856
-0.3235756344
-0.313648105
-0.3159646501
-0.3160008048
-0.3175834985
-0.3157550602
-0.3156776168
-0.3138066886
-0.307103304
-0.3083213171
-0.3083528349
-0.3099580641
-0.3089337843
-0.3088623304
-0.3100449854
-0.3118668535
-0.3144373754
-0.311083598
-0.3131453951
-0.3140270465
-0.3108905379
-0.3120529535
-0.3132683262
-0.3106215661
-0.3107060477
-0.3119680412
-0.3143573747
-0.3142941582
-0.3120114623
-0.3136518676
-0.3175833038
-0.3159424886
-0.3160253553
-0.315756244
-0.3156830118
-0.3138120344
-0.3071046586
-0.3083093855
-0.3083545466
-0.3099596252
-0.3089356206
-0.3088641504
-0.3100398658
-0.3118684792
-0.3131476686
-0.3144375204
-0.3110873955
-0.3140282381
-0.3108931909
-0.3120549551
-0.2842824117
-0.3031872433
-0.2842389734
-0.3031584869
-0.2798121935
-0.3043502725
-0.31813527
-0.2834880867
-0.2797875624
-0.3043809002
-0.3181405372
-0.3192726135
-0.319399412
-0.3309736332
-0.295993132
-0.3181564109
-0.304216478
-0.293054511
-0.3164934555
-0.3303187252
-0.2965919961
-0.3289857199
-0.3506008175
-0.3071956461
-0.296569155
-0.3290148848
-0.3505719839
-0.3187426982
-0.3179018433
-0.3187726017
-0.3189701478
-0.3170387019
-0.3162462687
-0.3191894597
-0.3149975162
-0.3279724238
-0.3455353179
-0.318696806
-0.3149615911
-0.3280269393
-0.3454907411
-0.3200068848
-0.3196305309
-0.3196441678
-0.3198697544
-0.3201776377
-0.3201109606
-0.3199120591
-0.3313968006
-0.3232135146
-0.3262978368
-0.3223779115
-0.3209839445
-0.3253918871
-0.3312784293
-0.3325558355
-0.3386277972
-0.3492690918
-0.335370132
-0.3325389935
-0.3386430273
-0.3492703589
-0.3188317033
-0.3196206896
-0.3179772699
-0.3200753891
-0.3236924367
-0.3214743754
-0.3224114305
-0.331796056
-0.3300304551
-0.3385739535
-0.3298556016
-0.3317963479
-0.330033163
-0.3385744052
-0.3161555517
-0.3082624882
-0.3157675604
-0.3071889633
-0.3073178726
-0.314796985
-0.3167582141
-0.3247843439
-0.3246191655
-0.3233214732
-0.3234619546
-0.3203097325
-0.3184983127
-0.3203033215
-0.3185249787
-0.3166901968
-0.3161843962
-0.3188695514
-0.3192784799
-0.311959168
-0.3111762754
-0.3194156441
-0.3161597367
-0.3071921822
-0.3082327885
-0.3158350318
-0.307302517
-0.3147985583
-0.3167880327
-0.3248047234
-0.3246303299
-0.3233299235
-0.3234566488
-0.3184936903
-0.3204310721
-0.3203231839
-0.3185494039
-0.3169086168
-0.3161975714
-0.3189736364
-0.3183610319
-0.3140172927
-0.3164129452
-0.3189861067
-0.3153618951
-0.3187983527
-0.3153265157
-0.3108539376
-0.3066172766
-0.3226232785
-0.3360819597
-0.3038735674
-0.3212381424
-0.3125218874
-0.3309931429
-0.3042079208
-0.2960141097
-0.3180679035
-0.2930626828
-0.3164444625
-0.3303458271
-0.3182713807
-0.3140776752
-0.3161770489
-0.3191219762
-0.3152433533
-0.3188696215
-0.3154401774
-0.3108929782
-0.3360893525
-0.306674187
-0.3227001445
-0.3038944483
-0.3212699198
-0.3126158355
-0.3210003856
-0.3157933524
-0.3271013708
-0.3072209731
-0.3140976277
-0.3279705907
-0.3216824694
-0.3200121331
-0.3193003087
-0.3191547651
-0.3194166077
-0.3204183704
-0.3203206844
-0.3197256533
-0.3201805775
-0.3226900085
-0.3213333147
-0.3232574067
-0.3218654119
-0.3211651769
-0.320766361
-0.3178640625
-0.3187940275
-0.3187746149
-0.3189724743
-0.316904674
-0.3162580087
-0.319174779
-0.3210077223
-0.3072230078
-0.3157908649
-0.3271039687
-0.3141120481
-0.3279687829
-0.3216903042
-0.3200102313
-0.3193064969
-0.3191567795
-0.3194118833
-0.3203913541
-0.32031957
-0.3196773059
-0.3201835995
-0.3232626327
-0.3227155435
-0.3213639618
-0.3218648981
-0.3211700848
-0.3207715462
-0.3209270346
-0.3210595977
-0.3231651689
-0.3219916166
-0.32074514
-0.3228781128
-0.3210430643
-0.3163279105
-0.3183478239
-0.3182702145
-0.3167815703
-0.3168655016
-0.3186555166
-0.3187033086
-0.3180075998
-0.319870881
-0.3180616772
-0.3197132357
-0.3217157952
-0.3213939416
-0.3198482114
-0.3200177585
-0.3196506913
-0.3196497913
-0.3198731391
-0.3201965258
-0.3201116403
-0.3199171344
-0.3209317382
-0.3219911904
-0.3210629358
-0.3231861904
-0.3207485297
-0.3228833919
-0.3210521945
-0.3163329488
-0.3183261067
-0.3182732458
-0.3168360432
-0.316871598
-0.3186575978
-0.3187095525
-0.3198791227
-0.3180980421
-0.31807086
-0.3197136438
-0.3217209054
-0.3213928373
-0.3198548063
-0.322125545
-0.326106368
-0.3241568865
-0.3262548074
-0.323380065
-0.3247610186
-0.327368182
-0.3271917353
-0.3311645731
-0.3310027838
-0.3348176109
-0.3291517818
-0.3273236541
-0.3297645467
-0.3314037921
-0.3223808458
-0.3231865292
-0.3263363119
-0.3209864621
-0.3254012317
-0.3312862545
-0.3221350639
-0.3261080764
-0.3241663023
-0.3262574135
-0.323381004
-0.3247630169
-0.32737236
-0.3271984072
-0.3348190286
-0.3311787065
-0.3309729897
-0.3291622123
-0.3273250932
-0.329769894
-0.3218528267
-0.32672491
-0.3296667899
-0.3235767208
-0.3218921691
-0.328298219
-0.3267824721
-0.3172880208
-0.3155293669
-0.3163325267
-0.3182491616
-0.3203193982
-0.3175454684
-0.3208877948
-0.3194304851
-0.3264185385
-0.324781055
-0.3244332197
-0.3243489979
-0.3188825517
-0.3251813972
-0.3196209282
-0.3188340542
-0.3179802033
-0.3200755783
-0.3236641868
-0.3214728544
-0.3223949487
-0.3218524058
-0.3235833768
-0.3267607756
-0.3296637119
-0.3218957466
-0.3282978884
-0.3267852099
-0.3155300792
-0.3172990942
-0.3163332105
-0.3182522761
-0.3203256476
-0.3175466656
-0.320916035
-0.3194330632
-0.3244345731
-0.326456827
-0.3247861194
-0.3243542059
-0.3188840659
-0.3251954749
-0.3129268804
-0.3127704425
-0.2880754533
-0.2897657384
-0.3129613621
-0.312765055
-0.2880602659
-0.2897730397
-0.3244256209
-0.3352246732
-0.3263923553
-0.3232029583
-0.3346335493
-0.3234383137
-0.3252857523
-0.3263967655
-0.3244777072
-0.335271893
-0.3231990848
-0.334626159
-0.3234257289
-0.3253059931
-0.3057685355
-0.3046733343
-0.3031931001
-0.3082287899
-0.3083647689
-0.309447485
-0.3009235803
-0.2995324406
-0.2978414039
-0.3022234474
-0.3021177057
-0.3028758036
-0.2995378495
-0.298188114
-0.2964795805
-0.3035892094
-0.3034357544
-0.3042398424
-0.3057701561
-0.3046748667
-0.3031946102
-0.3082301557
-0.3083658109
-0.3094483033
-0.3009239621
-0.2995327439
-0.2978416934
-0.3022190141
-0.3021131499
-0.3028710047
-0.299537586
-0.2981878073
-0.2964792698
-0.3035869864
-0.3034331795
-0.304236985
)
;

boundaryField
{
    inlet
    {
        type            zeroGradient;
    }
    outlet
    {
        type            fixedValue;
        value           uniform 0;
    }
    topAndBottom
    {
        type            symmetry;
    }
    frontAndBack
    {
        type            empty;
    }
    cylinder
    {
        type            zeroGradient;
    }
    procBoundary1to0
    {
        type            processor;
        value           nonuniform List<scalar> 
116
(
-0.04403763434
-0.04440315893
-0.04514392856
-0.04627355693
-0.04781817796
-0.04981281141
-0.05230509552
-0.05535797274
-0.05905315736
-0.06349741862
-0.0688314285
-0.0752395644
-0.08297259866
-0.09237210248
-0.1038971794
-0.1181937477
-0.1363018656
-0.1594817058
-0.1894831409
-0.2767899718
-0.2271811662
-0.2432845322
-0.2270507069
-0.2431779322
-0.276745307
-0.2767899718
-0.2767899718
-0.2767899718
-0.3330634695
-0.3330009667
-0.3267842891
-0.332539788
-0.3263673082
-0.3263673082
-0.3318060584
-0.3267842891
-0.315087815
-0.3118220338
-0.3235112207
-0.3250593849
-0.3209442083
-0.3187012473
-0.3267983337
-0.3325506129
-0.3265194832
-0.3265194832
-0.331870421
-0.3267983337
-0.3235294608
-0.3251174646
-0.320964972
-0.3187099602
-0.3151063885
-0.3118280971
-0.3318848336
-0.3145480709
-0.3317725105
-0.3330314446
-0.3267714218
-0.3267714218
-0.3267775088
-0.3267775088
-0.3281131577
-0.3283652777
-0.3279062984
-0.3278930191
-0.3330233409
-0.3267749993
-0.3267749993
-0.3268123894
-0.3268123894
-0.3281510879
-0.3283619779
-0.3279061433
-0.3278835919
-0.3069150159
-0.276745307
-0.276745307
-0.276745307
-0.3069731235
-0.3111753213
-0.3222193222
-0.3119411791
-0.3119411791
-0.3119411791
-0.3223810615
-0.3111753213
-0.3111753213
-0.3111753213
-0.331837855
-0.3284582125
-0.328463249
-0.3222231967
-0.313904613
-0.3224077969
-0.3318186074
-0.3284499671
-0.3284307996
-0.2919857972
-0.3053803742
-0.2905927216
-0.305388769
-0.2920236
-0.2905876587
-0.315087815
-0.3157381972
-0.3169222552
-0.3151063885
-0.3157560314
-0.3169399689
-0.3118220338
-0.3112473746
-0.3098243981
-0.3118280971
-0.3112533583
-0.3098302465
)
;
    }
    procBoundary1to3
    {
        type            processor;
        value           nonuniform List<scalar> 
125
(
-0.3425950523
-0.3509112715
-0.3549971172
-0.3505978801
-0.3351370511
-0.3076946449
-0.2693046545
-0.2232258677
-0.1739339145
-0.125825143
-0.08230256944
-0.04556935388
-0.01636805168
0.005420831152
0.02068015225
0.03060710607
0.03641547908
0.03918941072
0.03982509867
0.03902210618
0.03730431583
0.03505106372
0.0325285819
0.0299198044
0.02734417764
0.02487666072
0.02256009695
0.02041513871
0.01844749156
0.01665321425
0.01502264122
0.0135431443
0.01220123697
0.0109828414
0.009876685401
0.008871795514
0.007956031801
0.007120212993
0.006357070124
0.00566035766
0.005024820073
0.004446358575
0.003921899402
0.003449081743
0.003025835291
0.002649930569
0.002318598601
0.002028345963
0.001775041563
0.001554232921
0.001361545712
0.001193003626
0.001045179574
0.0009151850878
0.0008005958375
0.0006993346745
0.0006096073499
0.0005298530824
0.0004587085966
0.0003949780372
0.0003376056017
0.0002856495431
0.0002382678643
0.000194680322
0.0001542401603
0.0001160893389
8.0491715e-05
4.398607406e-05
2.131022632e-05
-0.307041792
-0.3165681176
-0.3300426154
-0.3051305297
-0.3051217557
-0.3135986461
-0.3070403429
-0.3135930871
-0.3053585247
-0.304113842
-0.3038686903
-0.3053591806
-0.3041090675
-0.3038689526
-0.3264784375
-0.316561012
-0.3264730911
-0.3071051612
-0.3089359394
-0.3088630653
-0.3110863527
-0.3131469103
-0.3108919894
-0.307107195
-0.3089413557
-0.308866157
-0.3131504953
-0.3110948338
-0.3108964427
-0.3385906935
-0.3300453474
-0.3385911135
-0.3155323416
-0.3203236702
-0.3175493473
-0.3247862899
-0.3244410969
-0.3188880422
-0.3155338833
-0.3203310385
-0.3175510323
-0.3244425398
-0.3247918948
-0.3188897874
-0.3022302906
-0.3021248863
-0.3028832864
-0.2995443765
-0.2981949764
-0.2964866609
-0.3022263281
-0.3021208896
-0.3028791177
-0.2995443199
-0.2981949071
-0.2964866049
)
;
    }
}


// ************************************************************************* //
