/*--------------------------------*- C++ -*----------------------------------*\
| =========                 |                                                 |
| \\      /  F ield         | OpenFOAM: The Open Source CFD Toolbox           |
|  \\    /   O peration     | Version:                                        |
|   \\  /    A nd           | Website:  www.openfoam.com                      |
|    \\/     M anipulation  |                                                 |
\*---------------------------------------------------------------------------*/
FoamFile
{
    version     2.0;
    format      ascii;
    class       volScalarField;
    location    "2.1";
    object      p;
}
// * * * * * * * * * * * * * * * * * * * * * * * * * * * * * * * * * * * * * //

dimensions      [0 2 -2 0 0 0 0];


internalField   nonuniform List<scalar> 
2403
(
0.06290245633
0.06275013936
0.06237101773
0.06176029066
0.06093535579
0.05990073194
0.05864956253
0.05717465101
0.05547195738
0.05353921726
0.05137466616
0.04897763562
0.0463516474
0.04350385
0.04044546774
0.03719475105
0.033777077
0.03022407718
0.02657320633
0.02286751174
0.01915498707
0.01548729338
0.01191793988
0.008500045127
0.005283979002
0.002315979977
-0.0003658467701
0.06310307736
0.06295192724
0.06257483245
0.06196695187
0.0611454901
0.06011461756
0.05886707702
0.0573952307
0.05569457531
0.05376240119
0.05159638099
0.04919382547
0.04655633507
0.04369325795
0.04061568839
0.03734065624
0.03389283093
0.03030396784
0.02661208688
0.02286108324
0.01910017421
0.01538266631
0.01176403809
0.008299377223
0.005040614772
0.00203655553
-0.0006729458681
0.06350979718
0.06336026541
0.0629867079
0.06238406965
0.06156899763
0.06054500114
0.059304098
0.05783783178
0.05614081557
0.05420936741
0.05203967528
0.04962623757
0.04696788877
0.04407408576
0.04095726858
0.0376334126
0.03412533412
0.03046429546
0.0266892909
0.02284610687
0.01898656722
0.01516733192
0.01144789268
0.007887572798
0.004542255771
0.001465890511
-0.001298244308
0.06411907496
0.06397194691
0.06360384277
0.06300944458
0.06220451076
0.06119154916
0.05996151831
0.05850471641
0.05681421637
0.05488438332
0.05270925139
0.05028201658
0.04759846695
0.04466079154
0.04148329988
0.03808435095
0.03448526275
0.03071514965
0.02681341702
0.02282866981
0.01881696076
0.01484023689
0.01096429318
0.007255305027
0.003775831618
0.0005877104789
-0.002260352269
0.06492814212
0.06478429707
0.06442387903
0.06384128247
0.06305107112
0.06205437526
0.0608407358
0.05939873744
0.05771927088
0.05579401932
0.05361422262
0.05117122611
0.04845851298
0.04547166898
0.04221584081
0.03871326549
0.03498957106
0.03107119384
0.02699628056
0.0228163669
0.01859339953
0.01439695199
0.0103018486
0.006384218664
0.002716596602
-0.0006278512464
-0.003592428312
0.0659336445
0.06579344935
0.06544345291
0.06487710658
0.06410728737
0.06313343622
0.06194343556
0.06052371913
0.05886236705
0.05694768868
0.05476723467
0.052308802
0.04956237986
0.04652040805
0.04317818903
0.03954762701
0.0356641071
0.03155509467
0.02725682558
0.02282277854
0.01832177667
0.01383385949
0.009446561048
0.005249982908
0.001330805179
-0.002222024803
-0.005340414809
0.06713081377
0.06699489121
0.06665778206
0.06611321391
0.06537095533
0.06442831258
0.06327127803
0.06188392372
0.06025090791
0.05835639659
0.05618324154
0.05371419225
0.05093429083
0.04783121414
0.04439194571
0.04061780853
0.03654031061
0.03219403954
0.02761690335
0.02286376675
0.01800936645
0.01314636198
0.008379775311
0.003819439389
-0.0004280269088
-0.00425188502
-0.007568055422
0.06851142092
0.0683821189
0.06806215445
0.06754458243
0.06683809675
0.06593741233
0.06482558736
0.06348393021
0.06189316612
0.0600327793
0.0578798332
0.05541043403
0.05260235542
0.04943651578
0.04589582309
0.04197299966
0.03767433649
0.03303904418
0.02811446797
0.02296344694
0.01766662737
0.01232897906
0.007077268513
0.002048486214
-0.002622581802
-0.006794909541
-0.01036197153
0.07006553005
0.06994496644
0.06964757763
0.06916556108
0.06850447007
0.06765725656
0.06660601454
0.06532750409
0.06379774391
0.06199084505
0.0598772443
0.05742502167
0.05460282826
0.05138222492
0.04773903376
0.04365685025
0.03912818207
0.03416403355
0.02881751641
0.02316978224
0.01731808516
0.01138135823
0.005511673365
-0.0001183656593
-0.005334682599
-0.009953941741
-0.01383832981
0.07178058403
0.07167111838
0.07140219124
0.07096534833
0.07036295503
0.06958515449
0.06861127788
0.06741652348
0.06597224069
0.0642451047
0.06219774678
0.05978891195
0.05697649792
0.05371970494
0.04998194169
0.0457328403
0.04094954973
0.03562324532
0.0297916801
0.02354061534
0.01699780793
0.01030584962
0.003648964921
-0.002753644018
-0.008673164533
-0.01386641984
-0.01815251551
0.0736408291
0.07354518384
0.07331140005
0.07293040868
0.07240127936
0.07171168798
0.07083844581
0.06975297281
0.06842244497
0.06680864591
0.06486394534
0.06253565612
0.05976874034
0.05650674544
0.05269494066
0.04828347789
0.04323068401
0.03751000162
0.03112072486
0.02415179622
0.01675398006
0.00910982747
0.001446978511
-0.005953234588
-0.01278483887
-0.01871818865
-0.02351137525
0.07562688824
0.07554816156
0.07535693289
0.07504367816
0.07460413376
0.07402371815
0.07327740301
0.07233337376
0.07115386885
0.06969336943
0.06789681539
0.06569966385
0.06302970506
0.05981129155
0.05596657681
0.05141926095
0.04609951792
0.03994855368
0.03293796774
0.02512905868
0.01667590952
0.007824013977
-0.0011362312
-0.009838009818
-0.01786506027
-0.02476066049
-0.03018680059
0.07771552239
0.07765720669
0.07751648552
0.07728373771
0.07695160081
0.07650373256
0.07591376421
0.07514693691
0.07416227066
0.07290767501
0.07131737633
0.06931442639
0.066811668
0.06370882196
0.05989811969
0.05526772658
0.04970708077
0.04311756267
0.0354309833
0.02663527807
0.01689057335
0.006497527102
-0.004153774874
-0.01457493488
-0.02419005579
-0.03235451148
-0.03859282269
0.07987942562
0.07984531289
0.07976349626
0.07962466162
0.07941890081
0.07912886997
0.07872760115
0.07817817399
0.07743791553
0.07644979855
0.07513742777
0.07341196084
0.07116757767
0.06827913369
0.06460383995
0.05998310922
0.05425009124
0.04724271337
0.0388194999
0.02890265919
0.01759932966
0.005233377746
-0.007650283728
-0.02038043004
-0.03214143476
-0.04200200598
-0.04928388488
0.08208565012
0.08207916847
0.08206424207
0.08203233431
0.08197169047
0.08186506775
0.08168651516
0.08140011176
0.08096134864
0.08030952195
0.07935923868
0.07801312189
0.07614773937
0.07360535651
0.07020756038
0.06573998721
0.05995872927
0.05260762382
0.0434449661
0.03228902332
0.01909566345
0.004205939322
-0.01167156827
-0.02756075387
-0.04227138536
-0.05443338534
-0.06305684059
0.08429870302
0.08432276663
0.08438204111
0.08447001103
0.08457319313
0.08467549562
0.08475275848
0.08477161381
0.08469152788
0.08445214399
0.08396474807
0.08312244101
0.08178606772
0.07976563352
0.07684398086
0.07273883346
0.06711693214
0.0595900055
0.04975743216
0.037245185
0.02182573839
0.003721647565
-0.0162335097
-0.03655425296
-0.05539299749
-0.0706922531
-0.08106740208
0.08647606469
0.08653303622
0.08667289102
0.0868925347
0.08717638672
0.08750962428
0.08787318304
0.08824263525
0.08858214828
0.08883202151
0.08890599136
0.0887014035
0.08807069486
0.0868010717
0.08463008958
0.08119599947
0.07605879759
0.06865454062
0.05835370549
0.0444940687
0.02652493728
0.004279795539
-0.02129009113
-0.04803161964
-0.07288421575
-0.0924877171
-0.1048705601
0.08857185096
0.08866446067
0.08888982501
0.08924858682
0.08972497733
0.0903077385
0.09098581361
0.09174361015
0.0925543589
0.09336728428
0.0941132716
0.09469731581
0.09496631798
0.09469912208
0.09361443973
0.09128724032
0.08714299757
0.08038556041
0.07007470819
0.05506925316
0.03422983814
0.006703121214
-0.02672708057
-0.0627310276
-0.09653254425
-0.1224756652
-0.1378600324
0.09054434371
0.09067248671
0.09098422538
0.09148432733
0.09215795315
0.09299923977
0.09400800826
0.09518138466
0.09650685975
0.09795064254
0.09946490048
0.1009753395
0.1023448063
0.1033828042
0.1037930115
0.1031038537
0.1006486977
0.09539941751
0.08596587515
0.07043903109
0.04668418834
0.01247616415
-0.03266076492
-0.08271183802
-0.1289355882
-0.1632156416
-0.1810625145
0.09234629412
0.09250893397
0.09290534073
0.09354439516
0.09441250576
0.09551068123
0.09685190861
0.09844907354
0.1003085897
0.102424112
0.1047793358
0.1073354545
0.109997533
0.1126294073
0.1149689417
0.1165918259
0.1167687687
0.1142724459
0.1072664636
0.09276987175
0.0668049957
0.02380055833
-0.03816040344
-0.09489989787
-0.1534155176
-0.2017647411
-0.2274465996
0.09393584394
0.09412741229
0.09460283187
0.0953726367
0.09642434255
0.09776680322
0.09942666441
0.101434431
0.1038196422
0.1066098041
0.1098293221
0.1134920535
0.1175815432
0.1220488815
0.126732305
0.131343437
0.1352425195
0.1372766331
0.1353036819
0.1253464891
0.1008880661
0.05025869665
-0.02076730604
-0.1200628917
-0.2234136453
-0.2713667957
-0.3002112093
-0.3103688681
0.09526332316
0.09548391763
0.09602930538
0.0969142869
0.09812897279
0.09968999196
0.1016372997
0.1040196167
0.1068911
0.1103139399
0.1143596727
0.1191082081
0.1246422229
0.1310396832
0.1383301439
0.1464717976
0.1551323975
0.1636016601
0.1699768034
0.1709107064
0.1445037538
0.09928051736
-0.001927910483
-0.1414736969
-0.3130444429
-0.4192749089
-0.4303467362
-0.4063782204
0.09629555079
0.09653960168
0.09714157398
0.09811989872
0.09946743969
0.1012077297
0.1033925216
0.1060871372
0.1093687204
0.1133322423
0.1180964018
0.1238092897
0.1306549582
0.1388612935
0.1486978167
0.1604708343
0.1744164891
0.1906786507
0.2085007455
0.226029474
0.2132694636
0.1678962247
0.07131384713
-0.1878343693
-0.5777084981
-0.6720487788
-0.5544770936
-0.4747507991
0.09700182208
0.0972625855
0.09790432369
0.09894868638
0.1003905388
0.1022586019
0.104613562
0.1075334945
0.11111354
0.1154748027
0.1207745004
0.1272180237
0.1350765441
0.1447139648
0.156617975
0.1714526657
0.1900549971
0.2136367382
0.2431351455
0.2615463112
0.291919212
0.2831405933
0.2248203932
-0.1493460713
-0.462634576
0.09736065073
0.09763005405
0.09829282173
0.09937156489
0.1008625309
0.1027973385
0.1052415079
0.10828008
0.1120181602
0.1165914904
0.1221791585
0.1290197127
0.1374357424
0.1478735673
0.1609558046
0.177580592
0.1989789106
0.2271443835
0.2641518788
0.3000568883
0.3406288124
0.420450534
0.4778119322
-0.4685705702
-0.2317095848
-0.1878824785
-0.4685159388
-0.2317372632
-0.6607907383
-0.5776527272
-0.660746039
-0.5714605343
-0.6719957538
-0.5714684193
-0.4892000352
-0.4808678755
-0.5544281617
-0.4890675426
-0.4806839357
-0.03559232887
0.4073808354
0.2247758904
-0.03559739066
0.4073607753
-0.1493548358
-0.4746754243
-0.4747697477
-0.4629412027
0.5868305365
0.4778324567
0.5867995935
-0.4020926567
-0.485682817
-0.5943880243
-0.3129468721
-0.4020463189
-0.4855263504
-0.5943548932
-0.4333872916
-0.6085562606
-0.554008235
-0.4192394705
-0.4333163073
-0.608512407
-0.5540608537
-0.1034935342
0.1746143581
-0.07193219697
0.07128499721
-0.1035001989
0.174574608
-0.07196363749
-0.5975228502
-0.5812867131
-0.6064113641
-0.6548796346
-0.6084219024
-0.6611897418
-0.6026522341
-0.6683926138
-0.6752719091
-0.6440021803
-0.7088678011
-0.6453166431
-0.7105807236
-0.6690690851
-0.4705869793
-0.4746971573
-0.4704279346
-0.1501066811
-0.4633090286
-0.4553187391
-0.469498166
-0.4557270626
-0.4709146646
0.4702998721
0.4691174108
0.5611380149
0.4203918454
0.4703497805
0.469093263
0.5611174655
0.5065900772
0.4801057364
0.4604127631
0.5253978798
0.46293065
0.5275018259
0.5083203912
-0.3083151597
-0.2372394119
-0.2321303673
-0.2525702479
-0.2342684523
-0.2449775719
-0.3095850463
-0.4951592092
-0.5000128879
-0.4547002774
-0.4939854552
-0.4577535622
-0.4879444196
-0.3083212342
-0.2372398416
-0.2321380129
-0.2525759543
-0.2342728142
-0.2449838636
-0.3096005757
-0.4951681426
-0.5000136968
-0.4547283751
-0.4939902979
-0.457761931
-0.4879673089
-0.6665718864
-0.662575846
-0.6444186078
-0.6831153513
-0.6481595817
-0.6814669757
-0.6653069345
-0.6795473047
-0.6832484418
-0.597509114
-0.5812597343
-0.606349319
-0.654833912
-0.6084072534
-0.6611738781
-0.6026121488
-0.6665570425
-0.6625622194
-0.6443724746
-0.6830723792
-0.6481458403
-0.6814526906
-0.6652665355
-0.6795369314
-0.6832417137
-0.6389292347
-0.5711349282
-0.6090502391
-0.5712172975
-0.6103843679
-0.5699887299
-0.6364514066
-0.5714317068
-0.5678063893
-0.6683794206
-0.6752545075
-0.6439495246
-0.7088235134
-0.6453009258
-0.7105653051
-0.6690314453
-0.638912809
-0.5711290502
-0.6089958123
-0.5711741043
-0.6103681108
-0.5699737243
-0.6364072061
-0.5714053579
-0.5677930591
-0.5220888488
-0.5596147282
-0.5169921081
-0.5608267258
-0.5152363866
-0.5223363811
-0.5125117043
-0.4811647589
-0.4870309481
-0.501674146
-0.4867242616
-0.5015977646
-0.5109138425
-0.5220680565
-0.5595558322
-0.5169120682
-0.5608063365
-0.5152096375
-0.5222778005
-0.512500885
-0.4811474968
-0.4868211138
-0.5015654556
-0.4867044207
-0.5015792736
-0.5108408802
0.1544404312
-0.03430547257
0.09695393537
-0.001828334686
0.09862957885
-0.008919435632
0.1530582099
0.2353203802
0.1647606897
0.2894411949
0.1662609402
0.284500437
0.2326871585
0.1544388446
-0.03431363822
0.09695816718
-0.001833026034
0.09863173622
-0.008922799011
0.1530560358
0.2353182717
0.1647560185
0.2894328015
0.1662573582
0.2845000907
0.232682675
-0.1501022868
-0.4736490338
-0.4736568484
-0.4580587838
-0.4556606253
-0.4633411151
-0.455526848
-0.4695836439
-0.4557528351
-0.470931913
-0.4581395804
-0.4556865894
0.440216168
0.4412076285
0.5686596947
0.5893266321
0.5663977497
0.5981844148
0.5693116942
0.5973182386
0.568811137
0.5065863999
0.4801046632
0.4604021226
0.5253754971
0.4629283827
0.52750032
0.5083090198
0.4402162267
0.4412068511
0.5686546353
0.5893196883
0.5663717929
0.5981613483
0.5693073642
0.597311525
0.5687955599
-0.2168937717
-0.1428141166
-0.242989161
-0.1200725577
-0.2168602282
-0.1428491994
-0.2429365829
-0.2597592151
-0.2785356212
-0.3562102237
-0.2234293082
-0.2597304851
-0.2784443906
-0.3561743846
-0.2987768629
-0.3725593483
-0.3928611037
-0.271350276
-0.298782927
-0.3725353167
-0.3927927796
-0.3138497535
-0.3925735231
-0.3846566448
-0.3001371142
-0.3138120303
-0.3926498911
-0.384598683
0.01816323273
0.1440709621
0.08138052859
0.09927845354
0.01815569648
0.1440877115
0.08135345547
-0.09867570059
0.04901513046
-0.103258178
-0.001943241692
-0.09874235824
0.04900516472
-0.1033087628
-0.2715886777
-0.1742714111
-0.407063116
-0.1415411541
-0.2714131406
-0.1744234442
-0.4068841908
-0.3975703104
-0.3485295942
-0.3570168239
-0.311244731
-0.3470323536
-0.356283464
-0.3981633648
-0.482464254
-0.4294248707
-0.475150251
-0.418837042
-0.4291547919
-0.4750180544
-0.482551265
-0.4137470321
-0.5375273524
-0.4827763274
-0.4304306691
-0.4136872714
-0.53748994
-0.4828210703
-0.4718730282
-0.4064498848
-0.4717222317
0.1052280873
0.2498473082
0.2117397637
0.1679451757
0.1052119257
0.2498798235
0.211680368
0.0496190558
0.02460284379
0.09785580102
0.07688656586
0.02776995714
0.1020208271
0.04724294242
-0.3012135522
-0.1875790958
-0.2750005862
-0.2063833303
-0.2742780107
-0.2064283205
-0.3023312846
-0.5372485587
-0.5551741671
-0.5306613378
-0.5705359361
-0.5306357175
-0.5738324595
-0.5370909989
-0.4749147493
-0.47069504
-0.4708880744
-0.4600565472
-0.460102966
0.2744088145
0.3268131779
0.3739793524
0.2919213086
0.2743746422
0.3267614403
0.3740620291
0.2579106559
0.3910640804
0.4169747878
0.2830994125
0.2579346807
0.3911473546
0.4169710564
0.2339907618
0.2263440804
0.1705466351
0.280699738
0.1711379337
0.2818384723
0.2333962121
0.3982830935
0.363338932
0.4380798004
0.3406782484
0.3982174807
0.3633255276
0.4380544163
0.471190452
0.4404253965
0.4436492772
0.4251384408
0.4430242412
0.4482046967
0.468817061
-0.4391140724
-0.468010518
-0.3791077734
-0.5054499803
-0.3796291615
-0.5042012566
-0.4366096625
-0.3012335728
-0.1876074971
-0.2751238978
-0.2063842656
-0.2743154483
-0.2064404702
-0.3023848876
-0.4391296185
-0.4679917543
-0.3791697747
-0.5054720202
-0.3796505833
-0.5042021478
-0.4366528224
-0.509480518
-0.4892136467
-0.5067774813
-0.4883886037
-0.5067999947
-0.4882013648
-0.5094856496
-0.5372259914
-0.5551563701
-0.5305751641
-0.5705292386
-0.5306100645
-0.5738210765
-0.5370333114
-0.5094654581
-0.4891889617
-0.5067840026
-0.4882227856
-0.5067981259
-0.4881736347
-0.5094190821
0.3100881635
0.4080494881
0.3426424929
0.3718981175
0.3436639284
0.3734888537
0.3077606399
0.2339896926
0.2263327589
0.1705319109
0.2807248793
0.1711349047
0.2818448903
0.2333955124
0.3100852654
0.4080421633
0.3426193457
0.3719207072
0.3436613854
0.3734922338
0.3077544974
-0.4311613578
-0.3783473047
-0.4576919313
-0.4013864957
-0.377281597
-0.4573779085
-0.431631496
-0.4862043738
-0.5335202473
-0.5331929749
-0.4582510984
-0.4124348177
-0.4121499189
-0.4586837317
-0.5944392624
-0.5697780186
-0.5698338508
-0.4945544131
-0.5225234456
-0.5223998476
-0.4948797935
-0.3976352828
-0.3112459996
-0.3486536842
-0.3566484128
-0.3470780647
-0.3562369973
-0.3983230389
-0.431172461
-0.4013736349
-0.378362135
-0.4576359157
-0.377290997
-0.4573592868
-0.4316527471
-0.4861533938
-0.5334739057
-0.533180441
-0.4582750234
-0.4119778512
-0.4120461367
-0.458739359
-0.5944279159
-0.5697522541
-0.5698281502
-0.4945592875
-0.5224792541
-0.5223849029
-0.4948848355
-0.481679825
-0.4332929707
-0.4769967405
-0.4330868648
-0.4330887349
-0.4768530046
-0.4818040023
-0.6094195256
-0.5984274153
-0.5989002525
-0.5412726432
-0.5395452923
-0.5397471659
-0.5411377268
-0.5542102467
-0.577468925
-0.5779952978
-0.5324112264
-0.5198116055
-0.5198458621
-0.5323016651
-0.4824566517
-0.4188273393
-0.429410372
-0.4751100887
-0.4291496959
-0.4750040863
-0.4825297789
-0.4816725461
-0.4330768662
-0.4332879975
-0.4769608413
-0.4330813224
-0.4768467599
-0.4817836119
-0.6094043512
-0.5983796149
-0.598887816
-0.54126241
-0.5395022553
-0.5397320727
-0.5411045129
-0.5542155764
-0.5774391286
-0.5779849916
-0.5324073658
-0.519805243
-0.5198436004
-0.5322993989
-0.1023358177
-0.103354638
-0.102254323
-0.01944318989
-0.03379979942
-0.03214739692
-0.0206991765
0.1765398564
0.1163377167
0.1172820743
0.07769778354
0.1310454824
0.1337112475
0.07612397159
-0.07038718947
-0.09911042536
0.03593916315
-0.09833207155
0.03641881339
2.310928425e-05
-0.0006946731826
0.04961081738
0.07687614908
0.02458215318
0.09785188349
0.02776329394
0.1020176564
0.04722229603
-0.102342574
-0.1033975776
-0.1022601938
-0.01945344518
-0.03382806403
-0.03215455402
-0.02073158153
0.1765247881
0.1163836981
0.1172954264
0.07769878629
0.1310732135
0.1337193731
0.07613243479
-0.07040632488
-0.09915918641
0.03594956159
-0.09834443143
0.03642346621
1.214385329e-05
-0.0007208329153
-0.4712944842
-0.4682605288
-0.4563878147
-0.4683026585
-0.4564754777
-0.4570523516
-0.4572280107
-0.4749097031
-0.4708575878
-0.470922247
-0.4600656929
-0.4601551698
-0.4712885925
-0.4683869031
-0.4564216341
-0.4683358139
-0.456476886
-0.4570567706
-0.4572245903
0.4714024542
0.5128040849
0.5136353693
0.494025603
0.4579846809
0.4595740345
0.4926692078
0.4917620087
0.4604748607
0.5001014385
0.4734437575
0.4648898434
0.5023951137
0.4894262055
0.5623296755
0.5448384363
0.5460387735
0.5196765664
0.531445157
0.5328478004
0.5182677543
0.4711907572
0.4251366708
0.4403968467
0.4436760055
0.4430246216
0.4482074192
0.4688169935
0.4714050328
0.5127870294
0.5136317883
0.4940260836
0.4579860431
0.4595753666
0.4926772845
0.4917591189
0.4734406404
0.4604643279
0.5000940101
0.4648866812
0.5023930537
0.4894172824
0.5623235884
0.5448094703
0.5460343168
0.5196720618
0.5314326765
0.5328434952
0.518247658
-0.1229853151
-0.1063182385
-0.1467101494
-0.09486093199
-0.122982074
-0.1062975169
-0.146714808
-0.1804433292
-0.1816747268
-0.2142575144
-0.1533919203
-0.1804288297
-0.1816527657
-0.2142423479
-0.2191928397
-0.2390756869
-0.2557242631
-0.2017527294
-0.2191647711
-0.2390652185
-0.2557082326
-0.239306994
-0.2623485387
-0.2597342084
-0.2273719667
-0.2391287538
-0.2623202102
-0.2596102543
0.02500608287
0.07131905089
0.03858191582
0.05024852474
0.0250044314
0.07131317051
0.03857518005
-0.0608356476
-0.01265687274
-0.1164242752
-0.02077023551
-0.0608474737
-0.0126724258
-0.116477928
-0.2368967756
-0.2304485986
-0.2413410372
-0.1730370122
-0.2109749873
-0.1990749046
-0.2530714189
-0.31043064
-0.284052364
-0.3004890273
-0.2688348879
-0.2829945437
-0.2980540449
-0.3121138239
-0.3233708016
-0.3085592815
-0.3266733936
-0.298582496
-0.3083125196
-0.3245910375
-0.3249298835
-0.3780875606
-0.310318763
-0.3781638555
0.1329440632
0.1777801979
0.1632920725
0.1444915614
0.132958153
0.1777853779
0.1633182329
-0.006886844667
-0.01726200513
0.01083613477
0.02759413305
-0.01079925825
0.03602557238
-0.01445971245
-0.1987031052
-0.1833060428
-0.1497892099
-0.1322868982
-0.1787986254
-0.1460926245
-0.2013286522
-0.4699406397
-0.4303101303
-0.4700861831
-0.4620702168
-0.426149438
-0.4259825725
-0.4620781018
-0.3981425197
-0.4341750863
-0.4074558604
-0.4030226818
-0.4348630862
0.2036886239
0.2510302527
0.2454953534
0.2132260882
0.203682962
0.2509738865
0.2455441294
0.2099697308
0.1338722583
0.1998370232
0.1761899087
0.1886548292
0.2020396924
0.1697548253
0.2795621779
0.2833576514
0.3054332505
0.2615849872
0.2795836609
0.283360721
0.3054365473
0.3329957295
0.2856232609
0.3189555006
0.3076690969
0.294981827
0.3386909144
0.3254147817
0.3263172267
0.3081827917
0.3379022163
0.3000606229
0.3263219088
0.3081864292
0.3379042436
0.3998385046
0.3453503225
0.3522689334
0.3488475949
0.3862922894
0.360958882
0.3591736012
-0.1811481456
-0.1705272157
-0.228516538
-0.1376513963
-0.158036717
-0.164452703
-0.1728906965
-0.1441139542
-0.1371787569
-0.169532499
-0.1097524653
-0.0966971066
-0.1601618153
-0.1532380507
-0.2403163291
-0.1923703871
-0.2223039684
-0.2044478509
-0.213444618
-0.2045079714
-0.1809912612
-0.1811267611
-0.1376509393
-0.1705247591
-0.2284580532
-0.1580395818
-0.1644541728
-0.1728605133
-0.1441178363
-0.1097530486
-0.1371909367
-0.1695348621
-0.09669894503
-0.1601463892
-0.1532474452
-0.2402907555
-0.1923393219
-0.2222442694
-0.2043003806
-0.2134227175
-0.2044680573
-0.1809633821
-0.2629221366
-0.243916414
-0.2867907229
-0.2559390724
-0.235739677
-0.2830569621
-0.2696011736
-0.3087979283
-0.2735799198
-0.3051416832
-0.2700102472
-0.2524768123
-0.2405200898
-0.2768283787
-0.3348310811
-0.3549476097
-0.3327239002
-0.2953644784
-0.3182237987
-0.3161388925
-0.2988654918
-0.2368917496
-0.1730410486
-0.2304235349
-0.2413372429
-0.2109654138
-0.1990778644
-0.2530552631
-0.2629190572
-0.2559293518
-0.2439217234
-0.2867736299
-0.2357343701
-0.2830501593
-0.2695967038
-0.2735613682
-0.3088224282
-0.3051525033
-0.2700085669
-0.2523917876
-0.2404954031
-0.2768147414
-0.3549364637
-0.3348360431
-0.3327241764
-0.2953691314
-0.3182057123
-0.3161319103
-0.298887663
-0.3179082967
-0.2900745401
-0.3251290181
-0.2982439474
-0.2887695136
-0.3237350075
-0.3194152015
-0.3836606047
-0.3717760549
-0.3831700879
-0.3440859502
-0.3335209353
-0.3322099869
-0.3449129279
-0.3898696335
-0.3924412619
-0.3894540225
-0.3515495049
-0.3566570361
-0.3560209835
-0.3522808252
-0.3104265694
-0.2688289657
-0.2840694708
-0.3004752465
-0.2829921054
-0.2980482934
-0.3121086526
-0.3179008836
-0.2982334345
-0.2900509236
-0.3251308347
-0.2887599424
-0.323726734
-0.3194006442
-0.3717691973
-0.3836583668
-0.3831673001
-0.3440807089
-0.3335079937
-0.3322039134
-0.3449157508
-0.3924316305
-0.38984199
-0.3894459971
-0.3515353981
-0.3566165816
-0.3560123997
-0.3522354665
-0.3923803157
-0.3576815686
-0.3579534815
-0.3909562142
-0.3573379575
-0.3905774767
-0.3580141863
-0.3558645151
-0.3586295211
-0.3875243756
-0.3839528074
-0.3600393225
-0.3867546902
-0.3563083917
-0.3233612364
-0.2985599355
-0.3085568572
-0.3266092584
-0.3083011195
-0.3245740636
-0.3249117975
-0.3923926047
-0.3576728148
-0.3579510728
-0.3909230404
-0.3573388063
-0.3905660553
-0.3579931728
-0.3558476553
-0.3839400822
-0.3585761777
-0.387512483
-0.3600213911
-0.3867439974
-0.3562703817
0.07420249565
0.04972146298
0.03206778849
0.07136893953
0.06212778298
0.07623388149
0.07276363063
0.1493424796
0.1187664994
0.1089784506
0.1569190407
0.1350571813
0.16971456
0.09344089627
0.09432187604
0.1047058839
0.06050501611
0.1000845922
0.07548938777
0.1318621307
0.08476395362
0.07419889712
0.07136468655
0.04971587736
0.03206019977
0.06212486982
0.07622894807
0.07275519604
0.149337844
0.1569232626
0.1187774771
0.1089854438
0.1350587806
0.169710568
0.09344094659
0.09431362692
0.1047020183
0.06049514974
0.1000739841
0.07548523579
0.1318581198
0.0847571524
-0.05284302507
-0.05035892818
-0.09964072336
-0.09277881872
-0.06307299016
-0.09782056963
-0.05228250951
0.007489003105
0.05641010638
0.01195487572
0.0005512249234
0.03066478284
0.04148380359
-0.004778063166
-0.1021925936
-0.04293379451
-0.04090656097
-0.04701479726
-0.1014236318
-0.100307243
-0.04885277891
-0.006898368193
0.02758343752
-0.01728920448
0.01081936497
-0.01080857306
0.03601779616
-0.01448993963
-0.05286194956
-0.09280104622
-0.05040825124
-0.09972941779
-0.06308969875
-0.09785263193
-0.05233353433
0.05640674917
0.007476189697
0.01195163417
0.0005442783571
0.03065427257
0.04148005975
-0.004796073001
-0.1022208509
-0.04295642627
-0.04091685755
-0.04703388465
-0.1015209558
-0.1003452979
-0.04889500296
-0.3076320391
-0.2704369656
-0.3066999898
-0.25388782
-0.2276620216
-0.2262352688
-0.255076167
-0.173836649
-0.2484341277
-0.2477260086
-0.2218229033
-0.1610030351
-0.1596960291
-0.2230467305
-0.4063310524
-0.3301382587
-0.3299722203
-0.3518242905
-0.3510668681
-0.2879851999
-0.288469859
-0.1987391802
-0.1323076685
-0.183407172
-0.1499164511
-0.1788083404
-0.1461372763
-0.2015264566
-0.2703825454
-0.3065785947
-0.306434872
-0.2537810849
-0.2275180279
-0.2261789983
-0.2550560509
-0.1738849361
-0.2485982486
-0.2477687241
-0.2218830294
-0.1611755094
-0.1597566049
-0.2233244879
-0.406255112
-0.3302084095
-0.3299763489
-0.3512240846
-0.3508693315
-0.2879884667
-0.2890523494
-0.4527338143
-0.4201807485
-0.4426788758
-0.4137667219
-0.4200162626
-0.4428478866
-0.4526614547
-0.5380771179
-0.5194040949
-0.5197412045
-0.5078403385
-0.5081476758
-0.4949202159
-0.4947624267
-0.4829859285
-0.4996802532
-0.4999409415
-0.4807900256
-0.4668807888
-0.4670296243
-0.4806289919
-0.4303247106
-0.4700421814
-0.4701001691
-0.4620523745
-0.4261141186
-0.4259694322
-0.462028345
-0.4527212324
-0.4137579495
-0.4201600027
-0.4426803475
-0.4200041322
-0.4428473181
-0.4526287054
-0.5380641017
-0.5193269419
-0.5197190934
-0.5078784835
-0.5081467325
-0.4949064976
-0.494719556
-0.4829925689
-0.4996788428
-0.4999365536
-0.4807792925
-0.4669160977
-0.4670331173
-0.4806048575
-0.4721017275
-0.4576541097
-0.4580476388
-0.4074707724
-0.4342121186
-0.4348685935
-0.4720720435
-0.4576069479
-0.4580351554
0.1335801991
0.1171040068
0.1428758422
0.1796532825
0.1240748759
0.155621581
0.1554523005
0.2259226665
0.2232804616
0.2482094905
0.2742129687
0.2381334706
0.2586171757
0.2127742795
0.2152516761
0.1694607262
0.1746429221
0.2059600248
0.2356483461
0.2418347795
0.1961054992
0.2099681067
0.176191626
0.1338934834
0.1998191126
0.1886513056
0.2020323607
0.1697508943
0.1170999043
0.133611221
0.14288069
0.1796509522
0.1240814428
0.1556178979
0.1554542881
0.2259198522
0.274215964
0.2232919052
0.2482296253
0.2381293543
0.2586197011
0.2127706365
0.2152412881
0.1694711333
0.1746453006
0.2059561276
0.2356275416
0.2418300785
0.1960825611
0.3182455529
0.2854675098
0.3081516316
0.316928152
0.2925068777
0.3423026946
0.3127594483
0.3490770142
0.3091376487
0.3296352683
0.3348858098
0.3184064931
0.3695906403
0.3135425156
0.3842843659
0.3483552119
0.3460092736
0.3523836223
0.3587988128
0.3751924994
0.3325787007
0.3182438756
0.3169302773
0.2854336658
0.3081808836
0.2925010096
0.3423070757
0.3127560892
0.3490764252
0.3348798655
0.3091503016
0.3295935548
0.3184067583
0.3695899565
0.3135412381
0.3842972801
0.3483542144
0.3460150321
0.3523869173
0.3587990165
0.375195171
0.332580585
0.2605221147
0.3090705284
0.3110501472
0.32600347
0.2772934735
0.281841903
0.3225483805
0.405080888
0.3969440674
0.408484566
0.3710489074
0.3578544177
0.3666007324
0.3665010464
0.4178136646
0.3626525353
0.3640460958
0.4151734192
0.4170431892
0.3717131054
0.3693291973
0.3329958988
0.3076674215
0.285629862
0.3189673736
0.2949851328
0.3386919658
0.3254143944
0.2605236327
0.3090671201
0.3110461667
0.3260043389
0.277317327
0.2818450666
0.3225450134
0.396955554
0.4051772955
0.4084963407
0.3710432623
0.3578472911
0.3665964984
0.3664872552
0.4178106782
0.3626101695
0.3640367898
0.4152183277
0.4170455515
0.3717062947
0.3693096874
0.4173118547
0.4081505916
0.4272854022
0.4123389993
0.3720314936
0.3964392497
0.3877848627
0.4083763477
0.3597651518
0.3733682457
0.3716055044
0.368314757
0.4127394651
0.3685109301
0.4310986331
0.4478310988
0.4409768535
0.4234087807
0.4048916313
0.4289825822
0.3990769263
0.399835159
0.3488523918
0.3453793216
0.3522607327
0.3862896225
0.360958823
0.3591671901
0.4081473927
0.4173103525
0.4272855756
0.4123349549
0.3719894405
0.3964321416
0.3877561302
0.4083759871
0.3716061105
0.3598066374
0.3733664212
0.3683183057
0.4127393289
0.368520825
0.4478257124
0.4310995643
0.4409725432
0.4234083521
0.4048877693
0.4289801186
0.3991005442
-0.1166105684
-0.05897499456
-0.06377417709
-0.04807482672
-0.0672955352
-0.0582405374
-0.0713562905
-0.06379017735
-0.116646391
-0.05901775699
-0.04808634064
-0.06730868835
-0.05825198343
-0.07138906776
-0.3498990958
-0.377346464
-0.351588534
-0.3773578984
-0.3499487168
-0.3515821834
0.222366046
0.2601279664
0.2906722427
0.2640279481
0.269635981
0.2443708228
0.2321011988
0.2906772746
0.2224073161
0.260173257
0.2640275716
0.269633295
0.2443675409
0.2321309225
-0.1537011245
-0.1535174784
-0.1528095311
-0.1537193361
-0.1535373188
-0.1528297959
-0.4822351683
-0.4843064582
-0.4866362971
-0.4822940388
-0.4843620185
-0.4866939082
-0.6540427796
-0.6558680821
-0.6523814266
-0.658872327
-0.6632732103
-0.6654960221
-0.6735215203
-0.6744665936
-0.6739546194
-0.7432771617
-0.7515396332
-0.7586774284
-0.7400331834
-0.7453629914
-0.7465889231
-0.6788238835
-0.6823713534
-0.6872994846
-0.1533056806
-0.1525087551
-0.1506059241
-0.4764735804
-0.4781340366
-0.4805441654
-0.4733625692
-0.4731630133
-0.4716717224
0.5452747163
0.5497419895
0.550474475
0.5493954631
0.5559358672
0.5610968616
-0.4292801086
-0.4308691711
-0.4326074656
-0.2977388705
-0.3011166407
-0.3023685423
-0.2935934336
-0.2960106762
-0.2945597618
-0.4495846769
-0.4482807834
-0.4498120184
-0.448842047
-0.4457430881
-0.4437269911
-0.7265973962
-0.7334771767
-0.7333747818
-0.6956192291
-0.6988158343
-0.7028026588
-0.6899559859
-0.6905415382
-0.6889258501
-0.7290863254
-0.7388609984
-0.7446342062
-0.6540262843
-0.6558508329
-0.6523641684
-0.6588281075
-0.6632268012
-0.6654486732
-0.7265817229
-0.7334613913
-0.7333591736
-0.6955765296
-0.6987728096
-0.702759275
-0.6899406403
-0.6905260842
-0.6889105747
-0.729044007
-0.7388180142
-0.7445908096
-0.6615185847
-0.664749336
-0.6650661536
-0.6648965047
-0.6707287216
-0.6763415845
-0.6735070798
-0.6744520005
-0.6739401307
-0.7432338282
-0.7514958265
-0.7586330697
-0.7400176223
-0.7453473028
-0.746573207
-0.6787836841
-0.6823304334
-0.6872581295
-0.661502919
-0.6647337553
-0.6650507798
-0.6648541929
-0.6706862687
-0.6762989158
-0.587803584
-0.5923059753
-0.5957098162
-0.5167738965
-0.5195418959
-0.5224399462
-0.5128771973
-0.5136222669
-0.5122609475
-0.5262816728
-0.5294129533
-0.5322683217
-0.5166842537
-0.5194502793
-0.5223430658
-0.5128541653
-0.5135980002
-0.512235443
0.1566300532
0.1548168763
0.1549790372
0.02631666115
0.03088356864
0.03341735653
0.02338600692
0.02804039158
0.03016810851
-0.153310834
-0.1525153909
-0.1506126209
-0.4779392779
-0.4780354406
-0.476393719
-0.4779448143
-0.4780406641
-0.4763986576
0.6010058438
0.6059987762
0.6071565729
0.6238388014
0.6302102639
0.6359813415
0.6193362182
0.6232532422
0.6240385321
0.6046631069
0.6120308689
0.6180367366
0.5452715482
0.5497388845
0.5504714935
0.5493851525
0.5559255105
0.5610865259
0.6010004479
0.6059933769
0.6071512829
0.6238162842
0.6301873315
0.6359579564
0.6193290606
0.6232459789
0.6240312723
0.6046465099
0.6120139275
0.6180196153
-0.4293082882
-0.430896107
-0.4326338946
-0.5652282513
-0.5722386876
-0.5753463688
-0.4495615673
-0.4482566474
-0.4497861044
-0.5652267005
-0.5722402428
-0.5753504889
-0.6780938728
-0.678998565
-0.6837209735
-0.6780837344
-0.6789883027
-0.6837119355
-0.5878337694
-0.5923372208
-0.5957408115
-0.5802981268
-0.5846741001
-0.5887741486
-0.5802488623
-0.5846268651
-0.5887274802
0.1571330065
0.1560164493
0.1572977784
0.3259004818
0.3322636545
0.3365245886
0.1571272702
0.1560113826
0.1572938929
0.3258922734
0.3322571138
0.336520089
-0.4644793125
-0.466980232
-0.4695836464
-0.45509968
-0.4565713529
-0.4591587596
-0.4551314993
-0.4566040857
-0.4591910479
0.4445957705
0.4471375911
0.4513251818
0.4445950424
0.4471373083
0.4513265279
-0.2977322387
-0.3011092547
-0.3023607781
0.02632361186
0.03089095407
0.03342480497
-0.2935883944
-0.2960056687
-0.2945545171
0.02338921502
0.02804385219
0.03017159006
-0.526360937
-0.5294929805
-0.5323495349
-0.5214450509
-0.5223973411
-0.5209942191
-0.4248556897
-0.4246590008
-0.4228053905
-0.560498571
-0.565406635
-0.5635941254
-0.4488349221
-0.4457352209
-0.4437177512
-0.5604997166
-0.5654085389
-0.5635976457
-0.6765840079
-0.674748684
-0.6741745817
-0.676577795
-0.674743516
-0.6741706588
-0.5815708321
-0.5837674668
-0.5823625363
-0.5815568008
-0.583753537
-0.5823490071
-0.5771037652
-0.5791812191
-0.5786422256
-0.5770874335
-0.5791651897
-0.5786263159
-0.5214187478
-0.5223712676
-0.5209683538
0.3219487144
0.3271970919
0.3287439252
0.1566262243
0.1548137404
0.1549768885
0.3219459574
0.3271946845
0.3287427486
-0.4765447423
-0.4782085124
-0.4806229913
-0.4733824056
-0.4731834838
-0.4716926729
-0.4645568299
-0.4670569408
-0.4696608479
-0.4598180783
-0.46046754
-0.4593070605
-0.4597931158
-0.4604429596
-0.4592828835
-0.4523862962
-0.4520292839
-0.4509633172
-0.452399546
-0.4520422723
-0.4509755308
0.4422714364
0.4430042384
0.4437760926
0.4422700905
0.4430037286
0.4437769155
-0.4248651964
-0.4246682152
-0.4228142256
)
;

boundaryField
{
    inlet
    {
        type            zeroGradient;
    }
    outlet
    {
        type            fixedValue;
        value           nonuniform 0();
    }
    topAndBottom
    {
        type            symmetry;
    }
    frontAndBack
    {
        type            empty;
    }
    cylinder
    {
        type            zeroGradient;
    }
    procBoundary0to1
    {
        type            processor;
        value           nonuniform List<scalar> 
116
(
-0.002733189323
-0.00305809863
-0.003717880121
-0.004732419368
-0.006135944214
-0.007975845764
-0.01031798234
-0.01325082415
-0.01689443097
-0.02141355773
-0.02702494203
-0.03394258201
-0.04264084098
-0.05365115978
-0.06769655699
-0.08602037957
-0.1095946564
-0.1423885777
-0.1840384388
-0.243546553
-0.243546553
-0.243546553
-0.243546553
-0.243546553
-0.243546553
-0.3092565004
-0.3536549827
-0.3535554928
-0.4626113166
-0.4627369126
-0.4587133573
-0.4587133573
-0.457500375
-0.4519404389
-0.457500375
-0.4518168067
-0.4236148852
-0.420841484
-0.4469626226
-0.44734164
-0.4522850467
-0.4539702491
-0.4587312557
-0.4587312557
-0.457577191
-0.4519561952
-0.457577191
-0.4518301098
-0.4469807082
-0.4473921881
-0.452312376
-0.4539823113
-0.4236457169
-0.4208514485
-0.4600632031
-0.3981546185
-0.4601329842
-0.4627843668
-0.4627843668
-0.4571291258
-0.4626113166
-0.4570056684
-0.4514454026
-0.4515885918
-0.4534510044
-0.4534430907
-0.4628148762
-0.4628148762
-0.4571365627
-0.4627369126
-0.4570289342
-0.4516178482
-0.451607064
-0.4534611989
-0.4535003487
-0.372329164
-0.3092156796
-0.3536380183
-0.3535681937
-0.3723702334
-0.4282018874
-0.4282018874
-0.4264071543
-0.389189674
-0.372329164
-0.4264071543
-0.3983203828
-0.4030260698
-0.3719787538
-0.4603344475
-0.4487317802
-0.4481520791
-0.4282095851
-0.4030260698
-0.4264277153
-0.4603617557
-0.4487454218
-0.4481612883
-0.3535554928
-0.3719787538
-0.3536549827
-0.3719715269
-0.3535681937
-0.3536380183
-0.3966897401
-0.3962888272
-0.3975261696
-0.3966957634
-0.3962944143
-0.3975314216
-0.3937390392
-0.3917407251
-0.3897203378
-0.3937428521
-0.3917444257
-0.3897239928
)
;
    }
    procBoundary0to2
    {
        type            processor;
        value           nonuniform List<scalar> 
75
(
0.09736092371
0.09762997884
0.09829275402
0.09937152749
0.1008624436
0.102797164
0.1052412094
0.1082796013
0.1120174243
0.1165903939
0.1221775572
0.1290174015
0.1374324627
0.1478691524
0.1609507539
0.1775781417
0.1989891331
0.2271810244
0.2641786329
0.3081791275
0.363338747
0.4691186339
0.5868359531
0.5868048393
0.5611414996
0.4690938975
0.5611206804
0.5893320418
0.5981930436
0.5973267119
0.5893249982
0.5981699168
0.5973199262
0.43808068
0.3633244079
0.4380545279
0.5001028692
0.4734447744
0.5023964079
0.5623331805
0.5314471372
0.5328497629
0.4734414224
0.5000950176
0.5023941849
0.5623269786
0.5314343701
0.5328453401
0.3378992678
0.308181256
0.3378990706
0.373368777
0.371604964
0.4127390118
0.4478316345
0.404892184
0.4289824234
0.3716051659
0.3733659324
0.4127384456
0.4478259245
0.4048873697
0.4289795753
0.6238462719
0.6302177664
0.6359889337
0.6193433929
0.6232603801
0.6240456683
0.6238235964
0.6301946527
0.6359653543
0.6193361403
0.623253016
0.6240383051
)
;
    }
}


// ************************************************************************* //
