/*--------------------------------*- C++ -*----------------------------------*\
| =========                 |                                                 |
| \\      /  F ield         | OpenFOAM: The Open Source CFD Toolbox           |
|  \\    /   O peration     | Version:                                        |
|   \\  /    A nd           | Website:  www.openfoam.com                      |
|    \\/     M anipulation  |                                                 |
\*---------------------------------------------------------------------------*/
FoamFile
{
    version     2.0;
    format      ascii;
    class       volScalarField;
    location    "7.1";
    object      p;
}
// * * * * * * * * * * * * * * * * * * * * * * * * * * * * * * * * * * * * * //

dimensions      [0 2 -2 0 0 0 0];


internalField   nonuniform List<scalar> 
2403
(
0.04958529092
0.04940317826
0.04894974292
0.04821845686
0.04722910422
0.04598577265
0.04447838676
0.04269585745
0.04063040537
0.03827615527
0.03562789725
0.03268161587
0.02943777072
0.02589978542
0.02207371477
0.01797210285
0.01361499951
0.00902988534
0.004251990218
-0.0006752567655
-0.005700260416
-0.01076395645
-0.01580108085
-0.02074198033
-0.02551468642
-0.03004582635
-0.03426557474
0.04982526165
0.04964475471
0.04919426658
0.04846724729
0.04748325936
0.04624600688
0.04474499012
0.0429686527
0.04090872238
0.03855885919
0.03591318098
0.03296521145
0.02971299801
0.02616258847
0.02231976521
0.0181953519
0.0138082253
0.009185619125
0.004362928491
-0.0006160304043
-0.005698898133
-0.0108253577
-0.01592845762
-0.02093676963
-0.02577697756
-0.03037263449
-0.03465145136
0.05031147606
0.05013331827
0.04968809639
0.04896905567
0.04799510591
0.04676922458
0.04528015628
0.04351549293
0.0414660321
0.03912437996
0.03648290303
0.03353173166
0.03026548474
0.02669012745
0.02281287365
0.01864287423
0.01419611546
0.009498407314
0.004585272731
-0.0004984753243
-0.005698789783
-0.01095283081
-0.01619026591
-0.02133584234
-0.02631249179
-0.03103763898
-0.03543408907
0.05103914093
0.05086445671
0.05042726341
0.04972056732
0.04876224
0.04755416307
0.04608398613
0.04433800709
0.04230537028
0.0399764982
0.03734129934
0.03438838797
0.03110878425
0.02749916261
0.02356851145
0.01932851829
0.01479253098
0.009982446469
0.004932604531
-0.0003107721106
-0.005690801198
-0.01114070449
-0.01658494512
-0.02194212985
-0.02712877033
-0.03205309446
-0.03663030639
0.05200413616
0.05183413186
0.05140804506
0.05071863621
0.04978238707
0.04859967679
0.04715669861
0.04543797534
0.04343032073
0.04112121515
0.03849746162
0.03554558523
0.03225373765
0.0286105097
0.02461288417
0.02027645038
0.01561920252
0.0106581802
0.005423745506
-3.719147128e-05
-0.005663832343
-0.01138370763
-0.01711396923
-0.02276449092
-0.02824234755
-0.03344294762
-0.03827064647
0.05320142318
0.05303666002
0.05262527497
0.0519590175
0.05105241792
0.0499040324
0.04849838406
0.04681778679
0.04484608573
0.04256713369
0.03996368958
0.0370183085
0.03371487683
0.03003811352
0.02597270942
0.02151985825
0.01670879853
0.01155634209
0.006087432239
0.0003474245085
-0.005598961452
-0.01167147617
-0.01777703622
-0.0238134988
-0.02967489297
-0.03523940903
-0.04039659137
0.05462402109
0.05446538711
0.05407187434
0.05343575072
0.05256793245
0.05146467529
0.05010864553
0.0484798023
0.04655841162
0.04432394816
0.04175412018
0.0388258894
0.03551737924
0.03180729052
0.02767019183
0.02309355757
0.01809978951
0.01271277926
0.006956336957
0.0008725973916
-0.005472538772
-0.01199024858
-0.01857345869
-0.02510325114
-0.03145572062
-0.03748619305
-0.04306442263
0.05626083196
0.056111137
0.05574067679
0.05514108525
0.05432214264
0.05327731298
0.05198623033
0.05042617501
0.04857337161
0.04640245336
0.0438850391
0.04099087485
0.03768986596
0.03395273626
0.02974914926
0.02505552378
0.01986049879
0.01419220885
0.00808305157
0.001579273949
-0.005253967077
-0.01232223307
-0.01950218459
-0.02665219973
-0.03362359274
-0.04024117751
-0.04634843962
0.0580985658
0.0579603088
0.05761931669
0.05706640494
0.05630776362
0.05533510423
0.05412752198
0.05265753926
0.05089666367
0.04881410577
0.04637466246
0.04353958621
0.04026869564
0.03652189411
0.03226042699
0.02745076904
0.02206364128
0.01608723784
0.009557791633
0.002538993404
-0.004892477135
-0.01263786341
-0.02055756613
-0.02848155974
-0.03622750032
-0.04357913184
-0.05034501281
0.06012087615
0.05999677456
0.05969202098
0.05919688311
0.05851396911
0.05763204762
0.05652748148
0.05517178731
0.05353202002
0.0515698497
0.04924220364
0.04650065253
0.04329347256
0.03956671712
0.03526716066
0.03034503199
0.024753921
0.01845639632
0.01146377741
0.003835565212
-0.004322731644
-0.01289809508
-0.02173173515
-0.03061869432
-0.03933143782
-0.0475978222
-0.05517950968
0.06230774177
0.06220085795
0.06193985197
0.06151450401
0.06092375452
0.06015388808
0.05917895106
0.05796683209
0.05648068253
0.05467805089
0.05250577723
0.04990375223
0.046806641
0.0431435146
0.03884100255
0.03382726621
0.02803495028
0.0214051295
0.01389815383
0.005569983122
-0.003461156284
-0.01305125887
-0.02301401154
-0.03310007401
-0.04302068125
-0.05242672512
-0.06101626212
0.06463507226
0.06454882157
0.06433972135
0.0639972533
0.06351667296
0.06288205106
0.06206595747
0.06103340682
0.05974305538
0.0581454445
0.05618066677
0.05377761365
0.05085326204
0.04731626499
0.04306836428
0.03800888766
0.03203969952
0.02506669958
0.01701568258
0.007900931245
-0.002175067406
-0.01301195266
-0.02437934614
-0.03596845663
-0.04740613141
-0.05823595249
-0.06806928158
0.0670745302
0.06701270006
0.06686410997
0.06661832803
0.06626718858
0.06579312804
0.06516783157
0.06435381425
0.06330726572
0.06197292969
0.06028094814
0.05814830452
0.05547793795
0.05215336345
0.04804487531
0.0430145396
0.03692127559
0.02962904658
0.02101895291
0.01101242792
-0.0002944319681
-0.01266765049
-0.02579757736
-0.03928776109
-0.05264557006
-0.06526111858
-0.07662623489
0.06959339775
0.06955994994
0.0694807656
0.0693458906
0.06914433497
0.06885772488
0.06845765065
0.06790500691
0.06715532133
0.06614954221
0.06480813087
0.06303761538
0.06072298641
0.05772334111
0.05387406603
0.04898932971
0.04287055814
0.0353165012
0.02613228433
0.01516404052
0.002432519682
-0.01184108092
-0.02721063594
-0.04313898703
-0.05895582694
-0.07382596465
-0.08707463136
0.07215320754
0.0721516034
0.07215003104
0.07213940224
0.07210678646
0.07203420158
0.07189484496
0.07165140941
0.07125839333
0.07065447696
0.06975255483
0.06845273865
0.06662415688
0.06409375631
0.06066256317
0.05609080004
0.05010281864
0.04240361064
0.03269842814
0.02072545307
0.006326000885
-0.01028501457
-0.02854281316
-0.04765461026
-0.06665771574
-0.08438294802
-0.09993099434
0.07471074715
0.07474542915
0.07482912733
0.07495587866
0.07511122907
0.07527863355
0.07543356306
0.07554216269
0.07556431766
0.07544040296
0.07508197566
0.07438200591
0.07319648838
0.07132159095
0.0685221439
0.06449286228
0.05887416319
0.05124147632
0.04114500682
0.02813501524
0.01186177529
-0.007610685179
-0.02966310507
-0.05305422786
-0.07627368703
-0.09761429407
-0.1159070865
0.07722119953
0.07729186018
0.07746672567
0.07774293812
0.07810315021
0.07853225221
0.07901162549
0.07951769217
0.08001612046
0.08044920282
0.08073298676
0.08076778093
0.08040459966
0.07942050713
0.07753810679
0.07437651686
0.06947659512
0.06224866064
0.05202489369
0.03808258229
0.01976207055
-0.003286841355
-0.03036376967
-0.05967543018
-0.08868508206
-0.1146601975
-0.1361290858
0.07962868037
0.07973960782
0.08001049356
0.08044282583
0.08101889762
0.08172740583
0.082558472
0.08349829578
0.08452261997
0.08558386757
0.08661824014
0.08753685322
0.08818783639
0.08834397202
0.08771594194
0.08586639041
0.08220977133
0.07593673727
0.06609444268
0.05150971413
0.03098265775
0.003514827674
-0.03037611359
-0.06783735819
-0.1048872305
-0.1368951757
-0.1619314452
0.0818884606
0.08203884502
0.08240579736
0.08299518675
0.08379016441
0.08478508199
0.08598176252
0.08738004872
0.08897078029
0.09072440925
0.09260044919
0.09453333608
0.09639079552
0.09798185011
0.09900705724
0.09899006351
0.09726743742
0.09281713447
0.08426597137
0.06972773441
0.04710587681
0.01417654679
-0.02968318883
-0.0792518227
-0.126918149
-0.1664961429
-0.195138227
0.08394774918
0.08413618067
0.08459651356
0.08533893485
0.08634790396
0.08762485867
0.08918546592
0.09104603704
0.09321709677
0.09569783813
0.0984806086
0.1015370853
0.1047794884
0.1080767403
0.1111686139
0.1136324878
0.1147511089
0.113323723
0.1075753602
0.09462823866
0.07072206704
0.03062882896
-0.02731641729
-0.08336594402
-0.1398798077
-0.1897049595
-0.2226428581
0.08575713024
0.08597982918
0.08652702887
0.08741244548
0.08862203954
0.09016517699
0.09207162917
0.09437587494
0.09711209863
0.1003142699
0.1040162012
0.1082431647
0.1129884326
0.1182110071
0.1237510948
0.1293265945
0.1343126675
0.1375906527
0.1370997745
0.1290596481
0.1073110928
0.05943336246
-0.005759995616
-0.09575065216
-0.1911796142
-0.2353322236
-0.2680594602
-0.2919595233
0.08726972725
0.08752173048
0.08814508061
0.08915629217
0.09054309616
0.09232285483
0.0945391332
0.09724503281
0.1004996246
0.104371776
0.1089424587
0.1143031799
0.120547618
0.1277615156
0.1359767575
0.1451529032
0.1549590613
0.1647028893
0.1725491756
0.1752771062
0.1509718979
0.1104538586
0.01721553834
-0.1056459681
-0.2519178716
-0.3358836721
-0.3444380123
-0.3337507534
0.08844208932
0.08871962244
0.08940459462
0.09051723092
0.09204778128
0.0940206741
0.09649157952
0.09953043021
0.1032193404
0.1076597821
0.1129794677
0.119337514
0.1269284099
0.1359860943
0.1467786175
0.1596016374
0.1746714627
0.1921036226
0.2111225069
0.2298667489
0.2189512761
0.1781408798
0.0912251659
-0.1375915672
-0.4528993203
-0.4939655176
-0.4026559454
-0.3532335375
0.08924343312
0.08953911443
0.090267416
0.09145147417
0.09308369202
0.0951937686
0.09784643827
0.1011244954
0.1051280087
0.1099842871
0.1158589649
0.1229675563
0.1315903699
0.1420948463
0.1549614166
0.1708301978
0.1904908616
0.2150700653
0.2453727143
0.2643886494
0.2952352168
0.2884331298
0.2361181861
-0.09888473522
-0.3514626675
0.08965051826
0.08995582487
0.09070647971
0.09192764872
0.09361281442
0.09579445459
0.09854221085
0.1019459127
0.106115549
0.1111928506
0.1173648988
0.1248797108
0.1340680189
0.1453777934
0.159420323
0.1770605648
0.1994644476
0.2284989899
0.266050948
0.3019414387
0.3420778422
0.4190589798
0.4734179751
-0.3690597707
-0.1707594736
-0.1376348127
-0.3690164794
-0.1707778207
-0.4925840278
-0.4528571155
-0.4925479873
-0.4159721582
-0.4939237496
-0.4159834391
-0.3619282277
-0.3627258056
-0.4026175469
-0.3618152178
-0.3625204822
0.002321469157
0.4069894325
0.2360720532
0.002313981235
0.4069699108
-0.09888738689
-0.3581717488
-0.3582264559
-0.3517115405
0.5761696118
0.4734383751
0.5761389326
-0.3228613214
-0.383551302
-0.4510593252
-0.251852229
-0.3228205121
-0.3834305447
-0.4510312747
-0.3462643294
-0.4559573989
-0.4072909599
-0.335853772
-0.3462046191
-0.4559223793
-0.4073290029
-0.06418802591
0.1892139327
-0.03162261871
0.09119744233
-0.06419656525
0.1891757942
-0.03164904608
-0.4526317355
-0.4562326699
-0.467868518
-0.5079966282
-0.4696273538
-0.5130319743
-0.4572510752
-0.4850783544
-0.496319724
-0.4690854604
-0.5187796644
-0.4699032192
-0.5198134942
-0.4857723846
-0.3557465692
-0.3531695131
-0.3556742125
-0.09964207061
-0.3521445961
-0.3471133091
-0.3538690221
-0.3475354081
-0.3546773698
0.4663005364
0.4653634898
0.5521368892
0.4190002272
0.4663502247
0.4653394229
0.5521164849
0.5002408917
0.47561832
0.4573173507
0.5181301097
0.4597524902
0.5201381591
0.5019274377
-0.2365612263
-0.1757401738
-0.1738857726
-0.1855266897
-0.1759530054
-0.1784241236
-0.2377084136
-0.3922110514
-0.3888649279
-0.3619777458
-0.3833815074
-0.3649238886
-0.3859168201
-0.2365660864
-0.1757390695
-0.1738928716
-0.185531419
-0.1759567884
-0.1784293179
-0.2377210303
-0.392217998
-0.3888656896
-0.3620000899
-0.3833856447
-0.3649305676
-0.3859346423
-0.5015109548
-0.4938595458
-0.488957506
-0.5068802458
-0.4920181362
-0.5053625843
-0.500621942
-0.5349028365
-0.5382445876
-0.452621468
-0.4562117593
-0.4678219513
-0.5079613935
-0.4696171734
-0.5130197659
-0.4572207862
-0.5014993952
-0.4938485638
-0.4889207999
-0.5068462892
-0.4920073548
-0.5053513387
-0.5005903352
-0.5348947496
-0.5382394745
-0.4617671938
-0.4157104301
-0.4423242264
-0.417807905
-0.4431432025
-0.417092997
-0.4602667944
-0.4182984221
-0.4158947459
-0.4850678333
-0.4963059586
-0.4690444068
-0.5187446259
-0.4698908639
-0.5198012423
-0.4857426122
-0.4617546579
-0.415707476
-0.4422827671
-0.4177718394
-0.4431306124
-0.4170811541
-0.4602327413
-0.4182787101
-0.4158847671
-0.3863668635
-0.4066534231
-0.3843638131
-0.4072936656
-0.3826080856
-0.3862222085
-0.3788144836
-0.3628972842
-0.3649100771
-0.3726633936
-0.3647681227
-0.3723735744
-0.3779299304
-0.386350614
-0.4066097457
-0.3843088999
-0.4072785902
-0.3825879112
-0.3861764647
-0.3788071594
-0.3628804445
-0.3647512428
-0.3725755319
-0.3647543399
-0.3723590556
-0.3778765849
0.1720302695
0.003656809031
0.1202532597
0.02960053187
0.1218227505
0.02219027868
0.1709252225
0.2483461642
0.1836170184
0.2970549613
0.1848377241
0.2922685657
0.2458010737
0.1720291429
0.003649437096
0.1202590448
0.02959413075
0.1218253525
0.0221871945
0.1709236903
0.2483442516
0.1836129564
0.297046716
0.1848344546
0.2922682768
0.2457969783
-0.09963625172
-0.3573963752
-0.3574000094
-0.3470330643
-0.345366458
-0.3521658837
-0.3472710291
-0.3539360075
-0.3475503016
-0.3546890236
-0.3470940108
-0.3453856234
0.4385630948
0.4394235444
0.5588542686
0.5785600265
0.5568465015
0.5868268855
0.5596365385
0.5859668762
0.5590282575
0.5002372928
0.4756172764
0.4573068061
0.5181077006
0.4597502655
0.5201365848
0.5019162027
0.4385634636
0.4394227974
0.5588492624
0.5785531483
0.5568206691
0.586804049
0.5596322379
0.5859602203
0.5590128276
-0.1852587539
-0.1096893555
-0.1960115503
-0.09576057681
-0.1852289472
-0.109722993
-0.1959752788
-0.2228449089
-0.2263230701
-0.2906503839
-0.1911911497
-0.2228200178
-0.22625736
-0.2906198484
-0.2628652115
-0.3041090285
-0.3223684816
-0.235318182
-0.2628716337
-0.3040894043
-0.3223123597
-0.2855740378
-0.3235016593
-0.324819041
-0.2679967186
-0.2855342626
-0.323562047
-0.3247682089
0.03470628697
0.154837081
0.09844323136
0.110452748
0.03470177365
0.1548553193
0.09841719931
-0.06765157967
0.06936269356
-0.06571017535
0.01720648691
-0.067705846
0.06935952562
-0.06575724222
-0.2173487009
-0.1276713089
-0.3219511455
-0.1057022393
-0.2172128035
-0.1277923628
-0.3218075229
-0.3170751602
-0.2808202808
-0.285166086
-0.2504959655
-0.2796108653
-0.2846414374
-0.317504316
-0.3767285139
-0.3433052959
-0.3730124032
-0.3355612873
-0.3431226373
-0.3729652914
-0.3767469508
-0.3366292111
-0.3948070596
-0.3586605991
-0.3445042129
-0.3365746375
-0.394785428
-0.3586990733
-0.3523385022
-0.3338054588
-0.3522201647
0.1216788204
0.256710159
0.2229314785
0.1781917164
0.1216627452
0.2567436745
0.2228703115
0.07340674543
0.04932696785
0.1167622667
0.09637151492
0.05221550201
0.1205829247
0.07124324615
-0.2323139194
-0.1374055438
-0.2116767251
-0.1524487523
-0.2110510578
-0.1525395489
-0.2333078049
-0.3928866815
-0.4029816614
-0.3872304134
-0.416194366
-0.3871134274
-0.4183176646
-0.3927327927
-0.353199684
-0.3532284311
-0.3533723423
-0.3461583035
-0.3461844443
0.2796045065
0.3287558662
0.37466734
0.2952380512
0.2795698683
0.3287042277
0.3747502682
0.2663305723
0.3910914822
0.4159431522
0.2883915388
0.2663561342
0.3911749144
0.4159398561
0.2452454482
0.2375039021
0.1866468412
0.28828589
0.187169449
0.2893222963
0.2447531179
0.3978528573
0.3639242309
0.4358066838
0.3421278273
0.3977872501
0.3639110014
0.4357814039
0.4672521016
0.43807267
0.4411200163
0.4234890232
0.4405209245
0.4454407571
0.4650090798
-0.3469353408
-0.3686469379
-0.2983347432
-0.3955178848
-0.2988708173
-0.394392249
-0.3446039319
-0.2323296908
-0.1374296619
-0.2117752431
-0.1524534906
-0.2110807672
-0.1525505261
-0.233350491
-0.3469474869
-0.3686321564
-0.2983854686
-0.3955357552
-0.2988885752
-0.3943932164
-0.3446376116
-0.3762424103
-0.3617700532
-0.3725374127
-0.3638568967
-0.3724451404
-0.3637224136
-0.3761558652
-0.3928714942
-0.4029683772
-0.3871656844
-0.4161887943
-0.3870946726
-0.4183091848
-0.3926933487
-0.3762335346
-0.3617546004
-0.3725381206
-0.3637299925
-0.3724434846
-0.36370413
-0.3761100743
0.3163761722
0.4075976105
0.346319012
0.3737408047
0.347273875
0.3751988652
0.3141810807
0.2452446987
0.2374931491
0.1866321309
0.2883112888
0.1871672376
0.2893286745
0.2447527903
0.3163735135
0.4075906355
0.3462957583
0.3737635605
0.3472714825
0.3752022235
0.3141753985
-0.3423251417
-0.3044621545
-0.361346308
-0.3223126495
-0.3036114633
-0.3611460836
-0.3426579619
-0.3841253179
-0.4165512832
-0.4163035282
-0.3615652638
-0.3273990305
-0.3272382762
-0.3618844152
-0.4511314303
-0.4387062994
-0.4387915507
-0.3868142549
-0.4047207998
-0.4046770359
-0.3870325115
-0.31712845
-0.2505017681
-0.2809226593
-0.2848881949
-0.2796486045
-0.2846098157
-0.3176368565
-0.3423310001
-0.3223009822
-0.3044681144
-0.361297476
-0.303616938
-0.3611297495
-0.3426666356
-0.3840867475
-0.4165172877
-0.4162951217
-0.3615843698
-0.3270400116
-0.3271595084
-0.361929387
-0.4511216873
-0.4386840033
-0.4387861072
-0.3868153578
-0.404682357
-0.4046638333
-0.3870295828
-0.3744272304
-0.3459071728
-0.3702183294
-0.3460629914
-0.3457587549
-0.3701519766
-0.3745046971
-0.456678383
-0.4435607313
-0.4438633313
-0.411616013
-0.4139814916
-0.4142032654
-0.4114932457
-0.4073412637
-0.4253401897
-0.4256147727
-0.4021766905
-0.3915569631
-0.3915827851
-0.4021150134
-0.3767224775
-0.3355528492
-0.3432927054
-0.3729792219
-0.3431181367
-0.3729534893
-0.3767298455
-0.3744208329
-0.3460531334
-0.3459025673
-0.3701859291
-0.3457526744
-0.370144909
-0.3744873384
-0.456665922
-0.4435228995
-0.4438532596
-0.4116079667
-0.4139465021
-0.4141905965
-0.4114669227
-0.4073437421
-0.4253139928
-0.4256056808
-0.4021725766
-0.3915491037
-0.3915796532
-0.4021104353
-0.06316849347
-0.06269763267
-0.06171512944
0.01161485772
-0.002718012186
-0.001220184083
0.01048774553
0.1909702625
0.1363931143
0.1372596716
0.1001208444
0.1482557302
0.1506954198
0.09869935655
-0.03025696864
-0.05763164859
0.06423867877
-0.05698325174
0.06467428113
0.03045601962
0.02983537251
0.0734000939
0.09636211228
0.04931290072
0.1167604953
0.05221074203
0.1205804249
0.07122687653
-0.06317427912
-0.06272897082
-0.06171914737
0.01160650809
-0.002738852668
-0.001225703857
0.01046188338
0.1909570208
0.1364469159
0.1372741026
0.1001226425
0.1482877673
0.1507044221
0.09871065477
-0.03027356903
-0.05766978502
0.06425316383
-0.05699311183
0.06467963832
0.03044631125
0.02981118496
-0.3562429382
-0.3542702922
-0.3482049324
-0.3544186065
-0.3484437699
-0.3474577534
-0.347464721
-0.3531917392
-0.3533409497
-0.353390123
-0.3461622323
-0.3462216028
-0.3562404095
-0.3543493751
-0.3482328091
-0.3544362794
-0.3484408584
-0.3474577337
-0.3474535283
0.4673502263
0.5064223271
0.5072075266
0.4888026461
0.4546983323
0.4561970968
0.4875231534
0.486789721
0.4571345132
0.4947183966
0.469469612
0.4613242454
0.4968927523
0.4845775403
0.5532758548
0.5367115404
0.5378547079
0.5131132213
0.5242725173
0.5256040653
0.5117796372
0.4672524463
0.4234872725
0.4380440579
0.441146706
0.4405212698
0.4454435336
0.4650090275
0.4673527412
0.5064054018
0.5072040745
0.4888031617
0.4546996037
0.4561983548
0.4875311662
0.4867868689
0.4694665164
0.4571241084
0.4947109497
0.4613211351
0.4968906876
0.4845687126
0.5532698355
0.5366827661
0.5378503249
0.5131088014
0.5242601112
0.5255997978
0.5117597252
-0.1090241472
-0.08841833018
-0.1254466297
-0.08333516473
-0.1090215343
-0.08840217136
-0.1254490817
-0.1654007671
-0.1585825296
-0.1894605417
-0.1398563865
-0.1653874164
-0.1585618055
-0.1894472064
-0.207902872
-0.2146720638
-0.2334946555
-0.1896959311
-0.2078842987
-0.2146633409
-0.2334813518
-0.23682385
-0.2462517673
-0.2540351056
-0.2225904946
-0.2366854423
-0.2462273651
-0.2539233922
0.03705045671
0.08197896123
0.05243459796
0.05942235361
0.03704878862
0.08197344304
0.05242997664
-0.04135157844
0.005737396365
-0.08648967832
-0.005765021641
-0.04136323884
0.005722148982
-0.08653321402
-0.1980882527
-0.1960525699
-0.2025194479
-0.1449023363
-0.1785091271
-0.1646507786
-0.2122574183
-0.2642807351
-0.2464513542
-0.2549483137
-0.2332821064
-0.2454820919
-0.2528963974
-0.2657280493
-0.2860766237
-0.2750915212
-0.2847580199
-0.2666862432
-0.2746043705
-0.2829981104
-0.2873233509
-0.3249066687
-0.2919120057
-0.3249681973
0.1412414602
0.184066409
0.1715505292
0.1509596106
0.1412571701
0.1840721996
0.1715787312
0.01612671611
0.005150950207
0.02957088672
0.04550961832
0.01060726275
0.05629365311
0.008847538966
-0.1528451665
-0.1419255037
-0.1105645005
-0.09749008375
-0.1380667264
-0.1073114856
-0.155088254
-0.3646432971
-0.3444169068
-0.3647679166
-0.3592139956
-0.342490952
-0.3423485643
-0.3592332932
-0.3316198879
-0.3424697511
-0.3331380409
-0.3308547969
-0.3423025847
0.2110596148
0.2558035547
0.2518873966
0.2189067008
0.2110538278
0.2557457988
0.2519372301
0.2186380082
0.147227532
0.2090102945
0.1855607525
0.1974821302
0.2104755312
0.181227663
0.2825030827
0.2856681635
0.3077052055
0.2644284129
0.2825259538
0.2856716969
0.3077093186
0.3361143679
0.2912887401
0.3225290383
0.311561015
0.30003235
0.341130842
0.3290240262
0.3279565599
0.3098365047
0.3391540133
0.3019454766
0.3279615379
0.3098403773
0.3391562909
0.3991608681
0.3468073864
0.3532576883
0.3500980381
0.3861750848
0.3617253404
0.3600542858
-0.1504458885
-0.1440562598
-0.1911962531
-0.1102738637
-0.1306501463
-0.1330853369
-0.1402726525
-0.112635856
-0.1076661989
-0.1324132576
-0.07981457907
-0.07048839068
-0.1244795869
-0.1202233792
-0.1941047254
-0.1578199868
-0.1811930525
-0.1625723094
-0.1745342672
-0.1636368057
-0.1437932187
-0.1504248092
-0.1102743703
-0.1440523314
-0.1911412718
-0.1306533579
-0.1330867965
-0.1402428707
-0.1126391629
-0.07981589268
-0.1076795812
-0.1324186651
-0.07049054638
-0.1244695273
-0.1202300641
-0.194085856
-0.1577853175
-0.1811391373
-0.1624547731
-0.1745132346
-0.1636058739
-0.1437643917
-0.2212620857
-0.2093005049
-0.2420944912
-0.2194558291
-0.202204837
-0.2388641993
-0.2270082325
-0.2516447139
-0.2221025714
-0.2485375454
-0.222688521
-0.2077864434
-0.1973432843
-0.2286332366
-0.2731216563
-0.2896127896
-0.2713674064
-0.24446898
-0.2640141792
-0.262232952
-0.2474720499
-0.1980842305
-0.1449058487
-0.1960302371
-0.202515637
-0.1785006049
-0.1646539913
-0.2122439479
-0.2212593329
-0.2194472568
-0.2093045774
-0.2420792533
-0.202200144
-0.2388581645
-0.2270038837
-0.2220910962
-0.2516673514
-0.2485475997
-0.2226878294
-0.2077185439
-0.1973242131
-0.2286238498
-0.2896032755
-0.2731235638
-0.2713670963
-0.2444721471
-0.2639980845
-0.2622267311
-0.2474891911
-0.2724618026
-0.2546475264
-0.2803337335
-0.2622740645
-0.2536316304
-0.2791261064
-0.2737192142
-0.3133995797
-0.3034793603
-0.3130154951
-0.2869476363
-0.2774041256
-0.2763102308
-0.2876413523
-0.3189469325
-0.3220414117
-0.3186162326
-0.294326769
-0.3001108931
-0.2995685669
-0.2949309649
-0.2642773204
-0.2332770491
-0.2464661683
-0.2549364328
-0.2454800247
-0.2528914265
-0.2657238063
-0.2724559281
-0.2622655602
-0.2546277515
-0.2803375024
-0.2536235612
-0.2791198346
-0.2737081007
-0.3034737014
-0.3133976393
-0.3130129058
-0.2869434971
-0.2773938727
-0.2763053094
-0.2876436603
-0.3220327803
-0.3189234674
-0.3186092732
-0.2943153328
-0.3000792089
-0.2995615158
-0.2948935005
-0.3233371484
-0.3050117662
-0.3032556675
-0.3241725887
-0.3026904434
-0.3238300269
-0.305491619
-0.3058565901
-0.3101866343
-0.3239889422
-0.3236823351
-0.3094944964
-0.3231916919
-0.3066321582
-0.2860676288
-0.2666673705
-0.2750926437
-0.2847028555
-0.2745945387
-0.2829835082
-0.2873080787
-0.3233470517
-0.3050034998
-0.3032513183
-0.3241425807
-0.302690113
-0.3238193648
-0.3054716339
-0.3058409538
-0.3236694911
-0.3101367934
-0.3239803031
-0.3094768271
-0.3231834848
-0.3065983878
0.08886515466
0.06368000786
0.04801182015
0.08703991458
0.07677252419
0.09384012213
0.08728349414
0.1596290799
0.1296840415
0.1228843286
0.1669194819
0.1457279047
0.179219165
0.107186159
0.110551052
0.1178259023
0.07760020198
0.1150833742
0.09208010326
0.1445828495
0.09997727512
0.08886236972
0.08703655776
0.06367704449
0.04800785343
0.07677051567
0.09383638266
0.08727729922
0.1596247663
0.1669243706
0.1296962765
0.122892793
0.1457300826
0.179215651
0.1071875072
0.110543929
0.1178228415
0.07759403544
0.1150735301
0.09207724922
0.1445793563
0.0999724062
-0.02551799838
-0.02353578742
-0.06651202686
-0.06311540409
-0.03831755746
-0.06508545812
-0.02436439675
0.03232496362
0.07634263183
0.03630485449
0.02447723393
0.05076857077
0.06142204308
0.01943555591
-0.06480020319
-0.01253901025
-0.01072642015
-0.01804220526
-0.0660146889
-0.06511931732
-0.01959233916
0.01611603491
0.04549940442
0.005129723624
0.02955833949
0.01059582092
0.05628677688
0.008823079177
-0.02553389992
-0.06313355478
-0.02357714581
-0.06658454795
-0.03833099006
-0.0651117855
-0.02440722404
0.07634112884
0.03232091392
0.03630278194
0.02447137013
0.05076392903
0.06141934945
0.01942194606
-0.064824496
-0.0125590928
-0.01073533172
-0.01805895214
-0.06609659195
-0.06515100571
-0.01963092151
-0.244852696
-0.2165895306
-0.2441744704
-0.1999845013
-0.1800469957
-0.1790920429
-0.2009025127
-0.1273303685
-0.1910862318
-0.1905047243
-0.1704792441
-0.1181582435
-0.1170580509
-0.1715065809
-0.3214007721
-0.2596011835
-0.2595380632
-0.2790305217
-0.2784632705
-0.2264737026
-0.2268272467
-0.1528745237
-0.09750732522
-0.1420069519
-0.1106685357
-0.1380747779
-0.1073479363
-0.1552512134
-0.2165460734
-0.2439919516
-0.2439570528
-0.1998916132
-0.1799201695
-0.1790431957
-0.2008636405
-0.127368645
-0.1912147746
-0.1905376364
-0.1705269469
-0.1182956574
-0.1171065034
-0.171728325
-0.3213391423
-0.2596609481
-0.259542729
-0.2785494578
-0.2783058149
-0.2264782669
-0.227299554
-0.3531480488
-0.3396174188
-0.346737659
-0.336117406
-0.3393714476
-0.3465644274
-0.3531557622
-0.3951562984
-0.3821999695
-0.3823252085
-0.3821761371
-0.3824041463
-0.3727596203
-0.3726962199
-0.3586375964
-0.3694146152
-0.3694852784
-0.3631082134
-0.3538824149
-0.3537827868
-0.3630584931
-0.344428593
-0.3647243777
-0.3647796182
-0.3592006071
-0.3424615374
-0.3423374307
-0.3591983126
-0.3531378921
-0.3361068567
-0.3396030196
-0.3467353759
-0.3393622761
-0.3465629166
-0.3531309375
-0.3951479204
-0.382138125
-0.3823100059
-0.3822090356
-0.3824044315
-0.3727506396
-0.3726698279
-0.3586445209
-0.36940622
-0.3694803521
-0.3630999518
-0.3539105698
-0.35378564
-0.363040809
-0.3522908971
-0.3489568241
-0.3489548282
-0.3331498172
-0.3424982781
-0.3423068386
-0.3522704786
-0.3489223655
-0.3489460719
0.1489085025
0.1326726409
0.1574673513
0.1909070071
0.1384081124
0.1676840633
0.1684835868
0.2341732382
0.2314632434
0.2557870281
0.2795797021
0.2448554316
0.265457209
0.2221376116
0.2261497723
0.1829995253
0.1877577921
0.2162132144
0.2445992352
0.2503260765
0.207123938
0.2186369452
0.1855633396
0.1472484145
0.2089922409
0.1974810206
0.2104683708
0.1812245869
0.1326688364
0.1489443754
0.1574730962
0.1909055009
0.1384169505
0.1676812836
0.1684880409
0.2341707071
0.2795829136
0.2314755764
0.2558078537
0.2448515253
0.265459837
0.2221345017
0.2261399381
0.1830125505
0.1877612052
0.2162098432
0.2445781556
0.2503214846
0.2071010582
0.3210578614
0.2897224167
0.3118796214
0.3201003515
0.296462986
0.3443108262
0.3159764717
0.3503977572
0.3116505508
0.3317270477
0.3366371573
0.3208130066
0.3701000801
0.3162311783
0.3844254832
0.3497413482
0.3480191519
0.3538318567
0.3600690934
0.3755275046
0.3349565137
0.3210564199
0.3201024198
0.2896882048
0.3119093288
0.2964571953
0.3443154094
0.3159734126
0.3503974354
0.336631499
0.3116635832
0.3316854213
0.3208136575
0.3700994715
0.3162301309
0.3844384136
0.3497404919
0.3480250036
0.3538353898
0.3600693292
0.375530301
0.334958577
0.2687461055
0.3144075014
0.3162382774
0.3299054707
0.2839485881
0.2881790291
0.3266898938
0.4045274462
0.3966491892
0.4077346408
0.37222436
0.3595169519
0.3677603836
0.367961391
0.4167143715
0.3648117082
0.3661038492
0.4141790519
0.4159332685
0.3730943705
0.3708698013
0.3361146982
0.3115594341
0.2912957389
0.322541344
0.3000357696
0.3411320715
0.3290240317
0.2687478062
0.3144049063
0.3162347103
0.32990641
0.283973449
0.2881822714
0.3266869189
0.3966606415
0.404624059
0.4077463295
0.3722188094
0.3595100656
0.3677562126
0.3679480312
0.4167115423
0.3647696046
0.3660949547
0.414224378
0.4159357122
0.3730877861
0.3708509791
0.4159939725
0.4072095368
0.4254699502
0.4111130268
0.3726104158
0.3958965934
0.3876682733
0.4073557444
0.3604628323
0.3736774741
0.3719887792
0.3687969837
0.4115510523
0.369009524
0.4291438786
0.4450794921
0.4385371938
0.4217107095
0.4040279194
0.4270466388
0.398463682
0.3991576142
0.3501029993
0.346836875
0.3532497081
0.3861726547
0.3617253477
0.3600481859
0.4072064171
0.4159925297
0.425470193
0.4111090736
0.3725687086
0.3958897246
0.3876397478
0.4073554689
0.3719894974
0.3605046118
0.3736757707
0.3688006705
0.4115509331
0.3690195545
0.4450741793
0.4291450625
0.4385330156
0.421710355
0.404024121
0.4270441976
0.3984874234
-0.08955985953
-0.03393218014
-0.03822429171
-0.02481375586
-0.04331581509
-0.03564104777
-0.04913323797
-0.03823764396
-0.08958916375
-0.03396633529
-0.0248237674
-0.04332669459
-0.03565105222
-0.04916049191
-0.3092119951
-0.3232572832
-0.3077614063
-0.3232661169
-0.3092517163
-0.307755952
0.2296280099
0.2653137788
0.2949364779
0.2694401373
0.2745418959
0.2503878088
0.2382136424
0.2949416598
0.2296707299
0.2653599593
0.2694398951
0.2745390849
0.2503845141
0.2382442471
-0.1025476463
-0.1023953578
-0.1017838639
-0.1025601027
-0.1024094899
-0.101798333
-0.3617151612
-0.3628301412
-0.3644163163
-0.3617479491
-0.3628606329
-0.3644478829
-0.5029636016
-0.5058155735
-0.5036551693
-0.5073025796
-0.5120228203
-0.5142931676
-0.4918611707
-0.49318099
-0.4931421367
-0.5460193861
-0.5526938048
-0.5583418869
-0.5434349266
-0.5479509091
-0.5492571599
-0.4959136471
-0.4991403604
-0.5030744303
-0.1024498668
-0.1018794683
-0.1004723589
-0.3561444912
-0.3569418653
-0.3584953291
-0.3536203692
-0.353059872
-0.3516475924
0.5372979481
0.5415387057
0.5421495796
0.5413976179
0.5476859813
0.5526626212
-0.335794052
-0.3365794776
-0.3378671429
-0.2282685321
-0.2318928947
-0.2331143864
-0.2254244075
-0.2280826458
-0.2271939701
-0.3565555831
-0.3554710813
-0.3569734017
-0.3561493428
-0.3535801835
-0.3523510721
-0.5518135414
-0.5581516894
-0.55875002
-0.5193684653
-0.5226972349
-0.5263225017
-0.5149396941
-0.5163037705
-0.5157788237
-0.5537394551
-0.5622754063
-0.5673168409
-0.5029507206
-0.5058022305
-0.5036417836
-0.507267937
-0.511986796
-0.5142563614
-0.5518016837
-0.5581398068
-0.5587382984
-0.5193350338
-0.5226635469
-0.5262884971
-0.5149278353
-0.5162918344
-0.5157669982
-0.5537069386
-0.5622424572
-0.5672836064
-0.4800336784
-0.4826208565
-0.482911575
-0.4827180229
-0.4872039122
-0.4913440618
-0.4918496343
-0.4931693455
-0.4931305995
-0.5459851432
-0.5526591857
-0.5583068004
-0.5434226035
-0.547938509
-0.549244796
-0.49588203
-0.4991082178
-0.5030419798
-0.4800218355
-0.4826090937
-0.4828999813
-0.4826858658
-0.4871716874
-0.4913116907
-0.4290270517
-0.4321234296
-0.4346402878
-0.3808116742
-0.3824252718
-0.3843575114
-0.3777569251
-0.3778927366
-0.3766525782
-0.3889287996
-0.390653601
-0.3926088304
-0.3807373638
-0.3823489797
-0.3842770923
-0.3777382851
-0.3778730884
-0.3766321644
0.1754907745
0.173665466
0.1736445156
0.05728953774
0.0616092633
0.06392827229
0.05394638808
0.05822953829
0.05989328825
-0.1024531398
-0.1018841526
-0.100477092
-0.3584834399
-0.3581174507
-0.3566955938
-0.3584855344
-0.3581193242
-0.3566973101
0.5897724596
0.5945269577
0.5955727118
0.6114285023
0.6175672394
0.6231554429
0.6069754509
0.6107056195
0.6114063711
0.5934173971
0.600505598
0.6063095291
0.5372947777
0.5415355934
0.5421465916
0.5413873413
0.547675648
0.552652305
0.5897671039
0.5945215999
0.595567465
0.6114062023
0.6175445325
0.6231322893
0.606968351
0.610698416
0.6113991779
0.5934009315
0.6004887851
0.6062925357
-0.3358134837
-0.3365980718
-0.3378855675
-0.4484403218
-0.4551834885
-0.4581082229
-0.3565362619
-0.3554516436
-0.3569522974
-0.4484394138
-0.4551847764
-0.4581115481
-0.5333499028
-0.5342210209
-0.5384304301
-0.5333419774
-0.5342130033
-0.5384232718
-0.4290496317
-0.4321468152
-0.4346634684
-0.4220908282
-0.4251487175
-0.427888
-0.422054153
-0.425113548
-0.4278531873
0.1763384165
0.1752906829
0.1765481827
0.3323674431
0.338453915
0.3424984995
0.1763332431
0.1752860855
0.1765446724
0.3323596221
0.3384477558
0.3424942804
-0.3498432988
-0.3510802349
-0.3527118125
-0.3441707295
-0.3448143198
-0.3463841429
-0.3441923473
-0.344836715
-0.3464063867
0.4427228546
0.4451601399
0.4491948558
0.4427224353
0.4451601003
0.4491963431
-0.2282642443
-0.2318879124
-0.2331091245
0.05729678312
0.0616167734
0.06393586898
-0.2254208543
-0.2280789628
-0.2271902227
0.05394922444
0.05823259702
0.05989636717
-0.3889870042
-0.3907130199
-0.3926688249
-0.3850147825
-0.3851778876
-0.3839884685
-0.3322368071
-0.3317446938
-0.3302518923
-0.4442813089
-0.4493865689
-0.448429416
-0.3561434253
-0.3535737712
-0.3523436592
-0.4442822803
-0.4493879012
-0.4484321721
-0.5323389261
-0.5310337485
-0.531106132
-0.5323342174
-0.5310298558
-0.5311032224
-0.4245135732
-0.4259085372
-0.4249469348
-0.4245031899
-0.4258982584
-0.4249370117
-0.4195867493
-0.4209605336
-0.4203024317
-0.4195745033
-0.4209485511
-0.4202906017
-0.3849944463
-0.3851576962
-0.3839685362
0.3283694634
0.3333011349
0.3345867312
0.1754872882
0.1736626382
0.1736425773
0.3283669406
0.3332989298
0.3345857033
-0.3561979105
-0.3569982138
-0.358555711
-0.353634119
-0.3530743162
-0.3516625235
-0.3499018001
-0.3511381922
-0.3527701251
-0.3464108551
-0.3462366581
-0.3449850335
-0.3463925906
-0.3462186745
-0.3449673383
-0.3417747221
-0.341064191
-0.3397761445
-0.3417837498
-0.3410730635
-0.3397846058
0.4403035431
0.4409375267
0.4415676808
0.4403022724
0.4409370501
0.4415684551
-0.3322431307
-0.3317509281
-0.3302579634
)
;

boundaryField
{
    inlet
    {
        type            zeroGradient;
    }
    outlet
    {
        type            fixedValue;
        value           nonuniform 0();
    }
    topAndBottom
    {
        type            symmetry;
    }
    frontAndBack
    {
        type            empty;
    }
    cylinder
    {
        type            zeroGradient;
    }
    procBoundary0to1
    {
        type            processor;
        value           nonuniform List<scalar> 
116
(
-0.03811012197
-0.03854701455
-0.0394308612
-0.04078257107
-0.04263798905
-0.04504603723
-0.04807297994
-0.05180584557
-0.05635719238
-0.06187224191
-0.06853910882
-0.07659947198
-0.08636823837
-0.09825898231
-0.1128017713
-0.1306731039
-0.152862776
-0.1804957083
-0.2146082792
-0.257255831
-0.257255831
-0.257255831
-0.257255831
-0.257255831
-0.257255831
-0.3008465053
-0.3068041804
-0.3083940889
-0.3452010181
-0.3452760042
-0.3482078589
-0.3482078589
-0.3474855661
-0.3440610741
-0.3474855661
-0.3440900652
-0.3334589465
-0.3317312364
-0.3424052146
-0.3423739439
-0.3439810799
-0.3446818819
-0.3482187207
-0.3482187207
-0.3475406245
-0.344070388
-0.3475406245
-0.3440993614
-0.3424179433
-0.3424100703
-0.3439998127
-0.3446903368
-0.3334803461
-0.3317378268
-0.3448667166
-0.3316382737
-0.344890911
-0.3451547691
-0.3451547691
-0.3422329155
-0.3452010181
-0.3422152283
-0.343566793
-0.3438391622
-0.3430902237
-0.3430187272
-0.3451686266
-0.3451686266
-0.3422382238
-0.3452760042
-0.3422342763
-0.3436965907
-0.343850451
-0.3430948403
-0.3430576005
-0.3307786741
-0.3007997406
-0.3067878395
-0.3084015484
-0.330814526
-0.3395794292
-0.3395794292
-0.3397267021
-0.3287065326
-0.3307786741
-0.3397267021
-0.3277518301
-0.3308553549
-0.3304346691
-0.3446901915
-0.3437451251
-0.3438954104
-0.3395856519
-0.3308553549
-0.3397440396
-0.3447030227
-0.3437544045
-0.3438914117
-0.3083940889
-0.3304346691
-0.3068041804
-0.3304284809
-0.3084015484
-0.3067878395
-0.3262129891
-0.3263007779
-0.3274343344
-0.3262144167
-0.3263018553
-0.327435159
-0.3236419777
-0.3224243628
-0.3208525251
-0.3236436953
-0.3224259873
-0.320854127
)
;
    }
    procBoundary0to2
    {
        type            processor;
        value           nonuniform List<scalar> 
75
(
0.08965091506
0.08995581324
0.09070658389
0.09192779793
0.0936129109
0.09579445053
0.09854206258
0.1019455628
0.1061149182
0.1111918247
0.11736331
0.1248773221
0.1340645482
0.1453730854
0.1594149588
0.1770579909
0.1994751811
0.2285364466
0.2660783381
0.3098337391
0.3639243921
0.465365243
0.576176747
0.5761458546
0.5521418363
0.4653405771
0.5521211237
0.5785671376
0.5868378739
0.5859777059
0.5785601349
0.5868149235
0.5859709502
0.435807854
0.3639099634
0.4357820249
0.4947207389
0.4694711986
0.4968949538
0.5532807563
0.5242758418
0.5256072755
0.4694678605
0.4947127844
0.4968926969
0.5532746042
0.5242630525
0.525602858
0.3391517802
0.309835825
0.339151496
0.3736784302
0.3719885087
0.411550897
0.4450805589
0.4040287989
0.4270469427
0.3719886064
0.3736757092
0.4115503346
0.4450749521
0.4040242304
0.4270441605
0.6114387168
0.6175775816
0.6231659518
0.6069853471
0.6107155606
0.6114163628
0.6114161904
0.617554621
0.6231425302
0.6069781197
0.6107082249
0.611409036
)
;
    }
}


// ************************************************************************* //
