/*--------------------------------*- C++ -*----------------------------------*\
| =========                 |                                                 |
| \\      /  F ield         | OpenFOAM: The Open Source CFD Toolbox           |
|  \\    /   O peration     | Version:                                        |
|   \\  /    A nd           | Website:  www.openfoam.com                      |
|    \\/     M anipulation  |                                                 |
\*---------------------------------------------------------------------------*/
FoamFile
{
    version     2.0;
    format      ascii;
    class       volScalarField;
    location    "6.5";
    object      p;
}
// * * * * * * * * * * * * * * * * * * * * * * * * * * * * * * * * * * * * * //

dimensions      [0 2 -2 0 0 0 0];


internalField   nonuniform List<scalar> 
2429
(
0.08998839019
0.09029087797
0.09103574085
0.09224740555
0.09391953255
0.09608462681
0.0988121019
0.1021915128
0.1063326073
0.1113768998
0.117511288
0.1249837117
0.1341250993
0.1453842302
0.1593745412
0.17696656
0.1993379184
0.2283672661
0.2659028534
0.3097030858
0.3638910377
0.4656384993
0.576899261
0.08958477575
0.08987859137
0.09060119482
0.09177604233
0.09339579608
0.09549009803
0.09812346771
0.101378493
0.1053550832
0.1101804281
0.1160200978
0.1230896737
0.1316698577
0.1421288849
0.154947977
0.1707677525
0.1903784167
0.2149255894
0.2451929444
0.2854991243
0.3286379358
0.3911344208
0.4070585137
0.08879001688
0.0890655347
0.08974483892
0.09084837629
0.09236667897
0.09432409219
0.0967760432
0.0997922308
0.1034545366
0.1078641929
0.1131486238
0.1194665765
0.1270124746
0.1360205518
0.1467593182
0.1595261843
0.1745420526
0.1919362447
0.2108985788
0.229559025
0.2554555299
0.2562540437
0.1883467271
-0.1727606624
-0.3622616956
0.08762726136
0.0878771916
0.08849516352
0.08949768649
0.0908727391
0.09263764741
0.09483576387
0.09751997537
0.1007490833
0.1045916758
0.1091281826
0.1144494386
0.1206490728
0.1278130933
0.1359735068
0.1450903019
0.1548330876
0.1645106041
0.1722669011
0.1748896246
0.1836238167
0.1540721348
0.06899353953
-0.1304967047
-0.3891089999
-0.4636261817
-0.402112668
-0.3587943789
0.08612746405
0.08634798933
0.08689017314
0.08776751076
0.0889661273
0.09049539235
0.09238492821
0.09466906373
0.09738180156
0.1005573161
0.1042273832
0.1084165802
0.1131192413
0.118294594
0.1237821632
0.1292991079
0.1342193079
0.1374249257
0.13684588
0.1287029506
0.1068071153
0.08149044933
0.00438941921
-0.1119247911
-0.2296927158
-0.3085536128
-0.3285238475
-0.3302990448
0.08433326221
0.08451986891
0.08497565556
0.08571068802
0.08670962961
0.08797394001
0.08951938957
0.09136208508
0.09351244219
0.09597173985
0.09872566192
0.1017455887
0.1049481143
0.1082026246
0.1112465648
0.1136565163
0.1147129083
0.1132182118
0.107396534
0.09439354403
0.07041304579
0.0299572924
-0.02834894554
-0.08995789669
-0.1606358455
-0.2172518801
-0.2490607376
0.08229181002
0.08244061933
0.08280352773
0.08338637551
0.08417257641
0.08515650208
0.08634116954
0.08772631384
0.08930160024
0.09103825796
0.09288690758
0.09478426926
0.0966049838
0.09815960262
0.09914476524
0.09908429721
0.09731394258
0.09282098053
0.08423279545
0.06966222997
0.04688764473
0.0137061444
-0.03035984722
-0.0801343299
-0.1280283349
-0.1677441365
-0.1963757239
0.08005206424
0.08016206502
0.08042965369
0.08085684275
0.08142659335
0.08212745109
0.08295147148
0.08388480511
0.0848997843
0.08594309249
0.08694935965
0.08783546926
0.08845497368
0.08858340096
0.08792752744
0.0860514269
0.08237351855
0.07610901384
0.06625059732
0.05155863793
0.03088246486
0.003296263897
-0.03067723142
-0.06821657738
-0.1053276231
-0.1373627152
-0.1622736665
0.07766558752
0.07773721233
0.07791048089
0.07818419941
0.07854193149
0.0789679061
0.07944525367
0.07994965945
0.08044009931
0.08084922021
0.08110834648
0.08111907192
0.08073328057
0.07973233463
0.07783802772
0.07467899875
0.06978155523
0.06255909014
0.0522991852
0.03824671548
0.01984574076
-0.003229024671
-0.0303068013
-0.05960117219
-0.08857310322
-0.1144921069
-0.1357187968
0.07518332582
0.07521811912
0.07530091203
0.07542795928
0.07558439385
0.0757513137
0.07590464142
0.07601337051
0.07602930885
0.07587932541
0.0754995217
0.07478818434
0.07359483644
0.07172199106
0.06892556103
0.06490365987
0.05929216329
0.05165270413
0.04150312621
0.02843666493
0.01215504854
-0.007288253781
-0.02928998792
-0.0526039373
-0.07571826061
-0.09692644031
-0.114906864
0.07265422977
0.07265460184
0.0726528915
0.07264331065
0.07261287732
0.0725403554
0.07239794276
0.07215239803
0.07175114721
0.07113161798
0.07022516015
0.06892767338
0.06710093474
0.06457620972
0.06115155401
0.05658977882
0.0506116206
0.04290842705
0.03316974666
0.02119065127
0.006826927014
-0.009721710759
-0.02789422657
-0.04688791044
-0.06573816054
-0.08327766
-0.09848932553
0.07012406482
0.07009303004
0.07001428647
0.06988037267
0.06968047585
0.06939280772
0.06898669854
0.06843259798
0.06768280981
0.06667619223
0.06533841596
0.0635743811
0.06126662348
0.05827546471
0.05443966255
0.04957318365
0.04346941518
0.03591017617
0.02672583533
0.01579139264
0.0031230258
-0.01106508386
-0.02632352538
-0.04210547074
-0.05774006293
-0.07239548745
-0.08530741138
0.06763460284
0.06757532583
0.06742759895
0.06718266129
0.06683268196
0.0663563604
0.06572761947
0.06491615231
0.06387573734
0.06254781845
0.06086341018
0.05874046326
0.05608100302
0.05277192911
0.04868472383
0.04367886349
0.03760609285
0.03032015733
0.02173864643
0.01179190625
0.0005670410001
-0.01170390996
-0.0247048248
-0.03803137141
-0.05119164308
-0.06357960446
-0.07461882497
0.06522331361
0.06513892992
0.06493012396
0.06458794232
0.06410743144
0.06347262535
0.06265914261
0.06163324987
0.0603520987
0.0587644864
0.05681062334
0.05442056898
0.0515137208
0.04800055708
0.04378167416
0.03875084001
0.03280314566
0.02585540109
0.01785613917
0.008817466858
-0.001163913706
-0.01188612881
-0.02311233692
-0.03452814402
-0.04576183844
-0.0563608753
-0.06588450522
0.06292092167
0.06281663197
0.06255504357
0.06212905294
0.06153983364
0.06077403109
0.05980582036
0.05860274292
0.0571275121
0.05533655811
0.0531789436
0.05059579019
0.04752294134
0.04388961352
0.039622091
0.03464362041
0.02888303731
0.02229988983
0.01485771336
0.006613299983
-0.00231685693
-0.01178513922
-0.02159983873
-0.03150849781
-0.04122452846
-0.05040268071
-0.05870107747
0.06075918704
0.06063469124
0.06033011596
0.05983594084
0.05915662532
0.05828116154
0.0571851496
0.05583937825
0.05421174714
0.05226541434
0.04995742962
0.0472397976
0.04406170547
0.04036972845
0.03610887563
0.03122771423
0.02567976295
0.0194525705
0.01253425764
0.004991150145
-0.003062568806
-0.01151154227
-0.02019384335
-0.02890319224
-0.0374145183
-0.04545942012
-0.05276888083
0.05875666487
0.05861756313
0.05827820325
0.05772839736
0.05697489356
0.05600965566
0.05481097396
0.05335292167
0.05160799893
0.04954530429
0.04712918772
0.04432225234
0.04108535469
0.03737838547
0.03316113587
0.02839970914
0.02307154402
0.01717143417
0.01072376406
0.003788414473
-0.003536988671
-0.01115159157
-0.01891778941
-0.0266659156
-0.03421546891
-0.04135352341
-0.04786508399
0.05693703614
0.05678623909
0.05641811514
0.05582286638
0.05500954221
0.0539727211
0.05269326535
0.05114838505
0.04931483168
0.04716689027
0.04467600027
0.04181328179
0.03854946349
0.03485543663
0.0307043886
0.02607550998
0.0209632405
0.01536474241
0.009322440292
0.002902879208
-0.003818947328
-0.01075249212
-0.01777857729
-0.02475587353
-0.03153675289
-0.03794907527
-0.04381830018
0.05531608887
0.05515625999
0.05476495928
0.05413325892
0.05327259259
0.0521797458
0.05083785298
0.04922712344
0.04732783579
0.04511860739
0.04257790799
0.03968395021
0.03641455262
0.0327497148
0.02867393996
0.02417569493
0.01926110744
0.01393668705
0.008247221501
0.002257836893
-0.003968963904
-0.01035043979
-0.01678149917
-0.02314245765
-0.02931034517
-0.0351435514
-0.04049810135
0.05390687433
0.05374028706
0.05333086063
0.05267053893
0.05177303559
0.05063709769
0.04924784253
0.04758801625
0.04564069555
0.04338900636
0.04081723634
0.03790865385
0.03464754008
0.03102044834
0.02701961502
0.02264346568
0.01790041113
0.01281327068
0.007422563045
0.00178585534
-0.004038629056
-0.009975209459
-0.01593076964
-0.02180206934
-0.02748432053
-0.03285873974
-0.03780449272
0.05271966218
0.05254809614
0.05212487837
0.05144266982
0.05051717562
0.04934887583
0.04792459761
0.04622892463
0.04424693581
0.0419668552
0.03937674068
0.03646393227
0.03321806305
0.02963120474
0.0257018232
0.02143471068
0.01683975523
0.01194735334
0.00680037342
0.001446787182
-0.004057616452
-0.009642632277
-0.01522489069
-0.02071360321
-0.02601719259
-0.03103386041
-0.03566028342
0.05176229218
0.05158720107
0.05115386124
0.05045549507
0.04950943719
0.04831763012
0.04686806462
0.04514612255
0.04314034901
0.04084215489
0.03824195527
0.0353307904
0.0321022038
0.02855257804
0.0246847907
0.0205078022
0.01603592674
0.01130082909
0.006344228889
0.001209566906
-0.004048918656
-0.009365103676
-0.01466310235
-0.01986141155
-0.02487788554
-0.02962320211
-0.03400719516
0.05104036796
0.05086313042
0.05042279981
0.0497131383
0.04875274667
0.04754466184
0.04607743866
0.04433728685
0.04231616799
0.04000674611
0.03740150533
0.03449427106
0.03128133346
0.02776211183
0.02394232959
0.01983363762
0.01545497278
0.01083837411
0.006021852164
0.001047716668
-0.004031274007
-0.009152311699
-0.01424486247
-0.01923384444
-0.02404340487
-0.02859305278
-0.03280229557
0.05055831458
0.0503797215
0.0499350856
0.04921837779
0.04824897261
0.04703052142
0.04555134834
0.04380022978
0.04176991276
0.03945398932
0.03684657916
0.03394321238
0.03074190009
0.02724399849
0.02345700891
0.01939431962
0.01507761545
0.0105401327
0.005815840155
0.000947023104
-0.004014584963
-0.009008543841
-0.01396775646
-0.01882106674
-0.02349620067
-0.02791839194
-0.03201398286
0.05032030117
0.05014118648
0.04969483127
0.04897511841
0.04800155005
0.04677722276
0.04529169986
0.04353501888
0.04149988926
0.03918049669
0.03657177469
0.0336700906
0.03047432632
0.02698663891
0.02321515451
0.01917636676
0.01489271436
0.01039380373
0.005714173051
0.0008968080958
-0.004007222278
-0.008938828468
-0.01383268125
-0.01861946298
-0.02322809379
-0.02758637442
-0.03162464579
0.4737465696
0.5768683213
0.4737654634
0.2354852418
0.0007800839909
0.4070372303
0.2354349546
0.0008089498569
-0.1005120652
-0.1004897809
-0.3648867206
-0.3648852079
-0.3583281901
-0.3583637172
-0.1407095157
-0.374442502
-0.1727999307
-0.1407532495
-0.3744012337
-0.4594338932
-0.5007998371
-0.4593953844
-0.5007773424
-0.5025081083
-0.4235320784
-0.5024840674
-0.4235647007
-0.3690636467
-0.4099987406
-0.3684585631
-0.3689900648
-0.4099576302
-0.3683456604
0.5527587163
0.4191852965
0.4666021229
0.4656137456
0.552737971
0.4191224931
0.4666500528
0.5595431178
0.5792966119
0.5876040663
0.557511224
0.5867434571
0.5603091644
0.5597156712
-0.3539602534
-0.3521909715
-0.03354581962
0.09048072869
-0.06666788917
0.188309688
-0.03355461049
0.09044843397
-0.06667937021
-0.2407781903
-0.1778423811
-0.1897921197
-0.1762363177
-0.1827142559
-0.1784051217
-0.2419149364
-0.5423231706
-0.545687956
-0.3933423198
-0.3912909379
-0.4140866846
-0.3895601548
-0.4147935149
-0.3931699335
-0.3595649971
-0.3622437962
-0.3594915411
-0.4583700506
-0.2556935621
-0.3276502744
-0.3889918513
-0.4583616034
-0.2556361451
-0.3276403845
-0.4146593625
-0.340932477
-0.3517437253
-0.4636196765
-0.4147614337
-0.3409525122
-0.3518433696
0.5007017362
0.4759523115
0.5186450582
0.4575699033
0.5206586172
0.4600095041
0.5023920943
0.4387271997
0.4395935751
0.559537792
0.5792895907
0.5875810669
0.5574845582
0.5867366843
0.5603044583
0.5596994224
0.5006976283
0.4759506134
0.5186214006
0.4575579844
0.5206565022
0.4600066366
0.5023796623
0.4387261099
0.4395921726
0.2475828004
0.2966274468
0.1825250952
0.2918262445
0.1837479853
0.2450428521
0.1709635474
0.001984925087
0.02760562412
0.1192612382
0.02013296393
0.1207776255
0.1698900227
0.2475799678
0.2966177893
0.1825232913
0.2918251887
0.1837445982
0.2450378185
0.1709606796
0.001988806293
0.02760527833
0.1192627895
0.02012519005
0.120782897
0.1698869487
-0.1011583564
-0.101130108
-0.3640258137
-0.3640202221
-0.3586127856
-0.360929737
-0.3538310835
-0.361640773
-0.3539264553
-0.3539596444
-0.3521884075
-0.3586111289
-0.3609161787
-0.3538120728
-0.361636472
-0.3539213462
-0.3977985783
-0.3673148375
-0.3946695268
-0.3702611254
-0.3891554661
-0.3914768935
-0.2407756607
-0.1778230999
-0.1897924575
-0.1762639278
-0.1827183241
-0.1783954929
-0.2419108205
-0.3978043649
-0.3673363901
-0.3946720855
-0.370267257
-0.3891598973
-0.3914924167
-0.4598964328
-0.4627841943
-0.5154569125
-0.4749699629
-0.5205542812
-0.4767457483
-0.464538908
-0.5095783512
-0.502102932
-0.5153577079
-0.4967174855
-0.513835226
-0.4998131976
-0.5086729571
-0.5423176962
-0.5456836494
-0.4598881214
-0.4627645819
-0.5154247842
-0.4749294882
-0.5205431953
-0.4767383539
-0.4645137321
-0.5095699358
-0.5020973922
-0.5153347297
-0.4966904862
-0.5138282542
-0.4998064853
-0.5086494686
-0.4257981569
-0.4233536085
-0.4936902942
-0.504904503
-0.5277381032
-0.4774276884
-0.5287997856
-0.478267729
-0.4943841551
-0.4701195076
-0.4232707054
-0.4253066112
-0.4503202599
-0.4245779866
-0.4511577903
-0.4685755694
-0.4257834503
-0.4233420499
-0.4936857752
-0.5048974743
-0.5277174016
-0.4774073887
-0.5287929447
-0.4782637244
-0.4943701006
-0.470112735
-0.4232733625
-0.4252876144
-0.4502991208
-0.4245736364
-0.4511523299
-0.468556906
-0.385706466
-0.3695450024
-0.3794403893
-0.3711700215
-0.3792474746
-0.371348931
-0.3847132682
-0.3933224216
-0.3912511105
-0.4140089816
-0.3895433998
-0.4147119857
-0.3931231764
-0.3856948832
-0.3695331946
-0.3793859237
-0.3711523313
-0.3792342228
-0.3713400417
-0.3846796825
0.4359798302
0.3419907861
0.3979150691
0.3638765735
0.4359538478
0.3420249229
0.3978424584
0.4871505021
0.4951026464
0.4573858197
0.4697602674
0.4972853796
0.4615910635
0.4849301465
0.3746866346
0.2950751281
0.2793016276
0.3285713251
0.3747608231
0.2950489979
0.2792674884
0.4160505989
0.2880939443
0.2658329464
0.3912129491
0.4160453567
0.2880571273
0.2658567708
0.3160256077
0.4076687866
0.3736722729
0.3461304019
0.3751354228
0.3470859063
0.3138291889
0.2222475744
0.1774429595
0.1205821361
0.256295517
0.2221845675
0.1775076385
0.120596526
0.1901087912
0.1351903487
0.1360450075
0.09869504941
0.1471403511
0.1495971634
0.09728150435
-0.3628717421
-0.3542374723
-0.360867422
-0.3545033195
-0.3610335545
-0.353726216
-0.3537257427
0.0976424126
0.1097324214
0.03368985146
0.1540888413
0.09762095369
0.1097382748
0.03368318384
-0.06817921028
0.01592982297
-0.06970115981
0.06894269038
-0.06822378432
0.01591733284
-0.06975043223
-0.3267069388
-0.1079865873
-0.2207524793
-0.1306207437
-0.3265646994
-0.1080385816
-0.220624825
-0.3896838664
-0.4227737336
-0.4225260856
-0.3669352592
-0.3322086779
-0.3320444374
-0.3672556498
-0.4643620434
-0.4512795853
-0.4515964765
-0.4185038497
-0.4206705669
-0.420904526
-0.4183629387
-0.3652790006
-0.3501549491
-0.3424682509
-0.4019345421
-0.3653312181
-0.3501218066
-0.342451258
-0.3396524578
-0.3586678033
-0.3397391006
-0.1990526115
-0.09760260306
-0.1876977338
-0.1119583276
-0.1990325063
-0.09762094796
-0.1876751843
-0.2948726228
-0.1937042248
-0.2258209936
-0.2296402999
-0.29486855
-0.1937304934
-0.2258149663
-0.327256174
-0.2384043874
-0.266333424
-0.3085721626
-0.3272833368
-0.2384127224
-0.26637656
-0.3301714609
-0.2715699251
-0.2894908663
-0.3286327079
-0.330130451
-0.271545211
-0.2895019645
0.2445861124
0.2368633394
0.2878537866
0.1858310473
0.2888858674
0.1863121519
0.24411284
0.3160221241
0.4076610916
0.3736933756
0.3461052803
0.3751380068
0.347082743
0.3138215147
0.2445844598
0.236851895
0.2878768609
0.1858044811
0.2888915307
0.1863089239
0.2441092039
-0.2363548833
-0.1405298154
-0.1554878013
-0.2153781366
-0.1556394763
-0.2147468816
-0.2373516594
-0.3519842116
-0.3740260367
-0.4013171685
-0.302855335
-0.4001873631
-0.3033933128
-0.3496485745
-0.2363659556
-0.1405539517
-0.1554932694
-0.2154757952
-0.1556450865
-0.2147758938
-0.2373831002
-0.3519953553
-0.3740119061
-0.4013374823
-0.302906955
-0.4001888525
-0.3034112278
-0.3496804563
-0.4000802991
-0.4103293442
-0.4238849999
-0.3943608195
-0.426033564
-0.3942410402
-0.3999189245
-0.3830821343
-0.3683412756
-0.3702247747
-0.3793662382
-0.3702269722
-0.3792906282
-0.3829414609
-0.4000633164
-0.4103177489
-0.4239059001
-0.3942187028
-0.4260816067
-0.3942066222
-0.3998671669
-0.3830675957
-0.3683245264
-0.3701493098
-0.3793189741
-0.3702087171
-0.3792784358
-0.3828925136
0.5539012959
0.5372819654
0.5384287587
0.5135797261
0.5247748591
0.5261113148
0.5122413548
0.4675453557
0.4413196398
0.4382595654
0.4236318116
0.4456562838
0.4407175516
0.4652939711
0.4676550244
0.5068792786
0.5076671217
0.4891816199
0.4549496649
0.4564541142
0.4878974648
0.4871471169
0.4697568987
0.4950946786
0.4573735972
0.4972831179
0.4615872118
0.4849199493
0.5538951293
0.5372522572
0.5384239143
0.513574811
0.5247620451
0.5261068849
0.5122203333
0.4675448552
0.4236285988
0.4413434462
0.438228391
0.4456578809
0.440716872
0.4652917991
0.4676568035
0.506860923
0.5076629874
0.4891814159
0.4549488144
0.4564545549
0.487903792
-0.03207227966
0.06263127222
-0.05837715149
0.06311001842
-0.05759448491
0.0293832063
0.02866894508
0.07266945455
0.1156033073
0.04898083179
0.09571158892
0.1194608588
0.05195262492
0.07043140384
-0.06570227476
-0.06426575979
-0.06333315425
0.01140115088
-0.004035235447
-0.002576051727
0.01016790347
0.190095452
0.1352445406
0.1360567102
0.09869396146
0.1471755471
0.1496063125
0.09729294613
-0.03210175708
0.06266564146
-0.05842505731
0.06311203829
-0.05762104921
0.02937134544
0.0286524162
0.07266015737
0.09570122044
0.1156051001
0.04895980372
0.1194578174
0.0519445127
0.07041147924
-0.06570973809
-0.06430998684
-0.06334302803
0.01138938789
-0.00405714678
-0.002582757092
0.01013908792
-0.3595407377
-0.3595439343
-0.3597331868
-0.3526694146
-0.3515431718
-0.35148743
-0.3526414433
-0.3628663162
-0.3542955959
-0.3609086665
-0.3545020652
-0.3610344225
-0.3537183402
-0.3537006247
-0.3595254833
-0.3596624432
-0.3597433828
-0.3526683788
-0.3516060372
-0.3514971698
-0.3526680565
-0.45844811
-0.445522989
-0.4456115564
-0.3926983833
-0.4110578522
-0.4110192964
-0.3929158899
-0.3217572534
-0.28940149
-0.2849558167
-0.2542571218
-0.2888691217
-0.2837362584
-0.3221900847
-0.3474341356
-0.3668330259
-0.3089419892
-0.3271018714
-0.3666369894
-0.3080862001
-0.347767312
-0.3896468172
-0.4227478428
-0.422521317
-0.3669588232
-0.3318510762
-0.3319672746
-0.3673118505
-0.4584457407
-0.4455138731
-0.4456115845
-0.3927060405
-0.4110471362
-0.4110164519
-0.3929302272
-0.321815954
-0.2542665123
-0.2891265377
-0.2850718809
-0.288840044
-0.2837792685
-0.3223363309
-0.3474477913
-0.3271034393
-0.3668166666
-0.3089679057
-0.3666335768
-0.3080994586
-0.3477960849
-0.4147199825
-0.4329272475
-0.4332168771
-0.4091108154
-0.3983895257
-0.3984592963
-0.409021165
-0.3827381746
-0.3788029873
-0.3485517078
-0.3406175815
-0.3787675254
-0.3483844871
-0.3827343584
-0.3805416581
-0.3762500963
-0.3512973479
-0.3515666809
-0.3762733683
-0.3511727126
-0.3805756636
-0.4643600983
-0.4512814328
-0.4516005491
-0.4185235354
-0.420681926
-0.4209089015
-0.4184170518
-0.4147205858
-0.4329501128
-0.4332183117
-0.4091397833
-0.3986784419
-0.3984684021
-0.4091624734
-0.3827738543
-0.3406288676
-0.3788275628
-0.3486215125
-0.3787780933
-0.3484104276
-0.3828302291
-0.3806047952
-0.3515757557
-0.3767722948
-0.3514174008
-0.3763343386
-0.3512052537
-0.3807992299
0.3390637974
0.3017963468
0.3278445791
0.3097051652
0.3390635319
0.3017924168
0.3278360186
0.4074439568
0.3736661063
0.3604268418
0.3719687387
0.4116479129
0.3687755064
0.3689887
0.3075780097
0.2642452962
0.2824506683
0.2854878273
0.3075715205
0.2641433217
0.2823538373
0.3503322459
0.3315900492
0.3114767372
0.336533213
0.3700883342
0.3206681334
0.3160367783
0.404589112
0.3967127118
0.4078090018
0.3721607543
0.3594677117
0.3677572499
0.3678793702
0.2514444297
0.2185323686
0.2105439034
0.2554311103
0.2515067626
0.2185024424
0.2105517026
0.2336222058
0.2552928533
0.2309139597
0.279225808
0.2650094039
0.2443979712
0.2215178402
0.1709725739
0.1505030344
0.1406868361
0.183628029
0.171002769
0.1504890495
0.1406904974
0.1591198853
0.1218335451
0.1288573951
0.1662507424
0.1786306256
0.1450844011
0.1060538479
0.03121806594
0.07601313545
0.0351581224
0.02279779327
0.04975681375
0.06037415708
0.01782219922
-0.1301460711
-0.1944452544
-0.193859972
-0.1735756994
-0.1207727466
-0.1196665974
-0.1746071855
-0.4024362822
-0.3891619841
-0.3892783118
-0.3892194667
-0.3893506297
-0.3792747959
-0.3793911182
-0.3587682055
-0.351197836
-0.3510524042
-0.350239816
-0.3554577979
-0.3554609981
-0.3503843396
0.05149141949
0.05880361041
0.03612795385
0.08149718538
0.05149024556
0.05879601573
0.03612764113
-0.08853045529
-0.006979858921
-0.04284132314
0.004375334926
-0.08856706021
-0.006980984068
-0.04284563173
-0.1147312567
-0.134826109
-0.1097573613
-0.08184152523
-0.1267734571
-0.07235712612
-0.1224556453
-0.2553234609
-0.2254400218
-0.2521910918
-0.2259243798
-0.2108149794
-0.2003005229
-0.2319175309
-0.3180266108
-0.3079260539
-0.3176507188
-0.2910489004
-0.2813374971
-0.2802393379
-0.291740433
-0.32837628
-0.309585902
-0.3292895164
-0.3077184468
-0.3289688083
-0.3071441358
-0.3100727516
-0.2962841729
-0.3303761961
-0.2962038162
-0.1272738553
-0.08455617206
-0.1104649526
-0.08997649417
-0.1272768001
-0.08456380332
-0.1104628426
-0.1918131948
-0.1414628155
-0.167248987
-0.1606368702
-0.1918181013
-0.1414643574
-0.1672545894
-0.2362482501
-0.1916636032
-0.2100449945
-0.2172618471
-0.2362645016
-0.1916714087
-0.2100530557
-0.25676118
-0.2247809038
-0.2392000495
-0.2490935151
-0.2568081253
-0.224787978
-0.2392222987
0.4292989805
0.4452869434
0.4387263399
0.421847159
0.4041013997
0.4271973367
0.3985229525
0.399224826
0.3532029852
0.3467208102
0.3500209919
0.3616840611
0.3862002015
0.3600080073
0.4161084184
0.4073029261
0.425618294
0.4112172983
0.3725911588
0.3959539546
0.3876950189
0.4074424239
0.3719688562
0.3736632787
0.3604654661
0.411647284
0.3687777837
0.3689956091
0.4452813204
0.4292978698
0.4387212856
0.421845616
0.4040967077
0.4271945352
0.3985439209
0.3992189083
0.350016507
0.3531860734
0.3467390672
0.361679093
0.3861924556
0.3599953582
0.4072974828
0.4161029153
0.4256168651
0.411210965
0.372540087
0.3959434328
0.3876611778
0.3844843778
0.3495790437
0.3537421347
0.3480165688
0.3755184334
0.3601517962
0.3348110267
0.320826932
0.3118060472
0.2894157655
0.3199383961
0.3443763407
0.2961743376
0.315805439
0.350324583
0.3365166113
0.3315372607
0.3114870218
0.3700803384
0.3206604547
0.3160263326
0.3844939473
0.3495752088
0.3537386393
0.3480121132
0.3755171277
0.3601483163
0.334806926
0.3208178328
0.3199386416
0.3118280453
0.2893794851
0.3443753128
0.2961635485
0.3157949625
0.4168256274
0.3647129622
0.3660107465
0.4142769065
0.4160389583
0.3730328774
0.3707971978
0.3359114908
0.3223561573
0.2909206434
0.3113189985
0.3410435967
0.299699775
0.3287954708
0.268255728
0.3141043023
0.3159413956
0.3296749115
0.2835390398
0.2877876512
0.326445472
0.3967227231
0.4046832594
0.4078197126
0.3721542997
0.3594600647
0.3677523841
0.3678642091
0.4168220697
0.3646689995
0.366001026
0.4143199991
0.4160404721
0.3730254127
0.3707762125
0.3359107477
0.3113175414
0.3223720046
0.2909280139
0.3410439452
0.2997030098
0.3287941908
0.2682569439
0.3141000232
0.3159372041
0.3296751253
0.2835634093
0.2877907526
0.3264407552
0.2254753168
0.1821497076
0.1869229965
0.2155471069
0.2440324605
0.2497860111
0.2064104279
0.2180529014
0.2083921803
0.1463331038
0.1849110305
0.209893125
0.1968657722
0.1804598258
0.1479007214
0.131732679
0.1565310631
0.1901853547
0.1373991559
0.1669208933
0.1676148364
0.2336228659
0.2792325074
0.2553178144
0.2309363704
0.2650140469
0.244398919
0.2215220855
0.2254655037
0.1821555847
0.1869259159
0.2155460836
0.2440133502
0.2497826634
0.2063913164
0.218056555
0.1849233005
0.2083856796
0.1463818469
0.2098935216
0.1968741678
0.1804688188
0.1317298898
0.1479317374
0.1565336869
0.1901868846
0.137470027
0.1669306107
0.1676316285
0.1099183857
0.1174811133
0.1140431734
0.07691623857
0.1438564059
0.09165409372
0.09905195071
0.0886359298
0.04723235925
0.06295206301
0.08587228599
0.09290797028
0.07590021676
0.08683146672
0.1591160293
0.1662602812
0.121818916
0.1288650052
0.1786450191
0.1450903488
0.1060361711
0.1099188818
0.117476448
0.113984877
0.07703500416
0.1438707104
0.09169899432
0.09904805816
0.08863318081
0.08586721938
0.0472583798
0.06294458162
0.09291672991
0.07589796078
0.08682644351
-0.06726510864
-0.0145480785
-0.01277043784
-0.02001623505
-0.06825415427
-0.06734607467
-0.02156637126
0.01440247201
0.02832455004
0.003775260808
0.04409412293
0.05480482963
0.008971053543
0.007348871315
-0.02733003439
-0.06863024237
-0.02527834732
-0.06510359028
-0.06719026452
-0.04002593285
-0.02617084141
0.0760038415
0.03120344151
0.03515431345
0.02279193646
0.04977484738
0.06038615393
0.01780300979
-0.06728908292
-0.01456200715
-0.01277712794
-0.02003077645
-0.06833168891
-0.06737645077
-0.02159771541
0.01438961511
0.04408263331
0.02831518432
0.003752899111
0.05479848832
0.008961247436
0.007325428631
-0.0273441924
-0.06512009845
-0.06869853444
-0.0253160464
-0.06721507382
-0.04003734352
-0.0262077147
-0.3261503027
-0.2636459265
-0.2635813511
-0.283239923
-0.2826653547
-0.2301146853
-0.2304712721
-0.1557052948
-0.1130418549
-0.1445666149
-0.09978109185
-0.1097745071
-0.1406835281
-0.1579622772
-0.2486225789
-0.2199791818
-0.2479334976
-0.2032855259
-0.1830720248
-0.1820937895
-0.2042156277
-0.1301854963
-0.1945770095
-0.1938937504
-0.1736246852
-0.1209118308
-0.1197156508
-0.174833418
-0.3260890489
-0.2637079267
-0.2635865481
-0.2827563811
-0.2825072816
-0.2301201569
-0.2309525289
-0.1557361277
-0.09979803323
-0.1131453559
-0.144652589
-0.1098108419
-0.1406938001
-0.1581292148
-0.219938494
-0.2477561912
-0.2477155807
-0.2031933726
-0.1829466503
-0.1820466618
-0.2041810412
-0.3652764212
-0.3762710514
-0.3763472761
-0.3697978755
-0.3604664949
-0.3604000863
-0.3697131043
-0.3710131109
-0.3501057801
-0.3711625477
-0.3652457995
-0.3481379591
-0.3479507174
-0.365351734
-0.3593254068
-0.3529753106
-0.3453796941
-0.3419513941
-0.3528373884
-0.3450777762
-0.3592951704
-0.402376122
-0.3889624301
-0.3892688565
-0.3889473983
-0.389210052
-0.3791607954
-0.3783346328
-0.3652936307
-0.3761881414
-0.3763509013
-0.3698507556
-0.3605699014
-0.3604334054
-0.3697295525
-0.350039907
-0.3713933754
-0.3710840918
-0.3651126994
-0.3479016282
-0.3478699243
-0.3647145361
-0.3593874918
-0.3419718304
-0.3531169432
-0.3452265899
-0.352895283
-0.3450625659
-0.3593921356
-0.345944999
-0.3487408965
-0.337661284
-0.3390454507
-0.3485775494
-0.3369021144
-0.3460966071
-0.3587426192
-0.3512215968
-0.3510605652
-0.3502339324
-0.3553931504
-0.355441152
-0.35033923
-0.345948382
-0.3390733226
-0.3487889049
-0.3376803777
-0.3485927997
-0.3369047018
-0.3460990628
-0.1971097808
-0.1601406251
-0.1652713957
-0.1839664414
-0.1662752312
-0.1772145585
-0.146289557
-0.1527028128
-0.1938626571
-0.1461889919
-0.1124366273
-0.1354609489
-0.1328053887
-0.1426322607
-0.1147365408
-0.08184695562
-0.1348419983
-0.1097718823
-0.1267678153
-0.07236296656
-0.1224686605
-0.1970972567
-0.1601162317
-0.165166269
-0.1839251333
-0.1662503855
-0.1771997018
-0.1462722192
-0.1526897449
-0.1124353599
-0.1938216713
-0.1461845521
-0.1354611763
-0.132806733
-0.1426131622
-0.2770868119
-0.2938297474
-0.2753183177
-0.2479649094
-0.267756985
-0.2659637387
-0.2509937351
-0.2009448852
-0.2053262578
-0.1987261411
-0.1471764355
-0.1672257781
-0.1810639981
-0.215226592
-0.2243520227
-0.2454264058
-0.2120897815
-0.2224076981
-0.242169745
-0.2049344457
-0.2301490374
-0.2254335859
-0.2553586432
-0.2522060056
-0.225928755
-0.2107647519
-0.2002872948
-0.2319210094
-0.2938314482
-0.277106915
-0.2753253564
-0.2479753228
-0.2677637824
-0.2659666284
-0.2510278068
-0.2009464406
-0.147186119
-0.2053387144
-0.1987185635
-0.1672324848
-0.1810628196
-0.2152271888
-0.2243561636
-0.2224089891
-0.245431745
-0.2121104375
-0.2421721572
-0.204938491
-0.2301611767
-0.3237214305
-0.3269462844
-0.3234037347
-0.298566246
-0.3044552159
-0.3039236656
-0.2991643826
-0.2679140368
-0.2584333752
-0.249696931
-0.2363337438
-0.2563644875
-0.2487253126
-0.2693702951
-0.2762082735
-0.284203359
-0.2579579627
-0.2657465034
-0.2829892878
-0.256933736
-0.2774729196
-0.3079355406
-0.3180790784
-0.3176691946
-0.2910618235
-0.2813579914
-0.2802466691
-0.2917840292
-0.3269591311
-0.3237676144
-0.3234214485
-0.2985747776
-0.3044875319
-0.3039371037
-0.2991791794
-0.2679240761
-0.2363393598
-0.2584473782
-0.2497392777
-0.2563700138
-0.2487369581
-0.2693986154
-0.2762180686
-0.2657568493
-0.2842500409
-0.2579708714
-0.2830010276
-0.256941156
-0.2775007149
-0.3104857722
-0.3292579635
-0.3150800977
-0.3290112706
-0.3284244971
-0.3144068228
-0.3112649979
-0.2900055706
-0.2886989475
-0.2788627979
-0.2701786627
-0.286915156
-0.2783724784
-0.2912855955
-0.3283822298
-0.3095772756
-0.32928286
-0.30774171
-0.3289325662
-0.3071535964
-0.310058734
-0.3104782557
-0.3290085172
-0.3291567597
-0.3150659792
-0.3283888717
-0.3144052977
-0.3112460211
-0.2900294918
-0.2701830939
-0.2886771812
-0.2788981013
-0.2869187879
-0.2783914859
-0.29130227
-0.3360491268
-0.3142728565
-0.3286152122
-0.3356463831
-0.3128205022
-0.3123769302
-0.313924282
0.26492457
0.229116579
0.2946455546
0.274169912
0.269068002
0.2499583699
0.2377573878
0.2946575785
0.264984905
0.2291732575
0.2741829208
0.2690755647
0.2499702062
0.237806572
-0.03565007842
-0.09148100862
-0.03999002246
-0.04500008881
-0.02646499895
-0.03727351899
-0.05076127988
-0.04000197146
-0.03568001423
-0.09150525186
-0.04500906755
-0.02647386133
-0.03728146417
-0.05078374463
-0.3286367447
-0.3360976744
-0.3143237679
-0.3356460576
-0.3128191721
-0.3123628611
-0.3139387665
-0.1055394158
-0.1055734171
-0.1049518062
-0.105557523
-0.105597339
-0.10497597
-0.3686162296
-0.3697786289
-0.3714062884
-0.3686106279
-0.3697724371
-0.3714002903
0.590552031
0.5953220741
0.5963751208
0.6122739385
0.6184281951
0.624028791
0.607817104
0.6115595761
0.6122658669
0.5941984511
0.6013051629
0.6071227797
-0.3533995698
-0.3532806028
-0.3520405534
-0.2324653248
-0.2360795471
-0.2373128355
-0.2296101395
-0.2322437406
-0.2313365401
0.5378554256
0.5421093078
0.5427266975
0.5419581658
0.5482615558
0.5532492469
0.5905463238
0.5953163623
0.5963695244
0.6122513619
0.6184051863
0.624005325
0.6078098569
0.6115522214
0.6122585226
0.594181102
0.6012874586
0.60710489
0.5378516976
0.5421056302
0.5427231456
0.5419465878
0.5482498964
0.5532375821
0.4428956606
0.4453394415
0.4493855353
-0.3420909378
-0.3429271957
-0.3442485226
-0.3420967928
-0.3429322847
-0.3442535793
0.05557375838
0.05992524138
0.06225529508
0.05221240686
0.05653399396
0.05821964892
0.1743544039
0.1725233335
0.1725114197
0.05557123708
0.05992257895
0.06225293677
0.05220935567
0.05653108708
0.05821673301
-0.1053944423
-0.1050013493
-0.103551956
-0.1053998411
-0.1050115292
-0.1035620251
-0.3652785266
-0.3649327847
-0.3634939516
-0.3652734372
-0.364927814
-0.3634890426
-0.3513963928
-0.3521056813
-0.353748853
-0.3569974426
-0.3583171184
-0.3600099676
-0.5407624468
-0.5416354605
-0.5458747726
-0.3960307289
-0.3977950334
-0.3997849898
-0.4297987102
-0.4329134058
-0.435707398
0.4428975428
0.4453409563
0.4493855383
0.3319991607
0.3381015109
0.3421594108
0.1752041701
0.1741461159
0.1754027291
0.3319901222
0.3380940974
0.3421538739
0.1752004669
0.174142826
0.175400508
-0.3513870467
-0.3520970641
-0.3537401441
-0.3569933789
-0.3583118253
-0.3600043893
-0.4545317294
-0.4612916864
-0.4642265591
-0.4545317167
-0.4612937587
-0.4642306192
-0.5407570133
-0.5416299233
-0.5458701163
-0.4367623105
-0.4399165147
-0.4424750762
-0.4367433749
-0.439896557
-0.4424554006
-0.4297316988
-0.4328480289
-0.4356419166
-0.3489516875
-0.3482733951
-0.3470058379
-0.5397269469
-0.5383944759
-0.5384378937
-0.5105657703
-0.5133951133
-0.51117793
-0.5149432583
-0.519671626
-0.5219501434
-0.5004606566
-0.501774916
-0.5017180838
-0.5553137235
-0.5620662891
-0.5677867706
-0.5526945911
-0.557252142
-0.5585569889
-0.5045728181
-0.5078270672
-0.5118124634
-0.3920398245
-0.3922125175
-0.3910009964
-0.4272729959
-0.4286702492
-0.4280052116
0.4404814073
0.4411208874
0.4417596193
0.4404794855
0.4411197629
0.4417597489
-0.3384508128
-0.3379855764
-0.336470482
-0.3384519462
-0.3379866758
-0.3364715502
0.3279966439
0.3329464376
0.3342479164
0.1743583371
0.1725267138
0.1725139649
0.3279933989
0.3329434976
0.3342461415
-0.3617811794
-0.3606978735
-0.3622168355
-0.2324702915
-0.2360859009
-0.2373196063
-0.2296119623
-0.2322455876
-0.2313384372
-0.3617996205
-0.3607164229
-0.3622370256
-0.3613672658
-0.3587806488
-0.3575272946
-0.3634557191
-0.3643085981
-0.3659228322
-0.3877642523
-0.3894061931
-0.3913695619
-0.3607978054
-0.3602537493
-0.3588446763
-0.384725701
-0.3848648058
-0.3836024093
-0.3959883911
-0.3977515352
-0.3997409337
-0.3920227123
-0.3921953029
-0.3909838067
-0.3634389082
-0.364292534
-0.3659073961
-0.3877214006
-0.3893638517
-0.3913261294
-0.36079267
-0.36024855
-0.3588396303
-0.3847134123
-0.38485238
-0.3835897914
-0.3489492508
-0.3482708458
-0.3470030357
-0.3533965243
-0.3532773553
-0.3520371523
-0.361362511
-0.3587754018
-0.3575210138
-0.4503390589
-0.455437812
-0.4544355202
-0.4503399898
-0.4554390803
-0.4544382079
-0.5603545818
-0.5667263778
-0.5672973218
-0.5278996908
-0.5312383736
-0.53489164
-0.5234125711
-0.5247546952
-0.52418889
-0.5623104623
-0.5709139272
-0.5759972493
-0.5397230137
-0.5383913533
-0.5384357545
-0.5105550851
-0.5133839838
-0.5111667311
-0.5149141266
-0.5196411287
-0.5219188571
-0.5603461178
-0.5667179179
-0.5672890021
-0.5278777947
-0.5312163711
-0.5348694138
-0.5234052235
-0.5247473127
-0.5241815977
-0.5622865797
-0.5708897387
-0.5759728474
-0.4321513447
-0.4335731263
-0.432589599
-0.4886037957
-0.4912213819
-0.4915106215
-0.4913233224
-0.4958733288
-0.5000804796
-0.5004558051
-0.5017700791
-0.5017133751
-0.5552949397
-0.5620474584
-0.5677677145
-0.5526881872
-0.5572457638
-0.5585506491
-0.5045584679
-0.507812593
-0.5117979442
-0.432140132
-0.4335621204
-0.4325790856
-0.4885980557
-0.4912158529
-0.491505273
-0.4913074099
-0.4958576859
-0.5000649439
-0.4272322863
-0.4286335205
-0.4279692102
)
;

boundaryField
{
    inlet
    {
        type            zeroGradient;
    }
    outlet
    {
        type            fixedValue;
        value           nonuniform 0();
    }
    topAndBottom
    {
        type            symmetry;
    }
    frontAndBack
    {
        type            empty;
    }
    cylinder
    {
        type            zeroGradient;
    }
    procBoundary2to0
    {
        type            processor;
        value           nonuniform List<scalar> 
75
(
0.08998797122
0.09029085951
0.09103561535
0.09224723447
0.09391941134
0.09608460208
0.09881221602
0.1021918218
0.1063331887
0.1113778661
0.1175128051
0.1249860142
0.1341284653
0.145388812
0.1593797561
0.1769689604
0.199326985
0.2283295454
0.2658750916
0.3097055846
0.3638906675
0.4656363822
0.5768916535
0.5768609397
0.552753379
0.4656123805
0.5527329538
0.5792890286
0.5875924586
0.5867320042
0.5792821383
0.5875695866
0.5867253374
0.4359782517
0.3638774633
0.435953086
0.4950999936
0.4697583351
0.4972828855
0.5538960093
0.5247711983
0.5261077827
0.4697552642
0.4950925486
0.4972808203
0.5538899818
0.5247587816
0.5261035094
0.3390657345
0.3097094525
0.3390679847
0.3736649111
0.3719687898
0.4116478435
0.4452857058
0.4041001778
0.427196874
0.3719694867
0.3736632938
0.4116477792
0.4452803938
0.404096476
0.4271944428
0.612263049
0.6184171604
0.6240175756
0.6078065364
0.6115489499
0.6122551812
0.6122407171
0.6183944223
0.6239943936
0.6077994208
0.611541732
0.6122479758
)
;
    }
    procBoundary2to3
    {
        type            processor;
        value           nonuniform List<scalar> 
103
(
-0.2598778601
-0.2598778601
-0.2598778601
-0.2598778601
-0.2598778601
-0.2598778601
-0.2155281457
-0.1804107241
-0.1519726611
-0.1291824668
-0.1108853452
-0.09604477014
-0.08394711905
-0.07403550634
-0.06587798538
-0.05914628827
-0.05358926917
-0.04901148753
-0.04526270003
-0.04222681915
-0.03981415967
-0.0379567152
-0.03660436263
-0.03572041524
-0.03528292651
-0.3489670371
-0.3509246712
-0.3489976187
-0.3516609959
-0.3394925811
-0.337684689
-0.3395001765
-0.3376859356
-0.3549906471
-0.3549906471
-0.3543350384
-0.3543350384
-0.3506751551
-0.3505512323
-0.3489629449
-0.3509133219
-0.3489871246
-0.351657917
-0.3549876914
-0.3549876914
-0.3543213667
-0.3543213667
-0.3505875928
-0.3505445343
-0.3497843828
-0.3499952992
-0.34897566
-0.3489742979
-0.3485333487
-0.3479600905
-0.3479294213
-0.348507315
-0.3498789603
-0.3500002223
-0.3489726519
-0.3489978334
-0.3485339402
-0.3479720997
-0.3479316444
-0.3485176353
-0.347181373
-0.3471493385
-0.3458594891
-0.3462494541
-0.3279528105
-0.3279528105
-0.3279528105
-0.3279528105
-0.3054087544
-0.3279302833
-0.3279302833
-0.3279302833
-0.3279302833
-0.3053561655
-0.3434683342
-0.3350132036
-0.334061159
-0.3441416384
-0.3472816725
-0.3471688538
-0.3458720778
-0.3462887953
-0.3434731982
-0.334979932
-0.3340471648
-0.3441565952
-0.3314489438
-0.3315145975
-0.3326601361
-0.3314493849
-0.3315151141
-0.3326607315
-0.3288439129
-0.3275824407
-0.3259817296
-0.3288451843
-0.3275837691
-0.3259831465
)
;
    }
}


// ************************************************************************* //
