/*--------------------------------*- C++ -*----------------------------------*\
| =========                 |                                                 |
| \\      /  F ield         | OpenFOAM: The Open Source CFD Toolbox           |
|  \\    /   O peration     | Version:                                        |
|   \\  /    A nd           | Website:  www.openfoam.com                      |
|    \\/     M anipulation  |                                                 |
\*---------------------------------------------------------------------------*/
FoamFile
{
    version     2.0;
    format      ascii;
    class       volScalarField;
    location    "5";
    object      p;
}
// * * * * * * * * * * * * * * * * * * * * * * * * * * * * * * * * * * * * * //

dimensions      [0 2 -2 0 0 0 0];


internalField   nonuniform List<scalar> 
2429
(
-0.02657776455
-0.02931047658
-0.03158887019
-0.03339312331
-0.03471643171
-0.03556561581
-0.035960027
-0.03592949572
-0.03551225227
-0.03475348349
-0.03370273835
-0.03241136021
-0.03093047337
-0.02930807691
-0.0275875313
-0.0258103903
-0.02401445219
-0.02223112383
-0.02048559903
-0.01879776126
-0.01718283426
-0.01565181278
-0.01421196854
-0.01286743015
-0.01161972846
-0.01046828095
-0.00941084734
-0.008443958435
-0.007563285166
-0.006763925387
-0.006040620405
-0.005387930568
-0.004800388812
-0.004272630095
-0.003799485555
-0.003376038567
-0.002997653128
-0.002659990506
-0.002359022635
-0.002091040237
-0.001852650201
-0.001640767311
-0.001452579857
-0.001285656627
-0.001137688705
-0.0010064656
-0.000890134658
-0.000787046676
-0.0006957146411
-0.0006148112426
-0.0005431569561
-0.0004796971834
-0.0004234890798
-0.0003736954898
-0.0003295753667
-0.0002904677666
-0.0002557830412
-0.0002249939205
-0.0001976296546
-0.00017327238
-0.000151552108
-0.000132137314
-0.000114730677
-9.906663573e-05
-8.490764025e-05
-7.2037429e-05
-6.025826925e-05
-4.938659613e-05
-3.926620826e-05
-2.970725046e-05
-2.071386268e-05
-1.165617309e-05
-5.015508923e-06
-0.0270036672
-0.02976454388
-0.03205899663
-0.03386714121
-0.03518261168
-0.03601329551
-0.03638019617
-0.03631458957
-0.03585632986
-0.03505262223
-0.0339548641
-0.03261569428
-0.03108797926
-0.02942152361
-0.02766158989
-0.02585042794
-0.02402517231
-0.02221686818
-0.02045071635
-0.01874651839
-0.01711918779
-0.01557929273
-0.01413364403
-0.01278589489
-0.01153710898
-0.01038627973
-0.009330802775
-0.008366894673
-0.007489945609
-0.006694802812
-0.005975996317
-0.00532792324
-0.004744999157
-0.004221774918
-0.003753016992
-0.003333756637
-0.002959318542
-0.002625340571
-0.00232778682
-0.002062950318
-0.001827446438
-0.001618202538
-0.001432425452
-0.00126770258
-0.001121644131
-0.0009921391877
-0.0008773715451
-0.0007756887911
-0.0006856116791
-0.0006058322464
-0.0005351885872
-0.0004726335971
-0.0004172307701
-0.0003681535021
-0.000324672875
-0.0002861351259
-0.0002519595455
-0.0002216259427
-0.000194667443
-0.0001706721706
-0.00014927579
-0.0001301506389
-0.0001130036878
-9.757344532e-05
-8.362596825e-05
-7.094921079e-05
-5.934763613e-05
-4.864089116e-05
-3.867472582e-05
-2.926089148e-05
-2.04053534e-05
-1.148068352e-05
-4.951155332e-06
-0.02786660685
-0.03068336037
-0.03300961745
-0.03482526837
-0.03612470193
-0.03691793679
-0.03722879884
-0.03709154551
-0.03654974315
-0.03565465554
-0.03446150976
-0.03302626186
-0.03140545013
-0.02965163474
-0.02781238247
-0.0259311881
-0.02404536474
-0.02218586634
-0.02037774769
-0.01864040314
-0.01698802025
-0.01543025251
-0.01397293391
-0.01261875399
-0.01136786792
-0.01021843447
-0.009167090837
-0.008209372649
-0.007340075876
-0.006553551679
-0.005843933304
-0.005205307818
-0.004631848352
-0.004117914447
-0.00365812525
-0.003247407
-0.002881016687
-0.002554556318
-0.002263976812
-0.002005570168
-0.001775962928
-0.001572106283
-0.001391236046
-0.001230943591
-0.001088835346
-0.000962888673
-0.0008513430068
-0.0007525477198
-0.0006650474938
-0.0005875747554
-0.0005190020487
-0.0004582967577
-0.0004045395503
-0.000356929145
-0.0003147571233
-0.0002773798328
-0.0002442341039
-0.000214815554
-0.0001886725048
-0.0001654118552
-0.0001446757912
-0.0001261408758
-0.0001095226711
-9.45672583e-05
-8.104559062e-05
-6.875344357e-05
-5.750719559e-05
-4.713200381e-05
-3.747534999e-05
-2.835349663e-05
-1.977268633e-05
-1.112578914e-05
-4.79895988e-06
-0.02918930351
-0.03209213005
-0.03446712117
-0.03629381743
-0.03756770726
-0.03830154959
-0.03852417682
-0.03827463842
-0.03760253182
-0.03656505652
-0.03522364537
-0.03364125127
-0.03187852771
-0.02999122721
-0.02803095566
-0.02604298281
-0.02406520361
-0.02212865829
-0.02025796425
-0.0184715898
-0.01678246512
-0.01519881403
-0.0137249765
-0.01236215734
-0.01110909458
-0.009962642118
-0.008918270889
-0.007970498759
-0.007113253292
-0.00634016163
-0.00564476541
-0.005020678139
-0.004461703217
-0.003961918142
-0.00351573759
-0.003117948833
-0.002763718079
-0.002448602765
-0.002168535212
-0.001919798334
-0.001699039068
-0.001503262171
-0.001329740756
-0.001176068521
-0.001039891809
-0.0009192919349
-0.0008125726626
-0.0007180838753
-0.0006344294228
-0.0005604018928
-0.0004949153478
-0.0004369472862
-0.0003856246096
-0.0003402029595
-0.0002999905095
-0.0002643424789
-0.000232723714
-0.0002046413926
-0.0001797057488
-0.0001575453398
-0.0001377980017
-0.0001201458075
-0.0001043190253
-9.007759463e-05
-7.719897514e-05
-6.548159351e-05
-5.477100278e-05
-4.489407153e-05
-3.569895505e-05
-2.701086313e-05
-1.883724183e-05
-1.060113758e-05
-4.571866952e-06
-0.03101020658
-0.03403185246
-0.03647297849
-0.0383129842
-0.03955002747
-0.04019774139
-0.04029394246
-0.03988519225
-0.03902918826
-0.03779140361
-0.03624505532
-0.03445989384
-0.03250061042
-0.03043068157
-0.02830611103
-0.02617374976
-0.0240723418
-0.02203307195
-0.02007975155
-0.01822934766
-0.01649291987
-0.01487663987
-0.01338272874
-0.01201030494
-0.01075613826
-0.009615293766
-0.008581664121
-0.007648405158
-0.006808292246
-0.006053997582
-0.005378284554
-0.004774150666
-0.004234927418
-0.00375433599
-0.003326543768
-0.002946168836
-0.002608257213
-0.002308333809
-0.002042317225
-0.001806463373
-0.001597457196
-0.001412410077
-0.00124863063
-0.001103718392
-0.0009754050075
-0.0008618735022
-0.0007614767739
-0.0006726453137
-0.0005940834649
-0.000524605033
-0.0004631341935
-0.0004086885189
-0.0003605630271
-0.0003180558877
-0.0002804618232
-0.0002471020055
-0.0002175143198
-0.0001911980707
-0.0001678914101
-0.0001472075625
-0.0001287714605
-0.000112285483
-9.749998412e-05
-8.419499469e-05
-7.216670895e-05
-6.122774658e-05
-5.12216059e-05
-4.19885372e-05
-3.339045835e-05
-2.526565176e-05
-1.762128411e-05
-9.91843207e-06
-4.2754953e-06
-0.03338235088
-0.036559273
-0.03908468289
-0.04093788219
-0.04212125355
-0.04265127388
-0.04257564032
-0.04195225676
-0.04084854647
-0.03934580253
-0.03753110147
-0.03547756422
-0.03326214167
-0.0309570375
-0.02862197838
-0.02630584732
-0.02404861396
-0.02188132582
-0.0198263427
-0.01789837629
-0.01610583137
-0.01445204339
-0.0129363666
-0.01155515129
-0.01030259742
-0.009171465697
-0.008153640741
-0.007240562939
-0.006423575366
-0.005694179916
-0.005044194188
-0.004465888312
-0.003952040548
-0.003495939811
-0.00309149476
-0.002733138927
-0.002415756225
-0.002134888366
-0.001886431216
-0.001666616596
-0.001472240579
-0.001300530179
-0.001148696906
-0.0010144858
-0.0008959131788
-0.00079117345
-0.0006982947333
-0.0006163229615
-0.0005441662098
-0.0004804448888
-0.000423957733
-0.0003738183696
-0.0003296927738
-0.0002908306412
-0.0002564367545
-0.0002259800523
-0.0001989432684
-0.0001749305401
-0.0001536417226
-0.0001347265692
-0.0001178604471
-0.0001027801933
-8.924907947e-05
-7.707242248e-05
-6.606527529e-05
-5.605795629e-05
-4.689875153e-05
-3.844460438e-05
-3.057237093e-05
-2.313409124e-05
-1.61352796e-05
-9.083296229e-06
-3.912994821e-06
-0.03637799859
-0.03975170442
-0.04238079961
-0.04424407363
-0.04534647738
-0.04572066474
-0.04541864536
-0.04451403482
-0.04308991561
-0.04124926891
-0.03908539158
-0.03668821884
-0.03415060352
-0.03155212496
-0.02895646188
-0.02641537173
-0.02396992915
-0.02165022402
-0.01947618256
-0.01745926406
-0.01560421225
-0.01391055134
-0.01237387815
-0.01098699613
-0.009740872019
-0.00862541612
-0.007630064659
-0.006744186378
-0.005957435481
-0.005259949843
-0.004642432601
-0.004096367341
-0.003613930858
-0.00318788813
-0.002811932845
-0.002480270791
-0.002187634676
-0.001929707557
-0.001702121123
-0.001501287171
-0.001324352211
-0.001168407026
-0.001030290329
-0.0009086465728
-0.0008018080991
-0.0007074916921
-0.000623565849
-0.0005499629056
-0.0004854638897
-0.0004285689846
-0.0003782333771
-0.0003335748785
-0.0002942172593
-0.0002595176761
-0.0002288089518
-0.0002015967454
-0.0001774673788
-0.0001560651166
-0.0001370709553
-0.0001201878286
-0.00010514846
-9.171548297e-05
-7.962702607e-05
-6.876086055e-05
-5.894372399e-05
-5.001941299e-05
-4.185011624e-05
-3.430854514e-05
-2.728545818e-05
-2.064885398e-05
-1.440313536e-05
-8.110160938e-06
-3.490430201e-06
-0.04009289401
-0.04371127054
-0.04646481844
-0.04833256935
-0.04932541424
-0.04948694021
-0.0488865429
-0.04761645269
-0.04578498339
-0.04351412394
-0.04090745469
-0.03808213046
-0.03514738795
-0.03219036474
-0.02928002213
-0.02647132353
-0.02380555711
-0.0213105483
-0.01900246025
-0.01688817359
-0.01496746766
-0.01323484869
-0.01168110204
-0.01029459253
-0.009062315543
-0.007970769256
-0.007006498878
-0.006156425354
-0.005408321734
-0.004750808005
-0.004173277676
-0.003666455994
-0.00322184571
-0.002831672781
-0.002489595247
-0.002189108202
-0.001925220112
-0.00169393344
-0.0014899208
-0.001310894294
-0.00115435882
-0.00101673638
-0.0008943235895
-0.000787558733
-0.0006944638395
-0.0006125264336
-0.0005399418258
-0.0004761318925
-0.0004200899858
-0.0003706827014
-0.0003270201267
-0.0002883926205
-0.0002542979359
-0.0002242125703
-0.0001976184736
-0.0001740805968
-0.0001532317332
-0.0001347497261
-0.0001183465113
-0.0001037696981
-9.08029705e-05
-7.930080705e-05
-6.878291955e-05
-5.939247235e-05
-5.092026339e-05
-4.321832561e-05
-3.616569729e-05
-2.965286645e-05
-2.358604023e-05
-1.78517354e-05
-1.245361763e-05
-7.015177032e-06
-3.014495543e-06
-0.04465204401
-0.04857082263
-0.05147057909
-0.05333174846
-0.05417289414
-0.05404865877
-0.05305887713
-0.05132561159
-0.04898006238
-0.04615285234
-0.04299156004
-0.03964160803
-0.03622442093
-0.03283635252
-0.02955348631
-0.02643354078
-0.02351638266
-0.02082574533
-0.01837221148
-0.01615629134
-0.01417112587
-0.01240472926
-0.01084184658
-0.009465378433
-0.00825750805
-0.007200803912
-0.006278503335
-0.005474652941
-0.004775072198
-0.004166658011
-0.00363740026
-0.003177523534
-0.002777224003
-0.002428648348
-0.002125934221
-0.001860319591
-0.001629138326
-0.001428267641
-0.001251183773
-0.001097630323
-0.0009645909385
-0.0008482671084
-0.0007457752207
-0.0006560956549
-0.0005777276994
-0.0005089338479
-0.0004483284238
-0.0003950072982
-0.0003481581948
-0.0003069423018
-0.0002706129148
-0.0002385679606
-0.0002102967095
-0.0001853571157
-0.0001633359478
-0.0001438650965
-0.0001266287294
-0.0001113535256
-9.779787202e-05
-8.574469205e-05
-7.49888179e-05
-6.52964463e-05
-5.6811763e-05
-4.91014968e-05
-4.211587305e-05
-3.575782353e-05
-2.993092455e-05
-2.454667142e-05
-1.952877313e-05
-1.478416419e-05
-1.031568284e-05
-5.814393591e-06
-2.492569052e-06
-0.05021820499
-0.05450228592
-0.05756994758
-0.05940405326
-0.06003192869
-0.05953694294
-0.0580588132
-0.05572999535
-0.05270751833
-0.04917768984
-0.04533408293
-0.04134426428
-0.03734452773
-0.03344430195
-0.02972725865
-0.02625202595
-0.02305455857
-0.02015193991
-0.01754662506
-0.01523033831
-0.0131874717
-0.01139777773
-0.009838592221
-0.008486181213
-0.007316925853
-0.006309064604
-0.005442015871
-0.00469667021
-0.004057174476
-0.003507660571
-0.00303525725
-0.002630326856
-0.002280086626
-0.001978872233
-0.001720367476
-0.00149535091
-0.001302398517
-0.001137223811
-0.00099356221
-0.0008690825093
-0.000761324977
-0.0006675745808
-0.0005856807685
-0.0005140907311
-0.0004516214433
-0.0003970488509
-0.0003492411731
-0.0003073070594
-0.000270541125
-0.0002382834852
-0.0002099293928
-0.0001849719019
-0.0001629851133
-0.0001436077731
-0.0001265147851
-0.0001114160901
-9.806102958e-05
-8.623310939e-05
-7.574151298e-05
-6.641524729e-05
-5.810018709e-05
-5.066339192e-05
-4.404959451e-05
-3.807957827e-05
-3.267630893e-05
-2.775665517e-05
-2.324428207e-05
-1.907087926e-05
-1.517829807e-05
-1.149527198e-05
-8.023741128e-06
-4.527220477e-06
-1.933237178e-06
-0.05700439595
-0.06172899748
-0.06498508377
-0.06676127319
-0.06710128367
-0.06612970068
-0.06400278981
-0.06089482105
-0.05701239572
-0.05260922368
-0.04792423121
-0.04315312299
-0.03845431828
-0.03395234313
-0.0297365235
-0.02586313013
-0.02236066321
-0.01923593786
-0.01647972517
-0.01407178555
-0.01198517013
-0.01018925646
-0.008652513638
-0.007343165803
-0.006230897713
-0.005289592677
-0.004493142436
-0.003819928727
-0.003253328301
-0.00277216086
-0.002365943575
-0.002024425274
-0.00173207117
-0.001486686961
-0.001280974863
-0.001105242355
-0.0009555998573
-0.0008283404973
-0.000719214501
-0.0006253300995
-0.0005446009544
-0.0004750507478
-0.0004149599604
-0.0003628342901
-0.000317641956
-0.0002784236554
-0.0002442900341
-0.0002145095304
-0.0001885051886
-0.000165775686
-0.00014587087
-0.0001284068267
-0.0001130631398
-9.956918615e-05
-8.768799822e-05
-7.721091546e-05
-6.795727398e-05
-5.977107161e-05
-5.251577915e-05
-4.607054915e-05
-4.032898361e-05
-3.520040548e-05
-3.061193871e-05
-2.648680297e-05
-2.274899138e-05
-1.934174639e-05
-1.621159605e-05
-1.331187953e-05
-1.060308851e-05
-8.036640914e-06
-5.613583519e-06
-3.173658882e-06
-1.345082767e-06
-0.06528799766
-0.07054022625
-0.07400155375
-0.07566526625
-0.07561011468
-0.07402093732
-0.07105486308
-0.06693080653
-0.06195406286
-0.05645875143
-0.05073380042
-0.04501254987
-0.03948164906
-0.03428032891
-0.02949975377
-0.02518894562
-0.02136383077
-0.01801594499
-0.01511950757
-0.01263830925
-0.01053095532
-0.008753921426
-0.007265166204
-0.006022367524
-0.004988905859
-0.004134926183
-0.003425006682
-0.002839621368
-0.002360218631
-0.001960034457
-0.001633285062
-0.001367991686
-0.001148154626
-0.0009666997652
-0.0008171705971
-0.0006927748431
-0.0005888876735
-0.0005021749769
-0.0004295626321
-0.000368451049
-0.0003169159943
-0.0002733577898
-0.000236395311
-0.0002048788628
-0.000177936034
-0.0001548724429
-0.0001350643107
-0.0001179892763
-0.0001032348583
-9.046057736e-05
-7.937136187e-05
-6.971659106e-05
-6.128933149e-05
-5.391839096e-05
-4.745846208e-05
-4.178447207e-05
-3.678935992e-05
-3.238169326e-05
-2.84825739e-05
-2.502315856e-05
-2.194355419e-05
-1.919255307e-05
-1.67265734e-05
-1.450542145e-05
-1.24883475e-05
-1.064372891e-05
-8.942487602e-06
-7.35970534e-06
-5.874747219e-06
-4.462454054e-06
-3.123009739e-06
-1.774984928e-06
-7.373296262e-07
-0.07543447794
-0.08131116453
-0.08499067561
-0.08648420815
-0.08591804301
-0.08348104615
-0.07939704891
-0.07395834224
-0.06759133904
-0.06072466601
-0.05371323215
-0.0468410095
-0.04032685452
-0.03432156142
-0.02891205439
-0.02413230969
-0.01997793702
-0.01641849662
-0.01340543969
-0.01088194627
-0.008788451118
-0.007065328751
-0.005657428927
-0.004507935514
-0.003580089657
-0.002837543619
-0.002235631235
-0.001760662484
-0.001389792433
-0.001092609657
-0.0008579462623
-0.0006755271058
-0.0005322797383
-0.0004190460794
-0.0003300134741
-0.0002602413097
-0.000205478167
-0.0001625361667
-0.0001288955942
-0.0001024891329
-8.174405638e-05
-6.545654861e-05
-5.261460008e-05
-4.248007227e-05
-3.447232506e-05
-2.815143913e-05
-2.315290787e-05
-1.918309661e-05
-1.601905367e-05
-1.348997163e-05
-1.145843511e-05
-9.81413436e-06
-8.472045194e-06
-7.368017764e-06
-6.452742057e-06
-5.687336751e-06
-5.041087444e-06
-4.489834899e-06
-4.014275031e-06
-3.598700694e-06
-3.230394169e-06
-2.899275003e-06
-2.597336877e-06
-2.31747374e-06
-2.053310439e-06
-1.799069223e-06
-1.551356203e-06
-1.308139949e-06
-1.067806184e-06
-8.290456131e-07
-5.912790482e-07
-3.532643122e-07
-1.19545556e-07
-0.08792953955
-0.09453233501
-0.09842048406
-0.09964401808
-0.09840584783
-0.09487158177
-0.08929583619
-0.08213941388
-0.0739916714
-0.06539379656
-0.05678881242
-0.04852612442
-0.04085758438
-0.03393821368
-0.02784173408
-0.02257485862
-0.01810111479
-0.01435827233
-0.01126900018
-0.008750315068
-0.006719736391
-0.005097566412
-0.003810773527
-0.002790444702
-0.002006781203
-0.001410285021
-0.000953212455
-0.000612121344
-0.000362857913
-0.0001751936352
-3.998395308e-05
5.147763696e-05
0.0001121090408
0.0001514252047
0.000174728629
0.0001859479168
0.0001885968212
0.0001853882956
0.0001782503613
0.0001686004136
0.0001574814254
0.0001456364592
0.0001336779942
0.0001218963571
0.0001105387435
9.977191992e-05
8.969403942e-05
8.035548156e-05
7.177101158e-05
6.392999118e-05
5.680654434e-05
5.036533816e-05
4.45638505e-05
3.935460625e-05
3.468817308e-05
3.051566576e-05
2.67900904e-05
2.346703958e-05
2.050518514e-05
1.786646084e-05
1.551587962e-05
1.342113572e-05
1.155215086e-05
9.88447266e-06
8.392139165e-06
7.053579809e-06
5.845721337e-06
4.747718553e-06
3.742183278e-06
2.806453946e-06
1.941790215e-06
1.069145622e-06
4.985604471e-07
-0.1034102711
-0.1108441724
-0.1149471601
-0.1158389985
-0.1136461921
-0.1086049045
-0.1010509324
-0.09165952377
-0.08121818271
-0.0704239287
-0.059843954
-0.04990879396
-0.04089707413
-0.03295301518
-0.02612216515
-0.0203696044
-0.01561082709
-0.01173641095
-0.008634896098
-0.006189033335
-0.00428722553
-0.002825873669
-0.001719162393
-0.0008932690296
-0.000297859395
0.0001292142421
0.0004235071073
0.0006127330743
0.0007260195576
0.0007917391813
0.0008145663715
0.0008049713376
0.0007760279371
0.0007360897005
0.0006894425441
0.0006390379805
0.0005874063634
0.0005364270036
0.0004872793043
0.0004406747592
0.0003970416451
0.0003566073037
0.0003195291485
0.0002856258042
0.0002547852467
0.0002268682477
0.0002016917212
0.0001790533876
0.0001587489373
0.0001405777363
0.0001243462431
0.0001098708463
9.697898394e-05
8.55094141e-05
7.531264761e-05
6.625139185e-05
5.820058714e-05
5.104700088e-05
4.468854282e-05
3.903339059e-05
3.399909884e-05
2.951112668e-05
2.550052689e-05
2.190907707e-05
1.868485346e-05
1.577555425e-05
1.313220587e-05
1.071234777e-05
8.479336498e-06
6.38665373e-06
4.436194832e-06
2.4697736e-06
1.107221051e-06
-0.1226891559
-0.1310143552
-0.1353112672
-0.1358096389
-0.1324036328
-0.1252954346
-0.1150807741
-0.1027389564
-0.08930688339
-0.07570846567
-0.06267631436
-0.05073437371
-0.04017822511
-0.03111651642
-0.02353498775
-0.01733725655
-0.01237049984
-0.008460185272
-0.00544062357
-0.003156696918
-0.001466401803
-0.0002348741023
0.0006309796574
0.001212420974
0.001581456185
0.001804189298
0.001905023343
0.001916594223
0.001871033587
0.001792305658
0.00168959325
0.001571893323
0.001448444308
0.001325335172
0.001205774559
0.001091679478
0.0009844039897
0.0008847617485
0.0007930442086
0.000709188708
0.0006329469987
0.0005639881744
0.0005018785985
0.0004460204821
0.0003959116578
0.0003510721747
0.0003110257216
0.0002753140514
0.0002435095133
0.0002152171409
0.0001900736007
0.0001677464394
0.0001479328435
0.0001303577179
0.0001147718123
0.0001009501447
8.869047256e-05
7.781163204e-05
6.815169033e-05
5.956595536e-05
5.192518386e-05
4.511352603e-05
3.902745217e-05
3.356926444e-05
2.866263121e-05
2.422794553e-05
2.019255157e-05
1.649144288e-05
1.306878148e-05
9.854955793e-06
6.852496038e-06
3.8264705e-06
1.696808581e-06
-0.1469892054
-0.156167539
-0.1606172428
-0.1604784965
-0.1555377342
-0.145786002
-0.132070998
-0.1157860102
-0.09839164866
-0.08116932191
-0.06507127544
-0.05071503411
-0.03839382148
-0.02814359768
-0.01984663975
-0.01329572733
-0.008238132934
-0.004416604081
-0.001601567902
0.0004024240025
0.001775942647
0.002685440358
0.003232770509
0.003510683197
0.003600139941
0.003564707366
0.003439167035
0.00325435366
0.003036877459
0.002805434702
0.002570604054
0.00233939517
0.002117434231
0.001908485624
0.001714375888
0.001535699563
0.00137242976
0.001224146086
0.001090121293
0.0009694334094
0.0008611054666
0.0007642032124
0.0006776255112
0.0006003721983
0.0005315439095
0.0004703044994
0.0004158762619
0.0003675437022
0.0003246559276
0.000286623743
0.0002529150158
0.0002230504073
0.000196599103
0.0001731743656
0.0001524294115
0.0001340538667
0.0001177705324
0.0001033323542
9.051948148e-05
7.913627547e-05
6.900845254e-05
5.997875951e-05
5.190891068e-05
4.467444201e-05
3.816549621e-05
3.22769406e-05
2.691493708e-05
2.199335733e-05
1.74377273e-05
1.31563703e-05
9.152401281e-06
5.117741677e-06
2.257985162e-06
-0.1777630169
-0.1877638281
-0.1924274493
-0.1914082995
-0.1842217776
-0.170853971
-0.1524116363
-0.1308301352
-0.1082037766
-0.08633866363
-0.0664806986
-0.04932974002
-0.03510125633
-0.02367144654
-0.01475597658
-0.00800504166
-0.003048820588
0.0004786218816
0.002909143044
0.004479455746
0.005406531249
0.005878649217
0.00602365051
0.005940350647
0.005707480126
0.005383893577
0.005008769339
0.004609652888
0.004207028374
0.003815021656
0.00344212152
0.003092868352
0.002769782355
0.002473982405
0.002205268684
0.001962496709
0.001744061137
0.001548177277
0.001372989609
0.001216641454
0.001077392521
0.0009536497916
0.0008436665182
0.0007459916762
0.0006593388086
0.0005825218503
0.0005144616877
0.0004541875994
0.0004008297535
0.0003536095336
0.0003118308732
0.0002748724913
0.0002421803911
0.0002132607314
0.0001876733771
0.00016502643
0.0001449712741
0.0001271981404
0.0001114323379
9.743027094e-05
8.497373779e-05
7.387201624e-05
6.394514092e-05
5.504882997e-05
4.704131165e-05
3.979379863e-05
3.319233237e-05
2.713061133e-05
2.151675568e-05
1.62385034e-05
1.12994373e-05
6.323123361e-06
2.781859677e-06
-0.2160091667
-0.2267262608
-0.2323747448
-0.2315248028
-0.2219654609
-0.2036267716
-0.1783324213
-0.1491565216
-0.1192184409
-0.09112025149
-0.0664874049
-0.04599231252
-0.02968390194
-0.01717943197
-0.007906860254
-0.001245159289
0.00332236524
0.006292943803
0.0080978938
0.009048904265
0.009392228543
0.009323455536
0.008984505808
0.008476938023
0.007875098321
0.007232283078
0.006584253022
0.005953602822
0.005354675488
0.004796149361
0.0042822279
0.003813839566
0.003390043706
0.003008849227
0.002667515778
0.00236283889
0.002091486291
0.001850223874
0.001636003714
0.001445995152
0.001277684191
0.001128778126
0.0009969273257
0.0008802321491
0.0007770129064
0.0006857461421
0.0006050645633
0.0005337524697
0.0004707306889
0.0004150406992
0.0003658315082
0.0003223481493
0.0002839209846
0.0002499558946
0.0002199255554
0.0001933621788
0.0001698506203
0.0001490223514
0.0001305521655
0.0001141523145
9.956775565e-05
8.656140252e-05
7.494240649e-05
6.452684561e-05
5.514805313e-05
4.665855833e-05
3.892470843e-05
3.182135481e-05
2.524093306e-05
1.905234806e-05
1.325949683e-05
7.423485571e-06
3.260112577e-06
-0.2653464961
-0.2747780206
-0.2800166459
-0.2789205232
-0.2679947174
-0.2438993435
-0.2094593723
-0.1700491144
-0.1305348808
-0.09455237441
-0.06417347719
-0.03998365169
-0.02160831895
-0.008294748441
0.0009495235315
0.007089094773
0.01089600676
0.01301200384
0.01394843857
0.0140816582
0.01368561776
0.01296150771
0.01205294187
0.01105840067
0.01004450363
0.009055211128
0.008117410076
0.007245524993
0.006446041367
0.005720588086
0.005067553413
0.004483164612
0.003962463272
0.003500000827
0.003090204546
0.002727611134
0.002407066583
0.002123852655
0.00187371793
0.001652893386
0.001458109539
0.001286237752
0.00113452182
0.001000608569
0.0008824239964
0.0007781259221
0.0006860809857
0.000604846539
0.0005331493094
0.000469864872
0.0004140001336
0.000364677914
0.00032112315
0.0002826505482
0.0002486534698
0.0002185953764
0.0001920018997
0.0001684511519
0.0001475687204
0.000129031869
0.0001125425878
9.785056063e-05
8.472434538e-05
7.295419173e-05
6.235541079e-05
5.276140878e-05
4.402035686e-05
3.599067468e-05
2.855092357e-05
2.155314338e-05
1.500143643e-05
8.401362558e-06
3.685154997e-06
-0.3185311326
-0.3534910394
-0.3517072624
-0.3351237853
-0.3002370018
-0.2510073305
-0.1956273884
-0.141817079
-0.09520369986
-0.0578286712
-0.02979617641
-0.009833703471
0.003640072054
0.01221397207
0.01724669693
0.01979462201
0.02065593795
0.02041928086
0.01950332973
0.01819708215
0.01669790282
0.01513805395
0.01360257929
0.01214342769
0.01078975487
0.009554796039
0.008441046926
0.007444622052
0.006558371885
0.005773596191
0.00508091179
0.004470830034
0.00393419765
0.003462471251
0.003047857797
0.002683378719
0.002362873254
0.002080942517
0.001832954235
0.001614875186
0.00142288524
0.001253785022
0.001104830936
0.0009736016285
0.00085796498
0.0007560476327
0.0006662042275
0.0005869888095
0.0005171298756
0.0004555089307
0.0004011411466
0.0003531586286
0.0003107964178
0.0002733790303
0.000240308872
0.0002110581945
0.0001851621051
0.0001622059651
0.00014182369
0.0001237031387
0.0001075581907
9.313131136e-05
8.019555142e-05
6.854799149e-05
5.80044007e-05
4.839756131e-05
3.95719006e-05
3.139391308e-05
2.370103974e-05
1.649753062e-05
9.241196714e-06
4.050221205e-06
-0.3574791089
-0.3766183186
-0.4215377442
-0.4058151862
-0.3634656515
-0.2993517501
-0.2248113995
-0.1528661927
-0.09289398805
-0.04732597188
-0.01523349841
0.005910098312
0.01884311777
0.02597441679
0.0291979661
0.02990114683
0.02905346081
0.02731318853
0.02511616868
0.02274244689
0.02036685122
0.01809474152
0.01598545297
0.01406767929
0.01234967902
0.0108262542
0.009484118109
0.008306266996
0.007275023318
0.006373536497
0.005586224114
0.004898849738
0.004298582175
0.00377403944
0.003315261588
0.002913616461
0.002561665219
0.002253009256
0.001982262395
0.001744679555
0.001535897093
0.001352324328
0.001190866282
0.00104880841
0.0009237733257
0.000813683092
0.0007167203844
0.0006312937388
0.0005560080278
0.0004896396377
0.0004311141599
0.0003794855719
0.0003339202625
0.0002936876419
0.000258141766
0.0002267037893
0.0001988739659
0.0001742135405
0.0001523266144
0.0001328653116
0.0001155230081
0.0001000274543
8.613497407e-05
7.362639105e-05
6.230336801e-05
5.198627087e-05
4.250787593e-05
3.372460636e-05
2.546187243e-05
1.772402064e-05
9.92968571e-06
4.349522492e-06
-0.3724202432
-0.4051669181
-0.470402818
-0.4474705918
-0.3960143077
-0.3226042804
-0.235174177
-0.1508320749
-0.08120211839
-0.02978025547
0.004670810608
0.02562801242
0.03688328264
0.0416533567
0.04236069036
0.04069444757
0.03776399205
0.03426674363
0.03062543049
0.02708483504
0.02377774113
0.02076885908
0.01808213158
0.01571635493
0.01365407346
0.01186764925
0.01032458635
0.008992205317
0.007840743676
0.006844460986
0.005981387837
0.005232697522
0.004582223888
0.004016144839
0.003522707586
0.003091946576
0.002715404536
0.002385934989
0.002097520784
0.001844733041
0.001622910761
0.001428131855
0.00125700627
0.001106585629
0.0009743007737
0.0008579128915
0.0007554691324
0.0006652641495
0.0005858068664
0.0005157913078
0.0004540732183
0.000399648888
0.0003516295553
0.0003092382442
0.0002717886599
0.0002386795258
0.0002093760357
0.0001834095017
0.0001603639426
0.0001398728892
0.0001216140791
0.000105300719
9.067567727e-05
7.750795916e-05
6.558870951e-05
5.472861668e-05
4.475134941e-05
3.550554378e-05
2.680736731e-05
1.86611959e-05
1.045574074e-05
4.578197782e-06
-0.3753967288
-0.4121968784
-0.4497977013
-0.4533500913
-0.3936564047
-0.3168672022
-0.2228322662
-0.133991636
-0.06087884329
-0.007797149046
0.02633861461
0.04556193762
0.05433171026
0.0563763736
0.05444994621
0.05042252314
0.04547639352
0.0403138805
0.0353265855
0.03071422913
0.02656333366
0.02289715713
0.01970482924
0.01695607252
0.01460829288
0.01261156463
0.01091405792
0.00946734084
0.008229754844
0.007167140739
0.00625180802
0.005461097851
0.004776265988
0.004181730947
0.003664510927
0.003213750974
0.00282031541
0.002476601493
0.002176072624
0.001912880283
0.00168213458
0.001479691381
0.001301963355
0.001145838141
0.001008612589
0.0008879364353
0.0007817630468
0.0006883082606
0.0006060154175
0.000533522547
0.000469635889
0.0004133086089
0.0003636255683
0.0003197742387
0.0002810405026
0.0002467988312
0.000216494523
0.0001896396403
0.0001658061746
0.0001446163008
0.0001257357222
0.0001088673071
9.374537915e-05
8.013118324e-05
6.780854159e-05
5.658136701e-05
4.626703349e-05
3.670879866e-05
2.771650673e-05
1.929449168e-05
1.081132468e-05
4.732782388e-06
-0.3629289245
-0.3993341378
-0.4313533332
-0.4168916575
-0.3649799922
-0.2877909543
-0.1975611273
-0.1118755462
-0.04072578429
0.01010804443
0.04213114876
0.05920852433
0.06585407976
0.06590937405
0.06220446879
0.05664079477
0.05040231677
0.04417380927
0.03831916735
0.03300824625
0.02830101219
0.02419857694
0.02067150288
0.01767263994
0.01514294642
0.01301657116
0.01122736571
0.009715310472
0.008430237577
0.007332152217
0.006389513394
0.005577168949
0.004874777978
0.004265739389
0.003736405979
0.003275462411
0.002873444975
0.002522525206
0.002215823174
0.001947341988
0.001712072223
0.001505743703
0.00132467046
0.001165657531
0.00102593288
0.0009030890015
0.0007950320124
0.0006999371604
0.0006162118175
0.0005424661103
0.000477484889
0.0004202026933
0.000369682724
0.0003250969937
0.0002857169656
0.0002509028624
0.0002200917379
0.0001927876609
0.0001685552019
0.0001470104016
0.000127813606
0.0001106631664
9.528936656e-05
8.144947951e-05
6.892346962e-05
5.751164393e-05
4.702799626e-05
3.731289001e-05
2.817290786e-05
1.961230894e-05
1.098971652e-05
4.810330002e-06
-0.3727465333
-0.3671170342
-0.3726866005
-0.3671189478
-0.3584010681
-0.3392167459
-0.3584303471
-0.3392067941
-0.3700800946
-0.3714634547
-0.3700128172
-0.3714082214
-0.3782768455
-0.3773917976
-0.3596968233
-0.3576464367
-0.3878452188
-0.3448904864
-0.3715856785
-0.3629805236
-0.3877850776
-0.344887115
-0.3715741734
-0.3712658206
-0.3743829738
-0.3753290472
-0.3713427202
-0.378288268
-0.3774495388
-0.371279304
-0.3744026156
-0.3753379298
-0.3713810453
-0.3534099253
-0.3584872105
-0.3559032565
-0.3517377117
-0.3557239683
-0.3519619138
-0.3527307731
-0.3421289128
-0.3392421746
-0.3438087043
-0.3362693107
-0.3437665838
-0.3360403297
-0.3423013125
-0.3597196519
-0.3576535303
-0.3534128899
-0.3584913117
-0.3559083781
-0.3517254858
-0.3557285021
-0.3519634903
-0.3527337454
-0.3421304636
-0.3392427783
-0.3437984215
-0.3362649436
-0.3437682547
-0.3360408401
-0.3423013431
-0.3575938639
-0.3703712322
-0.3576754208
-0.3704692618
-0.3743685531
-0.3739329021
-0.4099160275
-0.3574686149
-0.3744008147
-0.3736958533
-0.4099347758
-0.3735255849
-0.3734614204
-0.3809859289
-0.3744156911
-0.4015704274
-0.3722325044
-0.38105946
-0.3743090661
-0.401628223
-0.4015759646
-0.3701041251
-0.3948368187
-0.3754606223
-0.4015137056
-0.3701190395
-0.394924267
-0.4406702299
-0.4070851249
-0.4543546996
-0.412153002
-0.4406767928
-0.4071713158
-0.454309839
-0.3629714756
-0.3557508516
-0.355752301
-0.3619289676
-0.3692708111
-0.3690738416
-0.3621387593
-0.4240681838
-0.3834822221
-0.4159569784
-0.3992647274
-0.424115984
-0.3834674391
-0.4159485002
-0.3735234159
-0.3726000427
-0.3728818098
-0.3727331019
-0.3728730421
-0.3728142127
-0.3732693919
-0.3710989572
-0.3673715943
-0.37109404
-0.3687064891
-0.3710092095
-0.3695590091
-0.3709652007
-0.3735346357
-0.372601021
-0.3728853833
-0.3727771938
-0.3728826534
-0.3728246088
-0.3732983894
-0.3711075937
-0.3673761196
-0.3710800388
-0.3687458237
-0.3710139524
-0.3695682699
-0.3709880857
-0.3701632588
-0.3698673743
-0.3696550946
-0.3698393782
-0.3697872572
-0.3696280215
-0.3701790938
-0.3713143555
-0.3716196995
-0.3718647646
-0.3707749442
-0.36971387
-0.3696969133
-0.3707397856
-0.3736092056
-0.3734778835
-0.3701691771
-0.3698249392
-0.3699135789
-0.3696645641
-0.3697937073
-0.3696273946
-0.3701995706
-0.371312798
-0.3717535127
-0.3718779712
-0.3707809889
-0.3697775473
-0.3697029575
-0.370781231
-0.3701404136
-0.3776855926
-0.3808287666
-0.3867910757
-0.3771966238
-0.3798030958
-0.370648376
-0.3447634139
-0.348885478
-0.3487445136
-0.3554593363
-0.3521138957
-0.3517589236
-0.3558031298
-0.3639209628
-0.3748889931
-0.3610920684
-0.370160659
-0.3735835373
-0.3604026189
-0.364562109
-0.3629758629
-0.3557439711
-0.35575394
-0.3619330272
-0.3692772431
-0.3690763041
-0.3621513182
-0.3701444213
-0.3867905167
-0.3776606616
-0.3808559824
-0.3771986007
-0.3798089523
-0.3706536751
-0.3447649667
-0.3488724904
-0.3487463516
-0.3554606971
-0.3521160025
-0.3517609061
-0.3557968914
-0.3639224142
-0.370162714
-0.374886676
-0.3610965883
-0.3735841635
-0.3604056521
-0.364563324
-0.3177530673
-0.3448207338
-0.3177016046
-0.3447875861
-0.3248916911
-0.3474791615
-0.3605056246
-0.3185386909
-0.3248555328
-0.3475122318
-0.3605031114
-0.3676504999
-0.3678247838
-0.3886338757
-0.3517453477
-0.3724732275
-0.35562408
-0.3490147216
-0.3704102043
-0.3883998471
-0.3712982841
-0.4107528284
-0.443535904
-0.3766426931
-0.3712614184
-0.4107860572
-0.4435000536
-0.3718269919
-0.3719583052
-0.3717810619
-0.3776720875
-0.3761953245
-0.3752724342
-0.3780122731
-0.4142614467
-0.4166317424
-0.4632067829
-0.4051416887
-0.4142159007
-0.4167021025
-0.4631430516
-0.3753838141
-0.3759456278
-0.3759389392
-0.3822195759
-0.3817293409
-0.3816372929
-0.3822858864
-0.4333868856
-0.4180400355
-0.4162373236
-0.4096155503
-0.414868547
-0.415075005
-0.4328688878
-0.4405521465
-0.462767898
-0.4828020328
-0.4498426666
-0.4405271773
-0.4627677839
-0.4827941009
-0.392672171
-0.3970704283
-0.3902384161
-0.3992961836
-0.4118843277
-0.4063436906
-0.4058779346
-0.4256275894
-0.4256303122
-0.437066987
-0.4313569546
-0.4256226245
-0.4256301992
-0.4370641638
-0.3655624443
-0.3555958488
-0.3674502878
-0.3567233905
-0.3546332064
-0.3662916586
-0.3663012526
-0.3739221505
-0.3737422372
-0.3728911949
-0.3730460811
-0.3699943696
-0.3702724148
-0.369982628
-0.3688961953
-0.3691261518
-0.3686002978
-0.3692561061
-0.3676571007
-0.3576413313
-0.3568821554
-0.3678431909
-0.365569711
-0.3567265525
-0.3555642587
-0.3675298249
-0.3546175674
-0.3662957972
-0.3663395999
-0.3739530145
-0.373757752
-0.3729017762
-0.3730442839
-0.3702702438
-0.3701418078
-0.3700100954
-0.3689282182
-0.3693804019
-0.3686192716
-0.3693838861
-0.3735903485
-0.3730511448
-0.3719214369
-0.3789407263
-0.3707931902
-0.3786602509
-0.3744340925
-0.3739468407
-0.3737319723
-0.3885545534
-0.4104653395
-0.3706440616
-0.3867708518
-0.3758858345
-0.3886502835
-0.3556138671
-0.351763375
-0.3723684778
-0.3490213499
-0.3703545159
-0.3884163046
-0.3734855979
-0.3731168553
-0.3716359301
-0.3790939681
-0.370654159
-0.3787397402
-0.3745578495
-0.3739915197
-0.4104720132
-0.3737982075
-0.388639972
-0.3706679417
-0.3868058088
-0.3759944592
-0.3869910348
-0.3813147653
-0.4023969954
-0.3782045703
-0.3793310678
-0.4033255673
-0.3879130267
-0.3740686819
-0.3724070681
-0.3721542027
-0.3785864831
-0.3808206912
-0.3806699336
-0.3790026716
-0.387007641
-0.3985344747
-0.3897222267
-0.4010423739
-0.3974541199
-0.3894901249
-0.3877332703
-0.3719140389
-0.3718868025
-0.3717838688
-0.3776745508
-0.3760487455
-0.3752872076
-0.3779960727
-0.3870005783
-0.3782098114
-0.3813237831
-0.4024008863
-0.3793507062
-0.4033239555
-0.3879262304
-0.3740641895
-0.372413335
-0.3721560841
-0.3785811981
-0.3807940122
-0.3806689947
-0.3789477695
-0.3870125171
-0.4010496886
-0.3985697251
-0.3897620918
-0.3974547503
-0.3894970536
-0.3877435488
-0.3911206294
-0.3906001536
-0.4027684903
-0.4004647418
-0.3901739481
-0.4024236887
-0.3912776089
-0.3702042298
-0.3743266614
-0.3742237069
-0.3759544225
-0.3760169668
-0.3803342561
-0.3804061479
-0.3842608309
-0.3944557962
-0.3842175314
-0.3887872738
-0.3997511836
-0.3992299468
-0.3890051222
-0.3753925689
-0.3759655277
-0.3759438819
-0.3822236855
-0.3817727919
-0.3816412179
-0.3822917373
-0.3911250374
-0.4004625334
-0.390607192
-0.4027894903
-0.3901777564
-0.4024275979
-0.3912862383
-0.3702089768
-0.3742982807
-0.3742253004
-0.3760162731
-0.3760237856
-0.3803355246
-0.3804100245
-0.3944659211
-0.3843677733
-0.3842294956
-0.3887870084
-0.3997520844
-0.399226977
-0.3890091908
-0.4060466323
-0.4227320155
-0.4118736464
-0.4210992592
-0.4106098789
-0.4182722955
-0.4248888051
-0.4309478101
-0.4437763602
-0.4365639458
-0.4521886957
-0.4407261038
-0.4302534437
-0.4351480512
-0.4333888015
-0.4096180304
-0.4180052474
-0.4162800015
-0.4148658579
-0.4150834586
-0.4328703079
-0.406057997
-0.4227303711
-0.4118801321
-0.4210937263
-0.4106094269
-0.4182697084
-0.424886562
-0.4309509202
-0.4521858621
-0.443781356
-0.4365215192
-0.4407335461
-0.4302510219
-0.4351466324
-0.4074048703
-0.4229541594
-0.430536133
-0.417971285
-0.4114127401
-0.4276376819
-0.4202609798
-0.3866398434
-0.3802272129
-0.3836627834
-0.3917788928
-0.3970295973
-0.3882931491
-0.399917409
-0.3976821557
-0.4185788946
-0.4108236819
-0.4104778124
-0.4136752777
-0.3938997427
-0.4137425905
-0.3970694035
-0.3926706571
-0.3902397567
-0.3992937506
-0.4118406283
-0.4063360863
-0.4058523194
-0.4074015441
-0.417976657
-0.4229884724
-0.430527624
-0.411413774
-0.4276345707
-0.42025714
-0.3802260739
-0.3866475194
-0.3836610305
-0.3917812043
-0.3970329954
-0.3882928261
-0.3999460596
-0.397682976
-0.4104775287
-0.41861866
-0.410826492
-0.4136797745
-0.3938996818
-0.4137533849
-0.3525469509
-0.3519240235
-0.3297316164
-0.331120098
-0.3525841959
-0.3519165555
-0.3297137139
-0.3311277211
-0.4097586401
-0.4363716449
-0.4147002725
-0.4079590779
-0.4358626886
-0.4160233343
-0.4187117049
-0.4147059489
-0.4098234992
-0.4364286815
-0.4079534862
-0.4358502891
-0.4160038177
-0.4187316884
-0.3458810421
-0.3444765563
-0.3427843218
-0.3485727259
-0.3485671022
-0.3497567948
-0.332656743
-0.3304059236
-0.3281162202
-0.3309531217
-0.3300644685
-0.33031405
-0.3278995943
-0.3256244244
-0.3232387082
-0.3357438997
-0.3348789692
-0.3352819715
-0.3458829611
-0.344478382
-0.342786138
-0.3485744446
-0.3485684681
-0.3497578974
-0.3326573245
-0.3304063945
-0.3281166707
-0.3309489127
-0.3300601076
-0.3303094511
-0.3278995679
-0.3256243209
-0.3232386456
-0.3357419085
-0.3348765458
-0.3352792897
)
;

boundaryField
{
    inlet
    {
        type            zeroGradient;
    }
    outlet
    {
        type            fixedValue;
        value           uniform 0;
    }
    topAndBottom
    {
        type            symmetry;
    }
    frontAndBack
    {
        type            empty;
    }
    cylinder
    {
        type            zeroGradient;
    }
    procBoundary1to0
    {
        type            processor;
        value           nonuniform List<scalar> 
116
(
-0.02342202518
-0.02380816766
-0.02459220063
-0.02579334752
-0.02744551701
-0.02959527703
-0.03230604375
-0.03566202127
-0.03977322778
-0.04478360438
-0.05088292812
-0.05831986334
-0.06742895201
-0.07866227822
-0.09262660196
-0.1101484721
-0.1325310298
-0.1613322452
-0.1985583259
-0.3082104045
-0.2455435124
-0.2643336592
-0.2453958711
-0.2642163469
-0.3081590871
-0.3082104045
-0.3082104045
-0.3082104045
-0.3821671856
-0.3821022188
-0.3763075783
-0.3855456061
-0.3758888564
-0.3758888564
-0.3846145379
-0.3763075783
-0.3631394944
-0.3593850696
-0.3754566979
-0.3773156767
-0.3758154643
-0.3733087873
-0.376323567
-0.3855594371
-0.3760514879
-0.3760514879
-0.3846874118
-0.376323567
-0.3754776833
-0.3773818525
-0.3758386301
-0.3733184765
-0.3631601216
-0.3593917717
-0.381756022
-0.359349798
-0.3816292512
-0.382135299
-0.3738156102
-0.3738156102
-0.3738783692
-0.3738783692
-0.3762173267
-0.3763926815
-0.375009819
-0.3750574177
-0.3821278859
-0.3738199169
-0.3738199169
-0.3739181262
-0.3739181262
-0.3762111429
-0.3763873526
-0.3750097607
-0.3750409075
-0.3474806517
-0.3081590871
-0.3081590871
-0.3081590871
-0.3475461128
-0.3568821794
-0.3700763033
-0.3576228542
-0.3576228542
-0.3576228542
-0.3702466769
-0.3568821794
-0.3568821794
-0.3568821794
-0.3817158826
-0.3780964787
-0.378087883
-0.3700808641
-0.3586872878
-0.3702772164
-0.3816937872
-0.3780869372
-0.3780503299
-0.3298792291
-0.3456762576
-0.3283496329
-0.3456854963
-0.3299208709
-0.3283434376
-0.3631394944
-0.3642106033
-0.3656443527
-0.3631601216
-0.3642303106
-0.3656637969
-0.3593850696
-0.3589963589
-0.3574013223
-0.3593917717
-0.3590029661
-0.3574077157
)
;
    }
    procBoundary1to3
    {
        type            processor;
        value           nonuniform List<scalar> 
125
(
-0.4168923769
-0.3649900892
-0.2878078534
-0.197579217
-0.1118875906
-0.0407339658
0.01010712982
0.04213393018
0.05921229779
0.06585698786
0.06591040666
0.06220296877
0.05663670393
0.05039628
0.04416676651
0.03831184794
0.0330013998
0.02829491192
0.0241934162
0.02066730017
0.01766928663
0.01514031445
0.0130145745
0.01122588255
0.009714198736
0.008429385387
0.007331477446
0.006388960954
0.005576706986
0.004874390766
0.004265417689
0.00373614275
0.003275251802
0.002873371192
0.002522541121
0.002215840952
0.001947349296
0.001712079355
0.001505754648
0.001324685394
0.001165674961
0.001025951055
0.0009031068245
0.0007950490314
0.0006999534112
0.0006162276092
0.000542481564
0.0004774993171
0.0004202159197
0.0003696953265
0.0003251084321
0.0002857266329
0.000250910709
0.0002200979328
0.0001927925707
0.0001685592192
0.0001470139455
0.0001278170161
0.000110666637
9.529298634e-05
8.145325176e-05
6.892732611e-05
5.751546762e-05
4.703163196e-05
3.731615355e-05
2.817560489e-05
1.961426942e-05
1.099082897e-05
4.81064526e-06
-0.3448877638
-0.3834812829
-0.4256261348
-0.3392147901
-0.3392061296
-0.371583756
-0.3448869985
-0.371576592
-0.3392396187
-0.3362677337
-0.3360383044
-0.3392407218
-0.3362640874
-0.3360391036
-0.4159551856
-0.3834691383
-0.4159468883
-0.3447597058
-0.3521105474
-0.3517539589
-0.361089905
-0.3701571965
-0.360399073
-0.344762143
-0.3521172499
-0.3517575646
-0.3701609034
-0.3611002267
-0.3604042952
-0.4370596881
-0.4256259732
-0.4370567709
-0.3802251809
-0.3970285298
-0.388291186
-0.410822655
-0.4104755999
-0.3938979945
-0.3802250907
-0.3970332767
-0.3882913996
-0.4104753976
-0.4108260524
-0.3938981733
-0.3309510089
-0.3300622755
-0.3303118009
-0.327897099
-0.325621872
-0.3232361249
-0.3309479238
-0.3300591422
-0.3303085135
-0.3278975257
-0.3256222747
-0.3232366041
)
;
    }
}


// ************************************************************************* //
