/*--------------------------------*- C++ -*----------------------------------*\
| =========                 |                                                 |
| \\      /  F ield         | OpenFOAM: The Open Source CFD Toolbox           |
|  \\    /   O peration     | Version:                                        |
|   \\  /    A nd           | Website:  www.openfoam.com                      |
|    \\/     M anipulation  |                                                 |
\*---------------------------------------------------------------------------*/
FoamFile
{
    version     2.0;
    format      ascii;
    class       volScalarField;
    location    "1.9";
    object      p;
}
// * * * * * * * * * * * * * * * * * * * * * * * * * * * * * * * * * * * * * //

dimensions      [0 2 -2 0 0 0 0];


internalField   nonuniform List<scalar> 
2429
(
-0.0009176694419
-0.00292364215
-0.004604715665
-0.005965970095
-0.007021073562
-0.007791581073
-0.00830481705
-0.00859171125
-0.008684860469
-0.00861690115
-0.008419169362
-0.008120739284
-0.007747649334
-0.007322339955
-0.006863794408
-0.006388224206
-0.005908833399
-0.005435908279
-0.004977174301
-0.004538187115
-0.004122731498
-0.003733181497
-0.003370784655
-0.003035893355
-0.002728184957
-0.002446849851
-0.002190726445
-0.001958410078
-0.001748360379
-0.001558986701
-0.001388689627
-0.001235880249
-0.001099011176
-0.0009766158034
-0.000867328028
-0.0007698766189
-0.0006830759985
-0.0006058301487
-0.000537142172
-0.0004761136367
-0.0004219314514
-0.0003738559602
-0.000331210838
-0.0002934215118
-0.0002599363052
-0.0002302514826
-0.00020394534
-0.0001806381445
-0.0001599870038
-0.0001416873352
-0.0001254700959
-0.0001110957061
-9.835039927e-05
-8.704437504e-05
-7.700915565e-05
-6.809470892e-05
-6.016820946e-05
-5.311126685e-05
-4.681875322e-05
-4.119726208e-05
-3.616377248e-05
-3.164395987e-05
-2.75712981e-05
-2.388613722e-05
-2.053486879e-05
-1.746859108e-05
-1.464342208e-05
-1.201909956e-05
-9.562077702e-06
-7.231023516e-06
-5.031953611e-06
-2.811658235e-06
-1.223314359e-06
-0.001232474058
-0.003243426461
-0.004920618534
-0.006269658045
-0.007305429703
-0.008051190179
-0.008536024364
-0.008792553646
-0.008854891226
-0.008756940873
-0.008530993157
-0.008206678561
-0.007810399533
-0.007365151028
-0.006889938288
-0.006400770634
-0.005910550619
-0.005429197799
-0.004964094387
-0.0045205008
-0.004101923234
-0.003710459089
-0.00334710085
-0.003011988744
-0.002704624094
-0.00242404399
-0.002168959836
-0.001937873306
-0.001729173447
-0.001541206016
-0.001372315577
-0.001220877067
-0.001085328079
-0.0009641939825
-0.0008560963248
-0.000759750503
-0.0006739657886
-0.000597651088
-0.000529817224
-0.0004695692486
-0.0004160942931
-0.0003686547923
-0.0003265820455
-0.0002893101193
-0.0002562752892
-0.0002269940023
-0.0002010517404
-0.0001780691201
-0.0001577065591
-0.0001396646629
-0.0001236786121
-0.0001095102523
-9.694768704e-05
-8.580378379e-05
-7.591279937e-05
-6.712657385e-05
-5.931456106e-05
-5.23593873e-05
-4.615777721e-05
-4.061759972e-05
-3.565680253e-05
-3.120199681e-05
-2.718767216e-05
-2.35549169e-05
-2.025073497e-05
-1.722692787e-05
-1.444067467e-05
-1.185255857e-05
-9.429589228e-06
-7.130991108e-06
-4.963177976e-06
-2.773255742e-06
-1.209076831e-06
-0.001872603039
-0.003891217487
-0.005559430026
-0.006882787751
-0.007878611089
-0.008573501514
-0.009000174496
-0.009194739967
-0.009194416421
-0.00903565181
-0.008752665159
-0.008376299904
-0.007934036672
-0.007449227224
-0.006940714978
-0.006424235826
-0.005912225329
-0.005413965577
-0.004936171661
-0.004483459285
-0.004058729164
-0.003663530381
-0.003298361055
-0.002962919963
-0.002656335131
-0.002377348531
-0.002124438256
-0.001895909037
-0.001689983104
-0.001504879454
-0.001338857631
-0.001190234738
-0.001057401949
-0.0009388462164
-0.0008331646789
-0.0007390647032
-0.0006553570828
-0.0005809540258
-0.0005148681585
-0.0004562070583
-0.0004041660039
-0.0003580209146
-0.000317116883
-0.0002808931054
-0.0002487895122
-0.0002203427849
-0.0001951489754
-0.0001728332972
-0.0001530641851
-0.0001355513997
-0.0001200383515
-0.0001062895208
-9.409988729e-05
-8.32883932e-05
-7.369284816e-05
-6.516788629e-05
-5.758766089e-05
-5.083689024e-05
-4.481854624e-05
-3.944412456e-05
-3.463195936e-05
-3.030959635e-05
-2.641360561e-05
-2.288675246e-05
-1.967718197e-05
-1.673828447e-05
-1.403068559e-05
-1.151626246e-05
-9.162409349e-06
-6.929382813e-06
-4.823367512e-06
-2.696109973e-06
-1.174896421e-06
-0.002842757336
-0.004883333307
-0.00653831945
-0.007820441397
-0.008752578588
-0.009367025582
-0.00970237872
-0.009800311368
-0.009702899035
-0.009450341928
-0.009079820495
-0.008624566102
-0.008113117543
-0.007568693183
-0.007010349936
-0.00645337082
-0.005909253987
-0.005386252831
-0.004890066095
-0.004424321215
-0.003990979165
-0.003590725609
-0.003223298514
-0.002887754982
-0.002582691254
-0.002306405076
-0.002057004231
-0.001832495762
-0.001630874776
-0.001450191378
-0.001288576992
-0.001144251106
-0.001015535539
-0.0009008737606
-0.0007988402749
-0.0007081321101
-0.000627554853
-0.0005560227813
-0.000492554399
-0.0004362657784
-0.0003863689201
-0.0003421631277
-0.0003030080586
-0.0002683490143
-0.0002376372312
-0.0002104398075
-0.0001863611367
-0.0001650397232
-0.0001461592914
-0.0001294382495
-0.0001146291503
-0.0001014961692
-8.985588116e-05
-7.954051579e-05
-7.03879141e-05
-6.225410724e-05
-5.501813914e-05
-4.856622136e-05
-4.281910047e-05
-3.769187656e-05
-3.310085761e-05
-2.897536178e-05
-2.525572861e-05
-2.188765016e-05
-1.882076398e-05
-1.600961313e-05
-1.342141796e-05
-1.101830765e-05
-8.767884582e-06
-6.6323134e-06
-4.617607634e-06
-2.582661807e-06
-1.123935762e-06
-0.004197618309
-0.006255825441
-0.007886653522
-0.009106706042
-0.009945800333
-0.0104444807
-0.01064988676
-0.01061166724
-0.01037854811
-0.009995682544
-0.009505475556
-0.008943494404
-0.008338398686
-0.007714277209
-0.007090157676
-0.006480204104
-0.005894496009
-0.005339859988
-0.004820542462
-0.004338741479
-0.003895109466
-0.003489184454
-0.003119706389
-0.002784868228
-0.002482534646
-0.002210405977
-0.001966119096
-0.001747316583
-0.001551711742
-0.00137713631
-0.001221554941
-0.001083068303
-0.0009599207989
-0.0008505071614
-0.0007533761882
-0.0006672102855
-0.0005908064381
-0.0005230932116
-0.0004631030256
-0.0004099628223
-0.0003629071798
-0.0003212716074
-0.0002844232121
-0.0002518242889
-0.000222955963
-0.0001974164909
-0.0001747907557
-0.0001547651887
-0.0001370591305
-0.0001213882271
-0.0001075043564
-9.516269376e-05
-8.424178926e-05
-7.458460744e-05
-6.601800973e-05
-5.840114842e-05
-5.161945285e-05
-4.556374309e-05
-4.01830718e-05
-3.538729565e-05
-3.108987024e-05
-2.722480603e-05
-2.373767214e-05
-2.057846064e-05
-1.770092824e-05
-1.506332184e-05
-1.263190369e-05
-1.037240185e-05
-8.255658358e-06
-6.246449654e-06
-4.350147175e-06
-2.434845227e-06
-1.057139943e-06
-0.005973890534
-0.008051480632
-0.009643637684
-0.01077418935
-0.01148305178
-0.01182247727
-0.01185157946
-0.01163087906
-0.01121733837
-0.01066420147
-0.01002016234
-0.009320878327
-0.008597085143
-0.007873703462
-0.007168667796
-0.006494288357
-0.005858718932
-0.005266823887
-0.004720874008
-0.004221184967
-0.003766708644
-0.003355490093
-0.002984984553
-0.002652306329
-0.002354437301
-0.002088369875
-0.001851180151
-0.001640069961
-0.00145241399
-0.001285790737
-0.00113797926
-0.001006956958
-0.0008908864649
-0.0007881036082
-0.0006971389968
-0.0006166640845
-0.0005454661366
-0.0004825099919
-0.000426832977
-0.0003775917927
-0.0003340639974
-0.0002956222578
-0.0002615845754
-0.0002314925704
-0.0002049010936
-0.0001814059989
-0.0001605166669
-0.0001420742209
-0.0001258284214
-0.0001114571957
-9.870330326e-05
-8.73383213e-05
-7.732774897e-05
-6.849481365e-05
-6.065428927e-05
-5.367906764e-05
-4.747163715e-05
-4.193777638e-05
-3.700914336e-05
-3.26070315e-05
-2.865908466e-05
-2.510652469e-05
-2.189915544e-05
-1.899124018e-05
-1.634105214e-05
-1.391127869e-05
-1.166915875e-05
-9.584237823e-06
-7.63046968e-06
-5.775387889e-06
-4.023483949e-06
-2.254175975e-06
-9.755317961e-07
-0.00823547928
-0.01033061148
-0.01186278324
-0.01286675876
-0.01339697385
-0.0135220436
-0.01331754744
-0.01285867798
-0.0122136127
-0.01144683592
-0.01060907874
-0.009739751904
-0.008872240514
-0.008030663212
-0.007230596297
-0.006481819489
-0.005789880733
-0.005156945548
-0.004582637233
-0.004064838365
-0.003600361128
-0.003185415856
-0.002815918227
-0.002487716941
-0.002196767196
-0.001939241986
-0.001711574746
-0.001510471255
-0.001332943481
-0.001176304134
-0.001038131089
-0.0009162893466
-0.0008088627822
-0.0007141187646
-0.0006305971438
-0.0005569439486
-0.0004919684345
-0.0004347158059
-0.000384113792
-0.0003394490767
-0.000300108968
-0.0002654473635
-0.0002346162544
-0.0002074595128
-0.0001835757476
-0.0001624688405
-0.0001436318792
-0.0001271129899
-0.000112618119
-9.979807083e-05
-8.842339982e-05
-7.83193484e-05
-6.939019833e-05
-6.148949241e-05
-5.447450031e-05
-4.823375463e-05
-4.267904835e-05
-3.773006358e-05
-3.331429869e-05
-2.936542961e-05
-2.582317835e-05
-2.263466609e-05
-1.975377686e-05
-1.713949995e-05
-1.47550128e-05
-1.256732071e-05
-1.054688643e-05
-8.666571484e-06
-6.903181409e-06
-5.22764623e-06
-3.643751444e-06
-2.044249413e-06
-8.80666907e-07
-0.01106803476
-0.01317368238
-0.0146142971
-0.01544075498
-0.01572817684
-0.01556767945
-0.01505776297
-0.0142929156
-0.0133573287
-0.01232544271
-0.0112504324
-0.01017779107
-0.009141900313
-0.008164136898
-0.00725667368
-0.006425833342
-0.005673485617
-0.004998117254
-0.004395926757
-0.00386177101
-0.003389871926
-0.00297426418
-0.0026090705
-0.00228868873
-0.002007917571
-0.001762038255
-0.001546798203
-0.001358372121
-0.001193422858
-0.001049001595
-0.0009224662816
-0.0008116093419
-0.0007144167798
-0.0006291339183
-0.000554381623
-0.0004885967767
-0.0004307753425
-0.0003801143723
-0.0003351972165
-0.0002957459509
-0.0002612323071
-0.0002308291893
-0.0002036692672
-0.0001799597907
-0.000159280886
-0.0001410297868
-0.0001248071667
-0.0001105189836
-9.79397559e-05
-8.681266766e-05
-7.694931738e-05
-6.820527961e-05
-6.045842005e-05
-5.359393263e-05
-4.750456895e-05
-4.209156543e-05
-3.727304495e-05
-3.297875911e-05
-2.914407733e-05
-2.571150157e-05
-2.262940307e-05
-1.985192509e-05
-1.733904695e-05
-1.505563782e-05
-1.297036403e-05
-1.105498804e-05
-9.284038364e-06
-7.633943692e-06
-6.084594237e-06
-4.610878927e-06
-3.215930775e-06
-1.807563721e-06
-7.736566601e-07
-0.01458666546
-0.01668777839
-0.01799010273
-0.01856815333
-0.01852600809
-0.01798570767
-0.01707948444
-0.01592803794
-0.01463270097
-0.01327295316
-0.01191408888
-0.01060516268
-0.009377333998
-0.008247545854
-0.007223384846
-0.006306203751
-0.005492722628
-0.004776595182
-0.004149753406
-0.003603405515
-0.00312871987
-0.002717220638
-0.002361014042
-0.002052896687
-0.001786411272
-0.001555944015
-0.001356554274
-0.00118385376
-0.001034215812
-0.0009044007361
-0.0007916119795
-0.000693687151
-0.0006082453667
-0.0005337605591
-0.0004690673154
-0.0004119725381
-0.0003621278438
-0.0003187929135
-0.000280310077
-0.0002469143604
-0.0002179468976
-0.0001925242579
-0.0001699909368
-0.0001502407953
-0.0001329461496
-0.0001176996726
-0.0001042117143
-9.23025906e-05
-8.180183357e-05
-7.252901379e-05
-6.432520108e-05
-5.70613173e-05
-5.062728963e-05
-4.492423128e-05
-3.985849306e-05
-3.535627799e-05
-3.134766863e-05
-2.777091771e-05
-2.457272399e-05
-2.170556765e-05
-1.912687975e-05
-1.679911215e-05
-1.46895042e-05
-1.276927963e-05
-1.101272649e-05
-9.396532981e-06
-7.899541929e-06
-6.502110072e-06
-5.187526259e-06
-3.93506718e-06
-2.747215793e-06
-1.548319639e-06
-6.564850823e-07
-0.01894409743
-0.02101355942
-0.02210854471
-0.02233814414
-0.02184673152
-0.02080586475
-0.01939425838
-0.01775468472
-0.01600787968
-0.01425279123
-0.01256291643
-0.01098455158
-0.009542872752
-0.008248680305
-0.007102785046
-0.00609933098
-0.005228162154
-0.004476816632
-0.00383198682
-0.00328053197
-0.002810104014
-0.002409426099
-0.002068447853
-0.001778271299
-0.001531108459
-0.001320530028
-0.001140872539
-0.0009872960954
-0.0008560681592
-0.0007432408178
-0.0006462526289
-0.0005632194467
-0.0004907798949
-0.0004283070748
-0.0003747378667
-0.0003273598128
-0.0002867930924
-0.0002520172909
-0.0002215102822
-0.0001949304228
-0.0001718179389
-0.000151597713
-0.0001338308065
-0.0001182282387
-0.0001045535123
-9.254349562e-05
-8.196587408e-05
-7.264001448e-05
-6.442200075e-05
-5.717406564e-05
-5.076840219e-05
-4.509810168e-05
-4.00742055e-05
-3.561856647e-05
-3.165278729e-05
-2.812786756e-05
-2.49865591e-05
-2.217941481e-05
-1.966476624e-05
-1.740537782e-05
-1.536810838e-05
-1.352404642e-05
-1.184810083e-05
-1.03182168e-05
-8.914627489e-06
-7.619331792e-06
-6.415923796e-06
-5.289143966e-06
-4.22601661e-06
-3.210559244e-06
-2.244592017e-06
-1.270219821e-06
-5.307570804e-07
-0.02434852606
-0.02633902365
-0.0271237715
-0.02686276714
-0.0257621469
-0.02406597682
-0.02199636029
-0.01973784603
-0.0174395018
-0.01521760978
-0.0131467666
-0.01126641381
-0.009593158946
-0.008128177312
-0.006861919778
-0.005778413542
-0.004858589372
-0.004082430007
-0.003430343105
-0.002884171822
-0.002427683675
-0.002046595471
-0.001728689084
-0.001463273471
-0.001241392059
-0.001056049426
-0.0009002247109
-0.0007692728555
-0.0006597512476
-0.000566006848
-0.0004867398532
-0.0004201440976
-0.0003623654893
-0.0003138088254
-0.0002729649184
-0.0002377922184
-0.0002075484057
-0.0001816385883
-0.0001592068827
-0.0001397260949
-0.0001228406917
-0.0001081794179
-9.541259737e-05
-8.424522175e-05
-7.449149578e-05
-6.596263208e-05
-5.847853121e-05
-5.189406921e-05
-4.60966107e-05
-4.098695556e-05
-3.647451956e-05
-3.248147369e-05
-2.894187705e-05
-2.579690079e-05
-2.30051462e-05
-2.051485995e-05
-1.828962594e-05
-1.629469512e-05
-1.450045713e-05
-1.288114103e-05
-1.141389194e-05
-1.007900234e-05
-8.859489529e-06
-7.740388371e-06
-6.708184432e-06
-5.750462744e-06
-4.855822983e-06
-4.013636051e-06
-3.214878748e-06
-2.448587123e-06
-1.715923366e-06
-9.77684046e-07
-3.985217867e-07
-0.03107896415
-0.03291375271
-0.03323602209
-0.03227867609
-0.03034754186
-0.02778553955
-0.02486826805
-0.02183210228
-0.0188669477
-0.01610001347
-0.01359806911
-0.01138836949
-0.009473942052
-0.00784069006
-0.006463951345
-0.005314322382
-0.004361603241
-0.003576672127
-0.002932663312
-0.002405880341
-0.001975962415
-0.001625545722
-0.001340375639
-0.001107240059
-0.0009170600021
-0.0007628481468
-0.0006347077728
-0.0005297989167
-0.00044470803
-0.0003728470792
-0.0003144031005
-0.0002671435962
-0.0002274709342
-0.0001944285503
-0.0001669879665
-0.000143900585
-0.0001243472363
-0.0001078282502
-9.38214077e-05
-8.186933377e-05
-7.165728298e-05
-6.291427287e-05
-5.539685873e-05
-4.889284325e-05
-4.325359757e-05
-3.835715832e-05
-3.40882691e-05
-3.035195224e-05
-2.707455583e-05
-2.419419515e-05
-2.165541587e-05
-1.940992193e-05
-1.741704395e-05
-1.56424521e-05
-1.405885313e-05
-1.26390463e-05
-1.136174533e-05
-1.020709582e-05
-9.15852587e-06
-8.201920094e-06
-7.325010659e-06
-6.517470654e-06
-5.770562727e-06
-5.076600499e-06
-4.428540325e-06
-3.819771016e-06
-3.24412206e-06
-2.6958336e-06
-2.170057938e-06
-1.661086499e-06
-1.169438329e-06
-6.752275103e-07
-2.618051883e-07
-0.03952121724
-0.04107268586
-0.04070313412
-0.03876297915
-0.03570649784
-0.03197725447
-0.02795754194
-0.023956009
-0.02019734154
-0.01680477908
-0.01382710743
-0.01127167223
-0.009119421394
-0.007333204373
-0.005867473793
-0.004675743442
-0.003714382827
-0.002943341322
-0.002327811033
-0.001838435986
-0.00145070458
-0.001144351195
-0.0009032734254
-0.0007102391303
-0.0005584644979
-0.000440445957
-0.0003450724456
-0.0002715867081
-0.0002157397301
-0.0001706414854
-0.0001352890713
-0.0001082315646
-8.698036394e-05
-7.006953677e-05
-5.675262663e-05
-4.631228561e-05
-3.807091359e-05
-3.156412157e-05
-2.642726129e-05
-2.234682378e-05
-1.909220432e-05
-1.648985547e-05
-1.4387135e-05
-1.267508864e-05
-1.127329412e-05
-1.012009821e-05
-9.161066446e-06
-8.352643537e-06
-7.663249455e-06
-7.068990774e-06
-6.549954187e-06
-6.089620315e-06
-5.675225965e-06
-5.297480122e-06
-4.948295135e-06
-4.620683558e-06
-4.309580005e-06
-4.011574103e-06
-3.723248061e-06
-3.442102031e-06
-3.166679563e-06
-2.896235334e-06
-2.630440277e-06
-2.369049147e-06
-2.111644132e-06
-1.857566343e-06
-1.606026377e-06
-1.356289507e-06
-1.107821031e-06
-8.603038858e-07
-6.136299175e-07
-3.675465903e-07
-1.227443363e-07
-0.05021562938
-0.05128166574
-0.04987373608
-0.04653778931
-0.04193593198
-0.03664631202
-0.03119635277
-0.02600204547
-0.0213085104
-0.01721085236
-0.01372428124
-0.01082362604
-0.008455028492
-0.0065480455
-0.005029265124
-0.003831454675
-0.002895392092
-0.002168049123
-0.001606988136
-0.001177278243
-0.0008501834924
-0.0006022832283
-0.0004153263921
-0.0002719220279
-0.0001686255691
-9.486152533e-05
-4.063569669e-05
-3.095064261e-06
2.1464452e-05
3.937254739e-05
5.065234659e-05
5.612646348e-05
5.805972588e-05
5.789696384e-05
5.61802656e-05
5.332601997e-05
4.979400436e-05
4.592188847e-05
4.192152862e-05
3.794275835e-05
3.408914149e-05
3.042406274e-05
2.700736806e-05
2.384257615e-05
2.093722479e-05
1.82925766e-05
1.590239617e-05
1.375498176e-05
1.183501552e-05
1.01257652e-05
8.610787894e-06
7.274232167e-06
6.100588376e-06
5.074799836e-06
4.184237295e-06
3.414984955e-06
2.75546221e-06
2.193768323e-06
1.719543438e-06
1.323250423e-06
9.955499683e-07
7.276078331e-07
5.113305785e-07
3.395073058e-07
2.058986669e-07
1.051557595e-07
3.261119423e-08
-1.610922205e-08
-4.486360491e-08
-5.878924292e-08
-5.718372428e-08
-5.943487641e-08
1.649200837e-08
-0.0638861796
-0.06412635872
-0.06116833103
-0.05585985823
-0.04908441942
-0.04168736639
-0.03441051855
-0.02777492313
-0.02200774783
-0.01714391212
-0.01314337179
-0.009928612051
-0.007393528787
-0.005421910886
-0.003904520731
-0.002751113036
-0.00188461721
-0.001237918588
-0.0007630692489
-0.0004195848352
-0.0001748052997
-2.482036409e-06
0.0001152680637
0.0001933188777
0.0002392709827
0.0002656897864
0.0002767720892
0.0002758803636
0.0002673739314
0.0002562777547
0.0002412885082
0.0002235548901
0.0002051937535
0.0001872359491
0.0001699212342
0.0001533969472
0.0001378616022
0.0001234457606
0.0001101832325
9.805879457e-05
8.70371313e-05
7.706809744e-05
6.811374157e-05
6.007024026e-05
5.286689365e-05
4.643743692e-05
4.071286948e-05
3.562576581e-05
3.111325812e-05
2.71175304e-05
2.358566776e-05
2.046942324e-05
1.772457422e-05
1.531009978e-05
1.319319111e-05
1.134053404e-05
9.722490605e-06
8.311461542e-06
7.084067136e-06
6.018873474e-06
5.095829634e-06
4.296664953e-06
3.604977391e-06
3.006182071e-06
2.487436063e-06
2.037406968e-06
1.645971759e-06
1.303637609e-06
1.002140003e-06
7.309099924e-07
4.912049934e-07
2.44302055e-07
1.537264401e-07
-0.08175436606
-0.08063436031
-0.07536291269
-0.06720110013
-0.0573423106
-0.04705218661
-0.03742039026
-0.02904913494
-0.02207113045
-0.01640507214
-0.01192130483
-0.008460715317
-0.00584301695
-0.003890075352
-0.002449050559
-0.001408190808
-0.0006712073467
-0.0001546401557
0.0001976220281
0.0004268467833
0.0005669732996
0.0006480726882
0.0006843484236
0.0006886960716
0.0006720441706
0.0006452524417
0.0006081650999
0.0005647054499
0.0005193791684
0.0004753224583
0.0004322913691
0.0003907955264
0.0003518092362
0.0003157628117
0.000282633733
0.0002523147682
0.0002247221047
0.0001997468558
0.0001772337605
0.0001570041456
0.0001388797028
0.0001226898481
0.0001082690807
9.542388178e-05
8.399974212e-05
7.38577305e-05
6.48663484e-05
5.690353477e-05
4.985870282e-05
4.363236727e-05
3.813498184e-05
3.328578925e-05
2.901201984e-05
2.525043664e-05
2.193876363e-05
1.903140319e-05
1.648061033e-05
1.424402325e-05
1.228493288e-05
1.057005889e-05
9.068972992e-06
7.754263771e-06
6.6014441e-06
5.588745645e-06
4.696883976e-06
3.908665989e-06
3.208601854e-06
2.582153472e-06
2.016708471e-06
1.496376878e-06
1.022923656e-06
5.389011521e-07
2.868043355e-07
-0.1048242855
-0.1015466142
-0.09297119443
-0.0807058917
-0.06652228732
-0.05235949698
-0.03977652134
-0.02939465173
-0.02113095082
-0.01470079588
-0.009838217251
-0.006264378089
-0.003702813431
-0.001897712699
-0.0006432594754
0.0002012400136
0.0007449881223
0.001080650311
0.001272000511
0.001357143187
0.001370156284
0.001341694507
0.001282690601
0.001204418333
0.001116974758
0.001027935657
0.0009386562677
0.0008514182043
0.0007686342961
0.0006916541138
0.0006205136457
0.000555065878
0.0004953158177
0.0004411525105
0.0003922658569
0.0003482681958
0.0003087817368
0.0002734420571
0.0002418866561
0.0002137608929
0.0001887365045
0.0001665192456
0.0001468027684
0.0001293145902
0.0001138183762
0.0001001009385
8.796778618e-05
7.724288969e-05
6.776861695e-05
5.940435618e-05
5.202475265e-05
4.551743362e-05
3.977962687e-05
3.472650276e-05
3.027672677e-05
2.636303163e-05
2.292165193e-05
1.989686807e-05
1.72393923e-05
1.490454543e-05
1.285200266e-05
1.104566413e-05
9.453333365e-06
8.046379973e-06
6.799344209e-06
5.689388449e-06
4.695834411e-06
3.799257662e-06
2.982828868e-06
2.225532732e-06
1.529584616e-06
8.197182607e-07
4.136265651e-07
-0.1371110156
-0.1300230948
-0.1160423102
-0.09738605445
-0.07678711756
-0.05730395251
-0.04099972126
-0.02832502619
-0.01876667539
-0.01170503269
-0.006678576323
-0.003222656079
-0.0009117684656
0.0005900925262
0.001531193394
0.002081189724
0.002353819011
0.002446939485
0.002432690267
0.002342989473
0.002207357918
0.002051473124
0.001886686537
0.00172058827
0.001559229481
0.001406642318
0.001264154322
0.001132307048
0.001011503356
0.0009017567106
0.0008025688994
0.0007131750857
0.0006328577668
0.0005609469582
0.0004967342305
0.000439493226
0.0003885373809
0.0003432384612
0.0003030186855
0.0002673453677
0.0002357436972
0.0002077934544
0.0001830553232
0.0001611691131
0.0001418216811
0.0001247284275
0.0001096330313
9.630704161e-05
8.454751567e-05
7.417429938e-05
6.502795685e-05
5.696575389e-05
4.985979886e-05
4.359280261e-05
3.807517492e-05
3.321809415e-05
2.894241691e-05
2.517955562e-05
2.186821074e-05
1.895308678e-05
1.638461934e-05
1.411854067e-05
1.211541706e-05
1.034018199e-05
8.761570424e-06
7.351421197e-06
6.084146337e-06
4.935685852e-06
3.885199786e-06
2.906825289e-06
2.003159971e-06
1.082302838e-06
5.321825392e-07
-0.1782615978
-0.1670060133
-0.1458422701
-0.1177866283
-0.08774104795
-0.06094260915
-0.04012198965
-0.02507089467
-0.01442876585
-0.007064410045
-0.002223603798
0.000792098706
0.002591265887
0.003581570558
0.004045395436
0.004182711487
0.004104319704
0.003901935436
0.003640947
0.003351250222
0.003052994639
0.002761754781
0.002485452941
0.002227565463
0.001989935419
0.001773325387
0.001577294968
0.001400658046
0.001242119847
0.001100373403
0.0009739948549
0.0008614915353
0.0007614685749
0.0006726720101
0.0005939407161
0.000524191502
0.0004624377087
0.000407796068
0.000359475802
0.0003167668876
0.0002790514744
0.0002457780648
0.0002163869891
0.0001904336347
0.0001675288853
0.00014732131
0.0001294968352
0.0001137774546
9.99171351e-05
8.769861654e-05
7.693110698e-05
6.743883415e-05
5.907157069e-05
5.170036027e-05
4.52066917e-05
3.948518271e-05
3.444554327e-05
3.00070787e-05
2.609724729e-05
2.265114184e-05
1.961073404e-05
1.692425254e-05
1.454564292e-05
1.243395021e-05
1.055258653e-05
8.868496965e-06
7.351563148e-06
5.973426389e-06
4.709507281e-06
3.529444364e-06
2.436136303e-06
1.322488288e-06
6.405908387e-07
-0.2374732249
-0.2176380153
-0.1849251569
-0.142937818
-0.09898655166
-0.06188814753
-0.03568999972
-0.01858084663
-0.007431189969
-0.0003637735916
0.003731266459
0.00582702462
0.00676015318
0.006995684734
0.00681903822
0.006424827732
0.005924427563
0.005388115108
0.004857461493
0.00435188971
0.00388096942
0.003449850239
0.003059753249
0.002709176395
0.002395664045
0.002116478773
0.001868612279
0.001648924545
0.001454459502
0.0012825394
0.001130694149
0.0009966387934
0.0008783183288
0.0007739192853
0.0006818328596
0.0006006218284
0.0005290078067
0.0004658616794
0.0004101869972
0.0003611123447
0.0003178830735
0.0002797888175
0.0002462019776
0.0002165914208
0.0001904919141
0.0001674902598
0.0001472201253
0.0001293585306
0.0001136197738
9.974901685e-05
8.75348252e-05
7.676679158e-05
6.727966373e-05
5.892128264e-05
5.155460701e-05
4.506241285e-05
3.934200565e-05
3.430139918e-05
2.985835798e-05
2.593939492e-05
2.247884034e-05
1.94181961e-05
1.670550042e-05
1.429455572e-05
1.21440471e-05
1.021657373e-05
8.477969278e-06
6.895996388e-06
5.442662141e-06
4.083512599e-06
2.821650154e-06
1.536467826e-06
7.37130672e-07
-0.2812613662
-0.2407002983
-0.1751461919
-0.1098101272
-0.05863875429
-0.02645003008
-0.007941535119
0.002769084219
0.008549323131
0.01108617534
0.01170021586
0.0113907738
0.01064775311
0.009702620803
0.008701824138
0.007733784664
0.006838148458
0.006026818502
0.00530065006
0.004656123347
0.004087347897
0.00358711741
0.003147922183
0.002762707136
0.002425080202
0.002129250703
0.001870005762
0.001642748916
0.001443476509
0.00126868786
0.001115309088
0.000980654013
0.0008623888387
0.0007584831468
0.0006671627273
0.0005868758124
0.0005162674999
0.0004541542266
0.0003995217133
0.0003514831682
0.0003091987176
0.0002719638746
0.0002391764393
0.0002103058838
0.0001848843853
0.0001624987373
0.0001427852829
0.0001254262259
0.000110140826
9.66672315e-05
8.480173469e-05
7.434835755e-05
6.513554462e-05
5.701560381e-05
4.98592706e-05
4.355231558e-05
3.799318954e-05
3.309125398e-05
2.876546692e-05
2.494349405e-05
2.156101512e-05
1.856097768e-05
1.589269871e-05
1.351084974e-05
1.137434109e-05
9.445533572e-06
7.688797438e-06
6.073092324e-06
4.560320309e-06
3.153668655e-06
1.720911033e-06
8.202994258e-07
-0.3708494486
-0.3229128325
-0.2186003019
-0.115633913
-0.04650026978
-0.009758362476
0.008095474784
0.01656853243
0.01956575641
0.01948645726
0.01804547089
0.0162017165
0.01431605416
0.01251374165
0.01086974039
0.009422150682
0.008167465877
0.007083264203
0.006147275176
0.005340396914
0.004644951525
0.004044817648
0.003526127389
0.003077197851
0.002688109181
0.002350393232
0.002056833549
0.001801295784
0.001578567532
0.001384207466
0.00121441641
0.00106593788
0.0009359783564
0.0008221362336
0.0007223400209
0.0006347988732
0.000557962878
0.0004904888741
0.0004312394428
0.0003792045994
0.0003334452167
0.0002931905037
0.0002577747953
0.0002266126656
0.0001991921644
0.0001750618477
0.0001538223169
0.0001351261922
0.0001186678482
0.0001041727982
9.140486692e-05
8.015423005e-05
7.023856799e-05
6.149905852e-05
5.379619939e-05
4.700693694e-05
4.102189586e-05
3.5743296e-05
3.108369125e-05
2.696514349e-05
2.331848702e-05
2.008249947e-05
1.720289476e-05
1.463116339e-05
1.232328397e-05
1.023879145e-05
8.3391963e-06
6.590800898e-06
4.952345538e-06
3.426973825e-06
1.872927716e-06
8.887939446e-07
-0.4684006194
-0.4419444172
-0.2793451818
-0.1145683332
-0.02274857877
0.01535512172
0.02939860321
0.03312265006
0.03172943378
0.02818247558
0.02427081548
0.02071618284
0.017634651
0.01498509949
0.012735671
0.01085171639
0.009277932516
0.007956001413
0.006840170606
0.005895836331
0.005094281332
0.004411314102
0.003827302243
0.003326416002
0.002895655305
0.002524240918
0.002203227685
0.001925172153
0.001683852017
0.001474043938
0.001291344534
0.001132025903
0.0009929201089
0.0008713255942
0.0007649307926
0.0006717525305
0.0005900845985
0.0005184681464
0.0004556589767
0.0004005235974
0.000352077836
0.0003094933997
0.0002720520967
0.0002391252684
0.0002101639706
0.0001846892533
0.0001622805096
0.0001425634611
0.0001252086894
0.0001099270077
9.646547493e-05
8.460325234e-05
7.414803624e-05
6.493239285e-05
5.680972117e-05
4.965051926e-05
4.333930264e-05
3.777259013e-05
3.285776827e-05
2.851236862e-05
2.466339564e-05
2.124648167e-05
1.820476535e-05
1.548752804e-05
1.304865795e-05
1.08455282e-05
8.837301281e-06
6.987995062e-06
5.25370091e-06
3.637418237e-06
1.990162275e-06
9.415208671e-07
-0.4743640126
-0.4938139702
-0.3306897768
-0.0755263316
0.01705845342
0.04881607649
0.0546268767
0.05060950366
0.04342117356
0.03598495348
0.02953741723
0.02434288137
0.02019978307
0.01684740085
0.01411740749
0.01189637894
0.01008093232
0.008581715128
0.007333308377
0.006288541808
0.005410095355
0.004667609091
0.004037024803
0.003499333965
0.003039215748
0.002644174094
0.002303987143
0.00201025505
0.001756029801
0.001535530839
0.001343923223
0.001177141566
0.0010317511
0.0009048380648
0.0007939221588
0.0006968862344
0.0006119155092
0.0005374807449
0.0004722468354
0.0004150027793
0.0003647280669
0.0003205552721
0.0002817322656
0.0002476049136
0.0002176000469
0.0001912167395
0.0001680156808
0.0001476061861
0.0001296441629
0.000113828648
9.989636675e-05
8.761820807e-05
7.67955468e-05
6.725584055e-05
5.884792251e-05
5.143789299e-05
4.490603688e-05
3.914484304e-05
3.405790282e-05
2.955933143e-05
2.557332045e-05
2.203344361e-05
1.888145675e-05
1.606560232e-05
1.35386319e-05
1.125637465e-05
9.175990922e-06
7.259414232e-06
5.460545632e-06
3.782189135e-06
2.07074644e-06
9.772774581e-07
-0.4321358162
-0.4460875178
-0.2717083501
-0.02102552959
0.06225989984
0.08337311407
0.07782947908
0.0649185579
0.05212811011
0.04138104545
0.0329312687
0.02652981625
0.02167122372
0.01788181391
0.01486829363
0.01245511321
0.01050569236
0.008910268545
0.007590883633
0.006492774966
0.005573718866
0.004799954549
0.004145011995
0.003588161951
0.003112831532
0.002705592491
0.002355524516
0.002053713153
0.00179283584
0.00156683349
0.00137065495
0.00120005992
0.001051469812
0.0009218543921
0.0008086418609
0.0007096447654
0.0006229976887
0.0005471374797
0.0004806670477
0.0004223489958
0.0003711439992
0.0003261629958
0.0002866376717
0.0002519006412
0.0002213681218
0.000194528038
0.0001709289902
0.0001501719033
0.0001319043839
0.0001158177993
0.0001016437735
8.915039246e-05
7.81374426e-05
6.843077373e-05
5.987701016e-05
5.233959859e-05
4.569616959e-05
3.983678538e-05
3.466280974e-05
3.008633992e-05
2.602999707e-05
2.242654378e-05
1.921771686e-05
1.635209838e-05
1.378241683e-05
1.146354982e-05
9.35072203e-06
7.403520156e-06
5.573655537e-06
3.863360461e-06
2.117000186e-06
9.971742676e-07
-0.4645104708
-0.4443352514
-0.4644281511
-0.4443390965
-0.4222569746
-0.3671288919
-0.4222928345
-0.3671231607
-0.468778188
-0.465620493
-0.4686750148
-0.4655471728
-0.4654682567
-0.4642505069
-0.4251099874
-0.422296293
-0.4529320112
-0.3782981476
-0.4003864674
-0.4321972239
-0.4528642188
-0.3782988801
-0.4003788983
-0.4521882874
-0.4565806476
-0.458366184
-0.4526104829
-0.4654867012
-0.4643282986
-0.4522068078
-0.4566082741
-0.4583783759
-0.4526621784
-0.4053437801
-0.4223024333
-0.4165799172
-0.4020966298
-0.4159806249
-0.4022106086
-0.4041499223
-0.3772269019
-0.366701937
-0.3800139513
-0.3616220156
-0.3795238942
-0.3614494961
-0.3774195399
-0.4251409044
-0.422306268
-0.4053487744
-0.4223080878
-0.4165893363
-0.4020860032
-0.415987425
-0.4022139531
-0.4041575028
-0.3772302055
-0.3667043836
-0.3800074005
-0.3616224282
-0.3795275373
-0.3614518113
-0.3774241321
-0.3839164046
-0.4577492176
-0.3840330915
-0.4578373944
-0.3559101145
-0.4538688805
-0.4345685499
-0.3708608471
-0.3559396484
-0.4535735162
-0.4345827834
-0.4743049151
-0.4745509637
-0.4405099066
-0.4750870108
-0.4977641172
-0.4681519149
-0.4405936496
-0.4749608555
-0.4978182471
-0.501270153
-0.4523636593
-0.4744167611
-0.4744439754
-0.5012003771
-0.4523818881
-0.4745133919
-0.4344854442
-0.4684942044
-0.4008917601
-0.4937695434
-0.4345129042
-0.4685775314
-0.4008522059
-0.432331303
-0.4104437244
-0.410538559
-0.420667799
-0.4426144573
-0.4427083942
-0.4206383113
-0.3520304379
-0.3938131128
-0.3166332293
-0.4460269874
-0.3520793834
-0.3938012852
-0.316634583
-0.4587285234
-0.4643632734
-0.4597252529
-0.4619165321
-0.4595840174
-0.4620341208
-0.4584750214
-0.45279566
-0.4447509163
-0.4560177091
-0.4451851108
-0.4559236763
-0.4463072209
-0.4527146693
-0.4587426041
-0.4643604519
-0.4597405905
-0.461973684
-0.4595978811
-0.4620475448
-0.4585102189
-0.4528071902
-0.444756778
-0.4560027168
-0.4452349035
-0.455930501
-0.4463195591
-0.4527444837
-0.4689395095
-0.4691636483
-0.4704059393
-0.4693203401
-0.4695679117
-0.4707891756
-0.4687567339
-0.4654983275
-0.4607319743
-0.4608959104
-0.4643646676
-0.467289074
-0.4675276163
-0.4642676729
-0.4744365023
-0.4745837166
-0.4689476868
-0.469299762
-0.4692195303
-0.470417945
-0.4695811611
-0.4707898342
-0.4687817609
-0.465493296
-0.4609084193
-0.4609152037
-0.4643751339
-0.4673708425
-0.4675372454
-0.4643265418
-0.4286089202
-0.450759865
-0.4305740477
-0.4528905324
-0.4508181453
-0.4305432531
-0.4286085457
-0.3780434046
-0.3901509377
-0.3899273405
-0.400859457
-0.3896937104
-0.3894151778
-0.4010861661
-0.409040461
-0.4112705616
-0.3981688809
-0.3998048422
-0.4108413702
-0.3978379184
-0.4092810045
-0.432337249
-0.4104386749
-0.4105415701
-0.4206738183
-0.4426247282
-0.4427127224
-0.4206560491
-0.4286148249
-0.4528895409
-0.4507324729
-0.430605289
-0.4508215894
-0.4305502532
-0.4286173609
-0.378046621
-0.3901402524
-0.3899306391
-0.4008619417
-0.389700386
-0.3894188947
-0.4010822097
-0.4090429298
-0.3998083492
-0.4112694357
-0.3981782997
-0.4108428487
-0.3978427426
-0.4092850174
-0.3027364264
-0.3469805255
-0.302696203
-0.3469547214
-0.2724554801
-0.3245104278
-0.2993540461
-0.281271321
-0.2724268829
-0.3245558764
-0.2993581939
-0.4313036594
-0.428644702
-0.3937420077
-0.371399176
-0.4031408599
-0.3756448107
-0.3630796276
-0.4033144447
-0.3955727493
-0.2902164506
-0.3841248786
-0.3335721375
-0.3229519964
-0.2901788152
-0.3841565816
-0.3335576608
-0.4739692907
-0.4691435879
-0.4746281212
-0.4799820555
-0.4658431413
-0.4667708597
-0.4790835591
-0.370201832
-0.4941558023
-0.4373621138
-0.4418832812
-0.3701155145
-0.4942066306
-0.4372773844
-0.4745730542
-0.472232951
-0.4724080894
-0.4853209264
-0.4872281086
-0.487730812
-0.4849647646
-0.4958494882
-0.4689534606
-0.4985731182
-0.4921380646
-0.4644810181
-0.4987222206
-0.4929255103
-0.222855851
-0.317191934
-0.2194114916
-0.3307347975
-0.2228676513
-0.3172103629
-0.2194084101
-0.4240609806
-0.4458636502
-0.4237651312
-0.4055287215
-0.4283800471
-0.4277610859
-0.4068416078
-0.1636736469
-0.2419744085
-0.1503434225
-0.27171849
-0.1636797363
-0.2419820517
-0.1503490875
-0.4222628348
-0.3857270384
-0.4123441151
-0.3956705869
-0.3979721638
-0.4150223952
-0.4188991963
-0.4695908024
-0.4699891436
-0.4549283525
-0.4541058358
-0.4615901064
-0.4590763663
-0.4624805097
-0.4456843541
-0.4376790852
-0.4396275857
-0.4444192201
-0.4313112949
-0.3969840838
-0.4043992073
-0.4286649493
-0.4222804126
-0.3956776273
-0.3857143662
-0.4124676078
-0.3979658085
-0.4150420013
-0.4189662138
-0.4696651395
-0.4700182023
-0.4549423837
-0.4541161635
-0.4590782185
-0.4617908082
-0.4625266713
-0.445730529
-0.4379716853
-0.4396645041
-0.4445905107
-0.4560137174
-0.4300476493
-0.4296874918
-0.445984423
-0.4335553287
-0.4510584336
-0.4142754712
-0.418419139
-0.3988982484
-0.4382403587
-0.4307027502
-0.3934359031
-0.4409270829
-0.3995975499
-0.3937625606
-0.3756458426
-0.3714234319
-0.4030861831
-0.3630899815
-0.4032843121
-0.3955956607
-0.4558951693
-0.430100293
-0.4294368938
-0.4461221276
-0.4334514653
-0.4511090386
-0.4143867512
-0.4184492814
-0.4307080725
-0.3989401354
-0.4383055364
-0.3934526966
-0.4409483638
-0.3996849771
-0.4836289479
-0.4606003774
-0.4849214651
-0.4376211247
-0.4605388295
-0.4889807618
-0.4824899216
-0.4749250169
-0.4748605281
-0.475105157
-0.4855586527
-0.4870878962
-0.4878531145
-0.484571657
-0.4926359704
-0.483673227
-0.4953602009
-0.5019949139
-0.4967826654
-0.4972414102
-0.4893064489
-0.4690870013
-0.4740422849
-0.4746358578
-0.4799820347
-0.4656662314
-0.4667798794
-0.4790650286
-0.4836422266
-0.4376271832
-0.4606165865
-0.4849223936
-0.4605589889
-0.4889829932
-0.4825153823
-0.4749207293
-0.4748627795
-0.4751054148
-0.485547822
-0.4870661352
-0.4878558263
-0.4845013467
-0.4926441435
-0.501998317
-0.4837120666
-0.4954140901
-0.4967827058
-0.4972523227
-0.489327254
-0.4961160292
-0.4972384701
-0.5010898399
-0.501776886
-0.4978236644
-0.501965789
-0.4955545656
-0.4527077034
-0.4654529419
-0.4655592835
-0.4628593277
-0.4633410449
-0.4774942092
-0.4771513002
-0.4713700673
-0.4751497928
-0.4720030611
-0.4870544723
-0.4904279225
-0.4910476343
-0.4866516564
-0.474584951
-0.4722562448
-0.4724132981
-0.4853274249
-0.487283256
-0.4877363469
-0.4849750012
-0.4961232268
-0.5017707735
-0.4972467269
-0.5011158637
-0.497827742
-0.5019731815
-0.4955672233
-0.452713716
-0.4654223435
-0.4655604398
-0.4629366204
-0.463349965
-0.4774972493
-0.4771598979
-0.475160382
-0.4714995716
-0.4720181338
-0.4870570262
-0.4904305983
-0.4910475179
-0.4866552119
-0.4693448388
-0.4706676152
-0.4840659343
-0.4524724768
-0.4851439217
-0.4541945154
-0.4658890176
-0.4260208833
-0.3969014414
-0.4220161072
-0.3988431978
-0.3927554606
-0.4193182334
-0.424582044
-0.495851921
-0.4921412355
-0.4689150816
-0.498628776
-0.4644780959
-0.4987364319
-0.4929320234
-0.4693580286
-0.4706643193
-0.4840669192
-0.4524667062
-0.4851451543
-0.4541911864
-0.4658825221
-0.4260265143
-0.3988453884
-0.3969271186
-0.4219876792
-0.3927676454
-0.4193204314
-0.4245901169
-0.3763683176
-0.3952801214
-0.3503938425
-0.3497526351
-0.3919657571
-0.3503874273
-0.3798793612
-0.4044756661
-0.3925658125
-0.4035115249
-0.3836515518
-0.3768874246
-0.3729850772
-0.3868339651
-0.3511870195
-0.3192459612
-0.3512024869
-0.3112429955
-0.3148168081
-0.3419516455
-0.3589557075
-0.4458628635
-0.4240683995
-0.423767709
-0.405529264
-0.4283394459
-0.4277515701
-0.4068314506
-0.376368069
-0.3497612747
-0.3953185463
-0.3503932898
-0.3919703281
-0.3503889745
-0.3798819833
-0.39256527
-0.404479589
-0.4035086454
-0.383655602
-0.3768920987
-0.3729862251
-0.386856789
-0.351188951
-0.3112463066
-0.31927623
-0.3512080245
-0.3148217946
-0.3419533282
-0.358967084
-0.3695101256
-0.369444291
-0.3508752186
-0.3510101026
-0.3695524665
-0.3694387601
-0.350860326
-0.3510266165
-0.4688719525
-0.4920784614
-0.4942561174
-0.4813851509
-0.4876179626
-0.4540376659
-0.4609851778
-0.4942550826
-0.468923389
-0.4921068445
-0.4813753534
-0.4875963257
-0.4540072818
-0.4609783495
-0.3919677138
-0.3898523671
-0.3877875728
-0.3949055063
-0.3943818111
-0.3955555128
-0.3598150794
-0.3560558532
-0.3528056759
-0.3497738133
-0.3474362976
-0.3467476851
-0.3463616843
-0.3425325504
-0.3390945713
-0.36337758
-0.3611337446
-0.3607591353
-0.3919714069
-0.3898559158
-0.3877910594
-0.3949112698
-0.3943871049
-0.3955604563
-0.3598172741
-0.3560579151
-0.3528076886
-0.3497741573
-0.3474364949
-0.3467476991
-0.3463634226
-0.3425342478
-0.3390962947
-0.3633796685
-0.3611353534
-0.3607604778
)
;

boundaryField
{
    inlet
    {
        type            zeroGradient;
    }
    outlet
    {
        type            fixedValue;
        value           uniform 0;
    }
    topAndBottom
    {
        type            symmetry;
    }
    frontAndBack
    {
        type            empty;
    }
    cylinder
    {
        type            zeroGradient;
    }
    procBoundary1to0
    {
        type            processor;
        value           nonuniform List<scalar> 
116
(
0.001409937914
0.00111221562
0.0005066312368
-0.0004222314358
-0.001711499352
-0.003404886298
-0.005564459885
-0.00827470313
-0.01164907295
-0.01583993676
-0.02105604273
-0.02757998378
-0.03580927847
-0.04630011258
-0.05985525217
-0.07766393359
-0.1012572853
-0.1343450078
-0.1774197673
-0.3065972022
-0.2367942721
-0.2563057244
-0.2366076803
-0.2561817354
-0.3065516771
-0.3065972022
-0.3065972022
-0.3065972022
-0.4874017429
-0.4873511865
-0.4636575136
-0.4791528512
-0.4632358008
-0.4632358008
-0.4776292164
-0.4636575136
-0.4307220164
-0.4262277829
-0.4620047711
-0.4644606401
-0.4589070954
-0.4562108855
-0.4636838576
-0.4791710345
-0.4634444981
-0.4634444981
-0.47771885
-0.4636838576
-0.4620317839
-0.4645444849
-0.4589392289
-0.4562242263
-0.4307502609
-0.4262373074
-0.4827900255
-0.4078694255
-0.4826388563
-0.4876240976
-0.4720588767
-0.4720588767
-0.472082562
-0.472082562
-0.465668605
-0.4657768484
-0.4677463895
-0.4678857674
-0.487620334
-0.4720706927
-0.4720706927
-0.4721390142
-0.4721390142
-0.4657106396
-0.46577868
-0.4677493193
-0.4678823063
-0.3772610276
-0.3065516771
-0.3065516771
-0.3065516771
-0.3773406269
-0.4043955722
-0.4395475651
-0.3969714659
-0.3969714659
-0.3969714659
-0.4384534176
-0.4043955722
-0.4043955722
-0.4043955722
-0.4830944723
-0.4658600479
-0.4653281471
-0.439553164
-0.4096998799
-0.438491035
-0.4830649393
-0.4658473277
-0.4652801093
-0.3471007565
-0.377324997
-0.351015527
-0.3773381242
-0.3471551733
-0.3510117179
-0.4307220164
-0.4322562107
-0.4339698931
-0.4307502609
-0.4322831674
-0.4339962713
-0.4262277829
-0.4260040149
-0.4241055527
-0.4262373074
-0.4260132328
-0.424114339
)
;
    }
    procBoundary1to3
    {
        type            processor;
        value           nonuniform List<scalar> 
125
(
-0.02101876735
0.06226433016
0.08337476205
0.07783015311
0.06491913832
0.05212842925
0.041380679
0.03293008473
0.02652796331
0.02166892101
0.01787930334
0.01486577999
0.01245270598
0.01050339304
0.008908246852
0.007589240783
0.006491480396
0.00557271279
0.004799165879
0.004144363668
0.003587587757
0.003112302767
0.002705120838
0.002355136496
0.00205342398
0.001792641384
0.00156671056
0.001370573043
0.001199994081
0.001051406856
0.0009217916544
0.0008085828994
0.0007095945686
0.0006229789608
0.0005471436059
0.0004806767126
0.0004223570633
0.0003711515625
0.0003261704976
0.0002866441439
0.0002519041056
0.0002213674268
0.000194523384
0.0001709220286
0.0001501652796
0.0001319006111
0.0001158180733
0.0001016476309
8.915625967e-05
7.814370302e-05
6.84367971e-05
5.988341961e-05
5.23476255e-05
4.570669302e-05
3.984982386e-05
3.467771541e-05
3.010229358e-05
2.604624242e-05
2.24421938e-05
1.923145846e-05
1.636224511e-05
1.37874435e-05
1.146281223e-05
9.344895853e-06
7.394489761e-06
5.56393e-06
3.855326704e-06
2.112276687e-06
9.960064635e-07
-0.378306355
-0.3938223526
-0.2419751965
-0.3671399551
-0.3671363387
-0.4003960787
-0.3783109604
-0.4003941954
-0.3667125617
-0.3616360391
-0.3614632239
-0.3667157953
-0.3616378173
-0.3614660664
-0.3166352942
-0.3938141041
-0.316636865
-0.3780506528
-0.3897002186
-0.389419739
-0.3981784325
-0.399812983
-0.3978459783
-0.3780551082
-0.3897133943
-0.3894257425
-0.3998184767
-0.3981953538
-0.3978536085
-0.1503417818
-0.2419828668
-0.1503473636
-0.3925743034
-0.3768930103
-0.3729901055
-0.351205689
-0.3112453682
-0.341955061
-0.3925751247
-0.3768995122
-0.3729920123
-0.3112488608
-0.351211983
-0.3419571172
-0.3497886532
-0.347451519
-0.3467632303
-0.3463763128
-0.3425475662
-0.3391098546
-0.349791034
-0.3474539305
-0.3467655836
-0.3463788595
-0.3425501338
-0.3391124759
)
;
    }
}


// ************************************************************************* //
