/*--------------------------------*- C++ -*----------------------------------*\
| =========                 |                                                 |
| \\      /  F ield         | OpenFOAM: The Open Source CFD Toolbox           |
|  \\    /   O peration     | Version:                                        |
|   \\  /    A nd           | Website:  www.openfoam.com                      |
|    \\/     M anipulation  |                                                 |
\*---------------------------------------------------------------------------*/
FoamFile
{
    version     2.0;
    format      ascii;
    class       volScalarField;
    location    "7.6";
    object      p;
}
// * * * * * * * * * * * * * * * * * * * * * * * * * * * * * * * * * * * * * //

dimensions      [0 2 -2 0 0 0 0];


internalField   nonuniform List<scalar> 
2429
(
0.08945206404
0.08975878268
0.09051402003
0.09174245142
0.09343737825
0.09563134627
0.09839417594
0.1018158793
0.1060065908
0.1111081502
0.1173076919
0.1248531807
0.1340751443
0.1454212008
0.159502364
0.1771845041
0.1996372676
0.2287242654
0.2662735558
0.3099990076
0.3640221972
0.4652454313
0.5757363583
0.08904255419
0.08934049856
0.09007330567
0.09126463576
0.09290679401
0.09502947562
0.09769761019
0.1009942444
0.1050196861
0.1099014789
0.1158054824
0.1229474027
0.1316077325
0.1421539065
0.155065384
0.1709793836
0.1906803413
0.2153038852
0.2456201854
0.2858875113
0.3289418154
0.3911882811
0.4070605163
0.088236308
0.08851578592
0.08920493727
0.09032439311
0.09186433008
0.09384915375
0.09633470031
0.0993911295
0.1031007391
0.1075651575
0.1129121836
0.1193008534
0.1269256942
0.1360207073
0.1468536798
0.1597205498
0.174839915
0.1923379539
0.2114032981
0.2301671674
0.2561261887
0.2571211526
0.1899983448
-0.1667145891
-0.3509391189
0.08705677963
0.0873104089
0.08793768674
0.0889552673
0.09035080804
0.09214169408
0.09437166679
0.09709406778
0.1003681288
0.104262872
0.1088591836
0.114248351
0.1205244188
0.1277737425
0.1360285587
0.1452493234
0.1551064056
0.1649112633
0.1728168591
0.1756274523
0.184542822
0.1554584677
0.07136246536
-0.1255684433
-0.3793648938
-0.4502953621
-0.3895460283
-0.3475581056
0.08553469037
0.08575900969
0.08630985018
0.08720109796
0.08841869278
0.08997205002
0.09189114197
0.09421073212
0.09696525115
0.1001893196
0.103915209
0.1081680638
0.1129427941
0.1181994347
0.1237782784
0.1293982058
0.1344359766
0.1377790621
0.1373686739
0.1294509568
0.1078826818
0.08302705789
0.006805519702
-0.1079477124
-0.2237155244
-0.3007098002
-0.3197073865
-0.3209012565
0.08371410089
0.08390386946
0.08436745366
0.08511508569
0.08613119154
0.08741727884
0.08898944534
0.09086419884
0.09305235303
0.09555559434
0.0983600496
0.1014377376
0.1047058136
0.1080346651
0.111163003
0.1136692065
0.1148368707
0.1134738231
0.1078141771
0.09502117642
0.07133032368
0.03129868198
-0.02639990561
-0.08711203417
-0.1568594449
-0.2126063774
-0.2439461364
0.08164167415
0.08179325261
0.08216300466
0.0827569144
0.08355816031
0.08456115509
0.08576920484
0.0871823919
0.08879071573
0.09056569689
0.09245829227
0.09440587664
0.09628373058
0.09790314988
0.09896186823
0.09898516634
0.09731134342
0.09293146441
0.08447911284
0.07007641159
0.04751639229
0.01461456089
-0.02909316917
-0.07847079179
-0.1259888347
-0.1654731451
-0.1941361165
0.07936725518
0.07947959473
0.07975294471
0.08018944533
0.0807718529
0.08148873389
0.08233236975
0.08328918209
0.08433173311
0.08540681612
0.08644942371
0.08737697416
0.0880434433
0.08822472682
0.08762835394
0.08581922597
0.08221705743
0.07603883864
0.06627992936
0.05170321449
0.0311621705
0.003731745601
-0.0300727591
-0.06745533172
-0.1044690265
-0.1365491106
-0.1617116083
0.07694294476
0.07701643338
0.07719428715
0.07747541668
0.07784321277
0.07828189681
0.07877474455
0.07929761829
0.07980959754
0.08024330181
0.08053036318
0.0805726952
0.08022235348
0.07926069359
0.0774096428
0.07429794236
0.0694519884
0.06228535212
0.05208474612
0.03809368187
0.01975383171
-0.003267796275
-0.03031396349
-0.0596202412
-0.08868406862
-0.1148303596
-0.1364701257
0.07442033426
0.07445648851
0.07454262483
0.07467507314
0.0748388257
0.07501493562
0.07517937023
0.075301212
0.07533225117
0.07519922088
0.07483846066
0.07414831212
0.07297806665
0.07112988379
0.06835926564
0.06436373448
0.05877838211
0.05116312948
0.0410328991
0.02797763264
0.01169262704
-0.007778481215
-0.02984797131
-0.05328773625
-0.07661566838
-0.09816670815
-0.1166578834
0.07184905204
0.07185026304
0.07185060809
0.07184434371
0.07181837193
0.071751363
0.07161547326
0.07137748357
0.07098469078
0.07037438043
0.06947788324
0.06819081495
0.06637444321
0.0638593833
0.06044284256
0.05588655803
0.04990945281
0.04220006322
0.03244408918
0.02043184727
0.006010764945
-0.01062955362
-0.02894020625
-0.04813556468
-0.06727607412
-0.08522507157
-0.1009911328
0.06927556168
0.06924483304
0.06916684185
0.06903413148
0.06883578326
0.06854987812
0.06814562936
0.06759349471
0.06684559231
0.06584048761
0.06450351652
0.06273908628
0.06042904277
0.05743280097
0.05358798309
0.04870686177
0.04258043656
0.03498698574
0.02575299141
0.01474745048
0.001978944064
-0.01234838177
-0.02779487092
-0.04382893944
-0.05979981429
-0.07489762428
-0.08837432476
0.06674234659
0.06668279599
0.06653452646
0.06628870002
0.06593737656
0.0654591044
0.06482770594
0.06401276845
0.06296776354
0.0616337027
0.05994109443
0.05780724597
0.05513332522
0.05180515336
0.04769273024
0.04265354541
0.03653653162
0.02919180242
0.02053289432
0.01048372992
-0.0008753618491
-0.01331966599
-0.02654264958
-0.04015289034
-0.05367366813
-0.06651430973
-0.07810820039
0.06428772023
0.06420237532
0.06399173374
0.06364660204
0.06316191695
0.06252161024
0.06170114931
0.06066652283
0.05937448559
0.05777333349
0.05580266364
0.05339175784
0.05045903315
0.04691373851
0.04265475568
0.03757367061
0.03156253364
0.0245348905
0.01643482442
0.007269152399
-0.002871782025
-0.01379181378
-0.02526267218
-0.03698023734
-0.04858402596
-0.05963200424
-0.06968868645
0.06194240313
0.06183704297
0.06157240894
0.06114143106
0.06054536087
0.059770715
0.05879138643
0.05757454544
0.05608245854
0.05427099919
0.05208853003
0.04947529074
0.04636609593
0.04268873861
0.03836775827
0.03332412594
0.02748366992
0.02080293954
0.0132408011
0.004849780661
-0.004258145187
-0.01394102455
-0.02401435635
-0.03423335932
-0.04431954038
-0.05393455167
-0.06273859865
0.05973990372
0.05961368282
0.05930488851
0.05880389036
0.05811523513
0.05722776506
0.05611673136
0.05475250003
0.05310247667
0.0511292107
0.04878898528
0.04603288169
0.04280894578
0.03906231179
0.03473621016
0.02977694289
0.0241352629
0.01779586475
0.010742663
0.003038263626
-0.005206419491
-0.01388118809
-0.02282984768
-0.03185168422
-0.04072729668
-0.04919250499
-0.05697819368
0.05769846248
0.05755731559
0.05721272962
0.05665442136
0.05588926965
0.05490909364
0.05369179999
0.05221099457
0.05043864037
0.04834318291
0.04588816301
0.04303525032
0.03974409935
0.03597315616
0.03168043523
0.02682982876
0.02139639833
0.01537202672
0.00877796681
0.001670703049
-0.005854922222
-0.01370223912
-0.02173802388
-0.02979656651
-0.03770117306
-0.04524116415
-0.05219999694
0.0558429359
0.05568963097
0.0553153342
0.05471006297
0.05388299999
0.05282858879
0.0515272871
0.04995579864
0.04809030521
0.04590440821
0.04336873494
0.04045341916
0.03712801161
0.03336198316
0.02912680201
0.02439958884
0.01917267454
0.01344031663
0.007242529031
0.0006434877736
-0.00628465909
-0.01345472235
-0.02075067144
-0.02803384815
-0.03515901846
-0.04195486191
-0.04824438392
0.0541893517
0.05402665563
0.05362833786
0.05298526114
0.05210900662
0.05099622774
0.04962963741
0.0479889111
0.04605372819
0.04380200594
0.0412114017
0.03825914586
0.03492187787
0.03117822835
0.02701107307
0.02240698756
0.01737018751
0.01190462316
0.006053012085
-0.0001212771956
-0.0065583313
-0.01317801484
-0.01987740537
-0.02653849663
-0.03303964473
-0.039239054
-0.04498977148
0.05275128875
0.05258154851
0.05216437322
0.05149149307
0.05057679922
0.04941890793
0.04800249691
0.04630975852
0.04432314846
0.04202510091
0.03939908543
0.0364273924
0.03309315613
0.02938159902
0.02528341992
0.02079538434
0.01592402526
0.01069023321
0.005132631957
-0.0006927744355
-0.006729864307
-0.01290491527
-0.01912626356
-0.02529160158
-0.03129665701
-0.03702176518
-0.04234284952
0.05153942595
0.05136447489
0.05093289483
0.0502371317
0.04929310055
0.04810115679
0.04664767399
0.0449166604
0.04289255474
0.04056290562
0.03791496547
0.03493509975
0.03161183529
0.02793596256
0.02390452574
0.01952080727
0.01479288018
0.009749581717
0.004432339114
-0.001112470916
-0.006830749693
-0.01265369604
-0.01849885106
-0.02427580862
-0.02989290513
-0.0352469829
-0.04023139145
0.05056193724
0.05038328115
0.0499410887
0.04922836955
0.048262695
0.0470458913
0.04556547859
0.04380623486
0.04175608917
0.03940578338
0.03674491859
0.0337635825
0.03045424824
0.02681207479
0.02283861188
0.01854142109
0.01393319221
0.009044204889
0.003914948588
-0.001412610695
-0.006885574688
-0.01243880611
-0.01799693472
-0.02347844451
-0.02880066547
-0.03387260138
-0.03860077222
0.04982473002
0.04964376877
0.04919421594
0.04846960609
0.04748879139
0.04625469605
0.04475538641
0.04297645535
0.04090927982
0.03854584305
0.03587781997
0.03289810772
0.02960194706
0.02598758173
0.02205947812
0.01782796722
0.01331056299
0.008538059342
0.00354726099
-0.001620812621
-0.006914478831
-0.01227163491
-0.01762198984
-0.02289017426
-0.02799949159
-0.03286757581
-0.03741068868
0.04933237492
0.04914998112
0.04869588648
0.04796383473
0.0469734683
0.04572832601
0.04421621891
0.04242533834
0.04034784055
0.03797663607
0.03530504349
0.03232767556
0.0290415112
0.025446764
0.02154972243
0.01736250833
0.01290552361
0.008210895914
0.003311336466
-0.001752011063
-0.006928309729
-0.0121576533
-0.01737301791
-0.02250277406
-0.02747357585
-0.03220866415
-0.03663124986
0.04908925983
0.04890630666
0.04845037922
0.04771513853
0.04672034817
0.04546896981
0.04395007426
0.04215313552
0.04007025791
0.03769494361
0.03502133146
0.03204487534
0.02876343154
0.02517802837
0.02129559793
0.01713145846
0.01270683556
0.008050150673
0.003194741119
-0.001817451631
-0.006936172713
-0.01210278376
-0.01725195135
-0.02231379833
-0.02721602334
-0.03188434666
-0.03624607399
0.47329954
0.575705443
0.4733184063
0.2367742285
0.004655736967
0.4070392753
0.2367236352
0.004686431911
-0.09539677755
-0.09537238024
-0.353373134
-0.3533716662
-0.3469640134
-0.3469988989
-0.1355087119
-0.3650150652
-0.1667503183
-0.1355517147
-0.3649745476
-0.4480078461
-0.4865355079
-0.4479702981
-0.4865129946
-0.487707043
-0.4103980106
-0.4876828904
-0.4104268172
-0.3576068826
-0.3972558597
-0.3570334542
-0.3575345014
-0.3972024998
-0.3569231215
0.5517769125
0.4190716007
0.4661954072
0.465220785
0.5517561819
0.4190087584
0.4662433
0.5584829169
0.5781218089
0.58636643
0.5564762454
0.5855064718
0.5592604202
0.5586579091
-0.3420331536
-0.3403385842
-0.02939790151
0.09276928872
-0.06248015556
0.1899614537
-0.02940501896
0.09273657768
-0.06249161653
-0.2337375973
-0.171736302
-0.1831777647
-0.1703941081
-0.1761426812
-0.1725489553
-0.2348659038
-0.5293037778
-0.5326369042
-0.3811943769
-0.3791738163
-0.4011585964
-0.3774753227
-0.4017969443
-0.3810212477
-0.348510549
-0.3509218664
-0.348438319
-0.4456372261
-0.2490486452
-0.3192233956
-0.3792508823
-0.4456282389
-0.2489940265
-0.3192130809
-0.401856341
-0.3320463757
-0.3420533549
-0.4502880862
-0.4019530121
-0.3320652723
-0.342147499
0.5000326072
0.4754955161
0.5178715343
0.4572647852
0.5198747431
0.4596958886
0.5017176554
0.4385841222
0.4394372271
0.5584775928
0.578114794
0.5863434499
0.5564495863
0.5854997032
0.5592557166
0.5586416689
0.5000285019
0.4754938152
0.517847863
0.4572528731
0.5198726178
0.4596930259
0.5017052287
0.4385830723
0.4394358244
0.2490179402
0.2974890366
0.1845544565
0.2927088964
0.1857735827
0.2464779154
0.172895119
0.005955724089
0.03088254743
0.1217498288
0.02347368936
0.1232742097
0.1718298013
0.2490151257
0.2974794108
0.184552939
0.2927078444
0.1857701748
0.246472991
0.1728922497
0.005957080845
0.03088274141
0.1217511784
0.02346558229
0.1232792639
0.1718268511
-0.09602031477
-0.0959921586
-0.3525406362
-0.3525352277
-0.3472513401
-0.3488886358
-0.3425627231
-0.3495576446
-0.3426654479
-0.3420326185
-0.3403360916
-0.3472497492
-0.3488755895
-0.3425455436
-0.349553473
-0.3426605467
-0.3880938582
-0.3583798448
-0.3843606733
-0.3613085781
-0.378892085
-0.3818529035
-0.2337351171
-0.1717167596
-0.183177645
-0.1704199942
-0.1761466359
-0.1725392177
-0.2348617443
-0.3880994739
-0.3584006625
-0.3843630193
-0.3613145055
-0.3788963824
-0.3818679506
-0.4472552971
-0.4513305266
-0.5024402818
-0.4625892977
-0.50743696
-0.4643403427
-0.4518527026
-0.4955303656
-0.4877984414
-0.5006488444
-0.4832071246
-0.4991414182
-0.4862463222
-0.494651241
-0.5292982399
-0.5326326434
-0.4472471494
-0.4513113525
-0.5024087736
-0.4625498218
-0.5074260898
-0.4643331912
-0.4518280144
-0.4955220282
-0.4877928136
-0.500625965
-0.4831803997
-0.4991344595
-0.4862396355
-0.4946279836
-0.4127578065
-0.4103980269
-0.4787790348
-0.4900398778
-0.5122375205
-0.4629675015
-0.5132591345
-0.4637759024
-0.479467331
-0.4556657269
-0.4101399164
-0.4122748201
-0.4364579081
-0.4115775874
-0.4372707167
-0.4541870953
-0.4127511331
-0.4103929231
-0.4787743061
-0.4900327459
-0.5122166965
-0.4629467757
-0.513252217
-0.463771581
-0.4794527857
-0.4556586203
-0.4101410337
-0.4122530952
-0.4364359703
-0.4115711388
-0.4372647658
-0.4541676592
-0.3737067556
-0.358073232
-0.3675453718
-0.3597522765
-0.367345392
-0.3599302782
-0.3727528587
-0.3811799186
-0.3791383251
-0.4011207761
-0.3774604217
-0.401783877
-0.3809824805
-0.3736958333
-0.3580616724
-0.3674923703
-0.3597349064
-0.3673326071
-0.3599215838
-0.3727207852
0.4357602723
0.3422297242
0.3979158947
0.3640079052
0.4357343608
0.3422639353
0.3978432524
0.4866187899
0.494523439
0.4570415827
0.4693400323
0.4966915305
0.4612190816
0.484413535
0.3748210089
0.2955544209
0.2799792318
0.3288751977
0.3748952065
0.2955282882
0.2799449181
0.4159813365
0.2887723063
0.2668251648
0.3912667986
0.4159761188
0.2887353273
0.2668490888
0.3167598505
0.4076649129
0.3739184818
0.3465835771
0.3753697927
0.3475329625
0.3145737732
0.2235524307
0.1787273307
0.1225240808
0.2571625995
0.2234891322
0.1787913646
0.1225391159
0.1917438327
0.1373891178
0.1382392454
0.1011617194
0.1490877267
0.1515216968
0.09976273015
-0.3515193413
-0.3433588864
-0.3498827285
-0.343620688
-0.350048354
-0.3430800248
-0.3430688866
0.09968324811
0.1112502222
0.03574457008
0.1554750171
0.09966123711
0.1112561699
0.03573819868
-0.0641059546
0.01821262081
-0.06605844452
0.0713108894
-0.06415014575
0.01820047631
-0.06610618489
-0.31837023
-0.1038448968
-0.2147761667
-0.1256891316
-0.3182309418
-0.1038958321
-0.2146524129
-0.3799403805
-0.4118916396
-0.4116486748
-0.3575259609
-0.3237620177
-0.3236070837
-0.3578381317
-0.4510174103
-0.4378688607
-0.438172891
-0.4065135121
-0.4089944276
-0.4092273532
-0.4063758365
-0.3538258339
-0.3403285005
-0.3323317818
-0.3893709803
-0.3538749193
-0.340292076
-0.3323164422
-0.3293719817
-0.3474348644
-0.329456181
-0.1936242305
-0.09426690601
-0.1833674301
-0.1079810057
-0.1936051836
-0.09428477696
-0.1833453773
-0.2874219025
-0.1891893571
-0.2205132584
-0.2236651815
-0.2874175022
-0.1892148887
-0.2205072324
-0.318613006
-0.23292018
-0.2601356643
-0.3007274453
-0.3186374892
-0.2329281852
-0.2601773517
-0.3208674458
-0.2652869963
-0.282465374
-0.3198106938
-0.3208295193
-0.2652625474
-0.2824765671
0.2458558986
0.2381394609
0.2887369078
0.1876076667
0.289759769
0.188087152
0.2453877044
0.3167563873
0.4076572493
0.3739396014
0.3465584117
0.375372367
0.3475298038
0.3145661365
0.2458542771
0.2381280457
0.2887599598
0.1875808286
0.2897654099
0.1880839773
0.2453840602
-0.2295405678
-0.1353319372
-0.1499980758
-0.2090050886
-0.1501497598
-0.2083815273
-0.2305276999
-0.3431787729
-0.3646083223
-0.39111126
-0.2949692171
-0.3899904878
-0.2955071939
-0.3408596419
-0.2295513131
-0.1353555582
-0.1500033108
-0.2091001477
-0.1501551884
-0.2084097335
-0.2305582462
-0.3431895803
-0.3645944441
-0.3911308933
-0.2950194737
-0.3899918778
-0.2955246553
-0.3408905549
-0.3875666894
-0.3975806864
-0.4105318226
-0.3819567403
-0.4126295541
-0.381828497
-0.3873960015
-0.3711856077
-0.356917764
-0.3588476679
-0.3674968752
-0.3588515418
-0.3674216451
-0.3710464387
-0.3875463318
-0.3975594572
-0.4105232591
-0.3818165871
-0.4126200962
-0.3817941714
-0.3873406652
-0.3711711108
-0.3569014988
-0.3587741325
-0.3674502379
-0.3588336914
-0.3674095828
-0.3709980668
0.552913219
0.5364012864
0.5375413866
0.5128704838
0.523995051
0.5253228788
0.5115411517
0.4671348213
0.4410713477
0.4380350511
0.4234869091
0.445379253
0.4404750512
0.4648992483
0.4672423427
0.5061996746
0.5069821742
0.4886280903
0.4546205116
0.4561143802
0.4873530952
0.486615398
0.4693366938
0.4945154388
0.4570293711
0.4966892533
0.4612152305
0.4844033249
0.5529070618
0.5363715929
0.5375365492
0.5128655724
0.523982237
0.525318453
0.5115201424
0.4671343194
0.423483688
0.4410951377
0.4380038418
0.4453808504
0.4404743582
0.4648970597
0.4672441071
0.5061813221
0.5069780477
0.4886278852
0.4546196296
0.4561148031
0.4873594027
-0.0279285974
0.06563595517
-0.05409620588
0.06611659216
-0.053323961
0.03262201421
0.03191790276
0.07530088793
0.1177557025
0.05174912313
0.09795847236
0.1215780533
0.05468715444
0.07308682711
-0.06153033714
-0.06001065182
-0.05908699316
0.01472861879
-0.0006082844021
0.0007623846863
0.01351964839
0.1917306977
0.1374442538
0.1382511275
0.1011607709
0.1491234243
0.1515309554
0.09977459294
-0.02795779226
0.06567146423
-0.05414249164
0.06611884413
-0.05334999595
0.03261041132
0.0319018776
0.07529174428
0.0979480454
0.1177576722
0.05172850153
0.1215750342
0.05467919234
0.07306729944
-0.06153764049
-0.06005304471
-0.05909645346
0.01471715962
-0.0006291445976
0.0007558156816
0.01349176684
-0.3484870582
-0.3486386249
-0.3488262673
-0.3420539403
-0.3407510928
-0.3407036271
-0.3420160541
-0.3515140052
-0.3434142555
-0.3499227032
-0.3436191329
-0.3500490959
-0.3430723697
-0.3430445242
-0.3484720074
-0.3487531742
-0.3488358145
-0.3420529365
-0.3408117206
-0.3407127823
-0.3420420494
-0.4457139941
-0.4336243932
-0.4337132386
-0.3824070856
-0.3999816266
-0.3999473359
-0.3826171863
-0.3135328475
-0.2819504697
-0.277674297
-0.2476442409
-0.2814351323
-0.2764795216
-0.3139529945
-0.3384739076
-0.3572075585
-0.3010573013
-0.3186886042
-0.3570195348
-0.3002202631
-0.3387966645
-0.3799043919
-0.4118664325
-0.4116440786
-0.3575488584
-0.3234137263
-0.3235321591
-0.3578927797
-0.4457114049
-0.4336149373
-0.4337130429
-0.382414131
-0.3999702613
-0.3999442117
-0.3826300957
-0.3135901857
-0.2476538721
-0.2816847135
-0.2777875347
-0.2814074857
-0.2765214765
-0.3140960046
-0.3384868001
-0.3186898629
-0.3571907699
-0.3010817167
-0.3570158688
-0.300232888
-0.3388235779
-0.4019073094
-0.419757535
-0.4200324656
-0.3970615979
-0.3864300761
-0.3864957616
-0.3969774778
-0.372211592
-0.3686445179
-0.3393050305
-0.3317409533
-0.368614113
-0.3391441146
-0.3722048338
-0.3698001414
-0.36541536
-0.3417866817
-0.3418828102
-0.3654393073
-0.3416653749
-0.3698333195
-0.4510151497
-0.4378692327
-0.4381763553
-0.4065319846
-0.4090044048
-0.4092311925
-0.4064266799
-0.401906665
-0.4197774715
-0.4200329751
-0.3970882634
-0.3867069118
-0.386502778
-0.3971114549
-0.3722459069
-0.3317516902
-0.3686677155
-0.3393720853
-0.3686240699
-0.3391689976
-0.3722971338
-0.3698607705
-0.3418904829
-0.3659211089
-0.3419019524
-0.3654974525
-0.3416963539
-0.3700491099
0.3392877161
0.3021234902
0.3281187024
0.3100011471
0.339287555
0.302119594
0.3281101838
0.4073718225
0.3737618714
0.360571611
0.3720764367
0.4115554694
0.3688950629
0.3691075414
0.3079372501
0.2647123042
0.2829041325
0.2858762253
0.3079308494
0.2646101484
0.2828072038
0.3505521337
0.3319072602
0.3118551921
0.3368140998
0.3702072832
0.3210288511
0.3164298868
0.4045744197
0.3967283734
0.4077713536
0.3723476959
0.359714374
0.3679455061
0.3680990665
0.2522717579
0.2193399162
0.2115244841
0.2561016367
0.2523340677
0.2193097861
0.2115320925
0.2346541231
0.2562272216
0.2319374729
0.2799218088
0.2658629912
0.2452707424
0.2226622302
0.1720993573
0.1514965225
0.1418676469
0.1845470201
0.1721296662
0.151482418
0.1418713168
0.1604383104
0.1235682803
0.1303082023
0.1675530838
0.1798519296
0.1464833506
0.1078128673
0.03403014619
0.07835248924
0.03796125866
0.02562888805
0.05213713845
0.06277969271
0.02060999681
-0.1252205083
-0.1885321179
-0.1879554856
-0.168120538
-0.1161223536
-0.1150267759
-0.1691388155
-0.3898508475
-0.3768930267
-0.376994192
-0.3773536082
-0.37748101
-0.3675585956
-0.3676717118
-0.3475304152
-0.3401303313
-0.3399889449
-0.3390187892
-0.3442334505
-0.3442340415
-0.3391588848
0.05338602933
0.06026707685
0.03790875517
0.08303403733
0.05338511836
0.06025936071
0.03790838964
-0.08490840616
-0.004785201646
-0.0401444326
0.006791327288
-0.08494393877
-0.004786830259
-0.04014902379
-0.110818898
-0.1304393666
-0.1060341047
-0.07818935734
-0.1225236499
-0.0689942652
-0.1183925652
-0.2488234477
-0.2195314314
-0.2457437355
-0.2201784507
-0.2053984701
-0.1950292495
-0.2260833391
-0.3098560475
-0.3000967674
-0.3094899394
-0.2838026824
-0.2743725214
-0.2732970745
-0.2844790107
-0.3195636912
-0.3015030894
-0.3203102082
-0.2998316417
-0.3200016117
-0.2992693561
-0.3019851897
-0.2888191471
-0.320976477
-0.2887415571
-0.1239255193
-0.08222767455
-0.1077529107
-0.08713004318
-0.1239282929
-0.08223520015
-0.1077508537
-0.1875560004
-0.1384871266
-0.1638578156
-0.1568604123
-0.1875607812
-0.1384885657
-0.1638632499
-0.2312699056
-0.1880922306
-0.2061248582
-0.2126160311
-0.2312856816
-0.1880998596
-0.2061328974
-0.2517398874
-0.2208231548
-0.2347984604
-0.2439781438
-0.2517857108
-0.2208305491
-0.2348212217
0.4291173138
0.4450080343
0.4384845739
0.4216923386
0.4040519388
0.4270139054
0.3985036238
0.3991952979
0.3533844687
0.3469579873
0.3502369917
0.3618396633
0.3862398411
0.3601740686
0.4160029842
0.4072411622
0.4254514214
0.4111200928
0.372716675
0.3959401852
0.3877360508
0.4073703046
0.372076639
0.3737592158
0.360610317
0.4115549491
0.3688973739
0.3691144882
0.4450024127
0.4291162295
0.438479526
0.4216907944
0.4040473219
0.4270111099
0.3985246092
0.399189386
0.3502325263
0.3533675862
0.3469763058
0.3618347034
0.3862321234
0.3601614591
0.4072357183
0.4159974765
0.4254499944
0.411113764
0.3726656251
0.3959296861
0.3877022284
0.3845530987
0.3498072006
0.3539733398
0.3483077441
0.3756133286
0.3603577427
0.3351527665
0.3212317
0.3123034571
0.2899902476
0.3203766838
0.3446732373
0.2967187098
0.3162488524
0.3505444802
0.3367975287
0.3318544522
0.3118655232
0.3701992929
0.3210212054
0.3164194308
0.3845626626
0.3498033612
0.3539698463
0.3483032524
0.3756120328
0.3603542544
0.3351486408
0.3212225885
0.3203768668
0.3123254459
0.28995381
0.344672202
0.296707873
0.3162383267
0.4167489935
0.3650037898
0.366290734
0.4142116621
0.4159605193
0.3732401286
0.3710223723
0.3363253091
0.3228291351
0.2916304572
0.3118340659
0.3413849147
0.3003398764
0.3292652832
0.2692272615
0.3147515444
0.3165728572
0.3301706208
0.2843488682
0.2885625409
0.326967861
0.3967383711
0.4046685708
0.4077820436
0.3723412383
0.3597067071
0.3679406285
0.3680839099
0.4167454424
0.3649598114
0.3662810401
0.4142547767
0.4159620295
0.3732326742
0.3710014222
0.3363245607
0.3118325712
0.3228449705
0.2916377726
0.3413852506
0.300343087
0.3292639818
0.2692284715
0.3147472971
0.3165686892
0.3301708234
0.2843732719
0.2885656204
0.3269631277
0.2267492206
0.1837256305
0.1884545921
0.2167840669
0.2451067556
0.2508111314
0.2077266885
0.2191584227
0.2095360066
0.1479122591
0.186134676
0.2109833553
0.1980653032
0.1818489475
0.1496936829
0.1335805228
0.1582456272
0.1915534062
0.1391227482
0.1684039385
0.169172768
0.2346547807
0.279928466
0.2562521191
0.2319597803
0.2658675904
0.2452716539
0.2226663019
0.2267394592
0.1837316994
0.1884576451
0.2167831287
0.2450875035
0.2508077739
0.2077074621
0.2191624638
0.1861475492
0.2095290804
0.1479576555
0.2109838115
0.1980774683
0.1818573583
0.1335777676
0.1497252973
0.1582483641
0.1915552197
0.1391947821
0.1684142972
0.1691899669
0.1118746657
0.1191580739
0.1158791668
0.07899219398
0.1454383352
0.09370016688
0.1009363763
0.09052894847
0.04922457048
0.06479313774
0.0879561416
0.09510647971
0.07783727168
0.08866928286
0.1604346716
0.1675627864
0.1235531767
0.1303159156
0.1798668602
0.1464893731
0.107795313
0.1118750298
0.1191535491
0.1158208389
0.07911055467
0.145452486
0.09374470404
0.1009325954
0.09052620923
0.08795105671
0.049251511
0.06478588858
0.09511446931
0.07783506532
0.08866446513
-0.06319763466
-0.01116805607
-0.00940197651
-0.01669650556
-0.06432508291
-0.06342312731
-0.01825476208
0.01732640105
0.03058321402
0.006215637104
0.04651320027
0.05732608782
0.01192965072
0.00997278748
-0.0240955822
-0.06485001638
-0.02214859104
-0.06156566546
-0.06343316571
-0.03693317867
-0.02295280535
0.07834312063
0.03401631108
0.03795763412
0.02562331326
0.05215344385
0.06279152934
0.02059072946
-0.06322117939
-0.01118152909
-0.00940848083
-0.01671067552
-0.06440093778
-0.06345280779
-0.01828558183
0.01731562787
0.04650169168
0.03057316427
0.006193389827
0.05731991014
0.01191983569
0.009947400601
-0.0241091811
-0.06158177437
-0.06491638245
-0.02218444148
-0.0634573182
-0.03694479617
-0.02298859051
-0.3178262366
-0.2565600702
-0.2565023452
-0.2758505026
-0.2752905125
-0.2237288689
-0.2240771204
-0.1506685816
-0.1086557939
-0.1398669347
-0.09572497173
-0.1054192265
-0.1360370804
-0.1528965172
-0.2419980997
-0.2140333659
-0.2413297565
-0.1974852508
-0.1777487554
-0.1768081562
-0.1983942714
-0.1252588437
-0.1886599971
-0.1879881651
-0.1681681154
-0.1162577597
-0.1150745525
-0.1693590996
-0.3177662068
-0.2566203432
-0.2565073275
-0.2753781215
-0.2751361516
-0.2237339993
-0.2245457271
-0.1506987136
-0.09574154611
-0.1087569171
-0.1399505169
-0.1054547111
-0.1360470807
-0.1530598437
-0.213993814
-0.2411523251
-0.2411169192
-0.1973945329
-0.1776253075
-0.1767618312
-0.1983577006
-0.3538189404
-0.3644323468
-0.3645023727
-0.3582916588
-0.349169131
-0.349098286
-0.3582108412
-0.3601340477
-0.3402803022
-0.3602792642
-0.3543560841
-0.3382007716
-0.3380215025
-0.354456427
-0.3484565934
-0.3421258393
-0.3353452948
-0.3318262413
-0.3419875869
-0.3350542703
-0.3484252824
-0.3897909507
-0.376699735
-0.3769859099
-0.3770889995
-0.3773435534
-0.3674516099
-0.366653804
-0.3538351166
-0.3643501591
-0.3645056189
-0.3583433263
-0.3492659036
-0.3491293688
-0.3582248573
-0.3402142565
-0.3605014391
-0.3602009692
-0.3542303443
-0.3379744689
-0.3379441889
-0.3538466432
-0.3485191397
-0.3318465364
-0.3422629413
-0.3352023045
-0.342043897
-0.3350420036
-0.3485239086
-0.3349081586
-0.3378438329
-0.3271436493
-0.3287684062
-0.337682768
-0.3263802462
-0.3350484021
-0.3475056328
-0.340152786
-0.3399966308
-0.3390133047
-0.3441705884
-0.3442147217
-0.3391156025
-0.334911983
-0.3287955961
-0.3378907968
-0.327163388
-0.3376977966
-0.3263833749
-0.3350520331
-0.1917436507
-0.1557857396
-0.1603832934
-0.1789747932
-0.1614643251
-0.1724034338
-0.1417656785
-0.1486127827
-0.1890957302
-0.1424343159
-0.1086368914
-0.1313058398
-0.1289806481
-0.1384401057
-0.1108240212
-0.07819474377
-0.1304548376
-0.106048691
-0.1225182111
-0.06900005261
-0.1184051981
-0.1917315864
-0.1557612455
-0.1602808453
-0.178934152
-0.1614401317
-0.1723887583
-0.1417484771
-0.148599807
-0.1086356933
-0.1890553209
-0.142429757
-0.1313061309
-0.1289819573
-0.13842109
-0.2700888819
-0.2864006939
-0.2683540873
-0.2417755146
-0.2611292022
-0.2593682241
-0.2447536512
-0.1958674814
-0.2003167143
-0.1939510163
-0.1431286025
-0.1626736836
-0.1765088313
-0.2099404904
-0.2188627719
-0.2395036613
-0.2071086889
-0.2171520896
-0.2363044119
-0.20006631
-0.2245622465
-0.2195254443
-0.2488578993
-0.2457583493
-0.2201827531
-0.2053496198
-0.1950164304
-0.2260868609
-0.2864021975
-0.2701080478
-0.2683608079
-0.2417855901
-0.2611354965
-0.2593709222
-0.2447866666
-0.1958689973
-0.1431380905
-0.2003288347
-0.1939435086
-0.162680312
-0.1765076425
-0.2099410408
-0.2188667669
-0.217153285
-0.2395086319
-0.2071287513
-0.2363066732
-0.2000702114
-0.22457394
-0.3152885688
-0.3183120948
-0.3149786498
-0.2910752901
-0.2967422621
-0.296223473
-0.2916591523
-0.2614699172
-0.2522376927
-0.2439050106
-0.2308960029
-0.2502119791
-0.2429494802
-0.2628944982
-0.2695611101
-0.2773185975
-0.252038468
-0.2595538812
-0.276134282
-0.2510425146
-0.2707944286
-0.3001058461
-0.3099064397
-0.3095076498
-0.2838150779
-0.2743922116
-0.2733041042
-0.2845209748
-0.3183237832
-0.3153321946
-0.3149953892
-0.2910833353
-0.2967729252
-0.2962362051
-0.2916727786
-0.2614795658
-0.2309014215
-0.2522511003
-0.243946111
-0.2502172755
-0.2429607504
-0.2629217777
-0.2695704905
-0.2595638108
-0.2773635518
-0.252050756
-0.2761454764
-0.2510496349
-0.2708210994
-0.3021591927
-0.3201136753
-0.3064187477
-0.3197529842
-0.3193094839
-0.3057461993
-0.3029246532
-0.2830253541
-0.2816979315
-0.2721435506
-0.2639304259
-0.279962098
-0.2716368401
-0.2842578707
-0.3195683205
-0.3014939203
-0.3203028713
-0.2998530347
-0.3199659388
-0.2992780685
-0.3019696207
-0.3021528919
-0.3197510028
-0.3200198539
-0.306407528
-0.3192767257
-0.3057458951
-0.3029084969
-0.2830482491
-0.2639346189
-0.2816759053
-0.2721779168
-0.2799653305
-0.2716553371
-0.2842731044
-0.3268091915
-0.305423979
-0.3192797778
-0.3265128897
-0.3040026353
-0.3026537796
-0.3042667213
0.2656207262
0.2300555975
0.2952201771
0.2748346484
0.2697826959
0.2507568574
0.2385765739
0.2952321358
0.2656810258
0.230112273
0.2748475509
0.2697901788
0.2507685835
0.2386257072
-0.03257776365
-0.08806610288
-0.03681727563
-0.04196984785
-0.02349435032
-0.0343452586
-0.0478562387
-0.03682895601
-0.03260667386
-0.08808960022
-0.0419786778
-0.02350309616
-0.03435312046
-0.04787815136
-0.3193008139
-0.3268570176
-0.3054747214
-0.3265129131
-0.3040018753
-0.3026404566
-0.3042815861
-0.100342446
-0.1003747575
-0.09975712562
-0.1003585699
-0.1003966661
-0.09977922195
-0.3568575011
-0.3579569085
-0.3595216039
-0.3568521031
-0.3579509381
-0.3595158215
0.5893326372
0.5940759388
0.59511628
0.6109179391
0.6170459026
0.6226258392
0.6064663269
0.6101875387
0.6108840214
0.5929778465
0.6000533271
0.6058483641
-0.341238696
-0.3410252726
-0.3397643266
-0.225591728
-0.2292113224
-0.2304356538
-0.222823334
-0.2254901772
-0.2246223629
0.5370079521
0.541237161
0.5418414287
0.5411080859
0.5473840692
0.5523518684
0.5893269251
0.5940702163
0.5951106673
0.6108953755
0.6170229061
0.6226023884
0.6064590798
0.6101801832
0.6108766732
0.5929605031
0.6000356267
0.6058304767
0.5370042173
0.5412334713
0.5418378576
0.541096507
0.5473724063
0.5523401972
0.4427318009
0.4451651444
0.4491954147
-0.3310785826
-0.3318321114
-0.3330959046
-0.3310842522
-0.3318369016
-0.3331006405
0.05881870125
0.06314841319
0.06546040777
0.05546696624
0.05975223902
0.06139627626
0.1764166007
0.1745865903
0.1745577226
0.05881671337
0.06314628516
0.06545857635
0.05546381127
0.05974922094
0.06139322437
-0.1002094285
-0.0998342637
-0.09842882072
-0.100214624
-0.09984422696
-0.09843869529
-0.353630772
-0.3532691936
-0.351864053
-0.3536258873
-0.3532644296
-0.3518593445
-0.338844966
-0.3394401036
-0.3409559552
-0.3446825248
-0.3458616006
-0.3474501775
-0.5277434569
-0.5286094709
-0.5327935774
-0.3837043984
-0.3853985483
-0.3873269252
-0.4163999581
-0.4194167714
-0.4221146813
0.442733644
0.4451666269
0.4491953976
0.3327408498
0.3388153602
0.3428523707
0.1772774125
0.1762285979
0.1774848788
0.3327318853
0.3388080219
0.3428468961
0.1772739965
0.1762255858
0.1774829241
-0.3388356284
-0.3394314956
-0.3409472765
-0.3446786382
-0.3458565494
-0.3474448307
-0.4436753872
-0.4503932825
-0.4533002984
-0.4436752112
-0.4503951238
-0.453304083
-0.5277379562
-0.528603874
-0.5327888242
-0.423358917
-0.4264159397
-0.428902602
-0.4233477328
-0.4264036562
-0.4288905567
-0.4163637081
-0.4193808601
-0.4220784154
-0.3364477936
-0.3357191776
-0.3344133118
-0.5267567611
-0.525468205
-0.5255598061
-0.4973693405
-0.5002407247
-0.498123385
-0.5016748248
-0.5063918203
-0.5086572116
-0.4855677431
-0.486891553
-0.4868663337
-0.5392465334
-0.5458666832
-0.5514633069
-0.53669615
-0.5411846522
-0.5424933628
-0.4895692733
-0.4927755119
-0.4966723181
-0.3798227299
-0.3799768422
-0.3788028458
-0.4139382123
-0.4152935531
-0.4146401136
0.4403082905
0.4409378875
0.4415617885
0.440306372
0.4409367592
0.4415619029
-0.3275790315
-0.3270670683
-0.3255903467
-0.3275799519
-0.3270679668
-0.3255912148
0.3287398325
0.3336574895
0.3349327082
0.1764205581
0.1745900004
0.1745603068
0.328736596
0.3336545539
0.3349309287
-0.352884868
-0.3517928094
-0.3532907893
-0.2255961272
-0.2292170006
-0.2304417161
-0.2228249937
-0.2254918172
-0.2246240659
-0.3529025066
-0.3518105663
-0.3533101705
-0.3525102472
-0.3499471579
-0.3487438249
-0.3509020777
-0.3516605032
-0.3531795936
-0.3755694834
-0.3771557328
-0.3790570733
-0.3483253912
-0.3477425335
-0.3463332434
-0.3726195091
-0.3727506056
-0.3715275007
-0.3836668586
-0.3853600065
-0.3872879336
-0.3798079672
-0.3799621218
-0.3787881974
-0.3508858605
-0.3516450758
-0.3531647927
-0.3755278678
-0.3771146297
-0.3790149016
-0.3483203377
-0.3477375198
-0.3463283482
-0.3726076532
-0.3727386306
-0.3715153506
-0.3364453186
-0.3357165955
-0.3344105344
-0.3412357894
-0.3410221763
-0.3397610576
-0.3525057171
-0.3499421293
-0.348737795
-0.439544429
-0.444642354
-0.4437075335
-0.4395452681
-0.4446435111
-0.4437100689
-0.5454924992
-0.551804539
-0.5524212213
-0.5131036152
-0.5164247704
-0.5200285625
-0.5087248003
-0.5101048351
-0.509609081
-0.5473922303
-0.5558767775
-0.5608852194
-0.5267528636
-0.5254651019
-0.5255576628
-0.4973588264
-0.500229769
-0.4981123518
-0.5016462107
-0.506361887
-0.5086265119
-0.5454841281
-0.5517961762
-0.552412993
-0.5130818004
-0.5164028362
-0.5200064042
-0.5087175006
-0.5100975042
-0.5096018297
-0.5473686648
-0.5558529187
-0.5608611512
-0.4188903386
-0.4202671922
-0.4193228398
-0.4737930319
-0.4763616176
-0.4766558485
-0.4764408466
-0.4808834984
-0.4849770764
-0.4855627185
-0.4868865571
-0.4868614609
-0.5392275433
-0.5458476254
-0.5514440185
-0.5366896366
-0.5411781573
-0.5424868953
-0.4895544833
-0.4927606257
-0.4966574016
-0.4188841253
-0.4202609347
-0.4193168735
-0.4737872534
-0.4763560405
-0.4766504581
-0.4764248596
-0.4808678402
-0.4849615574
-0.4139255313
-0.4152806734
-0.4146270922
)
;

boundaryField
{
    inlet
    {
        type            zeroGradient;
    }
    outlet
    {
        type            fixedValue;
        value           nonuniform 0();
    }
    topAndBottom
    {
        type            symmetry;
    }
    frontAndBack
    {
        type            empty;
    }
    cylinder
    {
        type            zeroGradient;
    }
    procBoundary2to0
    {
        type            processor;
        value           nonuniform List<scalar> 
75
(
0.08945190382
0.08975903786
0.09051415309
0.0917425417
0.09343752706
0.09563160371
0.09839458756
0.1018165042
0.1060075107
0.1111094822
0.1173096069
0.1248559192
0.1340789916
0.145426316
0.1595081699
0.1771875579
0.1996270625
0.2286874102
0.2662468778
0.3100022858
0.3640224028
0.4652440083
0.575729837
0.5756991501
0.551772482
0.4652199023
0.5517520713
0.5781153179
0.5863562336
0.5854964424
0.5781084348
0.586333386
0.5854897796
0.435759204
0.3640090365
0.4357340059
0.4945215715
0.469338701
0.4966897858
0.5529088332
0.5239921887
0.5253201199
0.4693355975
0.4945141378
0.4966877288
0.5529028134
0.5239797833
0.525315853
0.3392905013
0.310006115
0.3392926634
0.3737612482
0.3720770641
0.41155586
0.4450072138
0.4040512062
0.4270138165
0.3720776785
0.3737594836
0.4115557039
0.4450019162
0.404047467
0.4270113928
0.6109085986
0.6170364566
0.6226162459
0.6064573129
0.6101784968
0.6108749381
0.6108862784
0.6170137279
0.6225930761
0.606450194
0.6101712764
0.610867728
)
;
    }
    procBoundary2to3
    {
        type            processor;
        value           nonuniform List<scalar> 
103
(
-0.2552494925
-0.2552494925
-0.2552494925
-0.2552494925
-0.2552494925
-0.2552494925
-0.2136725958
-0.1803644989
-0.1533822242
-0.1316539202
-0.114113048
-0.09981546791
-0.08810258936
-0.0784613768
-0.07049117774
-0.06388679164
-0.05841440584
-0.05389139021
-0.05017675818
-0.04716117557
-0.04475979424
-0.04290802088
-0.04155811129
-0.04067488566
-0.04023741798
-0.3375468556
-0.3388769313
-0.337536966
-0.3395204897
-0.3289459034
-0.3272566501
-0.3289530665
-0.3272577152
-0.3431605507
-0.3431605507
-0.3425686316
-0.3425686316
-0.3393997947
-0.33929536
-0.3375428794
-0.3388658174
-0.3375268333
-0.3395175046
-0.3431576129
-0.3431576129
-0.3425555963
-0.3425555963
-0.3393183532
-0.3392891623
-0.3389019053
-0.3391228992
-0.3383414056
-0.3383231784
-0.3378766027
-0.3370562273
-0.3370336312
-0.3378379875
-0.3389943565
-0.3391274417
-0.3383385018
-0.3383463828
-0.3378773026
-0.3370681876
-0.3370358874
-0.3378483384
-0.3359670321
-0.3359388995
-0.3344285115
-0.3348123959
-0.3181238093
-0.3181238093
-0.3181238093
-0.3181238093
-0.2973609185
-0.318102067
-0.318102067
-0.318102067
-0.318102067
-0.2973103253
-0.3321540726
-0.3240672325
-0.323119459
-0.3327961116
-0.3360643365
-0.3359576911
-0.3344406595
-0.3348504352
-0.3321589321
-0.3240355171
-0.3231059066
-0.3328109965
-0.3221958544
-0.322296713
-0.3234194075
-0.322195897
-0.3222968228
-0.3234195993
-0.3196449052
-0.3184570546
-0.3169060989
-0.3196460721
-0.3184582866
-0.3169074327
)
;
    }
}


// ************************************************************************* //
