/*--------------------------------*- C++ -*----------------------------------*\
| =========                 |                                                 |
| \\      /  F ield         | OpenFOAM: The Open Source CFD Toolbox           |
|  \\    /   O peration     | Version:                                        |
|   \\  /    A nd           | Website:  www.openfoam.com                      |
|    \\/     M anipulation  |                                                 |
\*---------------------------------------------------------------------------*/
FoamFile
{
    version     2.0;
    format      ascii;
    class       volScalarField;
    location    "9.3";
    object      p;
}
// * * * * * * * * * * * * * * * * * * * * * * * * * * * * * * * * * * * * * //

dimensions      [0 2 -2 0 0 0 0];


internalField   nonuniform List<scalar> 
2429
(
-0.04651607436
-0.0505516284
-0.05412140079
-0.05718130596
-0.05969835938
-0.06165206546
-0.06303466522
-0.06385076283
-0.06411708532
-0.06386091618
-0.06311855459
-0.06193410315
-0.06035785116
-0.05844303642
-0.05624234423
-0.05381147767
-0.05120746358
-0.04848346617
-0.04568721857
-0.0428611264
-0.04004236805
-0.03726269978
-0.03454845869
-0.03192092034
-0.02939681209
-0.02698881886
-0.02470605944
-0.02255453408
-0.0205375328
-0.01865598827
-0.01690880869
-0.01529320574
-0.01380502301
-0.01243904062
-0.01118925847
-0.01004915361
-0.009011907746
-0.008070589469
-0.007218292836
-0.006448239808
-0.005753859413
-0.005128864574
-0.004567255011
-0.004063712388
-0.003612944508
-0.003209475845
-0.002848900638
-0.002527013195
-0.002239934302
-0.00198412508
-0.00175635962
-0.001553689414
-0.00137343502
-0.001213193206
-0.001070757331
-0.0009441459141
-0.0008315869436
-0.0007314728944
-0.0006423552992
-0.0005629381244
-0.000492063419
-0.0004286840936
-0.00037185426
-0.0003207238308
-0.0002745287749
-0.0002325681502
-0.0001942043136
-0.0001588384396
-0.0001259703746
-9.494151158e-05
-6.591887543e-05
-3.63220926e-05
-1.700447115e-05
-0.04694550987
-0.05102937359
-0.05463726683
-0.05772441588
-0.06025758842
-0.0622163027
-0.0635930651
-0.06439285673
-0.0646337258
-0.06434411053
-0.06356141861
-0.06233063209
-0.0607038346
-0.05873648358
-0.05648374783
-0.05400313961
-0.05135174175
-0.04858301512
-0.04574552611
-0.04288245417
-0.04003135913
-0.03722408112
-0.03448688209
-0.03184084115
-0.02930237878
-0.02688379461
-0.02459378484
-0.02243791253
-0.02041902896
-0.01853764629
-0.01679228964
-0.01517983045
-0.01369580992
-0.01233474051
-0.0110903921
-0.009956051523
-0.008924744619
-0.007989411054
-0.007143039207
-0.006378768291
-0.005689969402
-0.005070317705
-0.004513802194
-0.004015085449
-0.003568599666
-0.003169282402
-0.0028125121
-0.002494127498
-0.002210275942
-0.001957440007
-0.00173241422
-0.001532248358
-0.001354228784
-0.001196025815
-0.001055441431
-0.0009305053063
-0.000819474049
-0.0007207424938
-0.0006328677189
-0.0005545701743
-0.0004847074767
-0.0004222411192
-0.0003662358926
-0.0003158529702
-0.0002703388902
-0.0002290022434
-0.0001912148878
-0.0001563873482
-0.0001240249
-9.347423577e-05
-6.490790247e-05
-3.57519246e-05
-1.678960498e-05
-0.04781324719
-0.05199305409
-0.05567707888
-0.05881901132
-0.06138473216
-0.06335358138
-0.06471857153
-0.06548601301
-0.0656757795
-0.06531849405
-0.06445420692
-0.06313076476
-0.06140432253
-0.05933302671
-0.0569756831
-0.0543931099
-0.0516441943
-0.04878388048
-0.04586233077
-0.04292398407
-0.04000706052
-0.03714357605
-0.03435964034
-0.03167592758
-0.02910824852
-0.02666813861
-0.02436342691
-0.02219876945
-0.02017612326
-0.01829515539
-0.01655360903
-0.01494764715
-0.0134721838
-0.01212119093
-0.01088798033
-0.00976545397
-0.008746312299
-0.007823229733
-0.006988985692
-0.006236553068
-0.005559180623
-0.004950468924
-0.004404362969
-0.003915428167
-0.003478013593
-0.003087089728
-0.002738168806
-0.002427033492
-0.002149827603
-0.001903080192
-0.001683647624
-0.001488577974
-0.00131525285
-0.001161235743
-0.001024436045
-0.000902916497
-0.0007949683753
-0.0006990094081
-0.0006136412127
-0.000537625348
-0.0004698300629
-0.0004092259829
-0.0003549024655
-0.0003060413241
-0.0002619014645
-0.0002218106999
-0.0001851803375
-0.0001514364519
-0.0001200881834
-9.049847676e-05
-6.283645571e-05
-3.460766879e-05
-1.626488774e-05
-0.0491378231
-0.05346490104
-0.05726576721
-0.0604915958
-0.06310684786
-0.06509062516
-0.06643680537
-0.06715351053
-0.0672636226
-0.0668008468
-0.06580962075
-0.0643445572
-0.06246592219
-0.06023449773
-0.05771621188
-0.0549767408
-0.05207804946
-0.04907781703
-0.04602851905
-0.04297618947
-0.03995989251
-0.03701186759
-0.0341579589
-0.03141817381
-0.02880732497
-0.02633571718
-0.02400982054
-0.02183289163
-0.01980550914
-0.01792603297
-0.01619100408
-0.01459551473
-0.01313354574
-0.01179826161
-0.01058228288
-0.009477931466
-0.008477421266
-0.007573043638
-0.00675726964
-0.006022810647
-0.005362734808
-0.004770578073
-0.004240196762
-0.00376598345
-0.003342229382
-0.002964048211
-0.002626972013
-0.002326739801
-0.002059551271
-0.001821970943
-0.001610893805
-0.001423395257
-0.001256910483
-0.001109199861
-0.0009781496201
-0.0008617968436
-0.0007584304285
-0.0006665026565
-0.0005848388943
-0.0005122477522
-0.000447555449
-0.000389741917
-0.0003379421313
-0.0002913730131
-0.0002493057682
-0.0002110809424
-0.0001761982235
-0.0001440865411
-0.0001142549842
-8.609614946e-05
-5.977565693e-05
-3.291896365e-05
-1.548035877e-05
-0.05095165358
-0.05548128175
-0.05944217439
-0.06278214368
-0.06546384117
-0.06746613883
-0.06878419635
-0.0694288743
-0.06942657563
-0.06881529816
-0.06764992241
-0.06599047934
-0.06389812369
-0.06144500519
-0.05870586925
-0.05575122528
-0.05264745058
-0.04945644308
-0.04623382834
-0.04302758989
-0.03987778414
-0.03681685035
-0.0338701411
-0.03105660643
-0.02838957697
-0.02587758945
-0.02352519158
-0.02133367364
-0.01930169659
-0.01742582784
-0.01570098047
-0.01412080546
-0.01267802971
-0.01136472837
-0.01017260995
-0.009093237665
-0.008118173731
-0.007239242414
-0.006448516645
-0.005738318192
-0.005101479925
-0.004531535999
-0.004022227701
-0.003567711861
-0.003162246715
-0.002801083724
-0.002479625526
-0.002193739228
-0.001939916256
-0.001714631827
-0.001514530021
-0.001336801316
-0.001179284144
-0.001040011105
-0.0009166468523
-0.0008071929271
-0.0007099603734
-0.0006234173858
-0.0005467927183
-0.0004788213917
-0.0004182587839
-0.0003641406697
-0.0003156720124
-0.0002721242396
-0.0002328174336
-0.0001971286644
-0.0001645462659
-0.0001345432513
-0.0001066748359
-8.037636446e-05
-5.580065507e-05
-3.072408319e-05
-1.445633741e-05
-0.05329851813
-0.05809154118
-0.06225938418
-0.06574570499
-0.06851103997
-0.0705341307
-0.07181198726
-0.07235920432
-0.0722053485
-0.07139970446
-0.07000864982
-0.06808802003
-0.06571342823
-0.06297186779
-0.05994573017
-0.05671168636
-0.05334279879
-0.04990661146
-0.04646258757
-0.04306098109
-0.0397429045
-0.03654081159
-0.03347917538
-0.03057535794
-0.02784058732
-0.02528096405
-0.02289843919
-0.02069168895
-0.01865686635
-0.01678822432
-0.01507858231
-0.01351976328
-0.01210291958
-0.01081874663
-0.009657864181
-0.00861090842
-0.007668573415
-0.006822205252
-0.006063405728
-0.00538394663
-0.004776484129
-0.004234430095
-0.003751112906
-0.003321051819
-0.002938600443
-0.002598577402
-0.002296002056
-0.002027804646
-0.001790788961
-0.001580995679
-0.001394911305
-0.001229226171
-0.001083308572
-0.0009546904542
-0.000840884632
-0.0007399983599
-0.0006505468144
-0.0005711612483
-0.0005008215161
-0.0004383803511
-0.000382771161
-0.0003331216667
-0.00028868771
-0.0002487887963
-0.0002127972932
-0.0001801460478
-0.000150333622
-0.000122888414
-9.741220237e-05
-7.338464543e-05
-5.093984607e-05
-2.803935481e-05
-1.320377441e-05
-0.05623763862
-0.06136211642
-0.06578852389
-0.06945571697
-0.07232192861
-0.07436584076
-0.07558709545
-0.07600557278
-0.07565775265
-0.07460982081
-0.07292091048
-0.07066153128
-0.06792950548
-0.06482387499
-0.06143539679
-0.05785018274
-0.05415037169
-0.05041029762
-0.04669382133
-0.04305371141
-0.03953205437
-0.03616094446
-0.03296338706
-0.02995442281
-0.02714235516
-0.02453001435
-0.02211596512
-0.01989552552
-0.01786168215
-0.0160058002
-0.0143180766
-0.0127881445
-0.01140527248
-0.01015841707
-0.009037019803
-0.008030631418
-0.00712872872
-0.006322304826
-0.00560229186
-0.004959952305
-0.004388197321
-0.003879893911
-0.003426661224
-0.003025468776
-0.00267106171
-0.002356885207
-0.002076972171
-0.001830687968
-0.001614244917
-0.001423158163
-0.001254066885
-0.001104317023
-0.0009723397211
-0.0008559971616
-0.00075317299
-0.0006621822403
-0.0005816559958
-0.0005103571768
-0.0004471823831
-0.0003911285093
-0.0003412855878
-0.0002968546465
-0.0002571356946
-0.0002215012233
-0.0001893834733
-0.0001602712809
-0.0001337069248
-0.0001092671933
-8.659562222e-05
-6.522438309e-05
-4.526881715e-05
-2.490808397e-05
-1.174194933e-05
-0.05984653442
-0.06537928856
-0.07012134397
-0.0740064917
-0.07699065004
-0.07905234084
-0.0801958077
-0.08044741512
-0.07985610235
-0.07849894175
-0.07642877029
-0.07374562976
-0.0705690923
-0.06701033489
-0.06317267185
-0.0591554549
-0.05505179533
-0.05094378862
-0.04690026079
-0.0429766521
-0.0392157176
-0.03564852555
-0.03229573182
-0.02916905596
-0.02627281073
-0.02360552646
-0.02116144158
-0.01893161276
-0.01690515404
-0.01506993166
-0.01341285245
-0.01192110054
-0.01058177359
-0.00938150113
-0.008308651506
-0.007351406982
-0.006497699681
-0.005738323129
-0.0050627162
-0.004463858292
-0.003934893496
-0.003466577084
-0.003050214528
-0.002683894954
-0.002362619139
-0.00207966261
-0.001829374574
-0.001609238839
-0.001415868946
-0.001245592691
-0.001095456301
-0.0009631192416
-0.0008466021549
-0.0007440315651
-0.0006536457303
-0.0005739138
-0.0005035292623
-0.0004413447583
-0.0003863366859
-0.0003376083957
-0.000294356032
-0.0002558615739
-0.0002214930483
-0.0001906920485
-0.0001629598181
-0.0001378483202
-0.0001149563459
-9.391279555e-05
-7.440620145e-05
-5.602962613e-05
-3.88789775e-05
-2.13808171e-05
-1.009371122e-05
-0.06422509096
-0.07025330879
-0.07537420552
-0.07951701877
-0.08263536601
-0.08470664752
-0.08574465487
-0.08579225415
-0.08490600186
-0.08313830172
-0.08058527242
-0.07737999258
-0.07365597887
-0.0695393841
-0.06515226868
-0.06061113333
-0.05602191735
-0.05147560091
-0.04704655225
-0.04279275939
-0.03875694516
-0.03496809296
-0.03144326988
-0.02818953133
-0.02520578824
-0.02248503736
-0.02001609157
-0.01778452513
-0.0157749304
-0.01397109037
-0.01235551094
-0.01091292125
-0.009627938468
-0.008484162135
-0.007469021408
-0.006568423102
-0.005771952852
-0.005069203763
-0.004445862656
-0.003899258605
-0.003421257886
-0.003001448806
-0.002631304492
-0.002306670023
-0.002022647563
-0.00177369115
-0.001555055929
-0.001363295612
-0.001195371751
-0.001048270161
-0.0009192943813
-0.0008061795482
-0.000706964004
-0.0006199347901
-0.0005435380653
-0.0004763882386
-0.0004172912816
-0.0003652205881
-0.0003192773459
-0.0002786722372
-0.0002427055843
-0.0002107576594
-0.0001822844648
-0.0001568082487
-0.0001339056594
-0.000113198091
-9.43470725e-05
-7.703954085e-05
-6.1013004e-05
-4.592753646e-05
-3.185854497e-05
-1.750587869e-05
-8.281519705e-06
-0.0695018256
-0.07612403167
-0.0816927237
-0.08613431822
-0.08940121761
-0.09147979845
-0.09240257086
-0.09218763554
-0.09089174981
-0.08860378238
-0.08546154894
-0.08161645751
-0.07721878173
-0.07241930906
-0.0673655517
-0.06219463273
-0.0570274329
-0.05196510505
-0.04708792721
-0.04245582942
-0.03811026516
-0.03407656639
-0.03036654867
-0.02698079721
-0.02391076579
-0.02114255404
-0.01865847292
-0.01643658826
-0.01445651783
-0.01269742499
-0.01113591592
-0.009754289519
-0.008533702106
-0.007458823243
-0.006514639314
-0.005681050156
-0.004953658316
-0.0043205492
-0.003765976469
-0.0032820785
-0.002860749063
-0.002493305376
-0.002172627522
-0.001893104377
-0.001649919043
-0.001438381316
-0.001254253702
-0.001093967486
-0.0009545500152
-0.0008332867011
-0.000727715314
-0.0006357221741
-0.0005555103044
-0.0004855310582
-0.0004244153702
-0.0003709593195
-0.0003241288738
-0.0002830401626
-0.0002469276644
-0.0002151231143
-0.0001870417473
-0.0001621720844
-0.0001400682341
-0.0001203412701
-0.0001026495659
-8.668972229e-05
-7.219136033e-05
-5.890494947e-05
-4.662144567e-05
-3.507378147e-05
-2.431643871e-05
-1.334421482e-05
-6.333711191e-06
-0.07584271579
-0.0831690824
-0.08925944782
-0.09404102993
-0.09747228135
-0.09955795057
-0.1003114164
-0.09974421111
-0.09793632335
-0.09501528293
-0.09114947909
-0.08651358034
-0.08128746012
-0.07565590034
-0.06979745962
-0.06387383749
-0.0580236871
-0.05235969655
-0.04696786646
-0.04190868603
-0.03722040483
-0.03292242299
-0.0290191381
-0.02550256315
-0.02235312633
-0.01954846987
-0.01706348805
-0.01486599746
-0.01293019822
-0.01122906166
-0.009738551238
-0.008436605701
-0.007294962098
-0.006305445257
-0.005450251409
-0.004706737963
-0.00406308426
-0.003507156127
-0.003026078711
-0.002609954882
-0.002250826636
-0.001941203953
-0.001674518832
-0.001444697618
-0.001246922866
-0.001076886084
-0.0009306517507
-0.0008048176649
-0.0006965449196
-0.0006033696208
-0.0005231130631
-0.0004539004573
-0.0003941455579
-0.0003424959176
-0.0002977842346
-0.0002590043321
-0.0002252989918
-0.0001959416005
-0.0001703123917
-0.0001478789728
-0.000128182997
-0.0001108300629
-9.548128622e-05
-8.184498278e-05
-6.966807265e-05
-5.872790636e-05
-4.882714241e-05
-3.978474525e-05
-3.144944673e-05
-2.363212068e-05
-1.636606825e-05
-8.95829015e-06
-4.279311032e-06
-0.08346034781
-0.09161199357
-0.09830237775
-0.1034633459
-0.1070655637
-0.1091404719
-0.1096614985
-0.1086565688
-0.1062134789
-0.1025132006
-0.09775299687
-0.09213963184
-0.08589637376
-0.07925235199
-0.07242432233
-0.0656039175
-0.05895090709
-0.05259103012
-0.0466147034
-0.04108034057
-0.03602007013
-0.03144371035
-0.02734469429
-0.02370499861
-0.02048899784
-0.01766337824
-0.01519286139
-0.01304168706
-0.01117630176
-0.00955368246
-0.00815745211
-0.006961021143
-0.005931214861
-0.005048703622
-0.004294294178
-0.003648563413
-0.003096482683
-0.002625749246
-0.002224956321
-0.001884004379
-0.001594565082
-0.001349349809
-0.001141913444
-0.0009665091848
-0.0008183177097
-0.0006933349644
-0.0005879843141
-0.0004991723116
-0.0004243087393
-0.0003612037344
-0.0003079752151
-0.0002630206427
-0.0002249961365
-0.0001927772171
-0.00016541889
-0.000142127153
-0.0001222393609
-0.0001052054081
-9.056755865e-05
-7.794295409e-05
-6.701087648e-05
-5.750319452e-05
-4.919606671e-05
-4.190191229e-05
-3.546164096e-05
-2.973779484e-05
-2.46101727e-05
-1.99703439e-05
-1.572845877e-05
-1.177746826e-05
-8.129354004e-06
-4.415765772e-06
-2.150067308e-06
-0.09263176969
-0.1017332819
-0.1090977208
-0.1146824961
-0.1184916371
-0.1205097313
-0.1207238945
-0.1191523459
-0.1159303143
-0.1112688882
-0.1053979584
-0.09857449603
-0.09108182906
-0.08320550469
-0.07521050907
-0.06732470956
-0.05973161823
-0.0525724881
-0.0459394435
-0.03988488856
-0.03443067087
-0.02957076252
-0.02527914276
-0.02152456578
-0.01826340761
-0.01544715962
-0.01301651747
-0.01094473586
-0.009187722078
-0.007689537483
-0.006418553044
-0.005347054158
-0.004443208581
-0.003680943291
-0.003040101413
-0.002502991289
-0.002053875128
-0.001679527697
-0.001368515883
-0.001110862216
-0.0008981595143
-0.0007233306856
-0.0005801399499
-0.0004633397807
-0.0003684411702
-0.0002917386403
-0.0002300355556
-0.0001806065046
-0.0001411826755
-0.0001098859937
-8.515233165e-05
-6.568422359e-05
-5.041945199e-05
-3.849621143e-05
-2.92173117e-05
-2.202073498e-05
-1.64570854e-05
-1.217021286e-05
-8.87912814e-06
-6.36267179e-06
-4.447864762e-06
-3.000925088e-06
-1.91948324e-06
-1.125220162e-06
-5.572710235e-07
-1.670627076e-07
8.499186446e-08
2.313455225e-07
2.975854015e-07
3.05756751e-07
2.650886058e-07
2.120812772e-07
2.07776491e-08
-0.1037210551
-0.1138913129
-0.1219893477
-0.1280224771
-0.1320508053
-0.1339963188
-0.133798296
-0.1315238408
-0.1273478895
-0.1214957113
-0.1142413249
-0.1059159381
-0.09688289674
-0.08749961549
-0.07809706394
-0.06894685992
-0.0602564281
-0.05218320893
-0.04481842352
-0.03820334868
-0.03234390559
-0.02721296929
-0.02275490755
-0.01890783015
-0.0156412458
-0.01288578056
-0.01055961111
-0.008613238982
-0.006992383051
-0.005636434809
-0.004509894379
-0.003584296286
-0.002824597762
-0.002200680817
-0.001690816354
-0.001277170228
-0.0009436795524
-0.0006765755481
-0.0004644086605
-0.0002975796346
-0.0001680281731
-6.908150864e-05
5.185354695e-06
5.940163989e-05
9.759613802e-05
0.000123112612
0.0001387318903
0.0001467558402
0.0001490625678
0.0001471630538
0.0001422639489
0.0001353201742
0.0001270750433
0.000118095861
0.0001088071447
9.951903981e-05
9.045024875e-05
8.174718385e-05
7.350038659e-05
6.575814819e-05
5.853691459e-05
5.182941574e-05
4.561157058e-05
3.984856432e-05
3.449984264e-05
2.952229373e-05
2.487232029e-05
2.050413697e-05
1.637731412e-05
1.242755273e-05
8.684883235e-06
4.85202527e-06
2.198876842e-06
-0.1171943895
-0.1285241797
-0.1373976986
-0.1439358064
-0.1481436713
-0.1499528357
-0.1492590806
-0.1461488039
-0.1408026466
-0.1334655248
-0.1244810844
-0.114286657
-0.1033492156
-0.0921163223
-0.08100854428
-0.07035407882
-0.06038785405
-0.05127850173
-0.04311214041
-0.03590795115
-0.0296443766
-0.02426617577
-0.01969104363
-0.01583443754
-0.01262569354
-0.009968495685
-0.007781477806
-0.005999454688
-0.004551361134
-0.003367970362
-0.002419979417
-0.001671099567
-0.001080436151
-0.0006160517386
-0.0002553848371
1.973905966e-05
0.0002253023021
0.0003748709963
0.0004795006905
0.0005482131067
0.0005884802955
0.0006064140127
0.0006074560946
0.0005955118738
0.0005740536197
0.0005459505757
0.0005134970367
0.0004785125559
0.0004424223516
0.0004063143436
0.0003709936881
0.0003370356747
0.000304830755
0.0002746218398
0.000246535963
0.0002206109258
0.0001968173361
0.0001750768154
0.0001552770628
0.0001372838145
0.0001209499023
0.0001061220838
9.264641694e-05
8.037249799e-05
6.915640492e-05
5.886170967e-05
4.93603201e-05
4.052733511e-05
3.225578039e-05
2.439526021e-05
1.699594088e-05
9.430155397e-06
4.349220172e-06
-0.133650818
-0.1461606276
-0.1557903497
-0.1628323599
-0.1672294053
-0.1688445708
-0.1675920435
-0.1635105173
-0.1567273248
-0.147524012
-0.1363538441
-0.1238040023
-0.1104836418
-0.09696935409
-0.08379742793
-0.07136146346
-0.05992423627
-0.04966150076
-0.04064040399
-0.03283837843
-0.0261942502
-0.02061099146
-0.01597705477
-0.0121777683
-0.009090216723
-0.006588975479
-0.004603100415
-0.003046434443
-0.001830645445
-0.000882879376
-0.0001589710643
0.0003818117603
0.0007784881041
0.001062032219
0.001255501799
0.001377262218
0.001442757274
0.001464767304
0.00145355649
0.001417331428
0.001362747564
0.001295232449
0.001219276582
0.001138159189
0.001054665955
0.0009710471576
0.0008890310466
0.0008099014439
0.0007345762723
0.0006636664406
0.0005975291352
0.000536320972
0.0004800455514
0.000428591856
0.0003817646269
0.000339308989
0.0003009308077
0.0002663134682
0.0002351314273
0.0002070604957
0.0001817851037
0.0001590031706
0.000138429315
0.0001197966555
0.0001028574315
8.738173801e-05
7.315715587e-05
5.998029814e-05
4.767842745e-05
3.601681577e-05
2.506483787e-05
1.387325479e-05
6.436986857e-06
-0.1539598517
-0.1674642694
-0.1778009725
-0.1852859257
-0.1898230135
-0.1912304171
-0.1894237888
-0.1842625846
-0.1757410004
-0.1641993107
-0.1502589933
-0.1347180244
-0.1183815308
-0.1020164128
-0.08632255837
-0.07178186002
-0.05865952148
-0.04710774378
-0.03717681747
-0.02879362459
-0.02182973425
-0.01611784487
-0.01151760602
-0.007867574227
-0.005002896037
-0.002775812403
-0.00107929086
0.0001888954783
0.001121517468
0.00179283093
0.002257886644
0.002560411496
0.002737387651
0.002818719509
0.00282749237
0.002781674674
0.002695628948
0.002580848635
0.002446380881
0.00229928987
0.002145138664
0.001988502498
0.001832567283
0.001679939912
0.001532644691
0.00139220638
0.001259704224
0.001135826618
0.00102093056
0.0009150973784
0.0008181884383
0.00072990092
0.0006498171324
0.0005774430548
0.0005122371464
0.000453632604
0.0004010555201
0.000353939888
0.0003117392766
0.0002739350012
0.0002400409195
0.000209605587
0.0001822125969
0.0001574795588
0.0001350561499
0.0001146205492
9.587786271e-05
7.854842669e-05
6.239586084e-05
4.710436366e-05
3.276129668e-05
1.810995413e-05
8.428485665e-06
-0.1791646498
-0.1931204214
-0.203741974
-0.2116396441
-0.2164768814
-0.2179284496
-0.2156105519
-0.2091753592
-0.1984834617
-0.1839844542
-0.1664871202
-0.1471031928
-0.126963825
-0.1070717033
-0.08829461077
-0.07125082734
-0.05622515867
-0.0433164706
-0.03247688766
-0.02358292796
-0.01641828078
-0.0107330323
-0.006306954434
-0.002925337678
-0.0003891912324
0.001473139633
0.002801574046
0.003712698666
0.004303784659
0.004652643975
0.004819287797
0.004849454258
0.004779104591
0.004636625718
0.004443799838
0.00421709157
0.003969061406
0.00370935878
0.003445326449
0.003182495357
0.002925053158
0.002676452108
0.002438478922
0.002212796825
0.002000633615
0.001802735024
0.001619457579
0.001450830083
0.001296593471
0.001156246895
0.001029106334
0.0009143659984
0.0008111506155
0.0007185539299
0.0006356651748
0.0005615883544
0.0004954576302
0.0004364498717
0.0003837938117
0.0003367752526
0.0002947384976
0.0002570850015
0.0002232702589
0.0001927996018
0.000165223558
0.0001401319509
0.0001171510523
9.592869221e-05
7.616824201e-05
5.747753665e-05
3.996044832e-05
2.207184428e-05
1.029181816e-05
-0.2103741117
-0.2243411551
-0.2346960726
-0.242111751
-0.2473492113
-0.2498351834
-0.2478709472
-0.2401522532
-0.2266052591
-0.2081513439
-0.1859545683
-0.1614875759
-0.1363526223
-0.1119700294
-0.08942761537
-0.0694075304
-0.05224306791
-0.03793187689
-0.02627775632
-0.01701349213
-0.009805611123
-0.004312495511
-0.0002238970587
0.002735821266
0.004806552615
0.006190153593
0.00705103934
0.007519927982
0.007700290203
0.007672730667
0.007498299022
0.007222280079
0.006878512183
0.006492482549
0.00608310063
0.005664124272
0.005245510701
0.004834461592
0.004436113092
0.004054064192
0.003690874992
0.003348540165
0.003027378429
0.002727999275
0.00245072122
0.002195462376
0.001961815437
0.001749100628
0.001556388583
0.001382539238
0.001226267137
0.001086213363
0.0009610044413
0.0008492915013
0.0007497735656
0.0006612120998
0.0005824420908
0.0005123808273
0.0004500332988
0.0003944933111
0.0003449406156
0.0003006352747
0.0002609105995
0.0002251655296
0.0001928572086
0.0001634927394
0.0001366249959
0.0001118346131
8.876925858e-05
6.696637252e-05
4.65446813e-05
2.569442102e-05
1.19969526e-05
-0.2488550217
-0.2608874433
-0.2734047947
-0.279281557
-0.2841210461
-0.287123328
-0.2863599427
-0.2776631323
-0.2608699004
-0.2375204319
-0.2091276792
-0.1779879416
-0.1463377105
-0.1162811408
-0.08918399265
-0.06577396953
-0.0463050342
-0.03059733804
-0.01825935637
-0.00882395713
-0.00180215773
0.003269983786
0.006802809456
0.009144028887
0.01058171098
0.01134926083
0.01163081101
0.01156797901
0.01126808217
0.01081120901
0.01025576357
0.009643439811
0.009003784251
0.008357706878
0.007719797635
0.007099953747
0.00650467966
0.005938090902
0.00540262436
0.004899633084
0.004429931558
0.003993155998
0.003588676581
0.0032159199
0.00287417044
0.002562479224
0.002279660704
0.002024293962
0.001794723177
0.001589098998
0.001405462243
0.001241837085
0.001096303484
0.0009670387773
0.0008523353049
0.000750606358
0.0006603892369
0.0005803475322
0.0005092709762
0.000446071192
0.0003897735927
0.0003395068656
0.000294491659
0.0002540294198
0.0002174921776
0.0001843120094
0.0001539754098
0.0001260024541
9.999086657e-05
7.541508955e-05
5.240654746e-05
2.891874878e-05
1.351603126e-05
-0.2870886614
-0.3114884771
-0.3214157777
-0.329488265
-0.3344363555
-0.3323328721
-0.3218734739
-0.3013920957
-0.2720714605
-0.2357864976
-0.196153756
-0.1564368941
-0.119464895
-0.08696980005
-0.05974012436
-0.03784839729
-0.02085355696
-0.008078474689
0.00121132863
0.007716598674
0.01205961223
0.01476494727
0.01625820664
0.01687625382
0.016880346
0.01646849737
0.01578714209
0.01494219333
0.01400860884
0.01303809416
0.01206533225
0.01111300808
0.01019558101
0.009321858359
0.008496718223
0.007722346679
0.006999142795
0.00632640886
0.005702878478
0.005127505722
0.004597490091
0.004110903636
0.00366615927
0.003261564357
0.002895304643
0.002565419574
0.002269726185
0.002005781288
0.001770936217
0.001562461098
0.001377679864
0.001214068559
0.001069301398
0.0009412569794
0.0008280073957
0.0007278064971
0.0006390814379
0.000560424657
0.0004905830939
0.0004284441557
0.0003730199614
0.0003234317232
0.0002788951681
0.0002387077769
0.0002022363101
0.0001689097809
0.0001381952875
0.0001096462136
8.268297311e-05
5.744865773e-05
3.169146493e-05
1.48234207e-05
-0.3100558263
-0.3131732955
-0.3446965873
-0.3535420007
-0.3627601996
-0.3661734878
-0.3580056661
-0.3361981698
-0.3023510048
-0.2591902346
-0.2114618634
-0.1637906043
-0.1198642486
-0.08194859401
-0.05098184249
-0.02687110197
-0.008887807997
0.003975045451
0.01275854983
0.01840870428
0.02172615502
0.0233568526
0.02380369694
0.02344805204
0.02257282502
0.02138295638
0.02002288616
0.01859137199
0.01715365658
0.01575104358
0.01440823262
0.01313880645
0.01194915151
0.01084108628
0.009813558903
0.008863784094
0.007988003506
0.00718216232
0.006442111417
0.005764819084
0.00514507734
0.004579750711
0.004066255384
0.00360201686
0.003184452773
0.002810885724
0.002478371969
0.00218362248
0.001923088561
0.001693158412
0.001490364702
0.001311525638
0.001153795554
0.001014649385
0.0008918427001
0.0007833760151
0.0006874706538
0.0006025506477
0.0005272244032
0.0004602643112
0.0004005857739
0.0003472276154
0.0002993345472
0.0002561418782
0.0002169616081
0.0001811756931
0.0001482080264
0.0001175748778
8.865081277e-05
6.15874494e-05
3.396720762e-05
1.589754991e-05
-0.3221420816
-0.3248993314
-0.3508906167
-0.3612642985
-0.3710064987
-0.3752865213
-0.368315083
-0.3471955303
-0.3121618589
-0.2661277489
-0.2144231125
-0.1623320422
-0.1142206033
-0.07289210357
-0.0396009502
-0.01426001328
0.004030707414
0.01651756387
0.0244790467
0.02906070252
0.03121256872
0.03168204199
0.03103440083
0.02968425583
0.02792768578
0.02597000092
0.02394870749
0.02195200439
0.02003323945
0.01822191313
0.0165318196
0.01496686059
0.01352501995
0.01220095148
0.01098759454
0.009877195435
0.008861888523
0.007934548161
0.007088668268
0.006317792414
0.00561591439
0.004978723033
0.004402639348
0.003884382064
0.003420800324
0.003008627133
0.002644200948
0.002323361118
0.002041591147
0.001794321509
0.001577238793
0.001386482509
0.001218697462
0.001070985734
0.0009408265067
0.0008260090346
0.0007245889301
0.000634858187
0.0005553185509
0.0004846546499
0.0004217081812
0.0003654550674
0.0003149858473
0.000269488652
0.0002282330272
0.0001905624451
0.0001558679225
0.0001236399435
9.321734631e-05
6.475591674e-05
3.570860916e-05
1.671929445e-05
-0.3240489416
-0.330340681
-0.3449566943
-0.3620808146
-0.3704774561
-0.3745139603
-0.3664960342
-0.3442695171
-0.3081260578
-0.2603556021
-0.2072857148
-0.1537821691
-0.1044148761
-0.06206583093
-0.02825555955
-0.00287286254
0.01504456411
0.02684834815
0.03393044914
0.03753830072
0.03870196186
0.03822402107
0.0367029027
0.03456926067
0.03212361764
0.0295678692
0.02703208032
0.02459532856
0.02230144254
0.02017076872
0.01820873497
0.01641182024
0.0147715413
0.01327700836
0.01191649682
0.01067839971
0.00955173559
0.008526786976
0.007595612002
0.006748926081
0.005980110909
0.005284180276
0.004656936379
0.004094689909
0.003593964946
0.003151075197
0.002761748941
0.00242102628
0.002123484381
0.001863659705
0.001636460671
0.001437416216
0.001262725834
0.001109177706
0.0009740290761
0.0008549083774
0.000749751533
0.000656759223
0.0005743613737
0.0005011840632
0.0004360197667
0.0003778020453
0.0003255844085
0.0002785231532
0.0002358608973
0.0001969158487
0.0001610545225
0.0001277478146
9.63102117e-05
6.690152531e-05
3.688744474e-05
1.72751851e-05
-0.3170672831
-0.3261567612
-0.3380439917
-0.3529651349
-0.3612941402
-0.363081999
-0.3534513098
-0.3308108461
-0.2948234859
-0.2483205642
-0.1962577225
-0.1438554115
-0.09557026037
-0.05375828797
-0.02071895529
0.004031090078
0.02134220113
0.03253856637
0.03901840122
0.04204425526
0.04266114635
0.04168261915
0.03971245096
0.03718095669
0.03438731015
0.0315290988
0.02873140058
0.02606836528
0.02357912913
0.02127975652
0.01917188726
0.01724866995
0.01549870104
0.01390854603
0.01246428857
0.01115246498
0.009960619462
0.008878059856
0.00789537631
0.007002760873
0.006193102615
0.005461085722
0.004802372992
0.004213197589
0.003689962787
0.003228724232
0.002824780874
0.00247260965
0.002166170458
0.001899412254
0.001666744729
0.001463309653
0.001285023827
0.001128475654
0.0009907828034
0.0008694767722
0.0007624260673
0.0006677832467
0.0005839417028
0.0005094976125
0.0004432177718
0.0003840135522
0.0003309194684
0.0002830753007
0.0002397083756
0.0002001235455
0.0001636755593
0.0001298249299
9.787476794e-05
6.798715494e-05
3.74841416e-05
1.755585712e-05
-0.3252259261
-0.3202847122
-0.3251719443
-0.3202883329
-0.315825855
-0.3082886686
-0.3158525938
-0.308279146
-0.3232428557
-0.3251443691
-0.3231816016
-0.3250974311
-0.3304194278
-0.32979319
-0.3172984471
-0.315738852
-0.3230591319
-0.3104007967
-0.3180775539
-0.3171141658
-0.3230082055
-0.3103974938
-0.3180685553
-0.3251333688
-0.3258080635
-0.3263833485
-0.3250514738
-0.3304298923
-0.3298465489
-0.3251456413
-0.3258262086
-0.3263915423
-0.3250863177
-0.3145344481
-0.3159620021
-0.3153863515
-0.3131523094
-0.3154488161
-0.3134010746
-0.3141363638
-0.3094539467
-0.3085088357
-0.3100074374
-0.3071509213
-0.3101640377
-0.3069065919
-0.3096006635
-0.3173190668
-0.3157451644
-0.3145370239
-0.3159658651
-0.3153912909
-0.3131410072
-0.3154528896
-0.313402295
-0.314138853
-0.3094551513
-0.3085092296
-0.30999748
-0.3071461045
-0.3101653233
-0.3069068241
-0.3096001055
-0.3119926562
-0.3223143856
-0.3120640491
-0.322400717
-0.317056328
-0.3225717587
-0.3405904685
-0.310046986
-0.3170862363
-0.3223712897
-0.3406114933
-0.3291458376
-0.3291108224
-0.3147500703
-0.3241932707
-0.3290150063
-0.3219758758
-0.3148052438
-0.3241011801
-0.3290619569
-0.3282245732
-0.3203359287
-0.3252456476
-0.3241101752
-0.3281749168
-0.320351533
-0.3253208446
-0.337612534
-0.3284585317
-0.3448678415
-0.3303042881
-0.3376371764
-0.3285326477
-0.344834017
-0.3171730864
-0.3143281422
-0.3144014306
-0.3159125326
-0.3185268161
-0.318458187
-0.3159587029
-0.3336117421
-0.3216198453
-0.3334818554
-0.3261007678
-0.3336593112
-0.3216104541
-0.3334762713
-0.3264756975
-0.3251278991
-0.3271427624
-0.324343429
-0.3271898637
-0.3244516475
-0.3262504663
-0.3238572514
-0.3204804449
-0.3227109669
-0.3219587901
-0.3226832141
-0.3225157668
-0.323729871
-0.3264862457
-0.3251296604
-0.3271552516
-0.3243817597
-0.3271992168
-0.3244605855
-0.3262790398
-0.3238654711
-0.3204852919
-0.322700217
-0.3219945794
-0.3226879596
-0.3225242788
-0.3237515144
-0.3263916383
-0.3250648477
-0.3239366468
-0.3230476708
-0.3250219272
-0.3239669041
-0.3263550569
-0.3250720309
-0.3272559433
-0.3275405895
-0.3271841586
-0.3242558649
-0.3243142767
-0.3270937226
-0.3292157458
-0.3291232128
-0.3263966339
-0.3230345806
-0.3251039468
-0.3239434993
-0.3250264126
-0.3239657625
-0.3263732108
-0.3250720449
-0.3273811026
-0.3275513203
-0.3271883795
-0.324311931
-0.3243188021
-0.3271309453
-0.3179494041
-0.3205078295
-0.3207905228
-0.3225556416
-0.3202794002
-0.3204215193
-0.3181297813
-0.3104559344
-0.3118089042
-0.3118317524
-0.3137011379
-0.3125739548
-0.3124869072
-0.3138026249
-0.3159654884
-0.3190281264
-0.315097002
-0.3175672163
-0.3185614426
-0.3148748792
-0.3161788505
-0.3171771393
-0.314322134
-0.3144031451
-0.3159163134
-0.3185324502
-0.3184601074
-0.3159701308
-0.3179532786
-0.3225555891
-0.3204857953
-0.3208155767
-0.3202807803
-0.3204270661
-0.3181353689
-0.310457339
-0.3117969555
-0.3118335162
-0.3137027487
-0.3125759265
-0.3124887847
-0.3137975563
-0.3159671674
-0.3175695638
-0.3190283457
-0.3151010258
-0.3185626886
-0.314877634
-0.3161810002
-0.2875215804
-0.3067955253
-0.2874775471
-0.3067665131
-0.2843221168
-0.308278606
-0.3224327086
-0.2870978058
-0.2842970342
-0.3083096502
-0.3224378077
-0.3229705297
-0.3231011079
-0.3354726652
-0.3003565643
-0.3223052108
-0.3083205866
-0.297415157
-0.3206145222
-0.3348392788
-0.3036115541
-0.3349565279
-0.3580360408
-0.3132007097
-0.3035881128
-0.3349866155
-0.3580068506
-0.3225310338
-0.3217463716
-0.3225547643
-0.3230755165
-0.3212011733
-0.3203987916
-0.3233051495
-0.322609329
-0.3340436848
-0.3538152995
-0.3248809652
-0.3225722299
-0.3341005117
-0.3537692563
-0.3240817507
-0.3237906822
-0.3237999974
-0.3243282952
-0.3245083829
-0.3244553573
-0.3243682278
-0.3385801325
-0.3297818165
-0.3324323423
-0.328311022
-0.3274916665
-0.3315033656
-0.3384611986
-0.3420756821
-0.3482308477
-0.3604635839
-0.3450187943
-0.342051349
-0.3482462838
-0.3604642682
-0.3241990584
-0.3251090921
-0.3232388585
-0.3258518126
-0.3299512876
-0.3274940528
-0.3284751483
-0.3405963066
-0.3379692623
-0.3479518368
-0.3380507364
-0.3405960996
-0.3379718584
-0.3479520407
-0.3199201005
-0.3120069635
-0.3196862837
-0.3110663928
-0.3110600991
-0.3187002911
-0.3205327907
-0.3284245629
-0.3282571181
-0.3270212561
-0.3271638804
-0.3239489251
-0.3222360784
-0.3239408272
-0.3222525139
-0.3205372695
-0.3200268939
-0.3225999461
-0.3229764509
-0.3155798762
-0.314795859
-0.323117547
-0.3199245372
-0.3110696101
-0.311977082
-0.3197545926
-0.3110447232
-0.3187020224
-0.3205632319
-0.3284455977
-0.3282685877
-0.3270298324
-0.3271586949
-0.3222316587
-0.3240721355
-0.3239612275
-0.3222774617
-0.320758393
-0.3200404726
-0.32270569
-0.32229932
-0.3183373242
-0.3204701943
-0.3232251422
-0.3194090644
-0.3230280861
-0.3196604771
-0.3155082535
-0.3115766547
-0.3272642326
-0.3412781293
-0.3088033428
-0.325853909
-0.3172010502
-0.3354921601
-0.3083119291
-0.3003774888
-0.3222154978
-0.2974233112
-0.3205649996
-0.3348661454
-0.32220873
-0.3183980563
-0.320230899
-0.3233635433
-0.3192889527
-0.3231003711
-0.3197748678
-0.3155477231
-0.3412857774
-0.3116343458
-0.3273427544
-0.3088245437
-0.3258862604
-0.3172960798
-0.3255610037
-0.3204087219
-0.3322715073
-0.3123182997
-0.3186862114
-0.3331403691
-0.3262597375
-0.3239423315
-0.3231251775
-0.3229723605
-0.32357387
-0.3246787845
-0.3245807691
-0.3238901727
-0.3247986196
-0.3278996455
-0.3260614038
-0.3285776885
-0.3270543118
-0.325889894
-0.3253937645
-0.321708227
-0.3225829375
-0.3225568312
-0.3230780504
-0.3210661636
-0.3204108995
-0.3232906952
-0.3255686562
-0.3123206227
-0.3204071843
-0.3322739811
-0.3187010963
-0.3331386212
-0.3262682111
-0.3239399649
-0.3231311938
-0.3229742903
-0.3235694298
-0.3246543093
-0.3245801633
-0.3238420268
-0.3248019956
-0.3285833963
-0.3279267175
-0.3260938308
-0.3270541142
-0.3258951039
-0.3253999712
-0.3258256569
-0.3258751727
-0.3286324191
-0.3273585669
-0.3255568734
-0.3283486087
-0.3259417181
-0.3204285006
-0.3225250053
-0.3224451879
-0.3211468375
-0.3212289638
-0.3231151152
-0.3231653809
-0.3227540959
-0.3250963812
-0.32280035
-0.3245725904
-0.3271031241
-0.3267637546
-0.3247151248
-0.3240902881
-0.3238082981
-0.323805116
-0.3243322817
-0.3245427736
-0.3244586639
-0.3243762104
-0.3258306313
-0.327358512
-0.3258820461
-0.3286547637
-0.3255607402
-0.3283542185
-0.3259523236
-0.3204334906
-0.3225023826
-0.3224479522
-0.321202282
-0.3212352886
-0.3231174365
-0.3231722514
-0.3251050107
-0.3228462821
-0.3228099519
-0.3245732178
-0.3271087518
-0.3267628173
-0.324722351
-0.3279311219
-0.3327286259
-0.3301548099
-0.3328508364
-0.329325157
-0.3312380438
-0.334101287
-0.3343788455
-0.3390372507
-0.3384397987
-0.3431885054
-0.336852663
-0.3345147311
-0.3371204168
-0.3385873854
-0.3283144561
-0.3297559522
-0.3324723688
-0.3274944857
-0.3315132244
-0.3384689279
-0.3279410516
-0.3327304946
-0.3301648396
-0.3328535434
-0.3293263596
-0.3312400029
-0.3341057452
-0.3343861516
-0.3431899211
-0.3390518763
-0.3384097698
-0.3368637753
-0.3345162561
-0.3371265865
-0.3281523675
-0.3336521244
-0.3372176648
-0.3305245219
-0.3283088913
-0.3357298041
-0.3336526862
-0.3224489801
-0.3204455534
-0.3213634719
-0.3237483673
-0.3260841363
-0.3229276176
-0.3267464141
-0.3253486047
-0.333482672
-0.331334806
-0.3312349372
-0.3312017364
-0.3246862638
-0.331818222
-0.3251094331
-0.3242014463
-0.3232417961
-0.3258519499
-0.3299224278
-0.3274923077
-0.328458334
-0.3281518414
-0.330531258
-0.333688469
-0.3372144187
-0.3283124996
-0.3357293676
-0.3336552813
-0.3204462338
-0.3224600928
-0.3213640943
-0.3237515391
-0.3260903971
-0.3229288072
-0.3267749513
-0.325351155
-0.331236249
-0.333521372
-0.3313399448
-0.3312069979
-0.3246877754
-0.3318323193
-0.3162850326
-0.3160957587
-0.2915879986
-0.2932633155
-0.3163197397
-0.3160902226
-0.2915726374
-0.2932706848
-0.3303341931
-0.3422058599
-0.3324450297
-0.3290768321
-0.3416406817
-0.3298207884
-0.3317375871
-0.3324498698
-0.3303882651
-0.3422549487
-0.3290729967
-0.3416331942
-0.3298079626
-0.3317587509
-0.3092032678
-0.3080883159
-0.3065913607
-0.3116860244
-0.3118164907
-0.3129101588
-0.303902056
-0.3024567374
-0.3007254898
-0.3050668868
-0.3049164057
-0.3056453437
-0.3023492045
-0.3009410321
-0.2991874546
-0.30660276
-0.3064088717
-0.3071906043
-0.3092048611
-0.3080898104
-0.3065928404
-0.3116874394
-0.3118175833
-0.3129110244
-0.3039023953
-0.3024569827
-0.3007257243
-0.3050625111
-0.3049119026
-0.3056405871
-0.3023490131
-0.3009407826
-0.2991872172
-0.3066005988
-0.3064063515
-0.3071878071
)
;

boundaryField
{
    inlet
    {
        type            zeroGradient;
    }
    outlet
    {
        type            fixedValue;
        value           uniform 0;
    }
    topAndBottom
    {
        type            symmetry;
    }
    frontAndBack
    {
        type            empty;
    }
    cylinder
    {
        type            zeroGradient;
    }
    procBoundary1to0
    {
        type            processor;
        value           nonuniform List<scalar> 
116
(
-0.04206795143
-0.04243986599
-0.04319366945
-0.04434368064
-0.04591697569
-0.04794993512
-0.05049199662
-0.05360840209
-0.05738373839
-0.06192833734
-0.06738726805
-0.07395017383
-0.08187409369
-0.0915080792
-0.103320081
-0.1179653841
-0.1364952548
-0.160177255
-0.1907684938
-0.2797519748
-0.2291785365
-0.2454758238
-0.2290465525
-0.245368213
-0.2797067948
-0.2797519748
-0.2797519748
-0.2797519748
-0.3367445779
-0.3366817133
-0.3305903508
-0.336567747
-0.3301715619
-0.3301715619
-0.3358242196
-0.3305903508
-0.3189454597
-0.3156346882
-0.3275096992
-0.3290805149
-0.3252205258
-0.3228824189
-0.3306044748
-0.3365785863
-0.3303245026
-0.3303245026
-0.3358888306
-0.3306044748
-0.3275280166
-0.3291389532
-0.3252412603
-0.3228912048
-0.3189641049
-0.31564078
-0.3356049084
-0.3181025997
-0.3354914762
-0.3367122289
-0.3303193104
-0.3303193104
-0.3303282085
-0.3303282085
-0.3318042684
-0.332057389
-0.3314936681
-0.3314832259
-0.3367041302
-0.3303229278
-0.3303229278
-0.3303634321
-0.3303634321
-0.3318408131
-0.332054844
-0.3314935902
-0.3314734593
-0.3102859677
-0.2797067948
-0.2797067948
-0.2797067948
-0.3103447607
-0.3147951016
-0.3258897886
-0.3155618163
-0.3155618163
-0.3155618163
-0.3260527506
-0.3147951016
-0.3147951016
-0.3147951016
-0.3355575449
-0.3321857229
-0.332190488
-0.3258937558
-0.3174563245
-0.3260798169
-0.3355380848
-0.3321774418
-0.3321577333
-0.2952511633
-0.308730364
-0.2938475814
-0.3087388603
-0.2952893772
-0.2938424642
-0.3189454597
-0.3196222379
-0.3208263756
-0.3189641049
-0.3196401217
-0.3208441236
-0.3156346882
-0.3150740645
-0.3136386476
-0.31564078
-0.3150800825
-0.3136445329
)
;
    }
    procBoundary1to3
    {
        type            processor;
        value           nonuniform List<scalar> 
125
(
-0.3529882242
-0.3613156453
-0.3630969877
-0.3534602574
-0.3308011939
-0.2947965402
-0.248277631
-0.1962013762
-0.1437885837
-0.09550510028
-0.0537036866
-0.02067393955
0.0040640881
0.02136466051
0.03255060168
0.03902186944
0.04204207666
0.04265574367
0.04167523184
0.03970387585
0.03717396132
0.03438173481
0.0315246249
0.02872784957
0.02606566886
0.02357711726
0.02127820118
0.01917062204
0.0172476046
0.01549779531
0.01390779437
0.01246368632
0.01115210675
0.009960226248
0.008877822839
0.007895331847
0.007002804844
0.006193149662
0.005461124024
0.004802401497
0.004213203331
0.00368994057
0.003228684399
0.002824740417
0.002472581199
0.002166156814
0.001899407705
0.0016667409
0.00146330168
0.001285013214
0.001128468807
0.0009907868487
0.0008694954482
0.0007624578306
0.0006678220409
0.0005839794613
0.000509527146
0.0004432348605
0.0003840175933
0.0003309127997
0.000283061843
0.0002396922466
0.0002001078775
0.0001636619869
0.0001298140001
9.786653105e-05
6.798162455e-05
3.748106866e-05
1.755550877e-05
-0.3104046352
-0.3216247889
-0.3379830992
-0.3082935308
-0.3082848145
-0.3180815538
-0.3104033345
-0.3180760732
-0.3085131147
-0.3071575647
-0.3069129238
-0.3085138315
-0.3071528936
-0.3069132481
-0.3334898361
-0.3216175361
-0.3334844881
-0.3104588343
-0.3125771831
-0.312488705
-0.3151008819
-0.3175698279
-0.3148774539
-0.3104609353
-0.312582822
-0.3124918829
-0.3175735123
-0.3151096697
-0.3148820314
-0.3479707764
-0.3379857322
-0.347970944
-0.3204495976
-0.3260894465
-0.3229324682
-0.3313409
-0.3312431003
-0.3246924588
-0.3204511281
-0.3260968491
-0.3229341504
-0.3312445106
-0.3313465945
-0.3246942084
-0.3050746066
-0.3049244439
-0.3056536683
-0.3023565837
-0.3009487192
-0.2991953443
-0.305070745
-0.3049205451
-0.3056495898
-0.3023566162
-0.3009487265
-0.2991953844
)
;
    }
}


// ************************************************************************* //
