/*--------------------------------*- C++ -*----------------------------------*\
| =========                 |                                                 |
| \\      /  F ield         | OpenFOAM: The Open Source CFD Toolbox           |
|  \\    /   O peration     | Version:                                        |
|   \\  /    A nd           | Website:  www.openfoam.com                      |
|    \\/     M anipulation  |                                                 |
\*---------------------------------------------------------------------------*/
FoamFile
{
    version     2.0;
    format      ascii;
    class       volScalarField;
    location    "0.9";
    object      p;
}
// * * * * * * * * * * * * * * * * * * * * * * * * * * * * * * * * * * * * * //

dimensions      [0 2 -2 0 0 0 0];


internalField   nonuniform List<scalar> 
2429
(
0.005062131886
0.003283693076
0.001765545411
0.0004992127753
-0.0005302391109
-0.001342721338
-0.001961312292
-0.002410644149
-0.002715544678
-0.002899955594
-0.002986170448
-0.002994369263
-0.002942223121
-0.002844868087
-0.002715169486
-0.002563754302
-0.002399136353
-0.002228101722
-0.002055925804
-0.001886587525
-0.001722975037
-0.001567081998
-0.001420197635
-0.001283073648
-0.001156043786
-0.001039120021
-0.0009320827695
-0.0008345546111
-0.0007460479921
-0.0006660056363
-0.0005938346778
-0.0005289296144
-0.0004706894605
-0.00041853187
-0.0003719024444
-0.0003302795189
-0.0002931764658
-0.0002601422553
-0.000230760417
-0.0002046481921
-0.0001814572279
-0.0001608751975
-0.0001426197484
-0.0001264543183
-0.0001121360182
-9.944841085e-05
-8.82096222e-05
-7.82552921e-05
-6.943731459e-05
-6.162455559e-05
-5.47006774e-05
-4.856111417e-05
-4.311334935e-05
-3.827653801e-05
-3.397810026e-05
-3.015171908e-05
-2.673899217e-05
-2.368964815e-05
-2.096083276e-05
-1.851460633e-05
-1.631614393e-05
-1.433299897e-05
-1.253586276e-05
-1.089940677e-05
-9.40203679e-06
-8.024275418e-06
-6.748217483e-06
-5.556194913e-06
-4.43222445e-06
-3.358106818e-06
-2.335530258e-06
-1.303156804e-06
-5.538867518e-07
0.004805774867
0.003026868442
0.001515738877
0.0002626973468
-0.0007486769248
-0.001539842551
-0.002135328221
-0.002561031686
-0.002842813051
-0.003005396633
-0.003071617596
-0.003061943272
-0.002994070685
-0.00288344287
-0.002742606794
-0.00258192269
-0.002409803969
-0.002232867211
-0.002056188255
-0.001883524072
-0.001717532327
-0.001560009661
-0.001412092016
-0.00127439858
-0.001147148149
-0.001030263753
-0.0009234564029
-0.0008262900463
-0.0007382311854
-0.0006586885762
-0.0005870430431
-0.0005226691756
-0.0004649522522
-0.0004133006403
-0.0003671534657
-0.0003259848506
-0.000289305575
-0.0002566628689
-0.0002276394101
-0.0002018532226
-0.0001789587169
-0.0001586467669
-0.0001406375269
-0.0001246943974
-0.0001105693752
-9.80550503e-05
-8.697277294e-05
-7.715790049e-05
-6.846388632e-05
-6.076179784e-05
-5.393664469e-05
-4.788446598e-05
-4.251489258e-05
-3.774836221e-05
-3.351204451e-05
-2.973952236e-05
-2.637421695e-05
-2.336722153e-05
-2.067752021e-05
-1.826720478e-05
-1.610074867e-05
-1.414550774e-05
-1.237292615e-05
-1.075873258e-05
-9.281991806e-06
-7.923148991e-06
-6.664424769e-06
-5.487958012e-06
-4.377877042e-06
-3.316700697e-06
-2.306864881e-06
-1.287360355e-06
-5.479771128e-07
0.00428508167
0.00250686438
0.001011411091
-0.0002134149571
-0.001187067765
-0.001934200144
-0.002482316992
-0.002859874515
-0.003094798083
-0.003213337647
-0.003239354827
-0.003193838058
-0.003094918222
-0.002957917005
-0.002794925094
-0.002616010627
-0.002429302434
-0.002241000437
-0.002055675174
-0.001876576551
-0.001705941983
-0.001545234102
-0.001395300191
-0.001256503833
-0.001128847939
-0.001012077442
-0.0009057607098
-0.0008093476986
-0.0007222145121
-0.0006437003519
-0.0005731338441
-0.0005098510239
-0.0004532092045
-0.0004025967717
-0.0003574389117
-0.0003172003359
-0.0002813859102
-0.0002495409875
-0.0002212497408
-0.0001961330445
-0.0001738486215
-0.0001540903062
-0.0001365805893
-0.0001210834965
-0.0001073554157
-9.519942742e-05
-8.443892384e-05
-7.490989165e-05
-6.647018615e-05
-5.899509401e-05
-5.23724535e-05
-4.649842218e-05
-4.128852107e-05
-3.666574018e-05
-3.255687828e-05
-2.889640949e-05
-2.56311278e-05
-2.271215543e-05
-2.010186073e-05
-1.776283137e-05
-1.565913191e-05
-1.375935925e-05
-1.203714986e-05
-1.046948729e-05
-9.03538294e-06
-7.714777302e-06
-6.491182782e-06
-5.34711616e-06
-4.26697479e-06
-3.234013513e-06
-2.25068795e-06
-1.257526599e-06
-5.349259044e-07
0.003484883379
0.001709306116
0.00023998482
-0.000939382001
-0.001853135462
-0.002530976153
-0.003005100521
-0.003307978787
-0.00347072839
-0.003521797429
-0.00348655689
-0.003387008307
-0.003241669755
-0.003065064294
-0.002869030969
-0.00266328222
-0.002455293153
-0.002250459884
-0.0020525445
-0.001864115405
-0.001686845519
-0.001521685277
-0.001369016557
-0.001228807756
-0.001100742515
-0.0009843068009
-0.0008788587418
-0.0007836804459
-0.0006980176056
-0.0006211100952
-0.0005522116279
-0.0004906028939
-0.0004356013718
-0.0003865665481
-0.0003429036507
-0.0003040653944
-0.0002695508489
-0.0002389058081
-0.0002117157376
-0.0001876024441
-0.0001662287648
-0.0001472971581
-0.0001305328275
-0.0001157019752
-0.0001025678001
-9.094801784e-05
-8.066349635e-05
-7.155879794e-05
-6.350093605e-05
-5.636787245e-05
-5.00494395e-05
-4.44370507e-05
-3.946162192e-05
-3.505108047e-05
-3.112981754e-05
-2.76344482e-05
-2.451671803e-05
-2.172665931e-05
-1.923515887e-05
-1.700508661e-05
-1.499883566e-05
-1.318606092e-05
-1.154225116e-05
-1.004519484e-05
-8.673959232e-06
-7.409071756e-06
-6.23692954e-06
-5.140175597e-06
-4.103632032e-06
-3.111724069e-06
-2.166909143e-06
-1.212335088e-06
-5.145156279e-07
0.002377860493
0.0006097470529
-0.0008188932734
-0.001930640204
-0.002757180299
-0.00333566496
-0.003705071679
-0.003903521069
-0.003966388722
-0.003924668373
-0.003806375565
-0.00363455989
-0.003426915051
-0.003197736469
-0.002958556755
-0.002718193451
-0.002482943336
-0.002257035731
-0.002043224381
-0.001843229058
-0.00165792916
-0.00148753371
-0.001331799869
-0.001190194074
-0.001061987634
-0.0009463281731
-0.0008423025804
-0.0007489799505
-0.0006654420381
-0.0005908045706
-0.0005242275563
-0.0004649231822
-0.0004121604359
-0.0003652636663
-0.0003236161454
-0.0002866578716
-0.0002538822276
-0.00022484218
-0.0001991234809
-0.0001763453021
-0.000156176853
-0.0001383385677
-0.0001225545889
-0.0001086048244
-9.626553976e-05
-8.536327983e-05
-7.569485793e-05
-6.714125152e-05
-5.958770069e-05
-5.290464845e-05
-4.698037984e-05
-4.170032643e-05
-3.703385106e-05
-3.291103191e-05
-2.924622804e-05
-2.597650188e-05
-2.30568581e-05
-2.044022952e-05
-1.810796475e-05
-1.601983601e-05
-1.413838526e-05
-1.243687558e-05
-1.089355674e-05
-9.487452396e-06
-8.19854265e-06
-7.008747374e-06
-5.903524331e-06
-4.86758884e-06
-3.887798399e-06
-2.94981315e-06
-2.055560802e-06
-1.151665935e-06
-4.868989871e-07
0.0009270242295
-0.0008249593978
-0.002192617878
-0.003207828684
-0.003912922646
-0.004355561807
-0.0045840401
-0.004643992381
-0.004575824376
-0.004414343491
-0.004191014052
-0.00392765005
-0.003641809624
-0.003347693951
-0.003055907907
-0.002773846473
-0.002506179843
-0.002255592722
-0.002023535635
-0.001810577737
-0.001616531656
-0.001440682627
-0.001282038356
-0.001139457315
-0.001011705971
-0.0008975248729
-0.0007956817122
-0.0007049967786
-0.0006243618466
-0.0005527502288
-0.0004892142997
-0.0004328906892
-0.0003829948714
-0.000338812817
-0.0002997153245
-0.0002651293176
-0.0002345341862
-0.0002074971444
-0.0001835974126
-0.0001624753191
-0.0001438172835
-0.000127352279
-0.0001127541194
-9.986739571e-05
-8.8510251e-05
-7.84920947e-05
-6.955110808e-05
-6.166903895e-05
-5.474994328e-05
-4.863334351e-05
-4.319607672e-05
-3.834038281e-05
-3.407246278e-05
-3.030577919e-05
-2.694901025e-05
-2.395010115e-05
-2.127417218e-05
-1.888117908e-05
-1.674065165e-05
-1.48191203e-05
-1.308769274e-05
-1.152277582e-05
-1.010275043e-05
-8.806946544e-06
-7.616857215e-06
-6.516732387e-06
-5.492793856e-06
-4.53193253e-06
-3.622521703e-06
-2.751019061e-06
-1.918719721e-06
-1.076911533e-06
-4.530980888e-07
-0.0009195473355
-0.00264061201
-0.003918250945
-0.004797992511
-0.005337368416
-0.005598534627
-0.005642207036
-0.005523672524
-0.005289525902
-0.004980434363
-0.004627222803
-0.004251943323
-0.003872645581
-0.003502582435
-0.003150426355
-0.002821254218
-0.002517463978
-0.00223986778
-0.001988350651
-0.001762012296
-0.001559342769
-0.001378549062
-0.001217765507
-0.001075131631
-0.0009488324417
-0.0008371530025
-0.0007385065256
-0.0006514367804
-0.0005746313065
-0.0005069110301
-0.0004472108932
-0.0003946014934
-0.0003482446728
-0.0003073770044
-0.0002713720572
-0.0002396386299
-0.000211673028
-0.0001870688404
-0.0001652998166
-0.0001461048557
-0.0001292398465
-0.000114414659
-0.0001011699211
-8.952430225e-05
-7.933439031e-05
-7.034553725e-05
-6.229687315e-05
-5.525803266e-05
-4.909912401e-05
-4.364318485e-05
-3.878824812e-05
-3.447068176e-05
-3.065908897e-05
-2.728225173e-05
-2.427315677e-05
-2.158929705e-05
-1.919605378e-05
-1.705673649e-05
-1.513884648e-05
-1.341633101e-05
-1.186533416e-05
-1.046243256e-05
-9.185988346e-06
-8.017470856e-06
-6.941436527e-06
-5.944670824e-06
-5.015144626e-06
-4.141368932e-06
-3.313032306e-06
-2.518008318e-06
-1.757484892e-06
-9.883639239e-07
-4.130528821e-07
-0.00323121372
-0.00489740503
-0.006043288892
-0.006734471569
-0.007050096646
-0.00707197094
-0.00687741663
-0.006533486131
-0.006094476344
-0.005605518101
-0.005096009091
-0.004589530351
-0.004103560438
-0.003648633399
-0.003230100009
-0.00284988353
-0.002507781494
-0.002202438167
-0.001931702266
-0.001692799704
-0.001482677948
-0.001298325417
-0.001136887219
-0.0009956952414
-0.0008722996982
-0.0007645033511
-0.0006703431359
-0.0005880674948
-0.0005161724863
-0.0004533272855
-0.000398335206
-0.0003502269134
-0.0003081019245
-0.000271187433
-0.000238881323
-0.0002104316434
-0.0001854842408
-0.000163723613
-0.0001443549935
-0.0001273657186
-0.000112550946
-9.95298958e-05
-8.786661337e-05
-7.774129778e-05
-6.894577764e-05
-6.117907763e-05
-5.424952429e-05
-4.814762515e-05
-4.278214866e-05
-3.803019688e-05
-3.381451556e-05
-3.008458284e-05
-2.678633688e-05
-2.386137402e-05
-2.125894187e-05
-1.893891032e-05
-1.68663336e-05
-1.501021291e-05
-1.334447207e-05
-1.184711002e-05
-1.049645367e-05
-9.271254237e-06
-8.15286327e-06
-7.125941997e-06
-6.177707706e-06
-5.29703816e-06
-4.473778649e-06
-3.69814405e-06
-2.961335336e-06
-2.252969873e-06
-1.574086241e-06
-8.876872165e-07
-3.67721849e-07
-0.006101178174
-0.007674397716
-0.008628041485
-0.00905737413
-0.009071981128
-0.008780056767
-0.008281869961
-0.007658454777
-0.006972174094
-0.006267088586
-0.005575694398
-0.004921105727
-0.004317072973
-0.003769784545
-0.003280436193
-0.002847280035
-0.002466941632
-0.002135151817
-0.001847108461
-0.001597855446
-0.001382646616
-0.001197107738
-0.001037287451
-0.0008996556944
-0.000781098185
-0.0006789461705
-0.0005908554881
-0.0005147605744
-0.0004490109206
-0.0003921114879
-0.0003427923199
-0.0003000955741
-0.0002628490903
-0.0002304655761
-0.0002024638706
-0.0001776598073
-0.0001560534154
-0.0001373650057
-0.000120745296
-0.0001063983281
-9.40051838e-05
-8.312602867e-05
-7.345134291e-05
-6.498620565e-05
-5.759619699e-05
-5.108257204e-05
-4.531829402e-05
-4.02465373e-05
-3.579312629e-05
-3.186113784e-05
-2.837382558e-05
-2.528666553e-05
-2.255357055e-05
-2.012742084e-05
-1.796651676e-05
-1.603672696e-05
-1.431000207e-05
-1.27626037e-05
-1.13733835e-05
-1.012263572e-05
-8.991244815e-06
-7.96124384e-06
-7.017104679e-06
-6.146265068e-06
-5.338599609e-06
-4.585462467e-06
-3.878870298e-06
-3.210969678e-06
-2.57467067e-06
-1.961555563e-06
-1.372497151e-06
-7.771043028e-07
-3.180035116e-07
-0.00965332927
-0.01107413874
-0.01174741312
-0.01181234661
-0.01142107956
-0.01072160901
-0.009844167974
-0.008878574482
-0.007892088044
-0.006933495557
-0.006035784923
-0.005217742653
-0.004487027776
-0.003843627261
-0.003283076601
-0.002798860682
-0.002383485406
-0.002029013449
-0.001727591672
-0.001471896628
-0.001255339099
-0.001072067149
-0.0009169931373
-0.0007857081306
-0.0006744172269
-0.000580045405
-0.0004998492075
-0.0004315436979
-0.0003734256314
-0.0003235294491
-0.0002808067655
-0.0002444700389
-0.000212652204
-0.0001852702595
-0.0001619036702
-0.0001412698634
-0.0001236956276
-0.0001087265073
-9.55715421e-05
-8.409872899e-05
-7.412980013e-05
-6.542392947e-05
-5.779530793e-05
-5.112456829e-05
-4.530793706e-05
-4.021351073e-05
-3.573191455e-05
-3.178718869e-05
-2.831442557e-05
-2.524623106e-05
-2.252975884e-05
-2.01251926e-05
-1.799693943e-05
-1.61070561e-05
-1.442177179e-05
-1.291449355e-05
-1.156392808e-05
-1.035150633e-05
-9.260161748e-06
-8.273823092e-06
-7.377104239e-06
-6.555779658e-06
-5.797857564e-06
-5.094047198e-06
-4.437139511e-06
-3.820963434e-06
-3.239693902e-06
-2.687558866e-06
-2.15935828e-06
-1.648765217e-06
-1.156371954e-06
-6.587356409e-07
-2.648388556e-07
-0.01405588593
-0.01523102592
-0.01549409015
-0.01504999069
-0.01411456748
-0.01289224097
-0.01153526345
-0.01014958916
-0.008808343992
-0.007561749188
-0.006437796884
-0.005446444114
-0.004585804423
-0.003847253899
-0.003219320684
-0.002689642373
-0.002245588577
-0.001874886336
-0.001566285019
-0.00130989774
-0.001097162542
-0.0009206980836
-0.0007743487912
-0.0006528093982
-0.0005517501983
-0.0004678150672
-0.0003974201271
-0.0003385450787
-0.0002896902528
-0.0002477565353
-0.0002124215268
-0.0001829788727
-0.0001573824864
-0.0001360469445
-0.0001182881474
-0.0001029144193
-8.971288787e-05
-7.842032771e-05
-6.866588083e-05
-6.022726926e-05
-5.295736179e-05
-4.668731841e-05
-4.125268438e-05
-3.650692868e-05
-3.237433577e-05
-2.877148909e-05
-2.561340255e-05
-2.283723997e-05
-2.039850077e-05
-1.825296331e-05
-1.635840574e-05
-1.468087731e-05
-1.319444361e-05
-1.187266543e-05
-1.069090327e-05
-9.63021084e-06
-8.675992145e-06
-7.815416546e-06
-7.036401406e-06
-6.327268976e-06
-5.676743066e-06
-5.074650502e-06
-4.512820219e-06
-3.98526351e-06
-3.487529119e-06
-3.01587813e-06
-2.566812151e-06
-2.13685675e-06
-1.72279372e-06
-1.320372922e-06
-9.297609863e-07
-5.34785055e-07
-2.091405161e-07
-0.01953510788
-0.02031994238
-0.01998108042
-0.01882151018
-0.01715600759
-0.01526046355
-0.01330841011
-0.01141799055
-0.009667969663
-0.008102834776
-0.006737847823
-0.005568759937
-0.004580555211
-0.003753754497
-0.003068041137
-0.002503444756
-0.002041043828
-0.001663735519
-0.001356697275
-0.001107366621
-0.0009051730168
-0.0007412584182
-0.0006085616621
-0.0005004249583
-0.0004127729465
-0.0003422915285
-0.0002835394545
-0.0002356186316
-0.0001971267602
-0.000164523842
-0.0001382285441
-0.0001171864416
-9.950676077e-05
-8.47795677e-05
-7.258969946e-05
-6.235860809e-05
-5.373275107e-05
-4.650105183e-05
-4.043525443e-05
-3.529889465e-05
-3.0927356e-05
-2.719779235e-05
-2.400480814e-05
-2.12530801e-05
-1.888445985e-05
-1.684447993e-05
-1.507501451e-05
-1.353263517e-05
-1.218648522e-05
-1.100645547e-05
-9.964837211e-06
-9.041390368e-06
-8.221385726e-06
-7.489027277e-06
-6.829484306e-06
-6.231855299e-06
-5.688214323e-06
-5.191650828e-06
-4.735386062e-06
-4.312556255e-06
-3.916464166e-06
-3.541281574e-06
-3.182672486e-06
-2.837842345e-06
-2.505081464e-06
-2.183217239e-06
-1.871248242e-06
-1.568062603e-06
-1.272358478e-06
-9.818826137e-07
-6.963189849e-07
-4.071139538e-07
-1.516942382e-07
-0.02640341984
-0.02656879913
-0.02534051929
-0.02317831094
-0.02054253872
-0.01777397761
-0.01508537049
-0.01260227823
-0.01039482978
-0.008488401388
-0.00687685067
-0.005535812078
-0.004432689657
-0.003533805883
-0.002807374911
-0.002224187731
-0.001758378346
-0.001387515221
-0.001093268948
-0.0008605948444
-0.0006770958973
-0.0005326877122
-0.000419581385
-0.00032871316
-0.0002575935661
-0.0002027045041
-0.0001580669855
-0.0001239035359
-9.823886462e-05
-7.733275028e-05
-6.093124346e-05
-4.847683662e-05
-3.87168909e-05
-3.091357242e-05
-2.481274568e-05
-2.013107563e-05
-1.648596478e-05
-1.361612544e-05
-1.136950404e-05
-9.608431178e-06
-8.220492376e-06
-7.131266471e-06
-6.276955458e-06
-5.603353384e-06
-5.071180925e-06
-4.649991225e-06
-4.311781656e-06
-4.03507142e-06
-3.80518977e-06
-3.61047726e-06
-3.44133126e-06
-3.290769576e-06
-3.153066446e-06
-3.023254374e-06
-2.897267667e-06
-2.772354744e-06
-2.647123703e-06
-2.520890541e-06
-2.392737105e-06
-2.261084874e-06
-2.124047132e-06
-1.980118575e-06
-1.828677487e-06
-1.670087774e-06
-1.505474412e-06
-1.336358431e-06
-1.164278627e-06
-9.904071735e-07
-8.152279392e-07
-6.384469388e-07
-4.593539994e-07
-2.773580622e-07
-9.32253473e-08
-0.0351006102
-0.0342842466
-0.03172703163
-0.02814997219
-0.0242147964
-0.02033605479
-0.01675577224
-0.01359390078
-0.01088958392
-0.008632727181
-0.006785324677
-0.005294078728
-0.004102350214
-0.003158353342
-0.002416288366
-0.001836980102
-0.001387541258
-0.001039718369
-0.0007722404694
-0.0005678109531
-0.0004122928473
-0.0002942859617
-0.0002052278888
-0.0001364710958
-8.715766629e-05
-5.188167469e-05
-2.557140625e-05
-7.205886243e-06
4.855639966e-06
1.404240498e-05
1.998705308e-05
2.295805999e-05
2.420010661e-05
2.450749923e-05
2.404427205e-05
2.294550595e-05
2.149692948e-05
1.989639179e-05
1.820571047e-05
1.647653158e-05
1.47757375e-05
1.314336954e-05
1.160737168e-05
1.017215107e-05
8.844316388e-06
7.625896804e-06
6.516257241e-06
5.513969843e-06
4.615849275e-06
3.815960883e-06
3.10620639e-06
2.478883098e-06
1.929592822e-06
1.453059953e-06
1.043107679e-06
6.940004396e-07
4.000449927e-07
1.553487274e-07
-4.523369063e-08
-2.054903445e-07
-3.28284515e-07
-4.163066492e-07
-4.725894814e-07
-5.007174593e-07
-5.047542488e-07
-4.889423654e-07
-4.572596365e-07
-4.129936028e-07
-3.583073971e-07
-2.949295427e-07
-2.219774155e-07
-1.4708223e-07
-3.446797665e-08
-0.04621593467
-0.04383725971
-0.03930396185
-0.03374582727
-0.02805588805
-0.0227733067
-0.01814708895
-0.0142407315
-0.01102465876
-0.008434021565
-0.006385705212
-0.004786085638
-0.00354808247
-0.002598574874
-0.001875254003
-0.001329151841
-0.0009202140616
-0.0006148317281
-0.0003904804348
-0.0002278249178
-0.0001112357404
-2.820243033e-05
2.923810826e-05
6.799244513e-05
9.133081652e-05
0.0001058971921
0.0001131793681
0.0001145443781
0.0001121081962
0.0001085765306
0.0001028877251
9.560638299e-05
8.798331616e-05
8.058180135e-05
7.337736603e-05
6.636027738e-05
5.969337413e-05
5.349573358e-05
4.776856434e-05
4.24962242e-05
3.768314475e-05
3.331851694e-05
2.938643683e-05
2.583915646e-05
2.264951462e-05
1.979207342e-05
1.723933204e-05
1.496493339e-05
1.294468327e-05
1.115472323e-05
9.571873037e-06
8.174827324e-06
6.946638703e-06
5.870517576e-06
4.930718891e-06
4.113459886e-06
3.405702002e-06
2.794789037e-06
2.269595646e-06
1.821111378e-06
1.441844276e-06
1.124976418e-06
8.63799011e-07
6.51439474e-07
4.808896825e-07
3.453089204e-07
2.384921703e-07
1.552106669e-07
9.163473333e-08
4.384936824e-08
1.262190226e-08
-1.798796447e-08
2.375966419e-08
-0.06072631809
-0.05580859858
-0.04827781451
-0.03989162202
-0.0318583797
-0.02484222157
-0.01903232576
-0.01434704464
-0.0106405274
-0.007770957585
-0.005591218246
-0.003951638309
-0.002729473294
-0.001827635948
-0.001166835661
-0.0006913132647
-0.000354486815
-0.0001167688626
4.677149932e-05
0.000154337045
0.0002213451071
0.000262084486
0.0002821647832
0.0002872738445
0.0002825369046
0.0002734329594
0.000259066661
0.0002412647643
0.0002224425834
0.0002042484211
0.0001862430182
0.0001686145039
0.0001519746747
0.0001365945461
0.0001224043661
0.0001093294366
9.739063809e-05
8.658286581e-05
7.682707186e-05
6.803381629e-05
6.013671144e-05
5.306981104e-05
4.676438384e-05
4.113402039e-05
3.611417833e-05
3.164745662e-05
2.767971549e-05
2.416199309e-05
2.104838769e-05
1.829359936e-05
1.585741479e-05
1.370832378e-05
1.181780239e-05
1.015779914e-05
8.703010383e-06
7.431152032e-06
6.321520049e-06
5.354831722e-06
4.514320851e-06
3.785995854e-06
3.157843018e-06
2.618945265e-06
2.158916662e-06
1.767641604e-06
1.435324856e-06
1.152777913e-06
9.118053203e-07
7.053420371e-07
5.278034128e-07
3.728838781e-07
2.409710076e-07
1.079611379e-07
8.052587319e-08
-0.07965914924
-0.07072752219
-0.05873328894
-0.04629308044
-0.03516509928
-0.02611546009
-0.0190755935
-0.01365848553
-0.009548731725
-0.006509546618
-0.004311386968
-0.002732119611
-0.001612507713
-0.0008316498942
-0.0002918826063
7.1653346e-05
0.0003065186509
0.0004527850943
0.0005376413043
0.0005762361124
0.0005832880335
0.0005730871656
0.000549381476
0.0005167988696
0.0004799512168
0.0004425362813
0.0004047048646
0.0003674359897
0.0003320125144
0.000299116515
0.0002686127717
0.0002403956137
0.0002145814965
0.0001912035172
0.0001700987058
0.0001510578273
0.0001339327185
0.0001185948081
0.0001048880761
9.265152356e-05
8.174844991e-05
7.205759096e-05
6.34488899e-05
5.580260441e-05
4.901680146e-05
4.300037117e-05
3.767103506e-05
3.295568288e-05
2.878755165e-05
2.510504152e-05
2.185306606e-05
1.898697741e-05
1.646458895e-05
1.424699327e-05
1.230028252e-05
1.059421205e-05
9.100700176e-06
7.794260735e-06
6.652850006e-06
5.65765195e-06
4.792188629e-06
4.041508266e-06
3.391671425e-06
2.829536172e-06
2.34281e-06
1.920242149e-06
1.551826607e-06
1.228677881e-06
9.433229182e-07
6.869117628e-07
4.592840406e-07
2.285567706e-07
1.348139441e-07
-0.1056326086
-0.0898678486
-0.07090024599
-0.05258351896
-0.03742342043
-0.02608669265
-0.01787062313
-0.0118658794
-0.007531197845
-0.004509595922
-0.00247122137
-0.0010999805
-0.0001903209297
0.0003912021984
0.0007491716124
0.0009555668656
0.001053203983
0.001080179659
0.001066350449
0.001022687974
0.0009606589703
0.0008913806137
0.0008190919445
0.0007465784837
0.0006762979658
0.0006100887933
0.0005483627397
0.0004912089226
0.0004388331983
0.0003912973754
0.0003483337059
0.0003095581492
0.0002746953839
0.0002434988607
0.0002156447687
0.0001907869798
0.0001686335463
0.0001489326537
0.0001314359546
0.0001159050882
0.0001021347995
8.994786238e-05
7.915365826e-05
6.959498829e-05
6.113643619e-05
5.365546775e-05
4.704294918e-05
4.120156255e-05
3.604235055e-05
3.148632008e-05
2.746762846e-05
2.392728804e-05
2.081098395e-05
1.80704165e-05
1.566309561e-05
1.355058196e-05
1.169779048e-05
1.00735495e-05
8.650803591e-06
7.406050186e-06
6.318524049e-06
5.369492504e-06
4.541785449e-06
3.819589095e-06
3.188434586e-06
2.635232295e-06
2.148257693e-06
1.716779419e-06
1.331348705e-06
9.805485774e-07
6.636241722e-07
3.414924932e-07
1.855963376e-07
-0.1403472972
-0.1141345542
-0.08436249716
-0.05740402236
-0.03732593022
-0.02387396312
-0.01485470196
-0.008594683375
-0.004372703978
-0.001683235341
-3.758509574e-05
0.0009590251244
0.0015370604
0.001824830911
0.001929098808
0.001928721345
0.001856993485
0.001743853553
0.001614072129
0.001477631019
0.001340947962
0.001209633347
0.001086478896
0.0009723878418
0.0008677081295
0.0007726348601
0.0006868569746
0.0006096739186
0.0005404515164
0.0004786381117
0.0004235823668
0.0003745747011
0.0003310006532
0.0002923354897
0.0002580686962
0.0002277075401
0.0002008175323
0.0001770215529
0.0001559762121
0.000137367961
0.0001209278296
0.0001064207234
9.360025104e-05
8.227212656e-05
7.22671818e-05
6.343376443e-05
5.563651451e-05
4.875437328e-05
4.268068607e-05
3.732376724e-05
3.260337579e-05
2.844585615e-05
2.478577033e-05
2.156634312e-05
1.873718788e-05
1.625250683e-05
1.407101447e-05
1.215622092e-05
1.047619296e-05
9.002981131e-06
7.711933023e-06
6.58101133e-06
5.590275402e-06
4.721601849e-06
3.958572579e-06
3.28636999e-06
2.691595159e-06
2.161699325e-06
1.685304305e-06
1.24857019e-06
8.501929281e-07
4.445839665e-07
2.31926064e-07
-0.1891949906
-0.1458887831
-0.09908629599
-0.05942862303
-0.03338332723
-0.01843259853
-0.009474461433
-0.00358139895
6.918548186e-05
0.002033473892
0.002988010471
0.003398978315
0.003503856355
0.003405358771
0.00319689223
0.002946369394
0.00268013954
0.002414166071
0.002161104619
0.001926479101
0.001711684304
0.00151715322
0.001342601003
0.001186757755
0.00104799263
0.0009248228764
0.0008157872808
0.0007193463673
0.0006340960737
0.0005588329082
0.000492439959
0.0004338655928
0.0003821898748
0.0003366245184
0.0002964605465
0.000261051739
0.0002298291614
0.00020229996
0.0001780291826
0.0001566348963
0.0001377855142
0.0001211740349
0.0001065252742
9.360574578e-05
8.221150959e-05
7.216305795e-05
6.330145894e-05
5.548608627e-05
4.859579412e-05
4.252465443e-05
3.717683681e-05
3.246719786e-05
2.832175837e-05
2.467575682e-05
2.14711274e-05
1.865545701e-05
1.618182186e-05
1.400862079e-05
1.209933876e-05
1.042215451e-05
8.94924668e-06
7.655938504e-06
6.519985151e-06
5.521178429e-06
4.641213494e-06
3.863576677e-06
3.173289805e-06
2.556172181e-06
1.99914686e-06
1.486231865e-06
1.015634136e-06
5.359806405e-07
2.730160154e-07
-0.1929893756
-0.1116233914
-0.05572029728
-0.02362745929
-0.008756302587
-0.001266274438
0.003353533147
0.005786342177
0.006522273708
0.006452183385
0.00608232903
0.005590119624
0.005036610236
0.00447993886
0.00395944815
0.003486138519
0.003060659183
0.002682554456
0.002349517074
0.002057254109
0.001801220468
0.001577356933
0.001381810363
0.00121095572
0.001061642104
0.0009311494759
0.0008170384852
0.0007171681525
0.0006297186482
0.000553113201
0.0004859591599
0.0004270492422
0.0003753503672
0.0003299635851
0.0002900966581
0.0002550581008
0.0002242502802
0.0001971537981
0.0001733246083
0.000152373889
0.0001339337223
0.0001176943354
0.0001033911443
9.079114341e-05
7.968900153e-05
6.990392705e-05
6.128203013e-05
5.368796232e-05
4.700008992e-05
4.111025831e-05
3.592447082e-05
3.136109153e-05
2.734797338e-05
2.382055096e-05
2.072073599e-05
1.799625477e-05
1.560061723e-05
1.349333885e-05
1.163966742e-05
1.000958167e-05
8.576462573e-06
7.316046216e-06
6.206011114e-06
5.226073787e-06
4.358088257e-06
3.585778579e-06
2.89374547e-06
2.267602796e-06
1.689549003e-06
1.157275316e-06
6.143092019e-07
3.082874417e-07
-0.2616581477
-0.1384813177
-0.04130269478
-0.004564816928
0.006286818697
0.01000996358
0.01212996704
0.01250776459
0.01148611669
0.01009887223
0.008813560964
0.007659867374
0.006616762328
0.005696610755
0.004904046161
0.004226214049
0.003646032873
0.003149368857
0.002724511707
0.002360799239
0.002048786487
0.001780606844
0.001549700115
0.001350475151
0.001178229367
0.001029049861
0.000899628091
0.0007871520788
0.0006892566569
0.0006039423852
0.0005294968734
0.0004644570628
0.0004075799516
0.0003578001363
0.000314193753
0.0002759608017
0.0002424138409
0.0002129624384
0.0001871093409
0.000164412412
0.0001444563914
0.0001269018322
0.0001114543713
9.78537617e-05
8.587506631e-05
7.532701108e-05
6.604163953e-05
5.786796551e-05
5.067154791e-05
4.433546062e-05
3.875840821e-05
3.385186118e-05
2.953779562e-05
2.574649161e-05
2.241459682e-05
1.948459972e-05
1.690566235e-05
1.463441653e-05
1.263451835e-05
1.087488204e-05
9.327510699e-06
7.966088307e-06
6.765873433e-06
5.704448984e-06
4.762279253e-06
3.922374998e-06
3.168784559e-06
2.4862761e-06
1.855447754e-06
1.273243657e-06
6.787059677e-07
3.373451426e-07
-0.3572098767
-0.1547616242
-0.01177054488
0.02522729088
0.02642078959
0.02353378183
0.0217804138
0.01934104146
0.01628291377
0.0135261123
0.01131787776
0.009512280515
0.008001168173
0.006744042893
0.005705692413
0.004846398873
0.00413105535
0.003532460801
0.003029765268
0.002606118868
0.002247584458
0.001942912664
0.001683109428
0.001460844275
0.001270094616
0.001105931515
0.0009642930043
0.0008418004725
0.0007356406075
0.0006434618684
0.0005632837878
0.0004934362986
0.0004325104699
0.0003793060862
0.0003327897878
0.0002920732905
0.0002563989514
0.0002251274219
0.0001977144601
0.0001736634073
0.0001525375969
0.0001339674795
0.0001176332121
0.000103259919
9.061100863e-05
7.948067706e-05
6.968624517e-05
6.106627604e-05
5.347916099e-05
4.680091184e-05
4.092356633e-05
3.575383062e-05
3.121009482e-05
2.721842997e-05
2.371025409e-05
2.062296543e-05
1.790220115e-05
1.550321634e-05
1.338976502e-05
1.153085988e-05
9.897379704e-06
8.460520754e-06
7.192613379e-06
6.069077246e-06
5.069578958e-06
4.177348522e-06
3.37670248e-06
2.651934865e-06
1.98201647e-06
1.362651042e-06
7.289488487e-07
3.600579706e-07
-0.381437445
-0.1693387609
0.001909535945
0.05590872809
0.04700211761
0.03762839541
0.03100540832
0.02528590922
0.02026310417
0.01630046704
0.01328750775
0.01092989541
0.009040321061
0.007518822754
0.006291128096
0.005294435731
0.004478358851
0.003804781488
0.003245449542
0.002778570301
0.00238671252
0.002056069209
0.00177580831
0.00153729429
0.001333541828
0.001158888805
0.001008725803
0.0008792659869
0.0007673757897
0.0006704495152
0.0005863148507
0.0005131590293
0.0004494587222
0.0003939152262
0.0003454125199
0.0003029992008
0.0002658716471
0.0002333638254
0.0002048931096
0.0001799241144
0.0001580017316
0.0001387396591
0.0001218050737
0.0001069106878
9.380757066e-05
8.227978107e-05
7.213881742e-05
6.321797986e-05
5.536840683e-05
4.845904435e-05
4.237796071e-05
3.703047081e-05
3.233339805e-05
2.820920434e-05
2.458402825e-05
2.13903663e-05
1.857144506e-05
1.608312342e-05
1.389123714e-05
1.196592128e-05
1.027670878e-05
8.791425056e-06
7.478897237e-06
6.312749729e-06
5.273060478e-06
4.34465613e-06
3.512960006e-06
2.761786672e-06
2.067951316e-06
1.42509286e-06
7.650131026e-07
3.763369223e-07
-0.2723279249
-0.09800940082
0.05790956467
0.07776017349
0.06153694571
0.04727541762
0.0368532927
0.02883714067
0.02258835331
0.01789308747
0.01438952925
0.01170685129
0.00960368125
0.007935681106
0.006603756889
0.005532183419
0.004661738945
0.003947935177
0.003358362467
0.002868507098
0.002459020942
0.002114703195
0.001823722723
0.001576733071
0.001366223121
0.001186133397
0.001031566004
0.0008985211616
0.0007836891792
0.0006843200768
0.0005981430684
0.0005232831686
0.0004581625667
0.000401423352
0.0003518975244
0.0003086019833
0.0002707197637
0.0002375776096
0.0002085656261
0.0001831311984
0.0001608066043
0.0001411941467
0.0001239517383
0.0001087844416
9.544029362e-05
8.370397919e-05
7.338603806e-05
6.431396997e-05
5.633122788e-05
4.93019869e-05
4.311410793e-05
3.767501056e-05
3.290207074e-05
2.871443863e-05
2.503228831e-05
2.178326006e-05
1.890992868e-05
1.637156069e-05
1.413826319e-05
1.218163832e-05
1.04685224e-05
8.961680358e-06
7.625910492e-06
6.434255776e-06
5.369519211e-06
4.420249922e-06
3.573884142e-06
2.813225188e-06
2.111683142e-06
1.45951634e-06
7.859032042e-07
3.852095203e-07
-0.4180815831
-0.3291568734
-0.4179940279
-0.329163791
-0.2916151369
-0.2141987328
-0.291636384
-0.2141951733
-0.4061865879
-0.4341294892
-0.4060662488
-0.434043381
-0.4377374169
-0.4370925875
-0.3204904928
-0.3182801475
-0.1488268704
-0.2030978295
-0.09942777619
-0.2723609745
-0.1487973583
-0.2030978616
-0.09942285115
-0.4000815707
-0.3740381727
-0.3756893214
-0.4004023657
-0.4377471794
-0.4371374716
-0.4000917935
-0.3740541407
-0.3756967674
-0.4004300082
-0.2745062227
-0.2919358806
-0.304004741
-0.2584921345
-0.3035102252
-0.2586060171
-0.2734226231
-0.2382481956
-0.2138433977
-0.2296911289
-0.2186611266
-0.2292704748
-0.2187988585
-0.2381733813
-0.3205096053
-0.3182860688
-0.2745092868
-0.2919374076
-0.304005716
-0.2584795491
-0.3035140228
-0.2586065784
-0.2734256236
-0.2382499867
-0.2138445401
-0.2296850644
-0.2186618868
-0.2292718151
-0.2188004208
-0.238175598
-0.2915231604
-0.3763546251
-0.2916233782
-0.3763610751
-0.1932001825
-0.331522087
-0.2147426086
-0.2616723985
-0.1932133295
-0.3313384939
-0.2147623207
-0.4946197982
-0.4952897158
-0.2122940324
-0.3917101867
-0.2258190936
-0.3570347907
-0.2123398534
-0.3916130509
-0.2258401899
-0.2244453669
-0.3057619053
-0.1725807282
-0.3815220004
-0.224404496
-0.3057746451
-0.1726099088
-0.05264893808
-0.1187486766
-0.007413217208
-0.1693207123
-0.05265625387
-0.1187708587
-0.007413616394
-0.272812469
-0.2416782646
-0.2420640452
-0.2134745126
-0.2410201572
-0.2413463025
-0.2132159694
0.02157472768
-0.05401594811
0.04722749158
-0.09798685789
0.0215771334
-0.05400929474
0.04722654364
-0.4160168001
-0.4185814198
-0.4445603644
-0.3927189984
-0.4449467776
-0.3931980218
-0.4155731984
-0.3833572341
-0.3296254636
-0.3627211546
-0.348674763
-0.362923334
-0.3490383593
-0.3830007372
-0.4160244439
-0.4185639969
-0.444555374
-0.3927563399
-0.4449550067
-0.3932036236
-0.4155959878
-0.3833643408
-0.3296306349
-0.3627090187
-0.34870974
-0.3629292556
-0.3490454688
-0.3830206483
-0.4747943984
-0.4515841018
-0.4284073803
-0.4069518705
-0.4523323094
-0.4291061472
-0.4740593015
-0.4347935629
-0.4667527897
-0.467533731
-0.4797191825
-0.4379671829
-0.4387852892
-0.4789423424
-0.4947829561
-0.4953347827
-0.4747987062
-0.4069220586
-0.4516207008
-0.428418932
-0.4523417245
-0.4291057375
-0.4740719081
-0.4347794968
-0.4669231636
-0.4675578432
-0.4797346997
-0.4380288764
-0.4387946911
-0.4790045407
-0.1735679712
-0.1983824429
-0.1264144464
-0.1490042082
-0.1985896475
-0.1264515937
-0.173465578
-0.2032020543
-0.216700846
-0.2168479552
-0.1911450062
-0.1788541129
-0.1788753302
-0.1910690319
-0.1536615004
-0.1090161334
-0.1427872992
-0.09900778766
-0.1088277794
-0.1426327645
-0.1537143582
-0.2728156142
-0.2416687175
-0.2420629964
-0.2134767292
-0.2410222681
-0.2413483519
-0.2132215181
-0.1735698282
-0.1490011941
-0.1983649354
-0.1264221877
-0.1985901623
-0.1264524989
-0.1734668596
-0.2032033221
-0.2166928311
-0.2168483704
-0.191144986
-0.1788565407
-0.1788765657
-0.1910648682
-0.1536618876
-0.09900766069
-0.1090143407
-0.1427880988
-0.1088282505
-0.1426333361
-0.1537148017
-0.234905774
-0.2698108597
-0.2348762244
-0.2697963134
-0.1649544518
-0.2217687048
-0.1784101864
-0.1929947663
-0.164934052
-0.2218029393
-0.1784109469
-0.3882711553
-0.3814458914
-0.2452083553
-0.2465526019
-0.2857838248
-0.2615392962
-0.2279202432
-0.2811241839
-0.2544885474
-0.09927102765
-0.1496611416
-0.1008324211
-0.1384993048
-0.09925588747
-0.1496708231
-0.1008223808
-0.377735698
-0.3581228077
-0.3786241839
-0.3277016293
-0.3074802828
-0.3086975546
-0.3261996586
-0.08404868205
-0.1792292533
-0.08399157798
-0.1547370265
-0.08402549682
-0.1792420756
-0.08397953231
-0.3821986266
-0.3623189161
-0.362922677
-0.3213773342
-0.3357244098
-0.3367179412
-0.3207362379
-0.1201944225
-0.1148203517
-0.1596061966
-0.1668286783
-0.1070685732
-0.1611606795
-0.1169404232
0.03919988983
0.03032367071
0.05131757163
0.001906439194
0.03921911657
0.03032670642
0.05132478509
-0.0780912511
-0.09814978123
-0.07800856537
-0.03349291535
-0.05136233068
-0.05124691219
-0.03368638089
0.07699837807
0.07371482547
0.08542845969
0.05791038206
0.07699952536
0.07371487493
0.08542975043
-0.3539904043
-0.3067537073
-0.3187866561
-0.3053313583
-0.3332309503
-0.3195650091
-0.3477558601
-0.4618636356
-0.4626104716
-0.4240380796
-0.4225066839
-0.419099367
-0.3779820351
-0.4203106579
-0.3853718649
-0.3459877963
-0.3474404958
-0.383822898
-0.3882742541
-0.3394896851
-0.3588463826
-0.3814526107
-0.354005303
-0.3053401692
-0.3067528525
-0.3188877717
-0.3332308376
-0.3195808866
-0.3478113036
-0.4619495656
-0.462642107
-0.4240495413
-0.4225097384
-0.3779654149
-0.4192602197
-0.42034712
-0.3854064275
-0.3462081268
-0.347465414
-0.3839519983
-0.3343244812
-0.2789663935
-0.3052999292
-0.2848597446
-0.3092647161
-0.2921134735
-0.2571589664
-0.2438832011
-0.2035602121
-0.2451972276
-0.2035508153
-0.1941449219
-0.2474372915
-0.2178491357
-0.2452161975
-0.261542976
-0.2465649738
-0.2857725264
-0.2279256533
-0.2811122348
-0.2544854707
-0.3342583239
-0.2789836675
-0.3051993431
-0.2849372844
-0.3092312292
-0.2921320637
-0.2572043153
-0.2438935246
-0.2035601724
-0.2035887149
-0.2452490725
-0.1941550613
-0.2474556229
-0.217895442
-0.2778752037
-0.2601052836
-0.2280906144
-0.2087577598
-0.2598319565
-0.2338569365
-0.2749002833
-0.3923249774
-0.3903958277
-0.3913306856
-0.3410073261
-0.3421506846
-0.3439233582
-0.3386296656
-0.2882004518
-0.2154429853
-0.2846969598
-0.2343316257
-0.2436459062
-0.2882271887
-0.2809680995
-0.358084829
-0.3778019002
-0.3786351949
-0.3276998966
-0.3073623896
-0.3086938103
-0.326192504
-0.2778849254
-0.2087635681
-0.2601290728
-0.2280914773
-0.2598457221
-0.2338588907
-0.2749234601
-0.3923169285
-0.3903767697
-0.3913251535
-0.3409922002
-0.3421523752
-0.3439288756
-0.3385707606
-0.2882076316
-0.2343341169
-0.2154709452
-0.2847345589
-0.2436487404
-0.2882382712
-0.2809889264
-0.2700970835
-0.2812754143
-0.214069131
-0.2255232985
-0.2823141811
-0.2152033781
-0.2694113534
-0.3063081098
-0.3365319013
-0.3370103974
-0.2711615133
-0.2717618029
-0.2991026012
-0.2985036905
-0.2250356488
-0.1733837615
-0.2255930039
-0.250189456
-0.1951127229
-0.1963681115
-0.2495945621
-0.3822172058
-0.3623323414
-0.3629253497
-0.3213815991
-0.3357735673
-0.3367288188
-0.3207423838
-0.2701001222
-0.225517006
-0.2812778611
-0.2140830591
-0.2823180171
-0.2152040835
-0.2694181104
-0.3063128966
-0.3364997701
-0.3370053776
-0.2712043754
-0.2717662463
-0.2991081042
-0.2985164387
-0.1733860937
-0.2250960363
-0.2256025843
-0.250194235
-0.1951186119
-0.1963706329
-0.2496063927
-0.1203627832
-0.09880409824
-0.1388332972
-0.06888143993
-0.1426857307
-0.07248777543
-0.08350174411
-0.05167595075
-0.008890378938
-0.03145590407
0.004798158479
0.001414795725
-0.02670584329
-0.03885010047
-0.1201940663
-0.1668301199
-0.1148061313
-0.1596359337
-0.1070668863
-0.1611712039
-0.1169411917
-0.1203666615
-0.09880066095
-0.1388404781
-0.06887545427
-0.1426892999
-0.0724836039
-0.08349686248
-0.05167651877
0.004798063576
-0.0088908649
-0.03145354514
0.001411954685
-0.02670549098
-0.03885293517
0.004110302215
-0.0113729739
0.02848483091
0.02746561405
-0.008183688297
0.02931979126
0.003414166451
-0.06270930174
-0.05384957604
-0.06248976065
-0.01940667328
-0.01237166917
-0.01208443877
-0.01973125417
0.01701609173
0.04419580444
0.02247953834
0.04760033482
0.0452945814
0.02279131437
0.01650555575
-0.09814728072
-0.07809248855
-0.07800944862
-0.03349174768
-0.05134586079
-0.05123834059
-0.03368331161
0.004110600055
0.02746510143
-0.01137383663
0.02848412774
-0.008184203104
0.02931949176
0.003414975229
-0.05384690023
-0.06270511078
-0.06248613165
-0.0194079902
-0.01236949629
-0.01208379233
-0.01973316566
0.01701712767
0.04760022317
0.0442021231
0.02248171467
0.04529597877
0.02279205689
0.0165082865
-0.3159969915
-0.3134494475
-0.2937194473
-0.3024644523
-0.3160340927
-0.3134467306
-0.2937114216
-0.3024859891
-0.1660484446
-0.1461868072
-0.177720863
-0.1931770893
-0.1286900237
-0.1240659406
-0.1377061746
-0.1777215296
-0.1660712503
-0.1461945909
-0.1931771065
-0.1286894437
-0.1240606633
-0.1377022775
-0.2595219372
-0.2572549721
-0.2554411611
-0.2614657414
-0.2602610852
-0.260501011
-0.2218081612
-0.2184907338
-0.215953341
-0.2072986221
-0.2049942513
-0.2040528528
-0.2053311675
-0.2021399515
-0.1995976144
-0.2240063059
-0.2216235393
-0.2208303102
-0.2595231316
-0.2572559763
-0.2554421097
-0.2614667014
-0.2602615236
-0.2605010418
-0.221809215
-0.2184916385
-0.2159541623
-0.2072991864
-0.2049946946
-0.2040531451
-0.2053325532
-0.202141206
-0.1995986725
-0.2240067597
-0.2216236254
-0.22083012
)
;

boundaryField
{
    inlet
    {
        type            zeroGradient;
    }
    outlet
    {
        type            fixedValue;
        value           uniform 0;
    }
    topAndBottom
    {
        type            symmetry;
    }
    frontAndBack
    {
        type            empty;
    }
    cylinder
    {
        type            zeroGradient;
    }
    procBoundary1to0
    {
        type            processor;
        value           nonuniform List<scalar> 
116
(
0.007102023778
0.006854675255
0.006350115556
0.005573885314
0.004497134877
0.003081797814
0.001273525228
-0.001000878691
-0.0038412659
-0.007381625708
-0.01180868416
-0.01737677521
-0.0244505086
-0.03355168947
-0.04542388243
-0.06130791304
-0.08260447692
-0.1131762591
-0.1550462864
-0.2586966421
-0.206230104
-0.2301371072
-0.2061020565
-0.2300328527
-0.2586681487
-0.2586966421
-0.2586966421
-0.2586966421
-0.5398523482
-0.5398280537
-0.4702179305
-0.4718639571
-0.4689918397
-0.4689918397
-0.4703928143
-0.4702179305
-0.322416693
-0.3187891618
-0.4291016757
-0.4312972301
-0.3750366871
-0.3728322842
-0.4702349957
-0.4718501242
-0.4691498891
-0.4691498891
-0.4703684276
-0.4702349957
-0.4291107902
-0.4313297137
-0.3750521092
-0.3728396603
-0.3224332961
-0.3187945915
-0.5062118429
-0.3744935411
-0.5060613797
-0.5403157538
-0.5147126064
-0.5147126064
-0.5140181799
-0.5140181799
-0.4976972167
-0.4986029094
-0.514307723
-0.5136518083
-0.5403243209
-0.514733325
-0.514733325
-0.514090594
-0.514090594
-0.4978356293
-0.4986281358
-0.5143192645
-0.5136759068
-0.3393764677
-0.2586681487
-0.2586681487
-0.2586681487
-0.3394511626
-0.3588447046
-0.4192532717
-0.3394836236
-0.3394836236
-0.3394836236
-0.4163429373
-0.3588447046
-0.3588447046
-0.3588447046
-0.506605126
-0.4625639454
-0.461611855
-0.4192555211
-0.3792981022
-0.4163715623
-0.5065766493
-0.4625487892
-0.4615568286
-0.306066738
-0.3396608132
-0.3104679188
-0.3396725827
-0.3061242012
-0.3104668064
-0.322416693
-0.3231832933
-0.324252285
-0.3224332961
-0.3231984859
-0.3242666896
-0.3187891618
-0.318302184
-0.3167094384
-0.3187945915
-0.31830726
-0.3167137107
)
;
    }
    procBoundary1to3
    {
        type            processor;
        value           nonuniform List<scalar> 
125
(
0.07776071871
0.06153578877
0.04727390262
0.03685236861
0.02883639775
0.02258734142
0.01789182437
0.01438819466
0.01170548996
0.009602320217
0.007934312401
0.006602434311
0.005530926112
0.004660528217
0.003946838799
0.003357421267
0.002867705823
0.002458339895
0.00211412346
0.001823226532
0.001576307045
0.001365858566
0.001185820003
0.001031291712
0.0008982750229
0.0007834644974
0.0006841125445
0.0005979506165
0.0005231059775
0.0004580017652
0.0004012796748
0.0003517712668
0.000308492273
0.000270631831
0.0002375028321
0.0002084902892
0.0001830513852
0.0001607257229
0.0001411178026
0.0001238840756
0.0001087268495
9.539185564e-05
8.366265751e-05
7.334955711e-05
6.428050009e-05
5.629998965e-05
4.927320455e-05
4.308831053e-05
3.765230844e-05
3.288181839e-05
2.869530859e-05
2.501265026e-05
2.176172472e-05
1.888587191e-05
1.634543381e-05
1.411155866e-05
1.215650531e-05
1.044715948e-05
8.945710055e-06
7.615941652e-06
6.429776631e-06
5.369137428e-06
4.422164334e-06
3.576409463e-06
2.815207799e-06
2.11269121e-06
1.45976204e-06
7.859157942e-07
3.853087553e-07
-0.2030906784
-0.05401455142
0.07371460215
-0.2141931854
-0.2141920893
-0.09942721124
-0.2030944837
-0.09942271113
-0.2138380458
-0.218656135
-0.2187938723
-0.2138400863
-0.2186587311
-0.2187960923
0.04722782763
-0.05400781626
0.04722722894
-0.2031953862
-0.1788446544
-0.1788649112
-0.1427865547
-0.09900543155
-0.1426312646
-0.2031979457
-0.1788518275
-0.1788679596
-0.0990052923
-0.1427896346
-0.1426326241
0.08542658211
0.07371502091
0.0854282196
-0.0538478666
-0.01236959444
-0.01208201439
0.02248105485
0.04760071243
0.0227929992
-0.05384505549
-0.01236702382
-0.01208124484
0.04760065988
0.02248364067
0.02279388829
-0.2072925491
-0.204988047
-0.2040465869
-0.2053253579
-0.2021340985
-0.199591786
-0.2072954416
-0.204990974
-0.2040494979
-0.2053275847
-0.2021362463
-0.1995937656
)
;
    }
}


// ************************************************************************* //
