/*--------------------------------*- C++ -*----------------------------------*\
| =========                 |                                                 |
| \\      /  F ield         | OpenFOAM: The Open Source CFD Toolbox           |
|  \\    /   O peration     | Version:                                        |
|   \\  /    A nd           | Website:  www.openfoam.com                      |
|    \\/     M anipulation  |                                                 |
\*---------------------------------------------------------------------------*/
FoamFile
{
    version     2.0;
    format      ascii;
    class       volScalarField;
    location    "7.2";
    object      p;
}
// * * * * * * * * * * * * * * * * * * * * * * * * * * * * * * * * * * * * * //

dimensions      [0 2 -2 0 0 0 0];


internalField   nonuniform List<scalar> 
2429
(
-0.03855234994
-0.04199722614
-0.04496740568
-0.04742858908
-0.04935887878
-0.05074985506
-0.05160401406
-0.0519411617
-0.05178870775
-0.0511831659
-0.05016881009
-0.04879542634
-0.04711624562
-0.04518466789
-0.04305174771
-0.04076984631
-0.0383905776
-0.03596028275
-0.03351912241
-0.03110151543
-0.02873642089
-0.02644735134
-0.02425256175
-0.02216550769
-0.02019542861
-0.01834794339
-0.01662561727
-0.01502848857
-0.01355455023
-0.01220018631
-0.01096056404
-0.009829979852
-0.008802155532
-0.007870481505
-0.007028209417
-0.006268601411
-0.005585044936
-0.004971141502
-0.0044207742
-0.003928156104
-0.003487859997
-0.003094842072
-0.002744417812
-0.002432494219
-0.002155115777
-0.001908439743
-0.001689227203
-0.001494567669
-0.001321806026
-0.001168531737
-0.001032591661
-0.0009120585301
-0.0008051967255
-0.0007104530736
-0.0006264466671
-0.0005519459763
-0.0004858416783
-0.0004271418045
-0.000374963821
-0.0003285228545
-0.0002871214026
-0.0002501329486
-0.000216993718
-0.0001871977702
-0.0001602912427
-0.0001358603322
-0.0001135278042
-9.294277678e-05
-7.380866024e-05
-5.57556282e-05
-3.881757395e-05
-2.169950105e-05
-9.597294398e-06
-0.03898920708
-0.04247509801
-0.0454750487
-0.04795420409
-0.0498905968
-0.05127606806
-0.0521139292
-0.05242516925
-0.05223837184
-0.05159154123
-0.05053062244
-0.04910665991
-0.047374902
-0.04539097958
-0.04320854973
-0.04088151175
-0.0384611246
-0.03599367302
-0.03351979299
-0.03107427955
-0.02868609524
-0.02637850925
-0.02416942866
-0.02207190594
-0.02009473843
-0.01824308417
-0.01651905129
-0.01492224241
-0.01345024923
-0.0120990974
-0.01086364226
-0.009737913496
-0.008715406962
-0.007789322744
-0.006952754113
-0.006198834835
-0.005520851552
-0.004912330589
-0.004367102518
-0.003879344879
-0.003443609847
-0.003054846468
-0.002708381932
-0.002400141309
-0.002126009864
-0.001882287198
-0.00166578971
-0.001473590288
-0.00130306095
-0.001151809159
-0.001017697728
-0.0008988138597
-0.0007934238264
-0.0006999960214
-0.0006171737895
-0.0005437361152
-0.0004785829785
-0.0004207350343
-0.0003693192202
-0.0003235611629
-0.0002827726684
-0.0002463339973
-0.0002136886963
-0.0001843379208
-0.0001578345865
-0.0001337725159
-0.0001117793523
-9.151030835e-05
-7.267233585e-05
-5.489851759e-05
-3.822601288e-05
-2.136417809e-05
-9.473459318e-06
-0.03987295201
-0.04344041006
-0.0464998159
-0.04901499337
-0.05096348698
-0.05233734865
-0.0531433607
-0.05340213863
-0.05314548495
-0.05241479279
-0.05125950832
-0.04973409996
-0.04789811254
-0.04581047394
-0.04352843617
-0.0411085559
-0.0386032446
-0.03605959693
-0.03351904518
-0.03101679335
-0.02858167913
-0.02623647934
-0.02399840553
-0.02187968386
-0.01988819836
-0.01802815823
-0.01630073764
-0.01470465765
-0.01323670314
-0.01189217854
-0.01066530499
-0.009549562063
-0.008537975515
-0.007623350325
-0.00679845601
-0.006056169518
-0.005389577871
-0.0047920595
-0.004257339866
-0.003779521482
-0.00335311214
-0.002973046083
-0.002634651751
-0.002333817352
-0.002066398256
-0.001828813953
-0.001617937589
-0.00143085634
-0.001264916766
-0.001117811775
-0.0009874313243
-0.0008719187468
-0.0007695327479
-0.0006787881027
-0.0005984030547
-0.0005271364426
-0.0004639076104
-0.0004077749255
-0.0003578955332
-0.0003135253734
-0.0002739856618
-0.000238667064
-0.0002070277181
-0.0001785816924
-0.0001528912369
-0.0001295642443
-0.0001082511774
-8.861747798e-05
-7.037328331e-05
-5.316029643e-05
-3.701503178e-05
-2.068805627e-05
-9.177480048e-06
-0.04122440794
-0.04491740528
-0.04806822527
-0.05063859517
-0.0526054021
-0.05396158621
-0.05471590432
-0.0548922689
-0.05452666575
-0.05366519624
-0.05236303751
-0.05068210688
-0.04868677633
-0.04643988636
-0.04400508081
-0.04144272587
-0.03880745563
-0.03614800761
-0.03350681621
-0.03091935202
-0.02841409131
-0.02601300055
-0.02373217511
-0.0215825219
-0.0195704913
-0.01769882604
-0.01596726904
-0.01437319392
-0.01291215293
-0.01157834919
-0.01036503821
-0.009264868662
-0.008270165238
-0.007373149212
-0.006566116868
-0.005841571726
-0.005192306916
-0.004611490299
-0.004092692272
-0.003629894184
-0.003217546554
-0.00285059358
-0.002524351009
-0.002234642139
-0.00197732781
-0.001748995079
-0.001546553696
-0.001367083486
-0.001208026548
-0.001067133546
-0.0009423617107
-0.0008318436185
-0.0007339364948
-0.0006472079588
-0.0005704558119
-0.0005024239198
-0.0004420344116
-0.0003884044032
-0.0003408032763
-0.0002985171914
-0.0002608462743
-0.0002272011068
-0.0001970673288
-0.0001699817883
-0.0001455181563
-0.0001232915835
-0.0001030056833
-8.432774264e-05
-6.696919011e-05
-5.058917875e-05
-3.522514887e-05
-1.96891278e-05
-8.735496323e-06
-0.04307928046
-0.0469455007
-0.05022170514
-0.05286677086
-0.05485675441
-0.05618576069
-0.05686585828
-0.05692550086
-0.05640605051
-0.05536031617
-0.05385533452
-0.05196001892
-0.04974231827
-0.04727593399
-0.04463214305
-0.04187528586
-0.03906321134
-0.0362471423
-0.0334707213
-0.0307695089
-0.02817129732
-0.02569681214
-0.02336049982
-0.02117135566
-0.0191337923
-0.01724850131
-0.01551324628
-0.01392355115
-0.01247328716
-0.01115516719
-0.009961148445
-0.008882774051
-0.007911446083
-0.007038618885
-0.006255982032
-0.005555557921
-0.004929744893
-0.004371471182
-0.003874114921
-0.003431466676
-0.003037915487
-0.002688482395
-0.00237843846
-0.002103513886
-0.001859641289
-0.001643577245
-0.001452219993
-0.001282775536
-0.001132876368
-0.001000226479
-0.0008828107422
-0.0007786633497
-0.0006865867736
-0.0006053398411
-0.0005334304432
-0.0004697101274
-0.000413099786
-0.0003627869397
-0.0003182526237
-0.0002787560653
-0.0002435839221
-0.0002121562167
-0.0001840071085
-0.000158711545
-0.0001358742448
-0.0001151376816
-9.620107593e-05
-7.875852782e-05
-6.254643357e-05
-4.724811357e-05
-3.289916654e-05
-1.838979756e-05
-8.158527407e-06
-0.04548626442
-0.04957870272
-0.0530173346
-0.0557574653
-0.05777425213
-0.05906350818
-0.0596417206
-0.05954363101
-0.05881652592
-0.05752759472
-0.05575764481
-0.05357615117
-0.05106617355
-0.04831489443
-0.0454006559
-0.04239298163
-0.03935440519
-0.03633924135
-0.0333923136
-0.03054895516
-0.02783579085
-0.02527168988
-0.02286874743
-0.020633314
-0.01856704519
-0.01666790732
-0.0149310742
-0.01334967656
-0.0119154358
-0.01061917897
-0.009451227519
-0.00840175944
-0.007461043212
-0.00661957247
-0.005868338366
-0.005198791066
-0.004602802799
-0.004073087822
-0.003602787347
-0.003185470621
-0.002815528401
-0.002488030249
-0.00219798066
-0.00194126047
-0.001714179563
-0.001513259446
-0.001335253101
-0.00117807501
-0.001039655368
-0.0009174236342
-0.0008091502984
-0.0007129335756
-0.0006283032774
-0.000553820364
-0.000487902815
-0.0004294519662
-0.0003777158817
-0.0003317711365
-0.0002910588216
-0.0002549116554
-0.0002227120292
-0.0001939508617
-0.0001681985818
-0.0001450645955
-0.0001241863756
-0.0001052324435
-8.79148704e-05
-7.196456207e-05
-5.71462118e-05
-4.316706166e-05
-3.005646533e-05
-1.680028927e-05
-7.452419009e-06
-0.04851130281
-0.05288994121
-0.05653198576
-0.0593885169
-0.06143377629
-0.06266578934
-0.06310677145
-0.06280083069
-0.06180627758
-0.06020986601
-0.05809239777
-0.05554119224
-0.05266099687
-0.0495508908
-0.0462972262
-0.0429771329
-0.03965908066
-0.03640059592
-0.03324736675
-0.03023397631
-0.02738516543
-0.02471708956
-0.02223857846
-0.01995243035
-0.01785668093
-0.01594579147
-0.01421166481
-0.01264444358
-0.01123321868
-0.009966529448
-0.008832696375
-0.007820321585
-0.006918352269
-0.006116088056
-0.005403809192
-0.004772273303
-0.004212712653
-0.003717759576
-0.003279912095
-0.002892864356
-0.002551359889
-0.002250083409
-0.001983138712
-0.001747859167
-0.001541091089
-0.001358764112
-0.00119653894
-0.001054348505
-0.0009297725147
-0.0008199557589
-0.0007228391411
-0.0006368620418
-0.000561131823
-0.0004943785104
-0.000435346942
-0.0003830698137
-0.0003367922112
-0.0002957785552
-0.0002594079892
-0.0002271082222
-0.0001983590212
-0.0001727051384
-0.0001497485722
-0.0001291326586
-0.0001105327242
-9.365528478e-05
-7.823824856e-05
-6.403674946e-05
-5.084523774e-05
-3.840631957e-05
-2.674168641e-05
-1.494740348e-05
-6.629599638e-06
-0.05224097541
-0.05697447608
-0.06086561348
-0.06386087641
-0.06593379453
-0.06708489628
-0.06734246601
-0.06676647337
-0.06543400467
-0.06344505793
-0.06088347948
-0.0578688069
-0.05452836271
-0.05097384563
-0.04730294934
-0.04360284643
-0.03994857182
-0.03640061702
-0.03300497428
-0.02979465213
-0.0267914461
-0.02400762024
-0.02144755897
-0.01910938205
-0.01698646078
-0.01506885859
-0.01334444374
-0.01179968823
-0.01042059935
-0.009193032262
-0.008102867328
-0.007137024521
-0.006282902294
-0.005528380887
-0.00486321431
-0.004276896664
-0.003760260434
-0.003306213282
-0.002905370695
-0.002553472696
-0.00224559836
-0.001975018257
-0.001734966242
-0.00152548457
-0.001342898479
-0.001182513081
-0.001040768683
-0.0009162850957
-0.0008070736558
-0.0007109331428
-0.0006261338453
-0.0005513213607
-0.0004853857194
-0.0004272671495
-0.000375968806
-0.0003306324367
-0.0002905411633
-0.0002550563968
-0.0002236082508
-0.0001956973216
-0.0001708755662
-0.0001487430504
-0.000128947368
-0.0001111760626
-9.514846612e-05
-8.061163014e-05
-6.733676298e-05
-5.511088257e-05
-4.37540877e-05
-3.304667077e-05
-2.300906419e-05
-1.286123661e-05
-5.703451502e-06
-0.05678721987
-0.06195484712
-0.0661461085
-0.06930301765
-0.07139858167
-0.07243727473
-0.07245361328
-0.07153967557
-0.06978511132
-0.06728138014
-0.0641588989
-0.06057217221
-0.05666577382
-0.05256753074
-0.04839143613
-0.04423679638
-0.04018535436
-0.03630002075
-0.03262615082
-0.02919385696
-0.02602044401
-0.02311269969
-0.02046906553
-0.01808158033
-0.01593766787
-0.01402203234
-0.01231766834
-0.01080653435
-0.009471203462
-0.008294375176
-0.007259001474
-0.006350513719
-0.005553963065
-0.004855980313
-0.00424621704
-0.003711426237
-0.003244552009
-0.002837998597
-0.002480551961
-0.002170452132
-0.001901896168
-0.001667608024
-0.00146182571
-0.001282429332
-0.001126161986
-0.000989376863
-0.0008692619297
-0.0007638813091
-0.0006715355032
-0.0005905355899
-0.0005193688818
-0.0004567799085
-0.0004017147327
-0.0003532598057
-0.0003105807572
-0.0002729355087
-0.0002396912536
-0.0002103009971
-0.0001842821444
-0.0001612104529
-0.0001407090758
-0.0001224430798
-0.0001061169524
-9.146917956e-05
-7.82659355e-05
-6.629636318e-05
-5.537067093e-05
-4.531319333e-05
-3.597473051e-05
-2.716662481e-05
-1.891271555e-05
-1.057140082e-05
-4.687213359e-06
-0.06229441892
-0.06798764696
-0.07253545279
-0.0758754925
-0.07797886175
-0.07886137989
-0.07859575927
-0.07725324122
-0.07493218332
-0.07177407328
-0.06795949656
-0.06366879855
-0.05906806186
-0.05430946426
-0.04952784099
-0.04483583514
-0.04032163634
-0.036049594
-0.03206283194
-0.0283865108
-0.02503126718
-0.02199631072
-0.01927228627
-0.01684337775
-0.01468940403
-0.01278877583
-0.01111864217
-0.009655423983
-0.008378280466
-0.00726554006
-0.006297121482
-0.005457538691
-0.004727598514
-0.004096074968
-0.003551398391
-0.003076658076
-0.002669101609
-0.00231994271
-0.002017342735
-0.001755959151
-0.001530470759
-0.001335232176
-0.001165687706
-0.00101844012
-0.0008906676942
-0.0007796007816
-0.0006828164803
-0.0005983685404
-0.0005246901231
-0.0004603570261
-0.0004040788377
-0.0003547666639
-0.0003115166236
-0.0002735582253
-0.0002402074015
-0.0002108600063
-0.0001849974747
-0.0001621748975
-0.0001420040169
-0.0001241437596
-0.0001082936653
-9.418872321e-05
-8.159538315e-05
-7.030720623e-05
-6.014041484e-05
-5.093000349e-05
-4.252786361e-05
-3.47970859e-05
-2.761971158e-05
-2.085706708e-05
-1.451886295e-05
-8.115373109e-06
-3.59707453e-06
-0.06894954038
-0.07527338384
-0.08023962208
-0.08378397161
-0.08588344289
-0.0865768886
-0.08592017997
-0.08401159808
-0.08097293292
-0.07700520102
-0.07233398251
-0.0671727643
-0.06172201294
-0.05616634949
-0.05066454283
-0.04534324985
-0.04029643985
-0.03558811971
-0.03125651695
-0.02731878107
-0.02377594508
-0.02061689939
-0.01782228868
-0.01536624767
-0.01321873496
-0.01135116501
-0.00973306357
-0.008334640994
-0.007132160541
-0.006096825026
-0.005209933776
-0.004453634956
-0.003802830991
-0.003251655687
-0.0027862034
-0.002388589233
-0.002050461492
-0.001763480565
-0.001518647651
-0.001309412374
-0.001130782778
-0.0009781332086
-0.0008474571558
-0.0007352003209
-0.0006387658385
-0.0005558221892
-0.0004842737558
-0.0004223931866
-0.0003688008038
-0.0003223235952
-0.000281934327
-0.0002467609842
-0.0002160796189
-0.0001892811591
-0.0001658389511
-0.0001452952387
-0.0001272579323
-0.0001113926458
-9.741117383e-05
-8.506291799e-05
-7.412932751e-05
-6.441937175e-05
-5.576569091e-05
-4.802113202e-05
-4.105552987e-05
-3.475274234e-05
-2.90089202e-05
-2.372856258e-05
-1.883068516e-05
-1.421801995e-05
-9.895557228e-06
-5.53094378e-06
-2.449394081e-06
-0.07699267829
-0.08406672089
-0.08951904649
-0.09328323739
-0.09534939827
-0.09578583136
-0.09464079287
-0.09199627008
-0.08805018952
-0.08307138851
-0.07733222771
-0.07109369472
-0.06460499586
-0.05809082442
-0.0517368765
-0.04568426618
-0.04003123565
-0.03483858795
-0.03013527558
-0.0259259689
-0.02219814162
-0.0189265531
-0.01607888271
-0.01361662458
-0.01149767183
-0.009685716618
-0.008138906919
-0.00682706452
-0.00572141624
-0.004782245143
-0.003997505617
-0.003345866551
-0.002799772321
-0.002344512741
-0.001966187117
-0.001650630685
-0.00138736316
-0.00116822286
-0.0009857428603
-0.0008334990279
-0.0007064496113
-0.0006003450861
-0.0005115476351
-0.0004369636474
-0.0003741687827
-0.0003212188866
-0.0002764212441
-0.000238378165
-0.0002059801462
-0.0001783238135
-0.0001546477915
-0.0001343150075
-0.0001168034973
-0.0001016847443
-8.859974691e-05
-7.724436274e-05
-6.73624407e-05
-5.873940122e-05
-5.119438576e-05
-4.457346552e-05
-3.8744848e-05
-3.359526926e-05
-2.902700881e-05
-2.495535571e-05
-2.13063874e-05
-1.801498118e-05
-1.502356193e-05
-1.227984568e-05
-9.739674518e-06
-7.350876205e-06
-5.114033112e-06
-2.858768582e-06
-1.262427004e-06
-0.08673655678
-0.09469005359
-0.1006965104
-0.1047049647
-0.1067339321
-0.106808402
-0.1050004223
-0.1014171485
-0.09633186842
-0.09008307017
-0.08300774883
-0.07543626237
-0.06768213893
-0.06001842811
-0.05266155097
-0.04576604252
-0.03943056079
-0.0337089348
-0.02861451146
-0.02413364688
-0.02023501319
-0.01687346161
-0.01399788162
-0.01155342502
-0.009493412799
-0.007769229627
-0.006321501566
-0.005127867803
-0.004151986847
-0.003345791046
-0.002686520454
-0.00215338254
-0.001721508317
-0.00137158316
-0.00108965859
-0.0008636407941
-0.0006829319903
-0.0005390157989
-0.000424822457
-0.0003343972254
-0.0002629668267
-0.0002067185139
-0.0001624466973
-0.0001276463602
-0.0001003114177
-7.888604776e-05
-6.209881964e-05
-4.893216752e-05
-3.859998374e-05
-3.049440873e-05
-2.41342605e-05
-1.913768787e-05
-1.520722975e-05
-1.211312071e-05
-9.675685648e-06
-7.752598561e-06
-6.231640328e-06
-5.025455302e-06
-4.066236419e-06
-3.30099731e-06
-2.688101209e-06
-2.194804393e-06
-1.795394825e-06
-1.469665537e-06
-1.201678474e-06
-9.787829386e-07
-7.908770776e-07
-6.29859279e-07
-4.894196808e-07
-3.63968793e-07
-2.503077118e-07
-1.408345633e-07
-5.483179625e-08
-0.09859175172
-0.1075585316
-0.1141788057
-0.1184383729
-0.1204017875
-0.1200207878
-0.1173376037
-0.1125549304
-0.1060296139
-0.09817368562
-0.08941708704
-0.08019033849
-0.0708902128
-0.0618471064
-0.0533143116
-0.04545601929
-0.03836289119
-0.03207435471
-0.02658123445
-0.02184410069
-0.01780611357
-0.01439659525
-0.01153682388
-0.009147836975
-0.007192592912
-0.005603875686
-0.004310796062
-0.003273735026
-0.002450602196
-0.001790922203
-0.001271775439
-0.0008730768173
-0.000568502825
-0.0003366119935
-0.0001630093457
-3.619059872e-05
5.409093613e-05
0.0001162685118
0.0001569724295
0.0001814708013
0.0001939342553
0.000197593572
0.0001951415662
0.0001883972613
0.0001788420958
0.0001675908334
0.0001554633483
0.0001430520151
0.0001307696328
0.0001188921414
0.0001075977272
9.699459692e-05
8.713844863e-05
7.804623446e-05
6.970860372e-05
6.209935413e-05
5.51811823e-05
4.890937637e-05
4.323485797e-05
3.810681701e-05
3.347452422e-05
2.928844604e-05
2.550091167e-05
2.206651409e-05
1.894233773e-05
1.608790848e-05
1.346531945e-05
1.103798792e-05
8.774270202e-06
6.6327939e-06
4.620248165e-06
2.580514948e-06
1.154247712e-06
-0.1130842759
-0.1231872623
-0.130487427
-0.1350545208
-0.1368621091
-0.1358511272
-0.1320616927
-0.1257708556
-0.117417035
-0.1075181214
-0.09664038816
-0.08535480292
-0.07416413655
-0.06346514399
-0.0535538747
-0.04460104348
-0.03667905858
-0.02979765996
-0.02391676418
-0.01895865164
-0.01482993722
-0.01142731437
-0.008648654701
-0.006400051242
-0.004611851971
-0.003195210669
-0.002087584019
-0.001239074392
-0.0005963560635
-0.0001068714714
0.0002466417759
0.0004891359251
0.0006496852163
0.0007497757997
0.0008035550813
0.0008220550224
0.0008148103466
0.0007895658449
0.0007522069771
0.0007071738247
0.000657847272
0.0006067409904
0.0005558940631
0.0005063516649
0.0004589908229
0.0004143972223
0.0003728850014
0.0003345788125
0.0002994774067
0.0002674923706
0.0002384774508
0.0002122520804
0.0001886175455
0.0001673677337
0.0001482970195
0.0001312058165
0.0001159037715
0.0001022112938
8.996037547e-05
7.89950271e-05
6.917130401e-05
6.03569308e-05
5.243063739e-05
4.528137126e-05
3.880746044e-05
3.291550519e-05
2.751989483e-05
2.253960683e-05
1.790486897e-05
1.352794339e-05
9.420246499e-06
5.26229472e-06
2.345812475e-06
-0.1308856262
-0.1421938251
-0.1501988545
-0.1551124548
-0.156769351
-0.154941016
-0.1497544944
-0.1415389148
-0.1308155544
-0.1182754615
-0.104688506
-0.0908195788
-0.07730853698
-0.06463300083
-0.05312768925
-0.04295893042
-0.03416240122
-0.0266997716
-0.02047664479
-0.01536211184
-0.01121786697
-0.007896074651
-0.005273276261
-0.003235574857
-0.001673821414
-0.0004826014124
0.0003885832434
0.00100183137
0.00142009584
0.001694116484
0.001851436959
0.001917999929
0.001919257118
0.001874743141
0.001798199992
0.00170009986
0.001588929793
0.001471310119
0.001352086098
0.00123469026
0.001121540782
0.001014304178
0.0009140419627
0.0008210830469
0.0007355949326
0.0006575275145
0.0005866320182
0.000522530209
0.0004647753498
0.0004128879119
0.0003663785511
0.0003247657369
0.0002875876938
0.0002544089214
0.0002248233926
0.0001984558907
0.0001749619341
0.0001540266376
0.0001353630997
0.0001187106139
0.0001038327818
9.051551694e-05
7.856498246e-05
6.780552878e-05
5.807779427e-05
4.923653505e-05
4.114961333e-05
3.369289986e-05
2.675828267e-05
2.021167453e-05
1.407277038e-05
7.861746177e-06
3.500934281e-06
-0.1529773339
-0.165417513
-0.1741659983
-0.1793830983
-0.1808719566
-0.1780852138
-0.1712342629
-0.1605989427
-0.1468132921
-0.1308403203
-0.1137569483
-0.09660509758
-0.08021232324
-0.06515686131
-0.05180956948
-0.04030707716
-0.03060668321
-0.02258722817
-0.01608902414
-0.01091783243
-0.006869366906
-0.003736323377
-0.001372445963
0.0003666664701
0.001615857089
0.002488376886
0.00305783133
0.003392107261
0.00355211226
0.003585280423
0.003525036266
0.003397288645
0.003224058771
0.003022869593
0.002806627161
0.002584774957
0.002364361371
0.002150521601
0.001946746645
0.001755216198
0.001577186972
0.001413327111
0.001263474066
0.001127203952
0.001003905616
0.0008928120547
0.0007930532851
0.0007037119729
0.0006238697844
0.0005526360946
0.0004891652206
0.0004326673535
0.0003824139839
0.0003377386182
0.0002980347666
0.000262752717
0.0002313956923
0.0002035156792
0.0001787091912
0.0001566132011
0.0001369012761
0.0001192799154
0.0001034849932
8.927841811e-05
7.644519275e-05
6.479018437e-05
5.41366254e-05
4.431845294e-05
3.51917543e-05
2.657834779e-05
1.850460753e-05
1.033752074e-05
4.60115746e-06
-0.1804774594
-0.1937258994
-0.2031099521
-0.208785954
-0.2098791246
-0.2061715624
-0.1972539983
-0.1834784558
-0.1656840318
-0.1452322623
-0.1236351842
-0.1023491384
-0.08245805295
-0.06461496949
-0.04917914215
-0.03624858036
-0.02568294108
-0.01723441489
-0.01060604721
-0.00553540868
-0.001741964525
0.001040446147
0.003014819856
0.004354910794
0.005209315532
0.005697963461
0.005911488214
0.00592144277
0.005786033617
0.005550780965
0.005249733687
0.004908037126
0.004545190924
0.004176304767
0.003812397428
0.003461099124
0.003127555655
0.002815051473
0.002525382318
0.002259192075
0.002016365617
0.001796370832
0.001597737609
0.001419103437
0.001259035299
0.001116001807
0.0009884617925
0.0008749249516
0.0007739820403
0.0006843207096
0.0006047342379
0.0005341242531
0.0004714979311
0.0004159616118
0.0003667128479
0.0003230322924
0.0002842758433
0.0002498672056
0.0002192909683
0.0001920862036
0.0001678405759
0.0001461850334
0.0001267887324
0.0001093543984
9.361441316e-05
7.932701562e-05
6.627272219e-05
5.424325282e-05
4.306472783e-05
3.252512985e-05
2.264543302e-05
1.265028225e-05
5.628907189e-06
-0.2144262793
-0.2281227819
-0.2379295585
-0.2441163676
-0.2463264598
-0.2418766468
-0.2305626414
-0.2124990103
-0.189070883
-0.1624167679
-0.1347544017
-0.1080326148
-0.08369659188
-0.06251956818
-0.0447815921
-0.03038881721
-0.01906803012
-0.01038561085
-0.003872323192
0.0008742150233
0.004221339312
0.006488293137
0.007930324619
0.00875025042
0.009110502264
0.009138884672
0.008933062496
0.008566398544
0.008094899157
0.007561162548
0.006996585257
0.006423666471
0.005858696372
0.005313487417
0.004796158061
0.004311793009
0.003863172398
0.003451361547
0.003076120856
0.002736267605
0.002430106615
0.00215566045
0.001910090549
0.001690997339
0.00149602685
0.001322839545
0.001169196954
0.001033017691
0.0009123937486
0.0008055918761
0.0007110502979
0.0006273706119
0.000553305314
0.0004877433362
0.0004296957354
0.0003782824567
0.0003327204041
0.0002923127075
0.000256439108
0.0002245472394
0.0001961447765
0.0001707925691
0.0001480978516
0.0001277083834
0.000109308204
9.261213536e-05
7.735954966e-05
6.330846554e-05
5.026047965e-05
3.795974683e-05
2.642770798e-05
1.476263339e-05
6.567760324e-06
-0.2568277817
-0.2692500242
-0.2812347984
-0.2863073631
-0.2874278132
-0.2845439318
-0.2712441464
-0.2478819882
-0.217104357
-0.1822895411
-0.1466889305
-0.1131042848
-0.08331115484
-0.05827431611
-0.03809423108
-0.02237242617
-0.01052758356
-0.001873516718
0.004249536038
0.008406788235
0.01106927884
0.01262027297
0.01336091852
0.01352170052
0.0132780386
0.01276235029
0.01207262394
0.01127992577
0.01043570295
0.0095770646
0.008730124872
0.007912656747
0.007136492447
0.006409272979
0.005735454454
0.005116958602
0.004553731125
0.004044227958
0.003585819966
0.003175251499
0.002809019483
0.002483127312
0.002193683886
0.001937099487
0.001709990857
0.001509180721
0.001331732719
0.001174979647
0.001036525332
0.000914231787
0.0008062009678
0.0007107532851
0.0006264042588
0.0005518416097
0.0004859044786
0.000427565198
0.0003759134456
0.0003301423359
0.0002895362871
0.0002534599319
0.0002213484279
0.000192699475
0.0001670648306
0.0001440426636
0.0001232712189
0.0001044306061
8.722143132e-05
7.137667065e-05
5.666491541e-05
4.279359011e-05
2.97911039e-05
1.664112529e-05
7.402718849e-06
-0.3009484927
-0.3322388155
-0.3438329835
-0.3481905107
-0.3416787709
-0.3237523264
-0.2931775093
-0.2518308406
-0.2054648478
-0.1590213027
-0.1165923151
-0.08028176147
-0.0509415317
-0.02830640304
-0.01152476086
0.000444421088
0.008633705044
0.01395372074
0.01715278747
0.01881965602
0.01940602136
0.01925091078
0.0186033538
0.01764382078
0.01650169462
0.01526819352
0.01400630748
0.0127588083
0.01155421885
0.01041089367
0.00933992903
0.00834739188
0.007435918832
0.006605683089
0.005854930852
0.005180342418
0.004577371468
0.00404062388
0.003564435672
0.003143146388
0.002770710352
0.002441869581
0.002151863545
0.001896289885
0.001671135744
0.001472787891
0.001298025632
0.001144000069
0.001008203602
0.0008884347768
0.0007827621941
0.0006894900607
0.0006071272303
0.0005343604192
0.0004700314275
0.0004131177539
0.0003627156775
0.0003180260638
0.0002783410312
0.0002430330162
0.0002115446035
0.0001833767302
0.0001580886515
0.0001352806397
0.000114590522
9.570234821e-05
7.831441324e-05
6.216886436e-05
4.694745987e-05
3.268166569e-05
1.825544092e-05
8.120220724e-06
-0.327488332
-0.3386245878
-0.3821162952
-0.3906498349
-0.3899797654
-0.3736249367
-0.3382054728
-0.2867579995
-0.2281592215
-0.1699290105
-0.1176458628
-0.0741721157
-0.04029923234
-0.01533731345
0.002150207396
0.01377144585
0.02100173104
0.02506662117
0.02692233925
0.02728224141
0.02666316545
0.02543195198
0.02384408815
0.02207432702
0.0202400607
0.01841834201
0.01665811193
0.01498908397
0.01342809584
0.01198345204
0.01065786645
0.00945049252
0.008358270931
0.007376665483
0.006499931964
0.005721189949
0.00503255811
0.004425500261
0.003891602757
0.003422585603
0.00301035322
0.002648164924
0.002330049165
0.002050644232
0.001805174528
0.001589421388
0.001399681733
0.001232720446
0.001085718336
0.0009562192279
0.0008420802632
0.0007414279205
0.0006526204412
0.0005742162106
0.0005049472696
0.000443697153
0.0003894814105
0.0003414313924
0.0002987756059
0.0002608360451
0.0002270156829
0.0001967658406
0.000169611982
0.0001451295835
0.000122929163
0.0001026622484
8.400519825e-05
6.668322742e-05
5.035492938e-05
3.505284619e-05
1.9579584e-05
8.708774228e-06
-0.3390079995
-0.3529897
-0.3967002353
-0.4075317762
-0.4082166064
-0.3922374465
-0.3547819031
-0.2990186652
-0.2341743436
-0.1691429687
-0.1106567046
-0.06250890194
-0.02579372896
0.0003249950106
0.01768939185
0.0283553914
0.03417531669
0.03665155943
0.03692117131
0.03580151599
0.03385884331
0.03147483987
0.02890035782
0.02629563392
0.02375946577
0.02134976583
0.01909769074
0.0170172696
0.01511190733
0.01337868585
0.01181120114
0.01040135066
0.009140363637
0.008019153155
0.007028142913
0.006156925586
0.00539414603
0.004727974714
0.004146818121
0.003639303153
0.003195578096
0.002807324947
0.002467381567
0.002169533222
0.001908366195
0.001679171072
0.001477864527
0.001300913791
0.001145261703
0.001008256918
0.0008875932497
0.0007812588794
0.0006874943019
0.0006047575222
0.0005316947144
0.0004671156235
0.0004099715286
0.0003593488696
0.0003144190631
0.0002744670239
0.000238849
0.0002070068669
0.0001784301878
0.000152666299
0.0001293066051
0.0001079832643
8.835580365e-05
7.013466792e-05
5.295993777e-05
3.686536963e-05
2.059160443e-05
9.158563879e-06
-0.3415588843
-0.3577872877
-0.3858391106
-0.4091972912
-0.4079097696
-0.390884823
-0.3507939342
-0.2925957534
-0.2253890645
-0.1579731155
-0.09745458236
-0.04793635821
-0.01066255688
0.0152096156
0.03171106336
0.04112187169
0.0454954326
0.04648912939
0.04534310726
0.04293340544
0.0398520251
0.03648470177
0.03307363804
0.02976406594
0.02663749681
0.02373470596
0.02107116855
0.01864721985
0.01645464355
0.01448088236
0.01271186102
0.0111335285
0.00973264004
0.008496646855
0.007412990169
0.006468320211
0.005648140525
0.004937663602
0.004322063945
0.003787282398
0.003321648519
0.002915501176
0.002560698509
0.002250336847
0.001978520343
0.001740192607
0.001531013797
0.00134725585
0.001185706457
0.001043585571
0.0009184773818
0.0008082758586
0.0007111405102
0.000625460007
0.0005498218977
0.000482985499
0.0004238612783
0.0003714795911
0.0003250067924
0.0002836891194
0.0002468620881
0.0002139408781
0.0001843987272
0.0001577657465
0.000133620267
0.0001115820511
9.129813816e-05
7.246856146e-05
5.472122221e-05
3.809076588e-05
2.127594704e-05
9.462680476e-06
-0.333302323
-0.3509737803
-0.373629587
-0.3918837566
-0.390391851
-0.3710241077
-0.3314925131
-0.2750885308
-0.209614058
-0.1438831037
-0.08480916729
-0.03657532332
-0.0003052298182
0.02461218071
0.04014506877
0.04858482207
0.05201467236
0.05212099379
0.05016433013
0.0470313997
0.04331630407
0.03940127245
0.03552156022
0.03181368528
0.02834994971
0.02516218075
0.02225767602
0.01962963395
0.01726381661
0.01514262261
0.01324840413
0.01156442321
0.01007554583
0.008767717495
0.007626822801
0.006637653468
0.005783591764
0.005047706618
0.004412783447
0.003863112255
0.003385821158
0.002970346028
0.002607913644
0.002291185251
0.002013972873
0.001771023343
0.001557860269
0.001370656095
0.001206121049
0.001061410878
0.0009340546621
0.0008218987075
0.0007230614288
0.000635895838
0.0005589581098
0.0004909816325
0.000430853836
0.0003775951139
0.0003303454284
0.000288340012
0.0002509027584
0.0002174356992
0.0001874055073
0.0001603342986
0.0001357928106
0.0001133941644
9.277924614e-05
7.36430084e-05
5.56072533e-05
3.870687736e-05
2.161986614e-05
9.615342387e-06
-0.3416362619
-0.3368000228
-0.3415802809
-0.3368030809
-0.3311310579
-0.3203896332
-0.3311587638
-0.3203798317
-0.3390013009
-0.3410421641
-0.3389377424
-0.3409925936
-0.3471687716
-0.3464523145
-0.3325332051
-0.3308159817
-0.3450513818
-0.3235422405
-0.3370172112
-0.3333509873
-0.3449973296
-0.3235388903
-0.3370072132
-0.341402465
-0.3429238543
-0.3436165086
-0.3413677508
-0.3471796058
-0.3465072746
-0.3414151682
-0.3429425539
-0.3436249485
-0.3414038068
-0.3288655245
-0.3312519784
-0.3300749792
-0.3273799993
-0.3300650967
-0.3276266392
-0.3283752139
-0.3219894044
-0.3205585246
-0.3229041037
-0.318672874
-0.3230055605
-0.3184341734
-0.3221436725
-0.33255459
-0.3308225625
-0.3288682181
-0.3312559243
-0.3300799294
-0.3273683137
-0.3300693076
-0.3276279639
-0.3283778091
-0.3219907201
-0.3205589745
-0.3228939258
-0.3186680981
-0.3230069765
-0.3184344779
-0.3221432582
-0.3284284827
-0.3385252127
-0.328503536
-0.3386161244
-0.3386384626
-0.3398896621
-0.3641964746
-0.3274789441
-0.338669447
-0.3396784113
-0.3642186525
-0.3442521959
-0.3442066517
-0.3377600077
-0.3412402755
-0.3533006324
-0.3388336809
-0.3378218831
-0.3411427267
-0.3533516003
-0.3527396646
-0.337648953
-0.3485880555
-0.3416181942
-0.3526862137
-0.3376643295
-0.348667614
-0.3736514986
-0.3548177044
-0.383233354
-0.3577479424
-0.3736707451
-0.3548961044
-0.3831944338
-0.3333867248
-0.3293582733
-0.3294104997
-0.3322652109
-0.3361710084
-0.3360570889
-0.332364938
-0.3659876786
-0.3433878919
-0.3640143335
-0.3509131606
-0.3660358474
-0.343376473
-0.3640075149
-0.3429417235
-0.3415247791
-0.3430714081
-0.3411399607
-0.3431017959
-0.3412416904
-0.3427030582
-0.3404807593
-0.3370165386
-0.3396033402
-0.3385285155
-0.3395570576
-0.3391911371
-0.3403470092
-0.3429525413
-0.3415262839
-0.3430810252
-0.341180224
-0.343111092
-0.3412512012
-0.3427319139
-0.3404891393
-0.337021281
-0.3395914121
-0.33856553
-0.3395618151
-0.3391999143
-0.3403691424
-0.3412971465
-0.3402279286
-0.3393816059
-0.3387880017
-0.3401707314
-0.3393906765
-0.3412782676
-0.340946884
-0.342610492
-0.3428837519
-0.3421548217
-0.3397344228
-0.3397678304
-0.342082079
-0.3443268768
-0.3442204205
-0.3413024334
-0.3387744799
-0.3402694916
-0.3393891604
-0.3401758706
-0.3393897312
-0.3412972644
-0.3409463651
-0.3427400807
-0.3428949898
-0.3421594069
-0.3397930419
-0.3397728439
-0.3421208653
-0.3361532587
-0.3400886105
-0.3414872123
-0.34434938
-0.3397667914
-0.3408900755
-0.336444643
-0.3235457387
-0.3256530571
-0.3256279501
-0.3289000195
-0.3271860555
-0.3270166231
-0.3290777342
-0.3330234503
-0.338593587
-0.3316545938
-0.336204834
-0.3378447222
-0.3312828604
-0.3333764487
-0.3333909232
-0.3293519543
-0.3294121894
-0.3322690846
-0.3361769657
-0.3360592095
-0.3323767729
-0.3361571691
-0.3443491766
-0.3400655707
-0.3415129741
-0.3397683918
-0.3408956861
-0.3364500731
-0.3235471914
-0.3256406764
-0.3256297369
-0.3289015308
-0.3271880363
-0.3270185211
-0.3290722252
-0.3330250333
-0.3362070522
-0.3385928856
-0.3316587084
-0.3378457328
-0.3312856588
-0.333378209
-0.3001203348
-0.3214748789
-0.3000737274
-0.3214445273
-0.3020473343
-0.3241242543
-0.3392972459
-0.300957889
-0.302019939
-0.3241568297
-0.3393014158
-0.3386037494
-0.338750058
-0.354817008
-0.3190978166
-0.3401468526
-0.3257059757
-0.316176295
-0.3383328939
-0.3542908301
-0.3327212118
-0.361893444
-0.3908829328
-0.3386537842
-0.3326960146
-0.3619252957
-0.3908492357
-0.3390716945
-0.3385877405
-0.3390675149
-0.3413275473
-0.3396937426
-0.3388473931
-0.3416024996
-0.3565720201
-0.361907083
-0.3919140872
-0.352967408
-0.3565286161
-0.3619691796
-0.3918594974
-0.3415726671
-0.3416505485
-0.3416541138
-0.3438765502
-0.343768283
-0.3437050305
-0.3439230318
-0.3716101047
-0.3597415279
-0.3601814892
-0.3555666259
-0.3571415869
-0.3590910555
-0.3712233778
-0.3832465165
-0.3906823274
-0.4083471737
-0.3859067622
-0.383190778
-0.3906947022
-0.408344043
-0.3477460257
-0.3494761847
-0.3462643746
-0.3512972307
-0.3580088434
-0.3544077323
-0.3553277155
-0.3774396644
-0.3720308855
-0.3867410557
-0.3736350847
-0.3774362646
-0.3720322396
-0.3867396147
-0.3359248941
-0.3277358862
-0.336472023
-0.3274992525
-0.3267815378
-0.3354222849
-0.3365807052
-0.3438923288
-0.3437162469
-0.342755692
-0.3429056142
-0.3395366729
-0.3384326096
-0.3395224069
-0.3382226176
-0.3371747944
-0.3366499341
-0.3385794605
-0.3386099562
-0.3307055101
-0.3299222652
-0.338767347
-0.3359302373
-0.3275025281
-0.3277052671
-0.3365445334
-0.3267659208
-0.3354247863
-0.3366137874
-0.3439163296
-0.3437289939
-0.3427649353
-0.3429015478
-0.338429115
-0.3396680797
-0.3395451506
-0.3382499439
-0.3374077707
-0.3366653338
-0.3386926596
-0.3395843458
-0.337355285
-0.3381783021
-0.3420605133
-0.3370801727
-0.34182617
-0.3387258085
-0.3361019945
-0.3337039265
-0.3480988483
-0.3648502729
-0.3308121888
-0.3465707927
-0.3379001564
-0.3548360109
-0.3256968299
-0.3191182276
-0.3400517747
-0.3161841296
-0.3382809239
-0.3543154601
-0.3394894524
-0.3374172043
-0.337923799
-0.3422079675
-0.3369532074
-0.3419021428
-0.3388426494
-0.3361429134
-0.3648582165
-0.3337637442
-0.3481826166
-0.3308340808
-0.3466048977
-0.3379991333
-0.3461353931
-0.3411013202
-0.3558773897
-0.3352043114
-0.339268135
-0.3567486694
-0.3469143556
-0.340958198
-0.3397514444
-0.3395642091
-0.342008152
-0.3435403789
-0.3434246338
-0.3423590412
-0.3456077063
-0.3516390041
-0.3473346281
-0.3528260482
-0.3507026788
-0.34713799
-0.3462484167
-0.338547596
-0.3391259854
-0.33906985
-0.3413300934
-0.3395535672
-0.3388604556
-0.3415870128
-0.3461435496
-0.3352072252
-0.3411026879
-0.3558781599
-0.3392845146
-0.3567463261
-0.3469236818
-0.3409550457
-0.3397574485
-0.3395661166
-0.3420034818
-0.3435154495
-0.3434239058
-0.3423086125
-0.3456115494
-0.352832287
-0.3516693783
-0.3473696277
-0.3507026222
-0.3471436968
-0.3462559427
-0.347658188
-0.3474957582
-0.3534189855
-0.3517971117
-0.3471348215
-0.3531788396
-0.3477917319
-0.337743363
-0.3403608428
-0.3402714738
-0.339906739
-0.339978378
-0.3425130246
-0.3425749757
-0.3435281487
-0.348343028
-0.3435338417
-0.3460815951
-0.3513419889
-0.3509341291
-0.3462618851
-0.3415811408
-0.3416679716
-0.3416591368
-0.3438807134
-0.3438085239
-0.3437088307
-0.3439314716
-0.3476628955
-0.3517962758
-0.3475033203
-0.3534442338
-0.3471385952
-0.3531838905
-0.3478023411
-0.3377482597
-0.3403360769
-0.3402738088
-0.3399644805
-0.3399848925
-0.342515061
-0.3425811316
-0.348352292
-0.3436254798
-0.3435442985
-0.346081847
-0.351346538
-0.3509324423
-0.3462682949
-0.3540609327
-0.3629854212
-0.3573852978
-0.3627425863
-0.3563419478
-0.3605884027
-0.3647914099
-0.3672830188
-0.3753975973
-0.3722241791
-0.3812142617
-0.3725792786
-0.367193538
-0.3707987989
-0.3716148586
-0.355569784
-0.3597124959
-0.3602204352
-0.3571427072
-0.3591010422
-0.3712259505
-0.3540714501
-0.3629860488
-0.3573937895
-0.3627423819
-0.3563426276
-0.3605887911
-0.3647930238
-0.3672889506
-0.3812138528
-0.3754088797
-0.3721891479
-0.3725890124
-0.3671935084
-0.3708023026
-0.3559792086
-0.3648053996
-0.3706793703
-0.3616935173
-0.3570864956
-0.3686284376
-0.3641892286
-0.344829233
-0.3415173789
-0.3430982105
-0.3476725581
-0.351211242
-0.3461609859
-0.3524412794
-0.3511584296
-0.3644743778
-0.3600173575
-0.3607541114
-0.3612231218
-0.3497721717
-0.36105502
-0.3494760372
-0.3477469128
-0.3462666945
-0.3512963484
-0.3579747992
-0.3544039788
-0.3553075964
-0.3559775083
-0.3616996705
-0.3648410669
-0.3706738584
-0.3570890686
-0.3686267671
-0.364189354
-0.3415173836
-0.3448391134
-0.3430979791
-0.3476753228
-0.3512163437
-0.3461615483
-0.3524696747
-0.3511602099
-0.3607547287
-0.3645135366
-0.3600215087
-0.3612279919
-0.3497730215
-0.3610677675
-0.3299549532
-0.3296203284
-0.3059369823
-0.3075326123
-0.329990747
-0.3296141828
-0.3059207032
-0.3075400709
-0.3573728519
-0.3742890499
-0.3602078664
-0.3559401706
-0.3737935617
-0.3591902474
-0.3614085255
-0.3602128799
-0.3574316139
-0.3743408442
-0.3559350167
-0.3737840081
-0.3591745983
-0.3614295013
-0.3228339877
-0.3216227959
-0.3200553162
-0.3254002871
-0.3254911061
-0.3266226159
-0.3151854849
-0.3134782792
-0.3115612896
-0.315583168
-0.3152038917
-0.3157833784
-0.3127396243
-0.3110509009
-0.3090885747
-0.3180289333
-0.3176261502
-0.3182896045
-0.3228357031
-0.3216244194
-0.3200569195
-0.3254017156
-0.325492187
-0.3266234466
-0.3151859409
-0.3134786338
-0.3115616279
-0.315578746
-0.3151993182
-0.3157785907
-0.3127394021
-0.3110506518
-0.3090883346
-0.3180267168
-0.317623561
-0.318286755
)
;

boundaryField
{
    inlet
    {
        type            zeroGradient;
    }
    outlet
    {
        type            fixedValue;
        value           uniform 0;
    }
    topAndBottom
    {
        type            symmetry;
    }
    frontAndBack
    {
        type            empty;
    }
    cylinder
    {
        type            zeroGradient;
    }
    procBoundary1to0
    {
        type            processor;
        value           nonuniform List<scalar> 
116
(
-0.03467789392
-0.03506338362
-0.03584519673
-0.03704003636
-0.03867829233
-0.04080121388
-0.04346475305
-0.04674275273
-0.05073096841
-0.05555395618
-0.06137497255
-0.06840662109
-0.07693472721
-0.08734438575
-0.1001489529
-0.1160563771
-0.1361875249
-0.1618716947
-0.1949281447
-0.2912880403
-0.2364214969
-0.2535785482
-0.2362834506
-0.2534670596
-0.2912406576
-0.2912880403
-0.2912880403
-0.2912880403
-0.3522604727
-0.352196509
-0.3465457189
-0.3536159645
-0.3461236594
-0.3461236594
-0.3528115311
-0.3465457189
-0.3348285161
-0.3312826907
-0.3443254533
-0.3459857081
-0.3430689436
-0.3406771908
-0.3465605629
-0.3536275667
-0.346281129
-0.346281129
-0.3528783667
-0.3465605629
-0.3443445684
-0.3460465009
-0.343090513
-0.3406861974
-0.3348478692
-0.3312889965
-0.3513487247
-0.332893574
-0.3512306783
-0.3522266883
-0.3452264619
-0.3452264619
-0.3452514577
-0.3452514577
-0.3472459056
-0.347485893
-0.3465220997
-0.3465278816
-0.3522187344
-0.3452303755
-0.3452303755
-0.3452885131
-0.3452885131
-0.3472744202
-0.3474830224
-0.346522082
-0.3465167961
-0.3240699924
-0.2912406576
-0.2912406576
-0.2912406576
-0.3241313698
-0.3299216778
-0.3413393959
-0.3306871245
-0.3306871245
-0.3306871245
-0.3415063611
-0.3299216778
-0.3299216778
-0.3299216778
-0.3513010417
-0.3479645145
-0.3479667411
-0.3413436271
-0.3322383713
-0.3415347992
-0.3512806806
-0.3479557825
-0.3479323801
-0.3084219474
-0.3224260894
-0.3069740997
-0.3224349038
-0.3084615876
-0.3069686671
-0.3348285161
-0.3356061902
-0.3368886386
-0.3348478692
-0.335624705
-0.3369069848
-0.3312826907
-0.330786395
-0.3292969336
-0.3312889965
-0.33079261
-0.3293029851
)
;
    }
    procBoundary1to3
    {
        type            processor;
        value           nonuniform List<scalar> 
125
(
-0.3918589945
-0.3903577191
-0.3709870313
-0.3314552317
-0.2750572949
-0.2095915173
-0.1438692005
-0.08480212228
-0.03657051256
-0.0003007082463
0.02461723463
0.04015116561
0.04858798152
0.05201620767
0.05212073482
0.05016233429
0.04702789171
0.04331195322
0.0393967152
0.03551718316
0.03180965965
0.02834639492
0.02515909541
0.02225499382
0.01962735073
0.01726180686
0.01514104184
0.01324707035
0.01156328753
0.01007460834
0.008766961877
0.007626222342
0.006637149716
0.005783422232
0.005047758295
0.004412821333
0.003863100566
0.003385797877
0.002970326065
0.002607898697
0.002291174839
0.002013966501
0.001771020272
0.001557859457
0.001370656511
0.001206121989
0.001061412028
0.0009340559112
0.0008218999599
0.000723062584
0.0006358969064
0.000558959181
0.0004909826055
0.0004308541025
0.0003775953715
0.0003303465117
0.0002883414554
0.0002509039918
0.000217436627
0.0001874061574
0.0001603347428
0.000135793028
0.0001133941343
9.277906416e-05
7.364284939e-05
5.560722193e-05
3.870695336e-05
2.161994358e-05
9.615360661e-06
-0.3235419939
-0.3433881918
-0.3720280867
-0.3203897797
-0.3203809623
-0.3370170156
-0.3235408494
-0.3370107739
-0.320557977
-0.3186730676
-0.3184338734
-0.320558808
-0.3186687168
-0.3184343461
-0.3640116901
-0.3433790783
-0.3640050864
-0.3235444782
-0.3271853169
-0.3270143643
-0.3316545404
-0.3362031483
-0.3312814471
-0.3235466861
-0.3271912248
-0.3270176587
-0.3362068027
-0.3316636722
-0.3312861847
-0.3867340055
-0.3720294146
-0.3867324936
-0.3415165706
-0.351211146
-0.3461597948
-0.3600166394
-0.3607507035
-0.3497702795
-0.341517475
-0.3512174588
-0.3461608727
-0.3607514101
-0.3600213675
-0.3497713906
-0.3155825776
-0.3152031628
-0.3157825578
-0.3127385706
-0.3110497269
-0.3090873369
-0.3155789214
-0.315199459
-0.315778722
-0.3127386711
-0.3110498333
-0.309087472
)
;
    }
}


// ************************************************************************* //
