/*--------------------------------*- C++ -*----------------------------------*\
| =========                 |                                                 |
| \\      /  F ield         | OpenFOAM: The Open Source CFD Toolbox           |
|  \\    /   O peration     | Version:                                        |
|   \\  /    A nd           | Website:  www.openfoam.com                      |
|    \\/     M anipulation  |                                                 |
\*---------------------------------------------------------------------------*/
FoamFile
{
    version     2.0;
    format      ascii;
    class       surfaceScalarField;
    location    "2.3";
    object      phi;
}
// * * * * * * * * * * * * * * * * * * * * * * * * * * * * * * * * * * * * * //

dimensions      [0 3 -1 0 0 0 0];
oriented        oriented;


internalField   nonuniform List<scalar> 
5191
(
0.02097975693
-4.665957329e-06
0.0209755099
4.247029376e-06
0.02096305431
1.245559677e-05
0.02094294823
2.010608633e-05
0.02091588967
2.705855535e-05
0.02088272792
3.316175016e-05
0.02084441992
3.830800439e-05
0.02080198221
4.243770795e-05
0.02075644455
4.553765566e-05
0.02070882594
4.761861579e-05
0.02066037667
4.844926513e-05
0.02061390425
4.647241866e-05
0.02057174729
4.215695699e-05
0.02050735584
6.439145316e-05
0.02042330697
8.404885525e-05
0.02033917667
8.413030174e-05
0.0202597781
7.939857252e-05
0.0201859845
7.3793601e-05
0.02011783039
6.815410913e-05
0.0200551223
6.27080789e-05
0.01999757975
5.754254281e-05
0.01994488657
5.269317887e-05
0.01989671422
4.817235092e-05
0.01985273204
4.398218606e-05
0.01981261499
4.011705064e-05
0.01977604805
3.656694825e-05
0.01974273132
3.33167268e-05
0.01971238322
3.034808715e-05
0.01968474114
2.764207855e-05
0.01965956167
2.5179481e-05
0.01963661943
2.294224576e-05
0.01961570622
2.091320909e-05
0.01959663081
1.907539673e-05
0.01957921791
1.741290071e-05
0.01956330794
1.590996481e-05
0.0195487559
1.455204204e-05
0.01953543045
1.332545338e-05
0.01952321303
1.221741808e-05
0.01951199613
1.121690053e-05
0.01950168322
1.031290905e-05
0.01949218714
9.496083816e-06
0.01948342927
8.757872935e-06
0.01947533947
8.089805391e-06
0.01948970234
-1.436286984e-05
0.01950498707
-1.52847334e-05
0.01952059461
-1.560753373e-05
0.01953649217
-1.58975617e-05
0.01955265035
-1.61581804e-05
0.0195690426
-1.639224084e-05
0.01958564518
-1.660257672e-05
0.01960243651
-1.679132484e-05
0.01961939712
-1.696060933e-05
0.01963650929
-1.71121603e-05
0.01965375688
-1.724759432e-05
0.01967112511
-1.736822712e-05
0.01968860005
-1.747493462e-05
0.01970626189
-1.766184286e-05
0.01972390611
-1.764421766e-05
0.01974161911
-1.771300697e-05
0.0197593883
-1.776918707e-05
0.01977720025
-1.781194575e-05
0.01979504015
-1.783990288e-05
0.01981289016
-1.785001366e-05
0.01983089044
-1.800028382e-05
0.01984984161
-1.895116459e-05
0.01986752436
-1.7682759e-05
0.01988491737
-1.73930074e-05
0.0199020557
-1.713833874e-05
0.01991874911
-1.669340605e-05
0.01993462721
-1.587810113e-05
0.01994890291
-1.427570908e-05
0.01995985514
-1.095222472e-05
-4.687228735e-06
0.0209882564
-9.291398631e-06
0.02098375767
8.745750934e-06
0.02097085008
2.536318928e-05
0.02095011538
4.084078686e-05
0.02092228776
5.488617842e-05
0.02088825936
6.719014996e-05
0.02084903103
7.753633368e-05
0.02080566094
8.580778923e-05
0.02075922427
9.197432955e-05
0.02071098935
9.585353228e-05
0.02066400324
9.543536703e-05
0.02062626732
8.42083366e-05
0.02058110664
8.731762813e-05
0.02053995069
0.000105547403
0.02050333996
0.0001206595873
0.02046496581
0.0001225044393
0.02042599494
0.0001183694321
0.02038794062
0.0001118479234
0.02035166688
0.0001044278444
0.02031760247
9.677249331e-05
0.02028593986
8.920515032e-05
0.02025673587
8.189717386e-05
0.02022996331
7.494490947e-05
0.02020554289
6.840261595e-05
0.02018336098
6.229896023e-05
0.02016328485
5.664307562e-05
0.02014517055
5.143101968e-05
0.02012887088
4.664776066e-05
0.02011423938
4.227357817e-05
0.0201011339
3.828495817e-05
0.02008941784
3.465830597e-05
0.02007896229
3.1368746e-05
0.02006964599
2.839169284e-05
0.02006135648
2.570241852e-05
0.02005398985
2.327659718e-05
0.02004745082
2.109106897e-05
0.02004165243
1.912383849e-05
0.02003651553
1.735431845e-05
0.02003196898
1.57634634e-05
0.02002794809
1.433379966e-05
0.02002439477
1.304941083e-05
0.02002125718
1.189546206e-05
0.02001905241
1.02945745e-05
0.02001722142
-1.253188101e-05
0.02001512231
-1.318561997e-05
0.02001328437
-1.376958823e-05
0.02001167839
-1.429157148e-05
0.02001027798
-1.475776578e-05
0.02000906024
-1.517449587e-05
0.0200080047
-1.55470323e-05
0.02000722083
-1.600743927e-05
0.02000643238
-1.61721619e-05
0.02000575848
-1.64382555e-05
0.02000518746
-1.66765681e-05
0.0200047089
-1.688966972e-05
0.02000461429
-1.738032483e-05
0.02000646727
-1.951481667e-05
0.02000632671
-1.750366081e-05
0.02000597685
-1.736314735e-05
0.02000569109
-1.748342501e-05
0.02000546859
-1.758945217e-05
0.02000531108
-1.768238884e-05
0.02000540573
-1.79446688e-05
0.02000789145
-2.048600552e-05
0.02001703581
-2.809552408e-05
0.02001787933
-1.8526292e-05
0.02001662277
-1.613644767e-05
0.02001546507
-1.598064106e-05
0.02001467295
-1.590129408e-05
0.02001449203
-1.569718976e-05
0.02001538536
-1.516903432e-05
0.02001795299
-1.351985723e-05
-7.058504263e-06
0.021005397
-1.382976858e-05
0.02100035124
1.379150764e-05
0.02098646921
3.92452191e-05
0.02096438937
6.292062795e-05
0.0209349221
8.435344575e-05
0.02089904769
0.0001030645593
0.02085786013
0.000118723896
0.02081250731
0.000131160602
0.02076422955
0.0001402520949
0.02071502918
0.0001450538973
0.02066944368
0.0001410208623
0.02062891092
0.0001247411017
0.02057750729
0.0001387212503
0.02053053857
0.0001525161167
0.02049037531
0.0001608228454
0.02045163464
0.0001612451098
0.02041346399
0.0001565400855
0.0203764355
0.0001488764141
0.02034114027
0.0001397230784
0.0203079629
0.0001299498618
0.02027710514
0.0001200629173
0.02024863876
0.0001103635527
0.02022254788
0.0001010357874
0.02019875935
9.219113711e-05
0.02017716444
8.389385965e-05
0.02015763356
7.617396584e-05
0.02014002649
6.90380922e-05
0.02012419823
6.247601728e-05
0.02011000409
5.646771194e-05
0.02009730248
5.098656068e-05
0.02008595776
4.600303171e-05
0.02007584176
4.148474329e-05
0.02006683488
3.739857551e-05
0.02005882658
3.371071731e-05
0.02005171478
3.038838771e-05
0.02004540611
2.739974032e-05
0.02003981577
2.471418171e-05
0.02003486658
2.23035161e-05
0.0200304886
2.014144326e-05
0.02002661914
1.820326302e-05
0.02002320187
1.646667882e-05
0.0200201861
1.491123346e-05
0.0200186547
1.182598124e-05
0.02001631263
-1.01898081e-05
0.02001425543
-1.11284232e-05
0.02001260691
-1.212106242e-05
0.02001101948
-1.270413743e-05
0.02000962984
-1.336811794e-05
0.02000841513
-1.395977973e-05
0.02000776056
-1.489246065e-05
0.02000982409
-1.807096284e-05
0.0200092326
-1.558066372e-05
0.02000836976
-1.557541713e-05
0.02000760175
-1.590855291e-05
0.02000724471
-1.653263071e-05
0.02001133735
-2.147296735e-05
0.0200291009
-3.727836115e-05
0.02003160623
-2.000899484e-05
0.02002970896
-1.546587445e-05
0.02002757048
-1.534494693e-05
0.02002547535
-1.549432556e-05
0.02002349804
-1.57050723e-05
0.0200229967
-1.744333033e-05
0.02003161637
-2.910568314e-05
0.020058553
-5.503215858e-05
0.02006198038
-2.19536707e-05
0.02005471833
-8.874409332e-06
0.02004619554
-7.45785479e-06
0.02003775324
-7.458998717e-06
0.0200295641
-7.508046495e-06
0.02002194397
-7.548905433e-06
0.02001597495
-7.550837512e-06
-7.679420797e-06
0.02103165943
-1.82217328e-05
0.02102573886
1.97120799e-05
0.0210103071
5.467698149e-05
0.02098609181
8.713591823e-05
0.02095402695
0.0001164183005
0.02091523721
0.0001418543046
0.02087096637
0.0001629947288
0.02082262628
0.0001795006985
0.02077293142
0.0001899469541
0.02072858217
0.0001894031457
0.02069212598
0.00017747705
0.02063368231
0.0001831847609
0.02057403869
0.0001983648769
0.02052409186
0.0002024629531
0.02048015218
0.0002047625285
0.02043927229
0.0002021249899
0.02040042182
0.0001953905439
0.02036348349
0.0001858147462
0.02032864137
0.0001745652102
0.0202960869
0.0001625043316
0.0202659318
0.0001502180014
0.02023820181
0.0001380935287
0.02021285433
0.0001263832553
0.02018979899
0.0001152464789
0.02016891587
0.0001047769911
0.02015006826
9.502158556e-05
0.02013311153
8.599482971e-05
0.02011789787
7.768966411e-05
0.02010428032
7.008526435e-05
0.02009211589
6.315098277e-05
0.02008126851
5.685041358e-05
0.02007161048
5.114276757e-05
0.02006302331
4.59857394e-05
0.02005539771
4.133631451e-05
0.020048634
3.715210167e-05
0.02004264099
3.339275342e-05
0.02003733575
3.001942402e-05
0.02003264368
2.699558893e-05
0.02002849728
2.428783525e-05
0.02002483593
2.18646215e-05
0.02002160542
1.96971914e-05
0.02001893045
1.758620536e-05
0.02001773286
1.302357299e-05
0.02001548359
-7.940540062e-06
0.0200139996
-9.644434244e-06
0.0200159327
-1.405415887e-05
0.02001470557
-1.147700394e-05
0.0200132011
-1.186363597e-05
0.02001229762
-1.305629671e-05
0.02001747094
-2.006577606e-05
0.02004168941
-4.228942826e-05
0.02004550743
-1.939868149e-05
0.02004331257
-1.338054586e-05
0.02004093229
-1.352827053e-05
0.02004122041
-1.682075458e-05
0.02005900472
-3.92572777e-05
0.02011595746
-9.423109681e-05
0.02013097516
-3.50266942e-05
0.02012493416
-9.424881634e-06
0.02011606852
-6.479305817e-06
0.02010710245
-6.528251656e-06
0.0200980812
-6.683821565e-06
0.02008770816
-7.070293549e-06
0.02006920724
-1.060476916e-05
0.02003530314
-2.11280658e-05
0.02002131666
-7.967193243e-06
0.02001716622
-4.723966304e-06
0.02001431533
-4.606971506e-06
0.02001152812
-4.671796085e-06
0.02000874916
-4.729087089e-06
0.02000598069
-4.780434548e-06
0.0200032463
-4.816452622e-06
-4.884671423e-06
0.0210677772
-2.239810815e-05
0.02106059954
2.688974472e-05
0.02104294649
7.233003036e-05
0.02101568181
0.0001144006026
0.020979922
0.0001521781029
0.02093700259
0.0001847737133
0.02088847305
0.0002115242697
0.02083726227
0.0002307114794
0.02079314228
0.0002340669465
0.02075885647
0.000223688959
0.02070001716
0.0002363163711
0.02062756799
0.0002556339233
0.02056858318
0.000257349676
0.02051665762
0.0002543885064
0.02046963806
0.000251782098
0.02042642046
0.000245342596
0.02038627786
0.000235533146
0.02034887027
0.0002232223287
0.02031410374
0.0002093317257
0.0202819647
0.0001946433641
0.02025243144
0.0001797512716
0.02022544383
0.0001650811501
0.02020090328
0.0001509238107
0.02017868304
0.0001374667145
0.0201586385
0.000124821526
0.02014061594
0.0001130441434
0.02012445743
0.0001021533406
0.0201100054
9.214168602e-05
0.02009710643
8.298424135e-05
0.0200856138
7.464361117e-05
0.0200753899
6.707431837e-05
0.02006630706
6.022560384e-05
0.02005824785
5.404494873e-05
0.02005110483
4.84793289e-05
0.0200447802
4.347673729e-05
0.02003918525
3.89877042e-05
0.02003424022
3.496444884e-05
0.02003004146
3.119434632e-05
0.0200261889
2.814039776e-05
0.02002279154
2.526197663e-05
0.02002032409
2.216464606e-05
0.02002179919
1.611110237e-05
0.02002167056
1.315220417e-05
0.02001992474
-6.194715674e-06
0.02002566459
-1.538427865e-05
0.02005498213
-4.337169126e-05
0.0200596469
-1.614177224e-05
0.02005716592
-9.38265338e-06
0.02005779995
-1.369031913e-05
0.02008225867
-4.452449215e-05
0.02016160923
-0.0001216399806
0.02018520363
-4.299307887e-05
0.0201800329
-8.209812154e-06
0.02017081064
-4.30601108e-06
0.02015899466
-5.004772052e-06
0.02013160634
-1.18689536e-05
0.02007120813
-3.383289249e-05
0.02004608136
-9.899921943e-06
0.02004022874
-3.572259108e-06
0.02003714649
-3.397061311e-06
0.02003422089
-3.602645559e-06
0.02003132165
-3.784589436e-06
0.02002819704
-3.945684838e-06
0.0200219142
-4.321926462e-06
0.02000670547
-5.919344781e-06
0.02000301215
-4.273871994e-06
0.02000244476
-4.15658241e-06
0.02000208142
-4.243634393e-06
0.02000173043
-4.32080742e-06
0.02000138986
-4.388525221e-06
0.02000105866
-4.449230221e-06
0.02000074055
-4.498344822e-06
-4.565473853e-06
0.02111478941
-2.628839784e-05
0.0211058986
3.578055927e-05
0.02108521791
9.301072081e-05
0.02105380899
0.0001458095196
0.02101305025
0.000192936846
0.02096461814
0.0002332058212
0.02091091291
0.0002652295047
0.02085944812
0.0002821762718
0.02083048555
0.0002630295213
0.0207680247
0.0002861498002
0.02068742595
0.0003169151265
0.02062058184
0.0003224780378
0.02056167049
0.0003162610267
0.02050706036
0.0003089986399
0.02045723653
0.0003016059331
0.02041178571
0.0002907934135
0.02037020569
0.0002771131531
0.02033211055
0.0002613174721
0.02029724487
0.0002441974054
0.0202654278
0.0002264604444
0.02023650138
0.0002086777015
0.02021030489
0.000191277645
0.02018666802
0.0001745606613
0.02016541183
0.0001587228905
0.0201463539
0.0001438794459
0.02012931156
0.0001300864884
0.02011410645
0.0001173584561
0.02010056653
0.0001056816089
0.02008852961
9.502116014e-05
0.02007784371
8.532951059e-05
0.02006836944
7.654858919e-05
0.0200599784
6.861664611e-05
0.02005255402
6.146932857e-05
0.02004599099
5.504235723e-05
0.02004035888
4.910884037e-05
0.02003524387
4.410271541e-05
0.02003124415
3.89641699e-05
0.02003127273
3.116576025e-05
0.0200283227
3.10904224e-05
0.02002582567
2.775901501e-05
0.02003148696
1.650335338e-05
0.02006433899
-1.674092738e-05
0.02007312837
4.362830648e-06
0.02007427681
-7.343151075e-06
0.02010400452
-4.511198456e-05
0.02020184712
-0.0001412142952
0.02023236402
-4.66586644e-05
0.02022753019
-4.548815316e-06
0.02021458484
-7.449647231e-07
0.02018028318
-1.022283026e-05
0.02009971941
-4.107620508e-05
0.02006604968
-9.323342904e-06
0.02005875549
-9.156218446e-07
0.02005535452
-9.050459031e-07
0.02005175021
-1.400454193e-06
0.02004216095
-2.279693709e-06
0.02001398733
-5.659278718e-06
0.02000682181
-2.734394218e-06
0.02000585551
-2.605962745e-06
0.02000533264
-2.874186848e-06
0.02000484122
-3.111229758e-06
0.02000437774
-3.321114006e-06
0.02000393861
-3.506558787e-06
0.02000328741
-3.670724287e-06
0.02000125541
-3.887350374e-06
0.02000091682
-3.93528389e-06
0.02000080876
-4.048531589e-06
0.02000071379
-4.148658753e-06
0.02000062995
-4.236970331e-06
0.02000055626
-4.314840523e-06
0.02000049116
-4.384129657e-06
0.02000043285
-4.4400409e-06
-4.51717553e-06
0.02117408158
-2.980594874e-05
0.02116291243
4.694970203e-05
0.02113821084
0.000117712314
0.02110131603
0.0001827043281
0.02105404489
0.0002402079923
0.02099885873
0.0002883919758
0.02093893226
0.000325155979
0.0208841952
0.0003369133333
0.02083162585
0.0003155988714
0.02075357127
0.0003642043858
0.0206804179
0.0003900684892
0.02061439823
0.0003884977215
0.02055218129
0.0003784779647
0.02049440522
0.0003667747097
0.02044185875
0.0003541523981
0.02039430749
0.0003383446773
0.02035135408
0.0003200665713
0.02031258822
0.0003000833271
0.02027764457
0.0002791410498
0.02024620407
0.0002579009377
0.02021797872
0.000236903038
0.02019270112
0.0002165552373
0.02017011767
0.0001971441037
0.02014998819
0.0001788523717
0.02013208421
0.0001617834227
0.02011618992
0.0001459807793
0.02010210173
0.0001314466505
0.02008963104
0.0001181522879
0.02007860419
0.0001060480074
0.02006886299
9.50707116e-05
0.02006026497
8.514661783e-05
0.02005284274
7.603888019e-05
0.02004616021
6.81518516e-05
0.0200407752
6.042736337e-05
0.02003952331
5.036073283e-05
0.02003603641
4.758961582e-05
0.02004020136
3.479920773e-05
0.02007112209
2.450311412e-07
0.02007744874
2.476376811e-05
0.02008033439
2.487337147e-05
0.02011451774
-1.768000032e-05
0.0202286312
-0.000130854383
0.02027159711
-3.860308007e-05
0.02026296415
1.289811376e-06
0.02022289054
-5.038371215e-06
0.02012520501
-4.352875423e-05
0.0200842008
-5.654457897e-06
0.02007552781
4.124186749e-06
0.0200711118
3.671041727e-06
0.02005884122
2.047760208e-06
0.02002075965
-2.994636319e-06
0.02001083209
6.042267513e-07
0.02000942922
4.872491109e-07
0.02000866521
-1.410394172e-07
0.02000796138
-6.966218616e-07
0.02000686973
-1.188047368e-06
0.02000297608
-1.765625887e-06
0.02000223975
-1.998061861e-06
0.02000197164
-2.337846638e-06
0.02000173578
-2.638326541e-06
0.02000152848
-2.903936665e-06
0.02000134622
-3.138856507e-06
0.02000118616
-3.346495395e-06
0.02000104548
-3.530052413e-06
0.0200008503
-3.692169943e-06
0.02000075039
-3.83537802e-06
0.02000066378
-3.961927308e-06
0.02000058852
-4.073404011e-06
0.02000052336
-4.17181318e-06
0.02000046689
-4.258370266e-06
0.02000041818
-4.335419454e-06
0.02000037556
-4.3974188e-06
-4.483321126e-06
0.02124755314
-3.284134098e-05
0.02123338002
6.112282284e-05
0.02120338351
0.0001477088241
0.02115942832
0.000226659509
0.02110511082
0.0002945254967
0.02104627313
0.0003472296655
0.02098923545
0.000382193664
0.02094549659
0.0003806521915
0.02084884195
0.0004122535065
0.02075395614
0.0004590901983
0.02067678604
0.0004672385866
0.0206056808
0.0004596029634
0.02053906545
0.0004450933214
0.02047783064
0.0004280095199
0.02042257291
0.0004094101426
0.02037307592
0.0003878416606
0.02032893905
0.0003642034375
0.02028969073
0.0003393316474
0.02025485485
0.0003139769138
0.02022398072
0.0002887750598
0.02019665431
0.000264229451
0.02017249958
0.0002407099735
0.02015117783
0.0002184658528
0.02013238227
0.0001976479354
0.02011583472
0.0001783309637
0.0201012814
0.0001605341012
0.02008849149
0.0001442365568
0.02007725831
0.0001293854676
0.02006755354
0.0001157527768
0.02005889961
0.0001037246395
0.02005179839
9.224784089e-05
0.02004899576
7.884151369e-05
0.02004421456
7.293304066e-05
0.02004714019
5.750173899e-05
0.02007678186
2.071905863e-05
0.02008641905
3.795242407e-05
0.02011943222
1.786039967e-06
0.02023051305
-0.0001108358085
0.02027409493
-1.881811479e-05
0.02027533792
2.363038272e-05
0.02024289233
1.476559167e-05
0.02014299978
-3.096183001e-05
0.02009979502
4.601686725e-06
0.02008917
1.191482777e-05
0.02007420047
9.931161489e-06
0.02002766534
3.006388675e-06
0.02001527835
6.732526271e-06
0.02001337847
6.024077192e-06
0.02001229707
4.752447248e-06
0.02001071739
3.627440241e-06
0.02000528697
2.435791766e-06
0.02000412973
1.761464309e-06
0.02000363333
9.836488351e-07
0.0200031963
2.959964604e-07
0.02000281205
-3.123732267e-07
0.020002474
-8.500013125e-07
0.02000203393
-1.325556396e-06
0.02000178157
-1.74569551e-06
0.02000156087
-2.117147534e-06
0.02000136808
-2.445533685e-06
0.02000119977
-2.735629596e-06
0.02000105304
-2.992131948e-06
0.02000092507
-3.218522346e-06
0.02000081373
-3.418722868e-06
0.02000071701
-3.595449904e-06
0.0200006331
-3.751466522e-06
0.02000056039
-3.889226453e-06
0.02000049748
-4.01049312e-06
0.0200004432
-4.117537061e-06
0.02000039632
-4.211494953e-06
0.02000035616
-4.295257869e-06
0.02000032107
-4.362333349e-06
-4.455712952e-06
0.02133772929
-3.525845116e-05
0.02131961482
7.923728789e-05
0.02128277407
0.00018454957
0.02123109656
0.0002783370181
0.02117583398
0.0003497880727
0.0211258862
0.0003971774434
0.02107541507
0.0004326647855
0.02097075987
0.0004853073984
0.02084748402
0.0005355293517
0.02075328367
0.0005532905533
0.02067029595
0.0005502263148
0.02059284728
0.0005370516348
0.02052128355
0.0005166570437
0.02045636405
0.0004929290181
0.02039845685
0.0004673173499
0.02034724649
0.0004390520174
0.02030223096
0.000409218966
0.02026281898
0.0003787436214
0.02022840145
0.000348394452
0.02019839465
0.000318781859
0.02017226218
0.0002903619226
0.02014952225
0.0002634499001
0.02012974614
0.000238241958
0.02011255378
0.0002148402902
0.02009761199
0.0001932727507
0.02008478058
0.0001733655083
0.02007349331
0.0001555238269
0.02006416263
0.0001387161513
0.02005942093
0.000120494477
0.02005303903
0.0001101065404
0.02005450358
9.078328958e-05
0.02008253277
5.081232371e-05
0.02009105004
6.441576272e-05
0.02012283708
2.571470122e-05
0.02023177641
-8.822026978e-05
0.02027033635
-6.075165409e-07
0.02024363153
2.84908506e-05
0.02014566994
-1.287422413e-05
0.02010339774
2.345407921e-05
0.0200954757
3.155242709e-05
0.02008233458
2.790671809e-05
0.02003257118
1.880157202e-05
0.0200193426
1.783026303e-05
0.02001697612
1.428131708e-05
0.02001485535
1.205193786e-05
0.02000802464
9.837104094e-06
0.02000641529
8.341871288e-06
0.02000564092
6.798458176e-06
0.02000495983
5.433532171e-06
0.02000436078
4.226502492e-06
0.02000363726
3.159312842e-06
0.0200031829
2.215818851e-06
0.02000278477
1.381782456e-06
0.02000243609
6.446791062e-07
0.02000213067
-6.95142839e-09
0.02000186362
-5.829497474e-07
0.02000162989
-1.091827588e-06
0.02000142568
-1.541490686e-06
0.02000124752
-1.938987912e-06
0.02000109197
-2.289976174e-06
0.02000095644
-2.600104626e-06
0.0200008385
-2.874193359e-06
0.02000073618
-3.11620719e-06
0.02000064738
-3.329920139e-06
0.0200005705
-3.518572456e-06
0.02000050405
-3.685023997e-06
0.02000044672
-3.83189991e-06
0.02000039744
-3.96121304e-06
0.02000035517
-4.075271283e-06
0.02000031889
-4.175211462e-06
0.02000028796
-4.264328286e-06
0.0200002612
-4.335577845e-06
-4.435119887e-06
0.02144782592
-3.684105062e-05
0.0214245239
0.0001025393077
0.02137918808
0.0002298853851
0.02132012096
0.0003374041275
0.02126330992
0.0004065991071
0.02118325769
0.0004772296734
0.02108349862
0.000532423854
0.02095976464
0.0006090413797
0.02084938617
0.0006459078144
0.02075096336
0.0006517133664
0.02065914539
0.0006420442756
0.0205744307
0.0006217663219
0.02049748257
0.0005936051655
0.0204287818
0.0005616297835
0.02036840375
0.0005276953947
0.02031583355
0.000491622224
0.02027038328
0.0004546692349
0.02023128584
0.0004178410622
0.02019776693
0.0003819133639
0.02016909164
0.0003474571358
0.02014458911
0.0003148644573
0.02012366356
0.0002843754408
0.02010594551
0.0002559599966
0.02009067539
0.0002301104067
0.02007809876
0.0002058493805
0.02007068287
0.0001807813943
0.02006214162
0.0001640650827
0.02006177612
0.0001390816441
0.02008803751
9.42330858e-05
0.02009525771
0.0001028863344
0.02012577332
6.026768162e-05
0.02023298372
-5.639807464e-05
0.02027061231
2.678716705e-05
0.0202438322
5.249481362e-05
0.02014689302
8.718913305e-06
0.02010402695
4.225854502e-05
0.02008519115
4.732664731e-05
0.02003552272
3.679419773e-05
0.02002145183
3.752496702e-05
0.02001904304
3.396122127e-05
0.02001686865
3.008110993e-05
0.02000930217
2.636805822e-05
0.0200082384
1.889403824e-05
0.02000723079
1.528892614e-05
0.02000634732
1.293541098e-05
0.02000533073
1.085369797e-05
0.02000465948
9.013125308e-06
0.02000407165
7.38629563e-06
0.0200035571
5.948080961e-06
0.02000310668
4.676929496e-06
0.02000271255
3.553436669e-06
0.02000236777
2.560603941e-06
0.02000206621
1.683338007e-06
0.02000180273
9.08160292e-07
0.0200015724
2.233809568e-07
0.02000137141
-3.819561903e-07
0.02000119611
-9.165270093e-07
0.02000104346
-1.388844317e-06
0.0200009105
-1.806022779e-06
0.02000079516
-2.174644523e-06
0.0200006951
-2.50004631e-06
0.02000060841
-2.787505115e-06
0.02000053342
-3.041214118e-06
0.02000046885
-3.265348302e-06
0.0200004132
-3.462925372e-06
0.02000036553
-3.637358173e-06
0.02000032473
-3.791104526e-06
0.02000029001
-3.926492086e-06
0.02000026057
-4.045833093e-06
0.0200002357
-4.15034027e-06
0.02000021483
-4.243463941e-06
0.02000019717
-4.317915641e-06
-4.421903367e-06
0.0215821387
-3.725379292e-05
0.02155192976
0.0001327482522
0.02149537788
0.0002864372571
0.02142358902
0.000409192979
0.02134197987
0.0004882082563
0.02125137327
0.0005678362713
0.0211085944
0.0006752027043
0.02097406646
0.0007435693117
0.0208546845
0.0007652897703
0.02074368392
0.000762713943
0.02064127921
0.000744448987
0.02054856676
0.000714478763
0.02046596861
0.0006762033115
0.02039359423
0.0006340041777
0.0203311366
0.0005901530191
0.02027777856
0.0005449802684
0.02023259452
0.0004998532775
0.02019450206
0.0004559335134
0.02016255078
0.0004138646425
0.02013582523
0.0003741826771
0.02011350571
0.0003371839824
0.02009535776
0.0003025233912
0.02008358726
0.0002677304965
0.02007162139
0.0002420762654
0.02006858114
0.0002088896358
0.02009270593
0.0001566565977
0.02009824423
0.0001585267776
0.02012738034
0.0001099455273
0.02023344275
-1.182931859e-05
0.02027011808
6.621100119e-05
0.0202430579
8.732786577e-05
0.02014688305
3.977677548e-05
0.02010409207
6.957814293e-05
0.02008514003
7.144685136e-05
0.02003570369
5.815525643e-05
0.02002157703
5.638520137e-05
0.02001827371
5.062995972e-05
0.0200105279
4.454000534e-05
0.0200083927
3.966016548e-05
0.02000725196
3.510195952e-05
0.02000626411
3.106895917e-05
0.02000517802
2.745415652e-05
0.02000532735
1.874470823e-05
0.02000463571
1.598056995e-05
0.0200040335
1.353762655e-05
0.02000350873
1.137847625e-05
0.02000305128
9.470575219e-06
0.02000265278
7.784792998e-06
0.0200023055
6.295371327e-06
0.02000200274
4.979684616e-06
0.02000173899
3.817189973e-06
0.0200015092
2.790395269e-06
0.02000130918
1.883354785e-06
0.0200011353
1.082047533e-06
0.02000098417
3.745040733e-07
0.02000085299
-2.507685201e-07
0.02000073936
-8.029051394e-07
0.02000064108
-1.290561972e-06
0.02000055611
-1.721049847e-06
0.02000048285
-2.101388186e-06
0.02000041992
-2.437121527e-06
0.02000036602
-2.733608659e-06
0.02000032001
-2.995199544e-06
0.02000028076
-3.22610643e-06
0.02000024761
-3.429767248e-06
0.02000021965
-3.609400307e-06
0.0200001963
-3.767755172e-06
0.02000017704
-3.907239256e-06
0.02000016104
-4.029837002e-06
0.02000014821
-4.137513427e-06
0.02000013787
-4.233124942e-06
0.02000012961
-4.309650291e-06
-4.416688109e-06
0.02174641048
-3.603256418e-05
0.02170763051
0.0001715282242
0.02164127664
0.0003527911272
0.02156565984
0.0004848097689
0.02144238731
0.000611480782
0.02129608495
0.0007141386171
0.02113788046
0.0008334071967
0.02099146792
0.000889981841
0.02085483465
0.0009019230431
0.02072846933
0.0008890792535
0.02061422631
0.000858692008
0.02051299227
0.0008157128116
0.02042476814
0.0007644274311
0.02034918187
0.0007095904439
0.02028533775
0.0006539971438
0.02023215713
0.0005981608863
0.02018896076
0.0005430496479
0.0201528854
0.0004920088673
0.02012334797
0.0004434020719
0.02009933964
0.0003981910059
0.02008037958
0.0003561440511
0.02007237929
0.0003105236781
0.02009300699
0.0002471028028
0.02009582179
0.0002392614541
0.02012288982
0.0001818216056
0.02022712228
5.242414057e-05
0.02026242669
0.0001232223623
0.02023512185
0.0001372503638
0.02014385749
7.943504225e-05
0.0201015846
0.0001084838924
0.0200825289
0.0001063835596
0.02003329273
8.901294561e-05
0.02001924464
8.362623682e-05
0.02001601281
7.467867379e-05
0.02000839827
6.576980157e-05
0.02000638437
5.839909717e-05
0.02000537238
5.164194296e-05
0.02000424537
4.566701584e-05
0.0200035212
4.03843274e-05
0.02000290794
3.571521974e-05
0.02000238752
3.1589387e-05
0.02000301027
2.683140866e-05
0.02000257964
1.917534284e-05
0.02000220997
1.635024133e-05
0.02000189266
1.385493579e-05
0.02000161975
1.165139156e-05
0.02000138495
9.705376133e-06
0.02000118287
7.986879959e-06
0.02000100892
6.469320461e-06
0.02000085941
5.129199859e-06
0.02000073089
3.945711995e-06
0.02000062058
2.900697784e-06
0.02000052601
1.977926093e-06
0.02000044501
1.163050033e-06
0.02000037593
4.435831284e-07
0.02000031707
-1.919082499e-07
0.02000026717
-7.530074639e-07
0.02000022494
-1.248328424e-06
0.02000018963
-1.685745006e-06
0.02000016004
-2.071804145e-06
0.02000013558
-2.41266325e-06
0.02000011546
-2.713482635e-06
0.02000009926
-2.978998885e-06
0.02000008645
-3.213300447e-06
0.02000007647
-3.419791457e-06
0.02000006902
-3.601946824e-06
0.02000006373
-3.762465714e-06
0.02000006018
-3.90369729e-06
0.02000005831
-4.027964152e-06
0.02000005775
-4.136958691e-06
0.02000005842
-4.23379194e-06
0.02000005999
-4.311224893e-06
-4.419564285e-06
0.02194814243
-3.240397908e-05
0.02189762367
0.0002220469822
0.02181342748
0.0004369873138
0.02170273152
0.0005955057291
0.02156864938
0.0007455629197
0.021367291
0.0009154969976
0.02117709416
0.001023604049
0.02100489548
0.001062180507
0.02084584756
0.001060970956
0.0207018962
0.001033030622
0.02057483715
0.0009857510413
0.02046493099
0.0009256189724
0.02037167973
0.0008576786923
0.02029465419
0.0007866159752
0.0202307687
0.0007178826334
0.02018058835
0.000648341237
0.02014623597
0.0005774020318
0.02011487938
0.0005233654607
0.02008886072
0.0004694207253
0.02006863403
0.0004184176929
0.02005678273
0.0003679953569
0.02007558475
0.0002917216505
0.02016905394
0.0001536336063
0.02020092932
0.0002073860783
0.02017572759
0.0002070233276
0.02007922026
0.000148931472
0.0200362588
0.000166183813
0.02002637382
0.0001471353515
0.02001583161
8.997724898e-05
0.02001186519
0.0001124503108
0.02000965078
0.0001085979737
0.02000245628
9.620743698e-05
0.0200008776
8.520491799e-05
0.02000030314
7.525313252e-05
0.01999960521
6.646773244e-05
0.01999929269
5.871161833e-05
0.0199990691
5.1865528e-05
0.01999891328
4.582283136e-05
0.01999880866
4.048895061e-05
0.01999874299
3.578088638e-05
0.01999870698
3.162540378e-05
0.019999827
2.571138881e-05
0.01999977132
1.923102433e-05
0.01999973294
1.638862195e-05
0.01999970767
1.388021433e-05
0.01999969269
1.16663705e-05
0.01999968561
9.712460975e-06
0.01999968465
7.987840651e-06
0.01999968822
6.465749576e-06
0.01999969522
5.122200568e-06
0.0199997048
3.936134437e-06
0.01999971622
2.889275967e-06
0.01999972912
1.965023424e-06
0.01999974289
1.149288871e-06
0.01999975727
4.291955876e-07
0.01999977205
-2.066840421e-07
0.01999978701
-7.679735991e-07
0.01999980201
-1.263331918e-06
0.01999981701
-1.700747246e-06
0.0199998318
-2.086596684e-06
0.0199998465
-2.427364777e-06
0.01999986095
-2.727928327e-06
0.01999987519
-2.993238073e-06
0.01999988898
-3.227093304e-06
0.01999990259
-3.433406418e-06
0.01999991591
-3.615259132e-06
0.01999992879
-3.775355532e-06
0.01999994154
-3.916448648e-06
0.01999995394
-4.040364212e-06
0.01999996598
-4.148996896e-06
0.01999997774
-4.245560354e-06
0.01999998913
-4.322615002e-06
-4.43077963e-06
0.02219841831
-2.594358261e-05
0.02213801289
0.0002824524025
0.022044773
0.0005302272114
0.02187467634
0.0007656024059
0.02166310383
0.000957135424
0.0214309565
0.001147644323
0.0212121332
0.001242427358
0.02100829645
0.001266017254
0.02082292709
0.001246340309
0.02065951521
0.001196442496
0.02052010458
0.001125161687
0.02040225735
0.001043466187
0.02030689703
0.0009530390279
0.02023617833
0.0008573346665
0.02017622409
0.0007778368736
0.02013434908
0.0006902162463
0.02011603466
0.0005957164589
0.02009479198
0.0005446081379
0.02007403889
0.0004901738039
0.02005823961
0.0004342169759
0.02004521371
0.0003810212533
0.02000848199
0.0003284533637
0.01990931776
0.000252797833
0.01987292291
0.0002437809308
0.01988752844
0.0001924177994
0.01984661904
0.0001898408653
0.01983806372
0.0001747391427
0.0198674289
0.0001177701696
0.01995048358
6.922570021e-06
0.01998447908
7.845480865e-05
0.01998956382
0.0001035132334
0.0199900015
9.576975369e-05
0.01999056242
8.464399244e-05
0.01999116317
7.465238139e-05
0.01999177679
6.585411689e-05
0.0199923836
5.810480171e-05
0.01999297086
5.127827332e-05
0.01999353029
4.526339513e-05
0.01999405679
3.996245065e-05
0.01999454803
3.528964824e-05
0.01999500343
3.117000027e-05
0.0199966208
2.409402445e-05
0.01999694544
1.890638739e-05
0.0199972422
1.609186124e-05
0.01999751257
1.360984476e-05
0.01999775807
1.142087872e-05
0.01999798065
9.489879293e-06
0.01999818202
7.786475704e-06
0.019998364
6.283770562e-06
0.01999852843
4.957767914e-06
0.01999867677
3.787795748e-06
0.01999881059
2.755462595e-06
0.01999893115
1.84446361e-06
0.01999904001
1.040421637e-06
0.01999913807
3.311330139e-07
0.01999922667
-2.952819871e-07
0.01999930666
-8.479636885e-07
0.01999937901
-1.335683594e-06
0.0199994444
-1.766144117e-06
0.01999950384
-2.146043131e-06
0.01999955757
-2.481091805e-06
0.01999960654
-2.776900962e-06
0.01999965096
-3.03766185e-06
0.01999969169
-3.267819918e-06
0.01999972882
-3.470539289e-06
0.01999976282
-3.649257788e-06
0.01999979411
-3.806640425e-06
0.01999982286
-3.945205425e-06
0.01999984944
-4.066946469e-06
0.01999987408
-4.173635497e-06
0.01999989695
-4.268436e-06
0.01999991836
-4.344025551e-06
-4.450237934e-06
0.02250983856
-1.531720213e-05
0.02242922876
0.0003630622124
0.02228625438
0.0006732016024
0.02208924107
0.000962615717
0.02179489862
0.001251477877
0.02150624823
0.001436294703
0.0212397994
0.001508876184
0.02099598581
0.001509830845
0.02078148849
0.001460837644
0.02059919967
0.001378731305
0.02045465587
0.001269705488
0.02033274817
0.00116537388
0.02024117855
0.001044608648
0.02018488074
0.0009136324915
0.02013276171
0.0008299558977
0.02008597048
0.0007370074786
0.02005202225
0.0006296646892
0.02002829104
0.0005683393402
0.0200126913
0.0005057735413
0.02000751879
0.0004393894937
0.02002039405
0.00036814599
0.02001281664
0.0003360307752
0.01997632479
0.0002892896916
0.01999771446
0.0002223912557
0.02009018325
9.99490104e-05
0.02012240323
0.0001576208858
0.02012454762
0.0001725947579
0.02009621783
0.0001460999567
0.02001118499
9.195540848e-05
0.01997925893
0.0001103808735
0.01997670809
0.0001060640717
0.01997853381
9.394403233e-05
0.01998046817
8.270962929e-05
0.019982275
7.284555018e-05
0.01998394828
6.418083771e-05
0.01998548705
5.656603378e-05
0.01998689443
4.987089325e-05
0.0199881757
4.398211839e-05
0.01998933775
3.880040418e-05
0.0199903885
3.423889593e-05
0.01999133631
3.022219207e-05
0.01999344451
2.19858184e-05
0.01999414828
1.820262364e-05
0.01999477864
1.546150081e-05
0.01999534262
1.304586605e-05
0.01999584679
1.091671377e-05
0.01999629706
9.03961064e-06
0.01999669913
7.384401411e-06
0.01999705799
5.924915543e-06
0.01999737811
4.63764922e-06
0.01999766365
3.5022592e-06
0.01999791828
2.500837706e-06
0.01999814531
1.617433093e-06
0.01999834783
8.379004341e-07
0.01999852863
1.503225875e-07
0.01999869
-4.566466079e-07
0.01999883413
-9.921027178e-07
0.01999896285
-1.464401718e-06
0.01999907803
-1.881329703e-06
0.01999918109
-2.249104401e-06
0.01999927346
-2.57346973e-06
0.01999935625
-2.859685196e-06
0.0199994308
-3.112209579e-06
0.01999949765
-3.334669699e-06
0.01999955793
-3.530824133e-06
0.01999961239
-3.703717147e-06
0.01999966168
-3.855930472e-06
0.01999970628
-3.989809503e-06
0.01999974681
-4.107480851e-06
0.01999978375
-4.210568859e-06
0.01999981754
-4.302235522e-06
0.01999984871
-4.375190702e-06
-4.477798823e-06
0.02291092598
-3.969624527e-06
0.02282109638
0.0004528918032
0.02259475492
0.000899543057
0.02228359332
0.001273777307
0.02192585447
0.001609216732
0.02157620082
0.001785948346
0.02125068727
0.001834389727
0.0209613212
0.001799196924
0.02072263058
0.001699528259
0.02052749949
0.001573862384
0.02038629644
0.001410908531
0.02026484703
0.001286823302
0.02016313167
0.001146323999
0.02008769935
0.0009890648129
0.02003550398
0.0008821512757
0.02001035758
0.0007621538798
0.02002021588
0.0006198063941
0.0200412068
0.0005473484205
0.02004328718
0.0005036931559
0.02006177824
0.0004208984276
0.02012333894
0.0003065852959
0.02014685793
0.000312511787
0.02014320603
0.0002929415932
0.02011714436
0.0002484529218
0.02003748437
0.0001796090033
0.0200079578
0.0001871474592
0.02000753062
0.0001730219378
0.02000212828
0.0001515022967
0.01996626485
0.0001278188392
0.01996027388
0.0001163718349
0.01996355051
0.0001027874497
0.01996718705
9.030748381e-05
0.01997050869
7.938799943e-05
0.01997352796
6.982627586e-05
0.01997626195
6.144685321e-05
0.01997872968
5.409830171e-05
0.01998095113
4.764944411e-05
0.01998294637
4.19868729e-05
0.01998473513
3.701164938e-05
0.01998633585
3.263817243e-05
0.01998847303
2.808500466e-05
0.01999035075
2.010810336e-05
0.01999142522
1.712814884e-05
0.01999238178
1.450494745e-05
0.01999323289
1.219475782e-05
0.01999398964
1.015995728e-05
0.01999466244
8.36681462e-06
0.01999526017
6.786674818e-06
0.01999579121
5.393881195e-06
0.01999626289
4.165969131e-06
0.01999668169
3.083463927e-06
0.01999705377
2.128758769e-06
0.01999738436
1.286840156e-06
0.01999767778
5.444774216e-07
0.01999793881
-1.107086353e-07
0.01999817064
-6.884845825e-07
0.01999837679
-1.1982558e-06
0.01999856035
-1.647964963e-06
0.0199987236
-2.044579455e-06
0.01999886902
-2.394529427e-06
0.01999899875
-2.703198676e-06
0.01999911448
-2.975416386e-06
0.01999921771
-3.215435804e-06
0.01999931014
-3.427102704e-06
0.01999939293
-3.61361476e-06
0.01999946709
-3.777874132e-06
0.01999953369
-3.922536377e-06
0.01999959362
-4.049736699e-06
0.01999964764
-4.16150096e-06
0.01999969655
-4.259481452e-06
0.0199997407
-4.346388614e-06
0.01999978128
-4.4157765e-06
-4.513179775e-06
0.02341233336
1.099058602e-05
0.02326030559
0.000604919558
0.02298513345
0.00117471519
0.02254541544
0.001713495311
0.02208349011
0.002071142067
0.02164186675
0.002227571706
0.02124859225
0.00222766423
0.02091100429
0.002136784866
0.02064874994
0.001961782614
0.02042647832
0.001796134006
0.02025092769
0.001586459149
0.02012279449
0.001414956491
0.02004276018
0.001226358312
0.02001558748
0.00101623752
0.02001030792
0.0008874308322
0.01998250448
0.0007899573212
0.01995845478
0.00064385609
0.0200044443
0.0005013588954
0.02002441759
0.0004837198735
0.02001225072
0.0004330652923
0.01996536456
0.0003534714618
0.01995296959
0.0003249067617
0.01995839979
0.0002875113889
0.01995741354
0.0002494391699
0.01992517089
0.0002118516551
0.01992338404
0.0001889343081
0.01993092508
0.0001654809008
0.01993786058
0.0001445668014
0.01993947973
0.00012619969
0.01994515649
0.0001106950725
0.01995093563
9.700830904e-05
0.01995615485
8.508826191e-05
0.01996085246
7.46903996e-05
0.01996506911
6.560962455e-05
0.01996884567
5.767029599e-05
0.01997222219
5.072177507e-05
0.01997523671
4.463493359e-05
0.01997792502
3.929855505e-05
0.01998032008
3.461658684e-05
0.01998245243
3.050582146e-05
0.01998577454
2.476289482e-05
0.01998738828
1.849436208e-05
0.0199888207
1.569572435e-05
0.01999009151
1.323413801e-05
0.01999121858
1.106769314e-05
0.019992218
9.160538492e-06
0.01999310378
7.481032896e-06
0.01999388873
6.001727521e-06
0.0199945845
4.698119274e-06
0.01999520089
3.549575156e-06
0.01999574732
2.537040049e-06
0.01999623137
1.644709897e-06
0.01999666045
8.57760027e-07
0.0199970408
1.641226314e-07
0.01999737812
-4.480274607e-07
0.01999767727
-9.876462855e-07
0.01999794272
-1.463704415e-06
0.01999817812
-1.883371472e-06
0.01999838732
-2.253778829e-06
0.01999857305
-2.580263173e-06
0.0199987382
-2.868356826e-06
0.01999888507
-3.122279302e-06
0.01999901584
-3.346209829e-06
0.01999913239
-3.54365167e-06
0.01999923626
-3.717488426e-06
0.01999932912
-3.870733465e-06
0.01999941216
-4.005575659e-06
0.01999948653
-4.124103681e-06
0.01999955343
-4.228410711e-06
0.0199996135
-4.319553788e-06
0.01999966776
-4.40064393e-06
0.01999971717
-4.465185698e-06
-4.555960474e-06
0.02410040108
2.865336422e-05
0.02384237716
0.0008629434672
0.02339941229
0.001617680065
0.02283688034
0.002276027234
0.02225394236
0.002654080084
0.0216954692
0.002786044855
0.02121957913
0.002703554298
0.02080933054
0.002547033447
0.02048368472
0.002287428457
0.02025379113
0.002026027583
0.02012023684
0.001720013443
0.02004084312
0.001494350199
0.01995871361
0.001308487817
0.01989751479
0.001077436336
0.0199259475
0.0008589981254
0.01993129113
0.0007846136948
0.01989597036
0.0006791768627
0.01984186071
0.0005554685503
0.0198330238
0.0004925567785
0.0198399951
0.0004260939993
0.01983102228
0.0003624442791
0.01984134721
0.0003145818309
0.01985700771
0.0002718508874
0.01987132043
0.0002351264477
0.01987964594
0.0002035261519
0.01989164546
0.0001769347866
0.01990321629
0.000153910075
0.01991368092
0.0001341021732
0.0199228657
0.0001170149068
0.01993132058
0.0001022401931
0.01993888948
8.943941599e-05
0.01994565127
7.832647129e-05
0.01995168118
6.866048898e-05
0.01995705132
6.023949251e-05
0.01996182872
5.28928912e-05
0.01996607518
4.647532362e-05
0.01996984736
4.086275177e-05
0.01997319646
3.594945172e-05
0.01997616868
3.164436434e-05
0.01997880525
2.78692519e-05
0.01998261008
2.095806415e-05
0.01998460999
1.649445204e-05
0.01998638021
1.392549949e-05
0.0199879473
1.166704081e-05
0.01998933402
9.68098102e-06
0.01999056118
7.93338078e-06
0.019991647
6.395206844e-06
0.01999260788
5.040852597e-06
0.01999345798
3.848029267e-06
0.01999421013
2.797426247e-06
0.01999487563
1.871535944e-06
0.01999546468
1.055664814e-06
0.01999598591
3.365232702e-07
0.01999644758
-2.975494215e-07
0.01999685608
-8.565316676e-07
0.019997218
-1.349566512e-06
0.0199975385
-1.784203873e-06
0.01999782256
-2.167442642e-06
0.01999807434
-2.505557478e-06
0.01999829766
-2.803590985e-06
0.01999849575
-3.066442617e-06
0.01999867172
-3.29824891e-06
0.01999882806
-3.502550153e-06
0.01999896695
-3.682550225e-06
0.01999909073
-3.841269074e-06
0.01999920099
-3.980987119e-06
0.0199992993
-4.103888241e-06
0.01999938717
-4.211981207e-06
0.01999946586
-4.307095814e-06
0.01999953637
-4.390072144e-06
0.01999959981
-4.464077398e-06
0.01999965739
-4.522765774e-06
-4.605589294e-06
0.02492261424
5.263607693e-05
0.02461478211
0.001170775595
0.02398237939
0.00225008279
0.02323641077
0.003021995884
0.02246577428
0.003424716543
0.02172182002
0.00352999913
0.02109119273
0.003334181576
0.02061374933
0.003024476847
0.0202935377
0.002607640084
0.02007606988
0.002243495405
0.01990679648
0.001889286838
0.01986707127
0.001534075405
0.01982755969
0.001347999394
0.01976219153
0.001142804504
0.01969041429
0.0009307753674
0.01967877876
0.0007962492183
0.01968937691
0.0006685787139
0.01968950106
0.0005553443923
0.01971264977
0.0004694080663
0.01974113406
0.000397609714
0.01976508643
0.0003384919045
0.01978978511
0.0002898831549
0.01981259918
0.0002490368097
0.01983319456
0.0002145310727
0.01985147462
0.0001852460964
0.01986808381
0.0001603255914
0.01988292836
0.0001390655269
0.01989615988
0.0001208706644
0.01990792846
0.0001052463243
0.01991838075
9.178789646e-05
0.01992765591
8.016426357e-05
0.01993588073
7.010164596e-05
0.01994316975
6.137147191e-05
0.0199496264
5.378284443e-05
0.01995534378
4.717551621e-05
0.01996040517
4.14139349e-05
0.01996488464
3.638328243e-05
0.01996884866
3.198543827e-05
0.01997235624
2.813678228e-05
0.01997550189
2.472359484e-05
0.01997970765
1.675230603e-05
0.01998206374
1.413836082e-05
0.01998414564
1.184358851e-05
0.01998598527
9.827416888e-06
0.01998761097
8.055281277e-06
0.01998904752
6.496829764e-06
0.01999031701
5.125719618e-06
0.01999143898
3.918888133e-06
0.01999243041
2.856598131e-06
0.01999330681
1.921034388e-06
0.01999408147
1.096869764e-06
0.01999476633
3.708081601e-07
0.01999537199
-2.691402021e-07
0.01999590754
-8.33104929e-07
0.01999638131
-1.330297771e-06
0.01999680031
-1.768573093e-06
0.01999717122
-2.155120989e-06
0.01999749948
-2.495701417e-06
0.01999779015
-2.796228264e-06
0.01999804772
-3.061163164e-06
0.01999827587
-3.294594524e-06
0.01999847822
-3.500606512e-06
0.01999865771
-3.682040864e-06
0.01999881711
-3.841950108e-06
0.01999895868
-3.982844091e-06
0.01999908463
-4.106930675e-06
0.01999919679
-4.216052723e-06
0.01999929692
-4.312108628e-06
0.01999938615
-4.396337054e-06
0.01999946632
-4.47024131e-06
0.01999953785
-4.535603615e-06
0.019999603
-4.587918596e-06
-4.661291811e-06
0.02600481409
0.0001499625657
0.0001498641056
0.02549854942
0.0003361410445
0.0005020570704
0.0003367937235
0.0005020484277
0.02466435715
0.003084275068
0.02364462104
0.004041731986
0.02255508466
0.004514252929
0.0216001437
0.004484940086
0.02087509437
0.004059230894
0.02034769858
0.003551872638
0.01995864964
0.002996689025
0.01977456355
0.002427581491
0.01961715462
0.002046695755
0.01948013069
0.001671099331
0.01943916662
0.001388963457
0.01944380971
0.001138161419
0.01945079107
0.0009237940007
0.01949123276
0.0007558075289
0.01954148513
0.0006183263453
0.01958806104
0.0005087684813
0.01963448758
0.0004229815268
0.0196768701
0.0003552271894
0.01971440008
0.0003009619215
0.01974771988
0.0002565633543
0.01977716401
0.0002195926826
0.01980319965
0.0001884954361
0.01982621937
0.000162226372
0.01984655643
0.0001399885393
0.01986450743
0.0001211145257
0.01988034157
0.0001050365246
0.01989430382
9.128407742e-05
0.01990661536
7.947635432e-05
0.01991747262
6.930699838e-05
0.01992704871
6.052556556e-05
0.01993549562
5.292456525e-05
0.01994294717
4.633129257e-05
0.01994952149
4.060120288e-05
0.01995532269
3.5612734e-05
0.01996044253
3.126344794e-05
0.01996496193
2.746602928e-05
0.019968952
2.414671112e-05
0.01997408645
1.958914755e-05
0.01997711926
1.371949219e-05
0.01997979504
1.146258281e-05
0.01998215628
9.482337992e-06
0.01998424007
7.743626741e-06
0.01998607938
6.215971905e-06
0.01998770298
4.873238398e-06
0.01998913637
3.692334208e-06
0.01999040184
2.653411911e-06
0.01999151936
1.739082026e-06
0.01999250644
9.339633864e-07
0.01999337815
2.251606932e-07
0.01999414835
-3.993950921e-07
0.01999482877
-9.49563537e-07
0.01999543018
-1.434516662e-06
0.01999596166
-1.861784806e-06
0.01999643151
-2.23842631e-06
0.01999684686
-2.570470549e-06
0.01999721448
-2.86332543e-06
0.0199975395
-3.121255775e-06
0.0199978272
-3.348862482e-06
0.01999808196
-3.549351522e-06
0.01999830754
-3.726193619e-06
0.01999850758
-3.882078468e-06
0.01999868499
-4.019360214e-06
0.01999884234
-4.1401983e-06
0.0199989822
-4.246791267e-06
0.01999910655
-4.340410066e-06
0.01999921726
-4.422814949e-06
0.01999931605
-4.495128724e-06
0.0199994042
-4.55839992e-06
0.01999948329
-4.614689599e-06
0.01999955468
-4.659313188e-06
-4.722381181e-06
-0.006770457522
0.006727051677
0.0003795352078
1.16719296e-08
0.02552581739
0.0009701785555
-0.006639079024
-0.006675969311
-0.006639412251
-0.006676217636
0.001124066532
0.0009705987583
0.001124292049
0.02404338822
0.005524161177
0.02258064261
0.00597699852
0.02135713463
0.005708448056
0.02041763861
0.004998726912
0.01985122887
0.004118282371
0.01944934113
0.003398576778
0.01917102273
0.002705899892
0.01905689236
0.002160826112
0.01902670525
0.00170128643
0.01907564934
0.001340019369
0.01915862433
0.001055186432
0.01924872968
0.0008336886533
0.01934123386
0.0006633033497
0.01942663629
0.0005329239115
0.01950155231
0.0004338524603
0.01956615065
0.0003583831878
0.01962139715
0.0002999806919
0.01966880726
0.0002535518046
0.01970977554
0.0002155950745
0.01974539897
0.0001839692518
0.01977648915
0.0001574052648
0.01980366168
0.0001350538394
0.01982742066
0.0001162295645
0.01984820382
0.0001003313601
0.01986639707
8.684328035e-05
0.01988233751
7.534363614e-05
0.01989631638
6.549748435e-05
0.01990858497
5.703841159e-05
0.01991936012
4.975041713e-05
0.0199288294
4.345528765e-05
0.01993715576
3.800493254e-05
0.01994448109
3.327587394e-05
0.01995092894
2.91648876e-05
0.0199566072
2.558518819e-05
0.01996160977
2.246345818e-05
0.01996601893
1.973755028e-05
0.01997154115
1.40669231e-05
0.01997489192
1.036872458e-05
0.01997784472
8.509775404e-06
0.01998044752
6.879540432e-06
0.01998274232
5.448826437e-06
0.0199847659
4.192396488e-06
0.01998655076
3.088376502e-06
0.01998812529
2.117805824e-06
0.01998951455
1.264159881e-06
0.01999074052
5.131078727e-07
0.01999182248
-1.479877311e-07
0.01999277768
-7.300418096e-07
0.01999362096
-1.242680033e-06
0.01999436566
-1.694261091e-06
0.01999502328
-2.092139505e-06
0.01999560424
-2.442748074e-06
0.01999611756
-2.751749517e-06
0.01999657119
-3.024100037e-06
0.01999697201
-3.264157271e-06
0.01999732653
-3.475778115e-06
0.01999764
-3.662333631e-06
0.01999791741
-3.826765949e-06
0.01999816292
-3.971699611e-06
0.01999838026
-4.099425355e-06
0.01999857286
-4.211958596e-06
0.01999874372
-4.311062225e-06
0.01999889523
-4.398304945e-06
0.01999902989
-4.475068372e-06
0.0199991496
-4.54253095e-06
0.01999925627
-4.601798219e-06
0.0199993515
-4.653628634e-06
0.01999943645
-4.699640805e-06
0.01999951338
-4.736250162e-06
-4.78790082e-06
-0.001675958959
-0.0001177816647
0.001664509467
0.0001275107998
1.720360359e-06
-0.006558769126
0.006469352862
0.001059550314
4.450128997e-08
0.02287275878
0.006791205934
-0.006268018143
-0.005801898663
-0.006268590471
-0.005801296273
0.02145151117
0.007398246131
0.02034642763
0.006813531602
0.0194787251
0.005866429427
0.01886836151
0.004728645967
0.0185606285
0.003706309799
0.01843945022
0.002827078165
0.01847025567
0.00213002066
0.01858129926
0.001590242837
0.01873660391
0.001184714715
0.01890457371
0.000887216627
0.0190649543
0.0006733080619
0.01920711782
0.0005211398329
0.01932711155
0.0004129301828
0.01942592802
0.0003350359869
0.01950686057
0.0002774506458
0.0195736957
0.0002331455545
0.01962971977
0.000197527738
0.01967738958
0.0001679252616
0.01971839506
0.0001429637745
0.01975387815
0.0001219221682
0.01978465759
0.0001042743993
0.01981138379
8.950336364e-05
0.01983461364
7.710151534e-05
0.01985483288
6.662403312e-05
0.01987246042
5.771609965e-05
0.01988785263
5.01052809e-05
0.01990131149
4.3579545e-05
0.01991309382
3.796809067e-05
0.0199234191
3.313000888e-05
0.01993247589
2.89481451e-05
0.0199404267
2.532507024e-05
0.01994741189
2.217969578e-05
0.01995355301
1.944406972e-05
0.01995895547
1.706100242e-05
0.0199638694
1.48236155e-05
0.01996954891
8.387415122e-06
0.01997315949
6.758138729e-06
0.01997633794
5.331328666e-06
0.0199791369
4.080574705e-06
0.01998160241
2.983315926e-06
0.01998377476
2.020055039e-06
0.01998568921
1.17392547e-06
0.01998737667
4.303509836e-07
0.01998886442
-2.235883107e-07
0.0199901763
-7.987670322e-07
0.01999133324
-1.304932149e-06
0.01999235372
-1.750521465e-06
0.01999325391
-2.142867685e-06
0.0199940481
-2.488457507e-06
0.01999474885
-2.792887664e-06
0.01999536723
-3.061131442e-06
0.01999591297
-3.297493761e-06
0.01999639466
-3.505796097e-06
0.01999681988
-3.689377376e-06
0.0199971953
-3.851198289e-06
0.01999752679
-3.993831575e-06
0.01999781958
-4.119555998e-06
0.01999807822
-4.230346346e-06
0.01999830677
-4.327976795e-06
0.01999850879
-4.413980395e-06
0.01999868744
-4.489714518e-06
0.01999884553
-4.556392439e-06
0.01999898549
-4.615033998e-06
0.01999910953
-4.666576411e-06
0.01999921957
-4.711840243e-06
0.01999931738
-4.751441272e-06
0.01999940432
-4.786579942e-06
0.0199994826
-4.814528409e-06
-4.853977717e-06
-0.0009173504117
-7.160351085e-05
3.002656063e-05
1.248133305e-07
0.0009588025521
-0.001089459012
-0.0008929688618
0.004364403817
-6.676181387e-08
-0.000941616127
-0.001086206941
-0.000940243259
0.0001187901287
0.0001254994858
0.0001743612311
0.0001675063078
0.01635794897
0.001456485271
-0.004467414385
-0.003316580568
-0.004467600289
-0.003316721729
0.001543980017
0.001455702874
0.00154540577
0.01663613605
0.007120059059
0.01670796764
0.006741700004
0.01683966614
0.005734730932
0.01702799632
0.004540315788
0.01728601256
0.003448293567
0.0175721991
0.002540891619
0.01787563263
0.00182658712
0.01817892526
0.001286950202
0.01846564626
0.0008979937186
0.01872141676
0.0006314461314
0.01893831446
0.0004564103624
0.01911559789
0.0003438564043
0.01925773558
0.0002707924885
0.01937141481
0.000221356767
0.01946323341
0.0001856320464
0.0195385939
0.0001577850631
0.01960148997
0.0001346316692
0.01965471531
0.0001146999207
0.0197001882
9.749088185e-05
0.01973925441
8.285596493e-05
0.01977291693
7.061187317e-05
0.01980197991
6.04403859e-05
0.01982711958
5.196183804e-05
0.01984891178
4.4831835e-05
0.01986784345
3.878442587e-05
0.01988432334
3.362539555e-05
0.01989869429
2.920859489e-05
0.01991124529
2.541708761e-05
0.01992222147
2.215383622e-05
0.0199318318
1.933781103e-05
0.01994025517
1.690170475e-05
0.01994764526
1.478961256e-05
0.01995413435
1.295498069e-05
0.0199598367
1.135865827e-05
0.01996656333
8.096982808e-06
0.01997081299
4.137753284e-06
0.01997453932
3.031807265e-06
0.01997780702
2.063620426e-06
0.01998067237
1.215222324e-06
0.01998318452
4.711756353e-07
0.01998538645
-1.818771945e-07
0.01998731572
-7.553439555e-07
0.01998900531
-1.259229045e-06
0.01999048395
-1.702225978e-06
0.01999177698
-2.091800646e-06
0.01999290662
-2.434572533e-06
0.01999389239
-2.736285279e-06
0.01999475144
-3.001925318e-06
0.01999549885
-3.235867639e-06
0.01999614787
-3.441909737e-06
0.01999671017
-3.623432046e-06
0.01999719603
-3.783358514e-06
0.01999761452
-3.924286301e-06
0.01999797361
-4.04847681e-06
0.01999828035
-4.157933651e-06
0.01999854092
-4.25440661e-06
0.01999876078
-4.339422839e-06
0.01999894479
-4.414353421e-06
0.01999909716
-4.480356325e-06
0.0199992217
-4.538516627e-06
0.01999932169
-4.589713456e-06
0.01999940007
-4.634775016e-06
0.01999945945
-4.674412142e-06
0.01999950211
-4.709245752e-06
0.01999953011
-4.739837903e-06
0.01999954525
-4.766581992e-06
0.019999549
-4.790330638e-06
0.01999954554
-4.811066624e-06
-4.83401124e-06
-0.0001139935144
0.0001900092836
1.869633519e-08
-0.0002490852811
0.000173050816
-0.0003306731039
6.440331154e-06
0.0003743307912
-4.944453079e-05
-6.534836417e-07
-0.001658549108
0.002010719395
0.001104255583
5.940400633e-08
0.008589106088
0.004684314083
-0.002038111793
-0.001038160322
-0.002038801743
-0.001038287261
0.01087943115
0.00445137496
0.01286730109
0.003746860991
0.01447123377
0.002936383105
0.01572229973
0.002197227586
0.01668176489
0.001581426442
0.0174132246
0.001095127406
0.01796773149
0.0007324433088
0.01838545836
0.0004802668416
0.01869912445
0.0003177800515
0.01893570486
0.0002198299507
0.019116777
0.0001627842664
0.01925867098
0.0001288985066
0.01937293411
0.0001070936412
0.01946721419
9.135196867e-05
0.01954634542
7.865383499e-05
0.01961337483
6.760226912e-05
0.01967036047
5.7714299e-05
0.0197188769
4.897446696e-05
0.01976025416
4.147872504e-05
0.01979564516
3.522089196e-05
0.01982602734
3.005821603e-05
0.01985220525
2.578391913e-05
0.0198748319
2.220517905e-05
0.01989443943
1.917688794e-05
0.01991146729
1.659752563e-05
0.01992628298
1.439289841e-05
0.01993919603
1.250402595e-05
0.01995046833
1.08815401e-05
0.019960322
9.484150331e-06
0.01996894626
8.27744963e-06
0.01997650284
7.233039239e-06
0.01998313053
6.327299638e-06
0.0199889487
5.540487616e-06
0.01999508631
1.959369004e-06
0.01999862519
5.988723564e-07
0.02000161856
3.843716798e-08
0.02000413422
-4.520419358e-07
0.0200062312
-8.817622887e-07
0.02000796091
-1.25853448e-06
0.02000936818
-1.589146747e-06
0.02001049226
-1.879421447e-06
0.02001136744
-2.134408137e-06
0.02001202375
-2.358528139e-06
0.02001248756
-2.555612362e-06
0.02001278199
-2.728999181e-06
0.0200129273
-2.881592141e-06
0.02001294132
-3.015950412e-06
0.0200128397
-3.134249588e-06
0.02001263621
-3.238420731e-06
0.02001234296
-3.330180952e-06
0.02001197061
-3.411014368e-06
0.02001152855
-3.482224926e-06
0.02001102505
-3.544985255e-06
0.0200104674
-3.600285183e-06
0.02000986202
-3.649029984e-06
0.02000921458
-3.691987098e-06
0.02000853005
-3.729829792e-06
0.02000781287
-3.763178924e-06
0.02000706689
-3.792543186e-06
0.02000629557
-3.81839771e-06
0.02000550196
-3.841161398e-06
0.02000468872
-3.861173777e-06
0.02000385824
-3.878768492e-06
0.02000301261
-3.894209391e-06
0.02000215373
-3.907710391e-06
0.02000128426
-3.920862258e-06
0.02000041667
-3.943468242e-06
-3.927285745e-06
0.0001387984823
0.0002919085017
4.70497771e-08
-0.0002532242031
-0.0001775298299
0.000268475223
0.0001135842626
-9.932848185e-05
-4.885500158e-07
-0.000282242453
0.0002712969166
-0.0007105555228
-0.0009685205957
0.0003954196546
1.270901688e-08
0.0003589137374
0.0002813432128
0.0003720898711
0.001328835689
0.0006087859313
0.001069272017
0.0006088192548
0.001069292224
0.00578063889
0.009527658927
0.01246404619
0.01466122578
0.01624260466
0.01733770368
0.01807013525
0.01855039768
0.01886817286
0.01908799548
0.0192507718
0.01937966341
0.01948675224
0.01957809985
0.01965674844
0.01972434425
0.01978205096
0.01983101696
0.01987248655
0.01990769775
0.01993774587
0.01996351959
0.01998571485
0.02000488242
0.02002147145
0.02003585679
0.0200483542
0.02005922998
0.02006870908
0.02007698204
0.02008421102
0.02009053469
0.02009607174
0.02009802745
0.0200986229
0.02009865806
0.02009820288
0.02009731812
0.02009605672
0.02009446483
0.02009258278
0.02009044583
0.02008808486
0.02008552689
0.02008279564
0.02007991189
0.02007689389
0.02007375768
0.02007051738
0.02006718537
0.02006377258
0.02006028864
0.02005674198
0.02005314007
0.02004948946
0.02004579595
0.02004206464
0.02003830002
0.02003450607
0.02003068631
0.02002684383
0.02002298136
0.02001910134
0.02001520591
0.02001129702
0.020007375
0.0200034304
0.0001958013168
-8.806929756e-08
-5.865258103e-05
-0.0002510541814
-0.0002917316241
-9.564303613e-05
1.540148621e-07
0.000299486785
8.773386035e-05
0.000195667829
0.0001139888029
-5.409499281e-08
-5.863657098e-05
-0.0002509659657
-0.0002917167506
-9.567492778e-05
1.55127873e-07
0.0002994804162
8.775613447e-05
2.02799072e-08
0.0001042000309
-0.0002571534503
-0.0001851829342
-1.525917293e-07
0.0001026436257
8.262601868e-05
-0.0001388086856
7.711834694e-09
0.0001041790158
-0.0002570947929
-0.0001851904168
-1.487609743e-07
0.0001026316971
8.263617938e-05
-6.470700967e-05
-0.0008667286969
1.398817844e-05
9.710988894e-08
0.000231554242
-9.366546581e-08
-0.0001534754574
0.0001178161973
-6.48510241e-05
0.0009173509683
1.268216325e-07
-0.0008666698252
1.404307209e-05
0.0002313830199
-6.485695816e-08
-0.0001534663118
0.0001178159783
-4.826998684e-07
-0.0001756141606
5.315874551e-09
-3.047922067e-05
-0.0001762004129
-3.024192713e-05
-5.188898066e-07
0.0001199587086
-0.0001183149139
0.000119250133
-0.0001196078838
1.846490556e-09
0.0001724786856
0.0002453911814
-0.0001491618394
-2.328078387e-07
-1.342336815e-07
0.0001004878479
-0.0002855966999
-0.0005094018155
5.917463316e-05
0.000450742087
-5.365436766e-07
0.0002919434641
2.39556875e-08
-0.0002532034153
-0.0001775726885
0.0001724056653
-0.0002684296075
-2.037546274e-07
0.0002453846748
-0.0001491569767
-1.328934913e-07
0.0001004716882
-0.000285600261
-0.0005093830864
-5.312440447e-07
5.912102214e-05
0.0004507610805
-0.0001972911737
1.660068159e-07
8.582837796e-09
-5.042025263e-05
5.672850625e-07
0.0001968339146
-7.461419053e-05
4.677733584e-09
-7.496661474e-05
-5.005202184e-05
-4.59902626e-07
-0.0001756317781
-3.049727577e-05
-0.0001762503644
-3.030305862e-05
-0.0001973118025
1.805643173e-07
-5.043315987e-05
5.623557664e-07
0.0001968876577
-0.0001199970748
-7.462443463e-05
-0.0001192588396
-7.4974256e-05
-5.00840845e-05
0.0002530804048
-0.0001015067413
-4.759936279e-07
-0.0001534458978
2.344801239e-09
2.345883484e-06
0.0001048085499
-0.0002568477872
2.169119535e-09
-0.0001390919319
0.0002911492782
-2.755443125e-07
-0.0002526999003
0.0002388605583
6.494937298e-08
0.0001010278679
-0.0001939698519
-0.0001642764141
3.885048834e-09
0.0002380016427
-0.0001935052404
1.27387371e-09
-0.0001647856071
-0.0001541272188
1.97918967e-06
-8.587178116e-05
-7.41534416e-05
8.065601383e-08
1.341524363e-09
6.497327972e-06
0.0001023411662
8.305817136e-05
8.2609936e-10
-0.0001856191568
-1.74747692e-07
8.567275797e-05
-0.0001768242422
-7.74659812e-08
7.43815536e-05
8.271004142e-06
1.354302586e-09
-0.0001772119617
7.444814895e-10
8.775580071e-06
6.007740357e-06
-5.227445581e-07
-0.0001183493064
-0.0001196166176
0.0002530929277
-0.0001015105445
-4.751733996e-07
-0.0001534508421
2.345976283e-06
0.000104807639
-0.0002568486466
0.0002911510942
-0.0001391002037
-2.765447476e-07
-0.0002527259887
0.0002388322387
7.099416579e-08
0.0001010423913
-0.0001939557959
-0.0001642523803
0.0002380112997
-0.0001935086166
-0.0001647783009
-0.0001541389134
1.98013287e-06
-8.58719659e-05
-7.41557801e-05
8.08776822e-08
6.497361898e-06
0.0001023397057
8.305866421e-05
-0.000185614829
-1.701157383e-07
8.56788063e-05
-0.0001768328003
-7.644883723e-08
7.438785503e-05
8.271834258e-06
-0.0001772096312
8.775526692e-06
6.008622128e-06
-7.758527403e-05
-0.001693767612
9.203599357e-05
3.357934371e-06
0.001202715007
-0.001173409219
3.275920599e-07
-9.434038963e-05
0.001675858749
-7.734431421e-05
3.318141156e-06
-0.00169391905
9.208648246e-05
0.001204074991
2.908651613e-07
-0.00117360307
-9.561381008e-05
2.842832905e-08
-0.0007349626733
-0.001617148625
-0.001654336164
-0.001683786774
-0.001613779547
0.0001699298478
0.0002030737378
0.0002093275313
0.000162885101
5.180828548e-07
-0.0001060438443
0.001236637244
0.0001680966843
0.001335177525
-0.0002104582542
-0.001292323023
-4.929274507e-07
-0.0001178435006
1.71732101e-06
0.00166444006
0.0001275448597
-0.00073467514
0.00655851349
-0.001617018947
-0.001654313145
-0.001683797221
-0.001613491052
0.0001698227375
0.0002030278081
0.0002092963866
0.0001626635011
7.305216577e-05
5.883541835e-07
-0.0001092617001
0.001239696167
0.000168106009
0.001335193491
-4.963704265e-07
-0.0002103256394
-0.001292477487
3.971687586e-08
0.0008252157372
-4.355825917e-05
0.0008251824129
9.350912822e-09
-4.327057587e-05
-0.001059959934
0.0001397599987
-1.162386171e-06
-1.45670058e-07
0.0001149382212
0.0003067709737
-7.501615159e-05
0.0004991891601
8.684785707e-06
-0.000433353527
4.95742025e-07
2.00222347e-07
3.015134375e-05
0.0009600515657
0.001089673167
-1.193368579e-06
-0.001060035053
0.0001396612761
-0.0001901065551
-9.409129895e-08
0.0001148577382
0.0003067259236
-7.496834632e-05
0.000499245221
4.768396945e-07
8.685082046e-06
-0.0004334387884
-0.0002809796846
-0.0001245466586
-1.629045923e-07
1.039501381e-07
0.0003026777271
-0.0001065162106
-0.0001283873851
0.0001256660653
1.370869503e-07
0.0001750629181
-8.177032029e-09
-0.0002491312952
0.000173021727
0.000330656884
-1.387146261e-07
-0.0002809592166
-0.0001245272965
9.906750472e-08
0.000302653126
-0.0001064836534
-0.0001284003221
9.834980424e-08
0.0001256812635
0.0001750263723
2.086011415e-08
-0.0007265212604
-0.0002756320748
-0.0004005048957
-0.0003970004205
-0.0002775247584
8.796473783e-05
0.0001205263456
0.000127215583
8.290676347e-05
1.107113523e-07
0.0001087505855
-0.0001236644223
6.805077201e-05
-2.235361904e-05
-0.0001203600049
7.430384408e-05
3.590079264e-07
6.448801611e-06
-6.500859614e-07
0.0003743431261
-4.948496154e-05
-0.0007261897961
0.001658196909
-0.0002756283752
-0.0004005358547
-0.0003969546409
-0.0002775112796
8.796334326e-05
0.0001205827184
0.0001271980013
8.289983676e-05
-0.0001134829421
7.438482234e-08
0.0001087278654
-0.0001237196355
6.802166513e-05
-2.231372799e-05
3.708314089e-07
-0.0001203837511
7.430498189e-05
-0.0002526688991
-0.0001779905326
2.358490686e-09
0.0002916121989
1.090699807e-08
-0.0002283621585
-0.0001891493681
-0.0002287445658
-0.0001887001849
1.152305835e-09
0.0002277059833
4.895765365e-08
-0.0002874948388
-0.000169007168
2.497302533e-09
-2.352291669e-08
-0.0002281035208
-0.0002144125232
0.0002650097378
-0.0002149397771
2.164090392e-09
0.0002646295404
-0.0002870684367
-0.00016934828
0.0002727743013
6.743184751e-05
-8.584557106e-07
3.945829553e-05
-1.17681057e-06
-0.0005476852502
-0.0005288888492
-2.46064901e-05
0.0005567773618
-3.255902104e-06
-4.565167037e-07
-9.931150364e-05
-0.0002821445339
-0.0002713434971
-8.705576154e-07
0.0002727907609
6.744496073e-05
-1.170947009e-06
3.944128064e-05
-0.0005476607861
-0.0005288224129
-3.25623919e-06
-2.466103826e-05
0.0005567657091
0.0002229774655
-4.157230415e-06
-1.059523467e-07
-0.0002491996608
6.157983942e-09
-5.879395052e-05
-0.0002509613216
-8.743098614e-10
0.0001959843582
0.0001136837113
-4.477715511e-08
-0.0002229664267
0.0001707106917
2.818843292e-08
3.927248317e-06
-0.0002867038043
3.169418563e-05
5.993497655e-09
0.0001704162196
-0.0002865493829
4.070643328e-09
3.145494034e-05
-0.0002493870633
-4.79584151e-05
-0.0002516272249
-3.901380471e-08
4.734958829e-09
0.0002993030113
8.813591025e-05
2.507603485e-09
-9.613813132e-05
-5.162652712e-08
4.795789209e-05
-3.512328941e-05
4.600270557e-07
0.0002515202047
2.326462378e-09
-3.525873007e-05
3.748001703e-09
0.0002229804099
-4.167666025e-06
-9.697805039e-08
-0.0002492068868
-5.872803661e-05
-0.0002509421183
0.0001958915043
0.0001137236812
-4.503702821e-08
-0.0002229542091
0.0001705733445
1.227588253e-08
3.943543586e-06
-0.0002866362653
3.171448017e-05
0.0001704537516
-0.0002865627793
3.146932631e-05
-0.0002494107087
-4.797347442e-05
-0.0002516297055
-3.212563223e-08
0.000299299666
8.81431891e-05
-9.613412652e-05
-4.255483902e-08
4.80087198e-05
-3.512201709e-05
4.457386133e-07
0.0002515181977
-3.527683093e-05
-1.647132583e-05
0.0005645554708
-2.915019377e-08
-4.248106703e-05
2.73858904e-09
7.748983375e-08
1.653077607e-05
-5.81212557e-05
7.66699452e-08
-0.0005643104222
-4.476776811e-05
0.000622989694
-0.0008666207584
1.355358529e-05
-6.231232466e-09
0.0009176340061
-6.446347893e-05
4.052149419e-09
-5.783620447e-05
-4.469704398e-05
-5.242397376e-11
0.0006228828425
-4.226830201e-05
-0.000153347613
0.0001178028088
-2.017082435e-09
0.0002314375144
6.347603391e-08
0.000105146073
0.0001051599019
6.869267054e-09
0.0003154737494
9.695980244e-09
3.374378741e-09
6.470415784e-09
-0.0003155834749
0.0003886254332
3.176345907e-09
0.0003885828155
2.709264816e-09
0.0008252152267
-4.34229916e-05
0.0008252104428
-4.320571652e-05
-1.645367481e-05
0.0005645339725
-2.243637282e-08
-4.247117807e-05
-0.0008665783759
1.361599393e-05
-6.443244641e-05
0.0009175154229
5.984268692e-08
1.648648102e-05
-5.800092713e-05
7.281860238e-08
-0.0005642598923
-4.474023882e-05
0.0006229703821
-5.775774628e-05
-4.469505001e-05
0.0006229177545
-4.224060899e-05
-0.0001533616797
0.0001178624498
0.0002313238542
-4.444759397e-10
0.0001051469034
0.0001051694109
0.000315473876
2.858420523e-08
-2.202742587e-08
-0.0003155963146
0.0003886940759
0.0003886224018
0.0001919934594
-0.000337340523
1.151846251e-07
-0.0001422659858
3.030563489e-09
-9.166613559e-08
-0.0001923834824
0.0002234538084
-2.180727422e-07
0.000336799597
-0.0001105864355
-0.0003751569295
0.0002460309203
-0.0001489675117
9.068947766e-11
-0.0002693140953
0.0001720177836
1.628715614e-09
0.0002229913015
-0.0001102770208
2.759559307e-09
-0.0003762518462
-0.0001425371409
0.0001002567582
-0.0002860726514
1.336706648e-09
-1.198801399e-07
-0.0002653658853
-0.00026577654
1.266018155e-09
-8.966852056e-05
1.647256275e-07
-0.0003452808936
9.831253371e-10
-1.908060916e-07
8.986938277e-05
-0.0003753277254
-0.0003759872612
1.788162385e-09
-0.0003446800587
-0.0004122792178
-7.551162221e-05
2.426372808e-07
1.323629418e-09
-4.522853948e-07
0.0004113135861
-0.0004622731064
-2.895056716e-07
7.566097946e-05
5.904241234e-05
0.0004518347169
1.514770891e-09
-0.0005114369492
8.329080751e-10
-0.0004639669406
2.513565242e-09
-0.0002526939212
-0.0001779926597
0.0002916126889
1.431284088e-08
-0.0002283628224
-0.0001891072889
-0.000228752919
-0.0001887038339
0.0002277135765
5.382573809e-08
-0.0002875003703
-0.0001690174417
-2.609474384e-08
-0.0002281147059
-0.0002144233367
0.0002649914507
-0.0002149371286
0.0002646341016
-0.0002870862075
-0.0001693375003
0.0001919991652
-0.0003373465745
1.165497701e-07
-0.0001422664814
0.0002460204388
-0.0001489767087
0.0001720328235
-0.0002692802259
-7.90915591e-08
-0.0001923713536
0.0002234117812
-2.286909065e-07
0.0003368004465
-0.0001105007157
-0.0003752280185
0.0002230050033
-0.000110245646
-0.0003763035774
-0.0001425405741
0.000100259252
-0.0002860710664
-1.137623296e-07
-0.0002653546475
-0.0002657667088
-8.966661085e-05
1.618864934e-07
-0.0003452784353
-1.918643082e-07
8.985950183e-05
-0.0003753368078
-0.0003759877615
-0.0003446707645
-0.0004122772832
-7.5509606e-05
2.432989697e-07
5.90225465e-05
0.0004518365834
-0.0005114148058
-4.512854977e-07
0.0004113116189
-0.0004622400323
-2.914050585e-07
7.565642314e-05
-0.0004639508364
0.0002038215878
-4.449955493e-08
-3.257309229e-08
0.006964913986
2.269290638e-05
8.249494825e-05
2.546891683e-05
-0.001744647307
-0.001743999211
-0.001741098841
-0.001739556493
0.0002034442169
0.006770574985
0.006964392316
8.230092725e-05
2.299195173e-05
2.580980331e-05
-0.001744786912
-0.001744081705
-0.001741056264
-0.001739502764
0.0005900593976
-2.971130061e-08
0.006820877799
4.679588785e-08
0.0001404290209
0.0001222682513
0.0001430456366
5.230537932e-09
0.006727766941
0.0003796134434
0.0005903734259
0.006820514114
0.0001223150783
0.0001403573399
0.0001430224943
-4.012817606e-07
0.001644634806
2.857317425e-05
3.281354405e-09
0.001642625668
3.010283072e-05
-0.0001567210188
-0.001607989763
1.123972744e-07
0.0001474403023
9.451181943e-09
-1.841710742e-06
0.0001524440412
9.293524969e-08
0.00160514914
-0.001603795921
0.0001260646471
0.001699307955
0.000127754025
-0.001703072801
-5.383555512e-10
4.081340961e-09
-0.001606618085
0.0001264929807
-1.769909529e-08
0.0001439260307
0.001325447273
-4.603383954e-08
0.005781735288
4.299592313e-08
-0.001451525016
-0.00134002712
-0.0014884672
-1.393039965e-08
0.001305297815
0.006469260546
0.001059896206
0.0013249161
0.005781499843
0.0008936032914
-0.001340014884
-0.001451507391
-0.001488448168
0.001305105756
1.311046251e-07
0.0006885491392
-3.566399034e-05
2.975707176e-05
0.0009593130943
-7.129267791e-05
-1.869085965e-08
0.0006884355219
-3.566660696e-05
2.101422436e-09
-5.571084897e-05
-1.05100434e-07
0.0007667927337
-2.254134151e-05
8.187709869e-11
1.084061466e-07
5.604981242e-05
-0.0001047003361
0.001007344664
-0.0001027553794
0.001006461058
4.968795064e-09
0.0007672810704
-2.278724002e-05
0.001202384254
-9.701594042e-08
-6.078833137e-05
0.0005669923577
-5.745332528e-07
-9.371177081e-08
-0.0006433514712
-0.0006447183793
-0.0007858092164
-0.0007667447906
0.004364836131
-0.001086331708
-0.00094145632
-0.0009399971009
0.0001186947252
0.0001254538278
0.000174411167
0.0001675989806
0.001202244602
-5.843761644e-07
-6.078961402e-05
0.0005670680236
-0.0006434258207
-0.0006446978566
-0.0007858319874
-0.0007668049842
-0.0002492355291
0.0001725672278
0.0001903663508
4.357419973e-09
2.694822025e-08
7.215053494e-05
-0.0002895685838
7.179087374e-05
-0.000289546235
1.713864315e-09
0.0002241285333
-6.37789374e-08
0.0001104944604
-0.0002627714406
3.106422137e-09
5.773463168e-08
-0.0002239970438
0.0001689923946
0.0002279977299
0.000169317525
0.0002274338965
2.077211708e-09
0.0001107250821
-0.0002626353646
-3.141147984e-05
-0.0002250088662
-7.128408923e-07
-1.849886068e-05
-2.356701566e-11
-1.263996552e-06
3.063364439e-05
-5.554375302e-05
-2.4887444e-07
0.000227961245
-0.0001831307907
-9.402611154e-05
0.0003721998947
-5.004053251e-05
-0.0003297639172
2.249592901e-09
6.9488172e-06
-1.822782301e-10
-5.747581744e-05
-0.0001824032053
-9.289854155e-05
3.472551796e-09
-1.964270781e-05
0.001516546949
4.065690768e-08
0.0005101204101
4.176659194e-08
-7.882191576e-05
2.405173664e-05
-8.404556292e-05
1.162169359e-09
0.0009885058951
0.002010148123
0.001103811054
0.001516792828
0.0005099525946
0.0007104955318
2.402862086e-05
-7.888853343e-05
-8.404910642e-05
0.0009884593444
-5.361204527e-07
-0.0004022888342
-7.166045782e-05
-9.951673626e-05
-0.0002835753477
0.0001132896565
-2.197294817e-10
-0.0004044285669
-7.18774089e-05
1.270369341e-09
4.638549168e-05
1.638650695e-06
-0.0004132158888
-3.923710547e-05
2.847569642e-10
-1.086409645e-06
-4.538026309e-05
4.718119787e-05
-0.0002829569811
4.763810121e-05
-0.0002859109866
-3.388993796e-09
-0.0004079672658
-3.806318249e-05
0.000628762507
8.730678966e-09
-0.001698193317
8.704910487e-09
0.0004913714213
0.0005566418171
0.0005168366542
7.023535295e-09
-0.0009685440018
0.0003954300271
0.0002813757264
0.0003588576014
0.0003720454039
0.000628743309
-0.001698209005
0.0005565894642
0.0004914529528
0.0005169181674
-3.762421967e-05
0.001616755065
-6.088401213e-07
6.610787443e-05
4.938970049e-09
2.489471891e-06
3.97271401e-05
6.932864509e-07
-0.001614980642
0.0001025274145
-0.001708330029
9.110804656e-05
2.049811499e-09
-4.763014612e-09
0.000101932265
6.049544857e-09
6.67633341e-05
5.970192326e-08
-4.732937413e-05
0.001155408928
-4.723895796e-05
0.001155510037
1.137610409e-08
-1.383475772e-07
0.001444205084
6.122515671e-09
0.001444229878
2.127718881e-07
-7.633431365e-05
-0.001173693325
-9.432276551e-05
1.152609036e-09
0.001203879039
-7.582061452e-05
1.391697567e-08
0.001434731298
-2.529800793e-07
1.401790084e-08
4.863958425e-07
-0.001434405922
0.001442106535
1.246066273e-08
0.001442814741
-3.287444917e-05
-3.964012313e-07
0.001644664264
2.85418605e-05
9.907793223e-07
3.360438301e-05
0.001713264091
-2.621700844e-05
0.001717929149
-2.717619568e-05
0.001642703442
3.00228631e-05
-3.767686641e-05
0.001616770014
-5.906619542e-07
6.616670006e-05
-0.001708551577
9.116868842e-05
0.001703004009
2.494241293e-06
3.984274245e-05
6.550821386e-07
-0.001615056926
0.0001029189008
0.001603569421
0.000102019807
0.001606580008
6.689859541e-05
4.386265328e-08
-4.731629134e-05
0.001155480079
-4.730703395e-05
0.001155596955
-1.403992762e-07
0.001444087667
0.001444090177
-0.001173769128
-9.453848771e-05
0.001204167163
1.535693682e-07
-7.627748942e-05
-7.57624557e-05
0.00143471107
-2.051375273e-07
3.882008262e-07
-0.001434506137
0.001441423009
0.001442593073
-0.000105866015
0.001239028113
-5.764821455e-08
-0.001464455908
0.0001273138
-3.947364144e-06
0.001488506559
2.322233327e-08
9.566627804e-07
0.00146117069
1.251294082e-06
-0.0001322706215
0.001262956233
-5.754532517e-08
0.001264812792
2.505297247e-08
0.001468878723
0.001495620975
0.000167504806
-4.703071076e-06
1.369621647e-08
-1.570266095e-06
-0.001457339264
5.58954364e-07
-0.000169721491
0.0001397957466
-0.0002149026492
-0.001294490452
2.62436376e-09
0.0001688704154
8.395363907e-09
9.987341569e-09
0.0001383761256
-0.0001566676623
-0.00160743913
1.139343073e-07
0.0001469833537
0.001699285695
0.0001277501785
-1.847389212e-06
0.0001523316436
1.061251003e-07
0.001604051867
0.00012695628
0.0001269794792
0.0001430063869
-0.0001076310264
0.001240629116
7.169977269e-05
-0.001462899408
0.0001258475576
-3.924143697e-06
0.001487982579
1.015434128e-06
0.001458102143
1.219047336e-06
-0.0001293328725
0.0012639099
0.000103900078
0.001265300952
0.0001024198407
0.001467851506
0.001495551352
0.0001669472955
-4.679640183e-06
-0.0002148273658
-0.001294570769
0.000168889515
-1.580599823e-06
-0.001457224609
5.397805596e-07
-0.0001686107556
0.000139503414
0.0001382272411
-8.652552507e-05
0.0008538523441
1.04570411e-07
-6.454840685e-07
6.835719088e-09
-2.790942254e-07
8.745955838e-05
1.017419822e-06
-0.0008549993992
5.212585939e-05
-0.001058022463
0.0001395219848
1.571803014e-09
1.011184112e-08
5.414773288e-05
7.694355221e-10
-1.542080079e-07
0.0001147996577
0.0003068609057
-2.363159637e-09
-4.356290234e-08
0.0004679432468
0.0004676723473
-6.104158098e-11
-0.0001060489396
-9.523986045e-08
0.0005512796016
-4.413206094e-09
1.160824638e-07
0.0001053185582
0.0003703287245
0.000370245668
-1.057203125e-10
0.0005503793182
0.0006164943626
-6.527922389e-05
-5.826981691e-07
1.666937875e-09
2.232939605e-06
-0.0006141397119
0.0006727174096
2.965644632e-07
6.449730104e-05
-0.0001278186583
1.030780055e-05
-0.000433370259
1.429427111e-09
-7.542090804e-05
0.0004989776686
-1.340858057e-09
0.0006831841813
2.810298919e-09
-0.0001281100547
2.977356724e-05
0.0009596231556
1.062443951e-07
0.0006886752834
-3.565981222e-05
0.0006885213437
-3.572168439e-05
-5.5679082e-05
-1.157232468e-07
0.0007667713932
-2.245514415e-05
1.825846279e-07
5.607682764e-05
0.001007692237
0.001006551457
0.0007672544223
-2.261805092e-05
-8.650896527e-05
0.0008538198533
1.105887163e-07
-6.432118454e-07
-0.00105800273
0.0001393687192
-2.771065594e-07
8.743771484e-05
1.011349751e-06
-0.0008549432085
5.213680736e-05
5.420357927e-05
-1.404840754e-07
0.0001147658618
0.0003068275017
-0.000190365956
-4.528828727e-08
0.0004679372953
0.0004676212375
-0.0001060124035
-1.193603987e-07
0.0005512934343
1.275423049e-07
0.0001052334413
0.0003703876866
-0.000169022743
0.0003702628171
-0.0001693202804
0.0005504333265
0.0006165130275
-6.527842939e-05
-5.827121765e-07
1.03149564e-05
-0.0004334050562
-7.543174047e-05
0.0004990000946
2.226778016e-06
-0.0006141847791
0.0006727798864
2.803354533e-07
6.447463992e-05
-0.0001278060773
0.0006832569781
-0.0001281375434
0.0001809203194
0.0001470348193
-1.077667776e-07
-0.0002173562267
3.317627628e-09
-2.913552149e-08
-0.0001807714835
1.759175752e-07
-0.0001472825195
-0.0001605708517
-0.0002802126683
-0.0001251337257
-1.331678609e-09
2.37505512e-09
-0.0001603280179
1.845642823e-09
-0.000217436676
0.0003024355022
-0.0001068600838
2.596563442e-09
-2.944368998e-09
-2.201120581e-05
-2.237289775e-05
4.811018955e-10
1.388946575e-07
0.0002761144446
-0.0001177598163
0.0002760600292
-0.000118155473
3.78003622e-09
-6.909355181e-08
-9.016094848e-06
8.757022272e-10
-8.60123046e-06
1.636123617e-07
0.0002311964372
0.0001260597274
0.0001748216591
5.127980403e-09
-0.0001287316506
0.0002310526323
6.530084819e-09
4.726258125e-06
-4.697353698e-08
1.034550072e-09
-1.27008845e-08
-5.111546341e-06
1.961631191e-05
-3.942044215e-10
1.920759086e-05
-0.0002492409983
0.0001725949005
2.00560001e-08
7.208214762e-05
-0.000289519034
7.177180786e-05
-0.0002895217096
0.0002241254916
-6.201013568e-08
0.0001104912028
-0.0002627797625
3.796484214e-08
-0.0002240158804
0.0002279769035
0.0002274401727
0.0001107189546
-0.0002627146912
0.0001809161613
0.000147034151
-1.05093376e-07
-0.0002173506761
-0.0002801900783
-0.000125092638
0.0003297109391
-3.108416122e-08
-0.0001807573052
1.659533697e-07
-0.0001472897785
-0.0001605453669
0.0001831418919
-0.0001603243031
0.0001824336123
-0.0002174332179
0.0003024331507
-0.0001068529358
1.080201218e-08
-2.199873282e-05
-2.235411803e-05
1.106774603e-07
0.0002761600075
-0.0001177628985
0.0002760503065
-0.0001181546948
-6.641769609e-08
-9.016285341e-06
-8.619841273e-06
0.0001260736933
0.0001748171404
-0.0001287545411
1.156363312e-07
0.0002312144975
0.0002310461636
4.726718962e-06
-4.648446546e-08
-1.506210856e-08
-5.114947418e-06
1.961101148e-05
1.920410216e-05
0.000108762862
-0.000124099881
5.725581889e-09
-3.490365616e-05
-3.448202217e-05
-4.114987655e-07
5.12994733e-05
-1.159129653e-09
-1.673034519e-07
3.450808612e-05
7.10117383e-08
3.37507664e-05
-0.0001103049994
9.574351933e-10
-0.0001108719606
-8.168726838e-10
4.82046557e-05
8.253713037e-05
5.611826211e-05
6.059410283e-07
2.88060515e-09
-7.584960113e-07
-7.789707351e-05
-1.283949647e-06
-5.382028081e-05
1.910307251e-05
-0.0001249419766
7.56075745e-05
2.595295014e-09
7.374254798e-05
6.679684007e-09
2.62624714e-09
1.956730925e-05
-3.142228814e-05
-0.0002250090953
-7.096521471e-07
-1.848737914e-05
0.0003721643066
-5.006012763e-05
6.95892558e-06
-1.261935308e-06
3.065372633e-05
-5.55845154e-05
-2.668878642e-07
0.0002279459365
-9.402211736e-05
-5.747474304e-05
-9.289903219e-05
-1.962126336e-05
0.0001087617156
-0.0001241326637
-0.0001133034767
-3.489665911e-05
-3.448700987e-05
-4.111559475e-07
5.130629277e-05
-1.710954649e-07
3.448785114e-05
6.949538825e-08
3.37622472e-05
-0.0001103211073
-4.72302743e-05
-0.0001108642221
-4.768676475e-05
4.821768933e-05
8.254730484e-05
5.61147886e-05
6.104330554e-07
-0.0001249354861
7.559560609e-05
7.37419259e-05
-7.673907685e-07
-7.792217392e-05
-1.281905604e-06
-5.380578142e-05
1.907157035e-05
1.956689305e-05
-1.128064985e-05
-0.0004057083931
3.476051198e-06
2.980685618e-07
-9.644234383e-10
-2.446864426e-06
1.136725123e-05
-7.71284652e-07
0.000393861821
3.325504223e-05
0.0002800714246
7.415343385e-05
2.439646429e-09
2.254614864e-10
3.976279732e-05
8.237612577e-10
7.378481782e-07
-9.878476757e-07
-0.0004934874172
3.968625143e-05
-0.000552301371
-2.741271962e-10
-0.0004971448231
-1.12130983e-09
-2.109585981e-05
2.824101529e-06
-0.0005181119301
1.761334092e-09
-3.345967344e-06
2.040142075e-05
-0.0005647257992
-0.000576728366
3.851970789e-10
-0.0005083250851
-0.0005249163846
1.134288996e-06
5.966700925e-06
1.534756852e-09
-2.579781931e-06
0.0005025997484
-6.944960319e-06
-9.791905964e-07
-2.910109451e-05
0.0005825147104
1.752012333e-09
2.172500404e-09
6.092540312e-10
-9.950161605e-05
-0.0002835388251
-5.36677624e-07
-0.0004022734079
-7.172944634e-05
-0.000404392004
-7.194858771e-05
4.637703711e-05
1.631070714e-06
-0.0004132152356
-3.918459525e-05
-1.069566048e-06
-4.535597105e-05
-0.0002829492636
-0.000285921503
-0.000407956408
-3.80418937e-05
-1.128035312e-05
-0.0004057002822
3.473368016e-06
2.910673097e-07
0.0002800861039
7.416342069e-05
-2.451377692e-06
1.136443967e-05
-7.704700175e-07
0.0003938443862
3.322863543e-05
3.973888322e-05
7.257784054e-07
3.970306281e-05
-0.0005522929223
-9.918995569e-07
-0.0004935362914
-0.0004971893831
-2.109492588e-05
2.834832984e-06
-0.000518112118
-3.347436612e-06
2.041060209e-05
-0.0005647114409
-0.0005767206398
-0.0005083327479
-0.0005249249876
1.133237455e-06
5.972218888e-06
-2.91443979e-05
0.0005825087943
-2.589822797e-06
0.000502610381
-6.946592622e-06
-9.756158334e-07
-2.646036133e-07
-2.236863515e-05
-2.399304461e-05
-2.711476378e-09
-4.347155021e-08
-7.02397283e-09
-2.826171793e-07
-2.238462996e-05
-2.400119235e-05
-3.29265215e-08
1.823444204e-06
0.0007288957683
-5.69927061e-07
-0.0001313329407
-6.107677353e-05
0.0005664292622
-5.323741663e-10
0.0007494344975
-4.163668769e-09
-0.0001363246519
-1.021559834e-08
1.675652414e-06
-1.379875508e-08
-6.108474144e-05
0.00056645884
1.803846514e-06
0.0007288811527
-5.831182508e-07
-0.0001313591921
0.0007494257498
-0.0001363070904
1.684038873e-06
9.119155136e-07
8.159557122e-08
-9.097656228e-06
1.009671436e-10
2.118975988e-07
6.46360591e-08
-4.426459387e-06
4.807481586e-11
5.220732836e-08
-1.240583523e-06
2.170184126e-11
6.918334544e-07
-9.101650551e-06
1.114419494e-07
-4.429425196e-06
-1.241981709e-06
2.551348858e-06
-5.259130309e-06
1.073927416e-07
6.027225876e-11
5.948841938e-07
-2.550364483e-06
8.033850651e-08
2.860851086e-11
-7.052156559e-07
5.950312715e-08
1.292169565e-11
3.115987243e-06
-1.097063364e-07
5.260506432e-06
6.454664323e-07
-8.308859296e-08
2.551537741e-06
-6.115690541e-08
7.06040243e-07
3.40249808e-06
4.326632403e-11
7.669622635e-07
2.187515794e-11
1.057617005e-11
2.273985751e-06
4.764397443e-07
9.119551788e-07
8.163531181e-08
-9.097904864e-06
2.118995248e-07
6.465154596e-08
-4.426586428e-06
5.221214991e-08
-1.240619227e-06
6.922241328e-07
-9.102397851e-06
1.115384805e-07
-4.429828166e-06
-1.24210382e-06
2.551352068e-06
-5.259205029e-06
1.073681633e-07
5.94872121e-07
-2.550399747e-06
8.031922221e-08
-7.052240394e-07
5.94917012e-08
3.116333178e-06
-1.096372538e-07
5.260772347e-06
6.45552418e-07
-8.305075048e-08
2.551676561e-06
-6.113762158e-08
7.060825032e-07
3.402459193e-06
7.669398014e-07
2.274359483e-06
4.765310544e-07
)
;

boundaryField
{
    inlet
    {
        type            calculated;
        value           nonuniform 0();
    }
    outlet
    {
        type            calculated;
        value           nonuniform List<scalar> 
25
(
0.01996454237
0.02002032427
0.02001659586
0.02000045155
0.02000042135
0.02000038455
0.0200003417
0.02000029347
0.02000024061
0.02000018395
0.02000012439
0.02000006287
0.02000000035
0.01999993782
0.01999987627
0.01999981666
0.01999975995
0.01999970701
0.0199996587
0.01999961577
0.0199995789
0.01999954868
0.01999952557
0.01999950994
0.01999950204
)
;
    }
    topAndBottom
    {
        type            symmetry;
        value           uniform 0;
    }
    frontAndBack
    {
        type            empty;
        value           nonuniform 0();
    }
    cylinder
    {
        type            calculated;
        value           uniform 0;
    }
    procBoundary1to0
    {
        type            processor;
        value           nonuniform List<scalar> 
116
(
-0.02097509102
-0.02098363093
-0.02100085858
-0.02102726744
-0.02106360083
-0.02111089916
-0.02117056408
-0.02124451777
-0.02133531215
-0.0214462433
-0.02158172596
-0.02174763173
-0.02195177104
-0.0222048787
-0.02252046494
-0.02292227353
-0.02342729353
-0.02411806384
-0.02494659694
7.098073434e-06
-0.00651971284
-0.006614479736
-0.006518194458
-0.006613767336
7.051609418e-06
-0.006824272069
-2.126307093e-05
-1.921829249e-05
-0.00080065811
-0.0008007185881
0.0001674882216
3.908255038e-05
0.0001672553415
-6.352072194e-06
3.870430706e-05
-6.283482959e-06
-1.124924398e-06
-1.629534946e-07
7.19226827e-05
7.085150954e-05
-2.82831341e-06
-2.511831891e-06
0.0001675059308
3.908833077e-05
0.000167371552
-6.210670119e-06
3.872196453e-05
-6.240449181e-06
7.194119684e-05
7.09019401e-05
-2.82850278e-06
-2.511685374e-06
-1.125042532e-06
-1.630812043e-07
-0.001151697525
-0.001721642247
-0.001151630636
-0.0008009080884
1.902663938e-05
-0.0005055766644
1.896092157e-05
-0.0005055404913
-8.797431004e-05
-8.803465955e-05
-0.0002528079771
-0.0002526960104
-0.0008010054599
1.901281925e-05
-0.0005055839113
1.892367472e-05
-0.0005055552145
-8.803942472e-05
-8.80709085e-05
-0.0002528008394
-0.0002526614247
-0.001748322905
-0.006824199587
-2.121611613e-05
-1.915491904e-05
-0.001748336664
-3.289593255e-05
-0.001639914049
-3.364874614e-05
-0.001713291327
2.630882044e-05
-0.00163948104
-0.001717991095
-1.333323316e-09
2.727865843e-05
-0.001151493333
-0.001462738659
-0.001461594782
-0.001639931987
-0.001722635292
-0.001639518301
-0.001151440407
-0.001462706321
-0.001461524003
-0.001742750327
-0.001747546695
-0.001743778333
-0.001747542038
-0.001742765381
-0.001743815414
1.04705977e-05
5.074453546e-06
1.405630973e-06
1.047193768e-05
5.075166086e-06
1.405854156e-06
1.04499295e-05
5.061789266e-06
1.400251377e-06
1.045039029e-05
5.062038657e-06
1.400330132e-06
)
;
    }
    procBoundary1to3
    {
        type            processor;
        value           nonuniform List<scalar> 
125
(
-6.910024345e-07
-4.2819293e-07
-1.58983954e-07
-4.119003991e-09
4.801472161e-08
4.755989992e-08
2.836724835e-08
1.172174272e-08
4.395712998e-09
4.853892739e-09
7.344090105e-09
7.951611034e-09
6.907404026e-09
4.813093589e-09
4.333138175e-09
5.197890394e-09
6.397444741e-09
7.527203851e-09
8.413708234e-09
9.098397484e-09
9.664076411e-09
1.010813739e-08
1.023099596e-08
9.957225086e-09
9.354279072e-09
8.515579791e-09
7.560465387e-09
6.609061893e-09
5.756741512e-09
5.053902985e-09
4.497285178e-09
4.066194584e-09
3.628692939e-09
3.439069153e-09
3.65333354e-09
3.412046075e-09
3.278278923e-09
3.13341276e-09
3.001951521e-09
2.874659528e-09
2.753859432e-09
2.644272757e-09
2.545827421e-09
2.451913921e-09
2.355350623e-09
2.253033113e-09
2.146811708e-09
2.044223554e-09
1.954257057e-09
1.880619771e-09
1.820376787e-09
1.767500205e-09
1.716837465e-09
1.666087121e-09
1.615449834e-09
1.56610887e-09
1.519017899e-09
1.474512522e-09
1.432454365e-09
1.392508586e-09
1.354342102e-09
1.317710809e-09
1.282463155e-09
1.248498472e-09
1.215708449e-09
1.184103824e-09
1.153258939e-09
1.128158251e-09
1.080661946e-09
6.015069526e-08
1.941036454e-09
-1.344814228e-07
6.587966365e-08
7.129182157e-08
2.16386017e-08
7.10411786e-08
3.222340086e-08
6.640087338e-08
5.092362486e-08
5.093207467e-08
6.85081686e-08
5.292934553e-08
5.164064804e-08
-2.612285008e-08
7.362784562e-09
-2.601506653e-08
6.116060602e-08
5.244463371e-08
5.349277489e-08
4.2883299e-08
2.175401184e-08
4.38134585e-08
6.541723339e-08
6.890076439e-08
6.000500806e-08
2.594402974e-08
5.925091975e-08
5.031901419e-08
-1.658168582e-07
-1.352920377e-07
-1.664491348e-07
1.637842759e-09
-1.490965012e-08
-1.522355633e-08
-2.42954644e-08
-2.946408682e-08
-2.495112344e-08
3.842780595e-09
-1.250848075e-08
-1.425721873e-08
-2.943927216e-08
-2.352769478e-08
-2.460611209e-08
4.214922473e-09
2.069580877e-09
5.835877487e-10
4.20042803e-09
2.05916167e-09
5.790800356e-10
4.366236982e-09
2.148307599e-09
6.077951688e-10
4.259678841e-09
2.090238733e-09
5.88629332e-10
)
;
    }
}


// ************************************************************************* //
