/*--------------------------------*- C++ -*----------------------------------*\
| =========                 |                                                 |
| \\      /  F ield         | OpenFOAM: The Open Source CFD Toolbox           |
|  \\    /   O peration     | Version:                                        |
|   \\  /    A nd           | Website:  www.openfoam.com                      |
|    \\/     M anipulation  |                                                 |
\*---------------------------------------------------------------------------*/
FoamFile
{
    version     2.0;
    format      ascii;
    class       volScalarField;
    location    "0.9";
    object      p;
}
// * * * * * * * * * * * * * * * * * * * * * * * * * * * * * * * * * * * * * //

dimensions      [0 2 -2 0 0 0 0];


internalField   nonuniform List<scalar> 
2429
(
0.09460016726
0.09485172692
0.09547215245
0.09648046743
0.09787475618
0.09968511725
0.1019681822
0.104802381
0.1082924956
0.1125749031
0.1178296697
0.1243001618
0.1323176891
0.1423401274
0.1550069054
0.1712478318
0.1923533797
0.220431357
0.2576681218
0.3025446136
0.359463185
0.470458137
0.5960918264
0.0942639848
0.09450832121
0.0951088283
0.0960841585
0.09743140893
0.09917776256
0.1013752092
0.1040956055
0.1074341321
0.1115127899
0.1164898595
0.1225752465
0.1300477713
0.1392802039
0.1507707324
0.1652010072
0.1834405556
0.206784665
0.2362470178
0.2770123255
0.3215375291
0.3886208918
0.4064598711
0.09360370471
0.09383174955
0.09439384418
0.09530569734
0.09656213793
0.09818510904
0.1002181587
0.1027210352
0.1057713507
0.1094651915
0.1139221403
0.1192937477
0.1257692665
0.1335808364
0.1430003821
0.1543391619
0.1678443301
0.1836880011
0.2010813836
0.218169494
0.242937748
0.2405623479
0.1590161506
-0.2916571044
-0.5312092669
0.09263912552
0.09284471675
0.09335262948
0.0941750744
0.09530395357
0.0967543665
0.09855882634
0.100761405
0.1034173818
0.106590564
0.1103533623
0.1147883938
0.1199815354
0.1260111633
0.1329022602
0.1406045827
0.1487742374
0.1566791215
0.162336643
0.1622918293
0.1680450942
0.1309240413
0.02901165245
-0.2190269625
-0.5853161768
-0.7671855681
-0.6692719906
-0.5063309695
0.09139920141
0.09157747079
0.0920187691
0.09273146995
0.09370445161
0.09494525833
0.09647417125
0.09831820196
0.1005089006
0.1030764967
0.1060453721
0.109432075
0.1132232366
0.1173678121
0.1216957179
0.1259028105
0.1293289835
0.1307900546
0.1280735391
0.1170546489
0.09093558949
0.05863886387
-0.03121646605
-0.1724191609
-0.3208284123
-0.4188493957
-0.4122320069
-0.3394130409
0.08991928306
0.09006763031
0.09043356024
0.09102226442
0.09182035219
0.09282782213
0.09405279418
0.09550584444
0.09719631646
0.09912300278
0.1012661673
0.1035903622
0.1060072559
0.1083773889
0.110427664
0.1117200063
0.1115087138
0.1085515717
0.1009780726
0.0857887477
0.05887182881
0.01434360278
-0.04926197686
-0.1208874184
-0.195314126
-0.2440162728
-0.2468293738
0.08824036052
0.08835775264
0.08864321815
0.08909977209
0.08971337926
0.09047698917
0.09138746977
0.09244097317
0.09362779242
0.09491901058
0.09626286793
0.09759088093
0.09877433467
0.09962163676
0.09982653639
0.09891088055
0.09620300952
0.09068503585
0.08097555115
0.06519438099
0.04113878133
0.006762887461
-0.0378559075
-0.08571711471
-0.1267504322
-0.1514004698
-0.1551294474
0.08640694091
0.0864910819
0.0866950827
0.08701851193
0.08744677239
0.08796754026
0.08856846446
0.08923399219
0.08993916748
0.09063357671
0.09125059927
0.09170446844
0.09185052588
0.09146989875
0.09027429349
0.08783933249
0.08360086269
0.07680425078
0.0664908421
0.05152338774
0.03090702378
0.004054397013
-0.02791022087
-0.06119150084
-0.09017821112
-0.1085801812
-0.1132984134
0.08446104954
0.08451277779
0.08463730491
0.08483158085
0.08508110071
0.08536985211
0.08567853487
0.08598288346
0.08624654
0.0864075023
0.08639751212
0.08611878021
0.08542944948
0.0841231295
0.08193665671
0.07852186671
0.07343995573
0.06615562225
0.05604639121
0.04249444531
0.02514559885
0.004032903586
-0.01967264078
-0.04350119692
-0.0639976973
-0.07762619007
-0.08266746449
0.08244634319
0.08246745927
0.08251683017
0.08258954041
0.08267216519
0.08274633102
0.08278735374
0.08276561489
0.0826395286
0.08234286616
0.08181279226
0.0809524035
0.07962345435
0.07764533147
0.07479589251
0.07080434101
0.06535070078
0.0580655262
0.04857049493
0.03659368435
0.02204671053
0.005270737423
-0.01275527938
-0.03038720739
-0.04562495262
-0.05637161771
-0.06135069454
0.08040328053
0.08039628635
0.08037668209
0.08033820815
0.08026909796
0.08014936262
0.07995108014
0.07964432532
0.07918442101
0.07851499398
0.07757199044
0.07626092293
0.07445857482
0.0720157335
0.06875633317
0.06447818352
0.05895330659
0.0519460478
0.0432455066
0.03277143058
0.02056785512
0.007047012323
-0.007002456148
-0.02051452323
-0.03223148828
-0.04081806384
-0.04545782593
0.07836917468
0.07833700998
0.07825570037
0.07811810489
0.07791451815
0.07762385359
0.07721702463
0.07666885114
0.07593864816
0.07497321227
0.07370696027
0.07205611004
0.06991901005
0.06717720711
0.0636970479
0.05933065136
0.05392289808
0.04732683335
0.03945630132
0.03030165679
0.02001671614
0.0089723368
-0.002241802702
-0.01290927504
-0.02220621809
-0.0292769107
-0.03358040353
0.07637753569
0.07632332666
0.07618772135
0.07596345108
0.07564302262
0.07520569277
0.07462828689
0.07388526735
0.07293790666
0.0717370307
0.07022371895
0.06832802262
0.06596851661
0.06305382971
0.05948398155
0.05515532025
0.04996879472
0.04384096132
0.03675956065
0.02875390966
0.02000829964
0.01084748443
0.001689059689
-0.006963111177
-0.01455311296
-0.0205136222
-0.02447630712
0.07445683949
0.07438444831
0.07420158696
0.07390288889
0.07348313479
0.07292676769
0.07221274139
0.07131315098
0.07019302237
0.06881052225
0.06711644668
0.06505375026
0.06255845198
0.05956223414
0.05599337072
0.05178028842
0.04686286172
0.04120819305
0.03482691149
0.02780014821
0.02029629817
0.01257337717
0.004935266926
-0.0022536408
-0.008608084703
-0.01374199249
-0.01739965389
0.07263308216
0.07254400515
0.0723222009
0.07196140637
0.07146173532
0.07081036193
0.06998564601
0.06896156717
0.06770834417
0.06619155973
0.06437130229
0.06220172388
0.05963437573
0.05661920041
0.05310738629
0.04905360257
0.044425282
0.03922201095
0.03346158327
0.02724606065
0.02073265289
0.01411174911
0.007614061241
0.001508366465
-0.003932777107
-0.008439629522
-0.01182935125
0.07092682171
0.0708234444
0.07057079167
0.07016114856
0.06959731496
0.06886884261
0.06795604302
0.06683615826
0.06548413159
0.06387205258
0.06196798442
0.05973653323
0.05714196703
0.05414942929
0.05072657522
0.04684913068
0.04250255043
0.037706047
0.03248964288
0.02695066913
0.02122509658
0.01545763903
0.009827942318
0.004537829772
-0.0002158023201
-0.004239879539
-0.007400193811
0.06935422795
0.06924009621
0.06896285075
0.06851466287
0.06790001553
0.06711091614
0.06613048343
0.0649392372
0.06351628483
0.06183926971
0.05988325856
0.05762258188
0.05503219612
0.05208863256
0.04877181279
0.04507086149
0.04098771343
0.03654414059
0.03179055562
0.02680939389
0.02171055597
0.01661035684
0.01164981482
0.006982628106
0.002754465458
-0.0008928832864
-0.003858119561
0.06792995887
0.06780844264
0.06751158148
0.06703285891
0.06637879331
0.06554350543
0.06451264315
0.06326971712
0.06179755675
0.06007842685
0.05809402961
0.05582675168
0.05325958453
0.05037818128
0.04717298113
0.04364227838
0.03979926647
0.0356642038
0.03129449858
0.02676711321
0.02216658961
0.01758913108
0.01314723978
0.008959711075
0.005136798134
0.001785283381
-0.001016288997
0.0666660973
0.06653876941
0.06622673199
0.06572456391
0.0650406665
0.06417098803
0.06310341635
0.06182420259
0.06031914023
0.05857448976
0.05657821552
0.05431881694
0.0517852175
0.04897019914
0.04587263278
0.04249664602
0.0388624142
0.03499369467
0.03094441377
0.02678321743
0.02257803533
0.01840979481
0.01437016181
0.0105529624
0.007043815131
0.003925209064
0.001259567767
0.06557078045
0.06543927322
0.06511587939
0.06459611963
0.06389010072
0.06299539041
0.06190181949
0.06059794396
0.05907183916
0.05731356547
0.05531644954
0.05307313206
0.05057770132
0.0478278853
0.04482787889
0.04158806578
0.03812852033
0.03448185605
0.03069472934
0.0268251343
0.02293160681
0.01908293771
0.01535515607
0.01182424389
0.008558470635
0.005623103252
0.003068951407
0.06465059603
0.0645162363
0.06418458452
0.06365192772
0.0629298985
0.06201746244
0.06090607738
0.0595859145
0.0580468262
0.05628305606
0.05429113164
0.05206710701
0.04960918228
0.04691908121
0.04400509825
0.04088139661
0.03756747143
0.0340988037
0.03051982051
0.0268782703
0.0232264451
0.01962403677
0.01613520565
0.01282300295
0.009743621532
0.006950268173
0.004485383359
0.06391020821
0.06377407761
0.06343660226
0.06289480113
0.06216160014
0.06123708282
0.06011383048
0.05878283341
0.05723654867
0.05547200525
0.05348778643
0.05128285058
0.04885832615
0.04621896167
0.04337578036
0.04034513932
0.03714830263
0.03381966371
0.03040023673
0.02693175583
0.02346200505
0.02004407861
0.01673352526
0.01358430281
0.01064440655
0.007958567317
0.005563015898
0.06335308795
0.06321579297
0.06287447946
0.06232661258
0.0615860032
0.06065358304
0.05952256448
0.05818471406
0.0566350679
0.05487186119
0.05289534002
0.05070662789
0.048308873
0.04570888501
0.04291932767
0.03995785325
0.03684798883
0.03362284272
0.0303190371
0.02697537661
0.02363625795
0.02035009388
0.0171665507
0.0141333863
0.01129316589
0.008684836706
0.006340125585
0.06298143235
0.06284352695
0.06249997568
0.06194847593
0.06120338602
0.06026613993
0.05912988075
0.05778833952
0.05623733545
0.05447584099
0.05250535957
0.05032834805
0.04794921142
0.045376038
0.04262246079
0.03970695766
0.03665424572
0.03349720008
0.0302686342
0.02700605785
0.02375160929
0.02055050091
0.01744865498
0.01449009861
0.01171432808
0.009156574603
0.006845398508
0.0627980625
0.06266000409
0.06231564849
0.06176271341
0.06101561937
0.06007539798
0.05893627137
0.05759282056
0.05604098572
0.05428017078
0.05231252161
0.05014116426
0.04777112927
0.04521101393
0.04247472269
0.03958274308
0.03655987882
0.03343595236
0.03024366288
0.02702036526
0.02380702961
0.02064724877
0.01758511735
0.01466293837
0.01191911183
0.009387193653
0.007093582312
0.4808550477
0.5960606351
0.4808754366
0.2124685476
-0.07353907547
0.4064396026
0.2124264848
-0.07346952018
-0.1992939648
-0.1992948996
-0.5301971694
-0.530172338
-0.491920124
-0.491915774
-0.2370913463
-0.5687578589
-0.2917608595
-0.2371464571
-0.5686951489
-0.7064419004
-0.850605078
-0.7063804581
-0.8505825419
-0.8791973422
-0.7483002373
-0.8791756305
-0.7483586332
-0.5584870458
-0.7226711455
-0.585146539
-0.5584230167
-0.7225875748
-0.5850158432
0.5685057616
0.41941784
0.472683993
0.4704334724
0.5684849294
0.4193559586
0.4727331771
0.5772240179
0.5986962606
0.608273174
0.5745646669
0.6074046003
0.5776057582
0.5773487389
-0.4312885561
-0.4290570247
-0.1120155147
0.0512572231
-0.1421158092
0.1589784577
-0.1120458631
0.05123123662
-0.1421261156
-0.3811416607
-0.2979164902
-0.3216216013
-0.289251097
-0.3136426955
-0.2916357489
-0.3825258337
-0.833827147
-0.8378377583
-0.6674651303
-0.6514135808
-0.7487976687
-0.6476172012
-0.7516638798
-0.6688156319
-0.5400599775
-0.5312224196
-0.5400279227
-0.7416887351
-0.3650431813
-0.4646611641
-0.585135003
-0.7416898717
-0.3649305895
-0.4646571228
-0.6986439224
-0.4820786431
-0.4808214471
-0.7671920454
-0.6988103852
-0.4821134463
-0.4810365166
0.5117026468
0.4832417061
0.5312923416
0.4623320602
0.5334939777
0.4649247823
0.5134772992
0.4407596749
0.4418738269
0.5772188359
0.5986892214
0.6082499945
0.5745383133
0.607397829
0.5776012366
0.5773328441
0.5116988712
0.4832405134
0.5312696513
0.4623218417
0.5334923659
0.4649226483
0.5134657615
0.4407603788
0.4418733465
0.2212533192
0.2807405391
0.1450815173
0.2756092064
0.1465852693
0.2186369173
0.136025975
-0.07232945632
-0.03364281494
0.07349794316
-0.0416966514
0.07523645357
0.1345831645
0.2212525806
0.2807347107
0.1450878558
0.275609715
0.1465841971
0.2186376231
0.1360246197
-0.07232988226
-0.03362554725
0.07352028715
-0.04170398105
0.07524238816
0.1345890467
-0.1998946528
-0.1998734595
-0.5291264898
-0.5291157784
-0.4920029682
-0.4704096848
-0.4689518494
-0.4718514819
-0.4698452575
-0.4312861765
-0.4290546363
-0.4919960259
-0.4703763211
-0.4689280349
-0.4718417537
-0.4698433217
-0.6014890203
-0.5503045677
-0.6161720252
-0.5534442253
-0.6095415129
-0.5933600166
-0.3811368679
-0.2979029489
-0.3216247656
-0.289307602
-0.3136480407
-0.2916275573
-0.3825175116
-0.6014969833
-0.5503351987
-0.6161750436
-0.5534527935
-0.6095472816
-0.5933810638
-0.7589329588
-0.7101742812
-0.8139353819
-0.7526045337
-0.8217630688
-0.7547648242
-0.7642968773
-0.8559717786
-0.8529053699
-0.8919511762
-0.8138372495
-0.8903876061
-0.8182124798
-0.8540912398
-0.8338194001
-0.8378310508
-0.7589199471
-0.7101438251
-0.8138854598
-0.7525393136
-0.8217459985
-0.7547508974
-0.7642580476
-0.8559602273
-0.8529011438
-0.8919232841
-0.8138021215
-0.890379542
-0.8182041844
-0.8540593964
-0.7558087279
-0.7507394298
-0.9014200359
-0.8833837529
-0.9440103755
-0.8507283304
-0.9469967076
-0.8524843852
-0.9014658546
-0.8692403688
-0.7480568586
-0.7580536226
-0.8061165349
-0.7563852774
-0.8081735553
-0.8643921932
-0.7558164916
-0.7507381047
-0.9014176237
-0.8833788409
-0.9439888479
-0.8507181312
-0.9469902428
-0.8524866452
-0.9014565595
-0.869235315
-0.7480661194
-0.7580405619
-0.8061091011
-0.7563830893
-0.808175765
-0.8643776492
-0.651456038
-0.5579469326
-0.6213625667
-0.5904957097
-0.6226815135
-0.5903100879
-0.648183951
-0.667448375
-0.6513793665
-0.7487537818
-0.6476012551
-0.7516490339
-0.6687723482
-0.6514429715
-0.5579337063
-0.6213056432
-0.5904956798
-0.6226702061
-0.5903021367
-0.6481482267
0.4376986317
0.3358774011
0.396049967
0.3594489777
0.437672441
0.3359104893
0.3959782085
0.4945781259
0.5033245542
0.4614007434
0.475013563
0.5057422017
0.4660490966
0.4921143975
0.3706577265
0.2854045757
0.2665944389
0.3214716574
0.3707314177
0.2853784169
0.266562562
0.4164125089
0.2754279343
0.2480382137
0.3886992872
0.4164078509
0.2753930579
0.2480614482
0.3027609405
0.4071837916
0.3689530916
0.3377076985
0.370659863
0.3387841642
0.3003335231
0.199141141
0.1553248873
0.08751014979
0.2406023132
0.1990838241
0.1553821249
0.08751621137
0.1611030803
0.09563235063
0.09663169222
0.05472707267
0.1128576528
0.1157484847
0.05303303937
-0.5330042349
-0.4970048582
-0.5471790233
-0.4977605695
-0.5474810727
-0.5142145987
-0.5136448143
0.06333252858
0.08589148782
-0.0002072724995
0.1309366596
0.06332392106
0.08589504097
-0.0002189845366
-0.1398067987
-0.02261494327
-0.1275617309
0.02897021952
-0.1398580285
-0.0226372229
-0.1276342156
-0.4892473508
-0.1741483349
-0.3184908312
-0.2192107901
-0.4890368282
-0.1742207741
-0.3182993345
-0.5857101459
-0.6493541717
-0.6488538843
-0.5485752685
-0.4916393506
-0.4912183843
-0.5491446802
-0.7680704651
-0.7597195139
-0.7602722188
-0.6590741675
-0.6560506061
-0.6561905034
-0.6589459957
-0.5475341131
-0.4668834578
-0.402489245
-0.6689649302
-0.5477109918
-0.4669689488
-0.4024681861
-0.3744596849
-0.5062043211
-0.3745752321
-0.2820002226
-0.1406750696
-0.2402058533
-0.1724584436
-0.2819569946
-0.140700556
-0.2401768523
-0.4036430295
-0.2454824747
-0.2793859282
-0.3207335096
-0.4036416351
-0.2455177514
-0.2793792823
-0.4228841151
-0.2866262175
-0.2993073463
-0.4188794283
-0.4229645049
-0.2866378534
-0.2993603164
-0.3625972214
-0.291105559
-0.2842383017
-0.4124204174
-0.3625263729
-0.2910776646
-0.2842461392
0.2218264253
0.214107911
0.271941132
0.1538269845
0.2731611567
0.15442851
0.2211917214
0.3027585924
0.4071762224
0.368976651
0.3376856418
0.3706636868
0.3387818259
0.3003291738
0.2218261767
0.2140971405
0.2719672964
0.1538116577
0.2731682612
0.1544259427
0.221193717
-0.3702330315
-0.2367854147
-0.2597131076
-0.3371224617
-0.2598136839
-0.3362955214
-0.3714705846
-0.5329940082
-0.5680119764
-0.6196819425
-0.4591785749
-0.6183470617
-0.4596733437
-0.5303028258
-0.3702493897
-0.2368182084
-0.2597196954
-0.3372658198
-0.2598219189
-0.3363386961
-0.3715159512
-0.5330103762
-0.5679902363
-0.6197110606
-0.4592496363
-0.6183484701
-0.4596973666
-0.5303496378
-0.7008666232
-0.7242152147
-0.7588667875
-0.6795548997
-0.7644925404
-0.6800086392
-0.6999473222
-0.6496269268
-0.5855716168
-0.5991956752
-0.6302635567
-0.5995399035
-0.6308078537
-0.6487039872
-0.7008364744
-0.7241877265
-0.7588786288
-0.6793524447
-0.7644851298
-0.6799539037
-0.6998659049
-0.6496057285
-0.5855527141
-0.5991135562
-0.6302320992
-0.5995157837
-0.6307971571
-0.6486374142
0.569751274
0.5513394551
0.552598472
0.5243490619
0.5367219214
0.5381982107
0.5228624603
0.4729674637
0.4437593148
0.4406060528
0.424369352
0.4485563018
0.4433587866
0.4704600254
0.473838982
0.5175635959
0.5184417697
0.4973559129
0.4593750698
0.4610566165
0.4959205975
0.4945747753
0.475010218
0.5033168114
0.4613885472
0.5057400165
0.4660452523
0.4921042905
0.5697450507
0.5513098335
0.5525936758
0.5243441325
0.5367091928
0.5381937878
0.5228414468
0.4729670226
0.4243662954
0.4437833439
0.440575717
0.4485578982
0.4433584058
0.4704582048
0.4738412925
0.5175456721
0.5184376876
0.4973558549
0.4593751522
0.461057506
0.4959275064
-0.1101986328
0.007352544187
-0.1383592462
0.007903600672
-0.1373340248
-0.02959604477
-0.03049249973
0.02630962923
0.07817033134
0.00118122769
0.05728697992
0.08268503479
0.004387856602
0.02370946866
-0.1408848876
-0.1425170791
-0.1413853209
-0.04841682263
-0.06384189144
-0.0621077005
-0.04989004947
0.1610869987
0.09567402626
0.09664140194
0.05472404948
0.1128848285
0.1157561396
0.05303887591
-0.1102394204
0.00737246535
-0.1384345829
0.007901068127
-0.1373700477
-0.02961208347
-0.03051555776
0.02629781999
0.0572778299
0.07816924812
0.001153493957
0.08268180766
0.004376471764
0.0236834786
-0.1408948983
-0.1425916904
-0.1414016329
-0.04843351415
-0.06387945977
-0.06211855015
-0.04993336148
-0.5405359183
-0.5535307323
-0.5542746672
-0.515408646
-0.4950497981
-0.4957138915
-0.5146610997
-0.5330057937
-0.4970906716
-0.5472545297
-0.4977644302
-0.5474940028
-0.5142021066
-0.5136043351
-0.5405394546
-0.5537444104
-0.5543175974
-0.5154066929
-0.495165776
-0.4957429975
-0.5146809127
-0.7416019181
-0.702040518
-0.7019660567
-0.5955057056
-0.6328619693
-0.6326155227
-0.5959713185
-0.4686683377
-0.4210251583
-0.405065956
-0.3629031555
-0.4200925643
-0.403316258
-0.4694247162
-0.5087681001
-0.5404020518
-0.4386254563
-0.4638357777
-0.5399723602
-0.4373795113
-0.5093775201
-0.5856510178
-0.6493114857
-0.6488436039
-0.548611285
-0.4911015535
-0.491095516
-0.5492296751
-0.7416038749
-0.7020372768
-0.7019701892
-0.5955264041
-0.6328627361
-0.632617843
-0.5960152768
-0.468752093
-0.3629055599
-0.4205928415
-0.4052253928
-0.4200398512
-0.4033753559
-0.4696295474
-0.5087969991
-0.4638416629
-0.5403923964
-0.4386773379
-0.5399728555
-0.4374039066
-0.5094434077
-0.6988562077
-0.733896282
-0.7345939651
-0.6463455652
-0.6241408929
-0.6241484968
-0.6461840299
-0.5667114663
-0.5603063882
-0.4899561294
-0.4815784592
-0.5600939925
-0.4896937764
-0.566834538
-0.5614938554
-0.5482129586
-0.4888320296
-0.4808477437
-0.5482437603
-0.4887704567
-0.5615399639
-0.7680747873
-0.7597469522
-0.7602882516
-0.6591135935
-0.6560844556
-0.656204207
-0.6590530463
-0.6988698066
-0.7339709941
-0.7346151381
-0.6464129909
-0.6245800456
-0.6241792444
-0.6464435944
-0.5667661316
-0.4815971607
-0.5603501632
-0.490065085
-0.5601131094
-0.4897348804
-0.5669795152
-0.5615965796
-0.480889841
-0.5489729711
-0.489030379
-0.5483494111
-0.4888285547
-0.5618776494
0.3330503699
0.2941729276
0.3210591598
0.3025466217
0.3330501944
0.2941687917
0.3210504695
0.4063105033
0.3699574265
0.3557761293
0.3679214422
0.4108468358
0.3645283603
0.3649085605
0.2995403567
0.2547224888
0.2730615289
0.2770010922
0.2995326667
0.2546245567
0.272967105
0.3445916365
0.3243971856
0.3033046526
0.3297924527
0.3659421221
0.3126924103
0.3076731448
0.4034557718
0.3948242262
0.4070565109
0.367689392
0.3537982482
0.3630582736
0.3628574482
0.2364088212
0.2042345445
0.1934355561
0.2429150729
0.2364697725
0.2042068989
0.1934441468
0.2155296355
0.238503177
0.2126755804
0.2663762485
0.2496269209
0.2289475723
0.2013083453
0.1521011347
0.1345665333
0.1216625628
0.1680486997
0.1521278391
0.1345539638
0.1216653016
0.136635214
0.09320983085
0.1055474678
0.1444000004
0.1577527428
0.1220592427
0.07785978591
-0.01671997984
0.03689357563
-0.01219001455
-0.02331672368
0.01007385412
0.02142878033
-0.02916181969
-0.2184873933
-0.3033326315
-0.3024951018
-0.2698745136
-0.2014047509
-0.1998853762
-0.271284127
-0.6699444891
-0.6333688281
-0.6338196511
-0.5995330699
-0.599630254
-0.5701698572
-0.5702916534
-0.5067524605
-0.4620450938
-0.4628297637
-0.4241826922
-0.4617103695
-0.4626704803
-0.4226510811
0.02336633972
0.03879214347
0.011410528
0.05864169204
0.02336116803
0.03878593624
0.01141066546
-0.1438589981
-0.03606850039
-0.07908584534
-0.03122964558
-0.143913994
-0.03606295765
-0.07908783667
-0.1711558412
-0.201889884
-0.1630751626
-0.1367002327
-0.1912598539
-0.1199850476
-0.1816244346
-0.3537786085
-0.3152555857
-0.3496838741
-0.304941487
-0.2868595508
-0.2736881836
-0.3124297295
-0.4268237399
-0.417993047
-0.4263680525
-0.3742574246
-0.3671186582
-0.3657140706
-0.375002487
-0.4137414997
-0.3608192004
-0.3975212163
-0.3649667951
-0.400967717
-0.3674151815
-0.350555888
-0.2589230271
-0.3395067611
-0.2588507079
-0.1619026184
-0.1041739893
-0.1324661334
-0.1209124098
-0.1619078375
-0.1041803115
-0.132463457
-0.2250359183
-0.1597865233
-0.1846802707
-0.1953163163
-0.225042364
-0.1597906489
-0.184687984
-0.2519094633
-0.1990952442
-0.2104628456
-0.2440294536
-0.2519300883
-0.1991041176
-0.2104673994
-0.2299925608
-0.2065539508
-0.2061343544
-0.2468666017
-0.2300452036
-0.2065519586
-0.2061507213
0.4303970387
0.4479458274
0.4407761539
0.4222440509
0.4028693542
0.4280605535
0.3968018629
0.3974128976
0.3479721576
0.3407760806
0.3442802196
0.356868036
0.3832966984
0.3551806503
0.4159662703
0.4064371204
0.4264509948
0.4106891962
0.3685488007
0.3940932902
0.3850049017
0.4063088548
0.367921679
0.3699544802
0.3558139923
0.4108462682
0.3645304311
0.3649152176
0.4479400686
0.430395568
0.4407709294
0.4222424226
0.4028644221
0.428057683
0.3968225297
0.3974069488
0.344275631
0.3479551441
0.3407935421
0.3568630838
0.3832886761
0.3551676803
0.406431713
0.4159609697
0.4264495962
0.4106828644
0.3684977844
0.3940825392
0.3849711451
0.3815186324
0.3439627447
0.3480085844
0.3414410713
0.3719425059
0.3550086195
0.3272832094
0.3124389742
0.3019265655
0.2783028281
0.3110668942
0.3377741172
0.2856259541
0.3066578266
0.3445838557
0.3297755961
0.3243451396
0.3033142667
0.3659341601
0.3126843683
0.307662952
0.3815282527
0.3439589832
0.3480051559
0.3414371712
0.3719411132
0.355005287
0.3272794784
0.312430121
0.3110679185
0.3019483141
0.2782686675
0.3377731225
0.2856157781
0.3066479558
0.4173179703
0.3589333952
0.3604258469
0.4142764649
0.4162627269
0.3684520368
0.3659080027
0.3276943895
0.3130051039
0.277806887
0.3013246331
0.3338632939
0.2877652913
0.3196344547
0.2508363883
0.3022210559
0.3043431807
0.3202441052
0.2688208639
0.2736793695
0.3165531058
0.3948344716
0.4035498134
0.4070676547
0.3676831751
0.3537910347
0.3630536393
0.3628425267
0.4173146464
0.3588909561
0.360416162
0.4143195749
0.4162644857
0.3684446851
0.3658870891
0.3276937797
0.3013234903
0.3130208105
0.277814388
0.3338637233
0.2877686806
0.3196334534
0.2508382677
0.3022174304
0.3043390534
0.3202447144
0.2688444927
0.2736828655
0.3165490446
0.2029337162
0.1545656396
0.1601592986
0.1939231563
0.2249049713
0.2315355155
0.1833288824
0.1990847865
0.1882303445
0.1185793351
0.1644119803
0.1911277927
0.1775735797
0.1562447765
0.11692663
0.1003924112
0.1269868023
0.1666499886
0.1079746146
0.1419193436
0.1407111944
0.2155296863
0.266382913
0.2385271837
0.2126961314
0.249631629
0.2289482612
0.2013109802
0.2029235378
0.1545679684
0.160160278
0.1939210059
0.224887334
0.2315322825
0.1833093299
0.1990877252
0.164423185
0.1882229353
0.1186161153
0.1911280674
0.177582537
0.1562486975
0.1003897651
0.1169483237
0.1269883019
0.1666497338
0.1080215052
0.1419282328
0.1407189745
0.07749386939
0.09069545488
0.08297835624
0.04224895906
0.1180846589
0.05903071426
0.06788864011
0.05927162166
0.01370587004
0.03424645859
0.0552941476
0.05958986795
0.04656768467
0.05680369258
0.1366285943
0.1444085334
0.09319193926
0.1055510734
0.1577679957
0.1220637875
0.07783833654
0.07749700124
0.0906880008
0.08292192485
0.04238240886
0.1181094596
0.05906808565
0.06788485135
0.0592655814
0.05528673375
0.01373153008
0.03423410699
0.05959186095
0.04656416942
0.05679717737
-0.1385583482
-0.07290082487
-0.0706760993
-0.07532150966
-0.135325384
-0.1339463137
-0.0775329292
-0.02955937609
-0.01033941714
-0.0396660927
0.01011339907
0.01715112339
-0.03218700922
-0.03811101562
-0.07925435784
-0.1309267255
-0.07574091419
-0.120439584
-0.1286621801
-0.08714305109
-0.07926015757
0.03688558773
-0.01675133783
-0.01219790042
-0.02332604288
0.01010761937
0.02144624623
-0.02919145573
-0.1385896378
-0.07292346126
-0.0706862105
-0.07534149113
-0.1354308342
-0.1339883587
-0.07757311203
-0.02957518625
0.01010052257
-0.01035089849
-0.03969442455
0.01714253772
-0.03219685659
-0.03814839766
-0.07927532793
-0.1204637872
-0.131025814
-0.07579451916
-0.1286977776
-0.08716084172
-0.07931457656
-0.4882867292
-0.3978776432
-0.3975931291
-0.4195707834
-0.418615762
-0.345329627
-0.3459451636
-0.2406921406
-0.1861878532
-0.2202937159
-0.1640471044
-0.1820546643
-0.2152543987
-0.2436594144
-0.3639921523
-0.3169766268
-0.3628224274
-0.3027111053
-0.2695166792
-0.2676770458
-0.3041446989
-0.2185463412
-0.303531833
-0.3025475412
-0.2699471049
-0.2016103827
-0.1999575073
-0.2716164399
-0.4881976942
-0.3979539451
-0.3975949605
-0.4188607956
-0.4183820767
-0.3453304171
-0.346625183
-0.2407373494
-0.1640709715
-0.186335536
-0.2204205816
-0.1821066411
-0.2152696468
-0.2438947991
-0.3169194739
-0.3627874928
-0.3625226011
-0.3025971498
-0.2693668238
-0.2676189826
-0.3041539046
-0.5480556648
-0.5904207618
-0.590849498
-0.5358335003
-0.4984972916
-0.4991899001
-0.5354269219
-0.5293733732
-0.4674866625
-0.5297800482
-0.5067403851
-0.4488317043
-0.4497164203
-0.5065265217
-0.4797203675
-0.4486010323
-0.4269222358
-0.4044011273
-0.4500495151
-0.4281385068
-0.4789680626
-0.6698462036
-0.6329935202
-0.6337319996
-0.5989655692
-0.5994079163
-0.5698157984
-0.5683444906
-0.5481144336
-0.5904105652
-0.5908783141
-0.5358843731
-0.4988063034
-0.499290417
-0.5355251457
-0.4674598512
-0.5300236122
-0.529754369
-0.5064831848
-0.4484201928
-0.4495835343
-0.5054270008
-0.4797481002
-0.404415184
-0.4488261242
-0.4265795723
-0.4501288556
-0.4280506862
-0.4789961456
-0.3883629533
-0.41640926
-0.3395598568
-0.3793230325
-0.4193275159
-0.3589153536
-0.3815460929
-0.5067352572
-0.4621082014
-0.4628506704
-0.4241739925
-0.4616583597
-0.4626646372
-0.4225890244
-0.3883556245
-0.3793568222
-0.4164713388
-0.3395522859
-0.4193473887
-0.3589126426
-0.3815131825
-0.278604632
-0.2205130208
-0.24006348
-0.2551158988
-0.2391544187
-0.2442965897
-0.2118608453
-0.2053447232
-0.2570802835
-0.1907883518
-0.15833252
-0.1885948007
-0.1790496537
-0.1991160408
-0.1711640393
-0.1367064872
-0.2019110934
-0.1630910067
-0.1912474776
-0.1199922965
-0.1816475822
-0.2785839661
-0.2204979546
-0.2399144281
-0.2550679406
-0.239116845
-0.2442815723
-0.2118509281
-0.2053336415
-0.15832987
-0.2570341338
-0.1907861653
-0.1885948674
-0.1790517185
-0.1990995842
-0.3816871885
-0.4022232898
-0.3793066251
-0.3310544172
-0.3538300592
-0.3515510836
-0.3349234303
-0.2636288882
-0.2696338998
-0.2529199294
-0.19232771
-0.2240878137
-0.2321394255
-0.2813257668
-0.2896107484
-0.3131735854
-0.2639859337
-0.2753071518
-0.3091105001
-0.2550155701
-0.2970028608
-0.3152386447
-0.3538203859
-0.3497016078
-0.3049462139
-0.2867850711
-0.2736672059
-0.3124303941
-0.4022269871
-0.3817196552
-0.3793175768
-0.3310701942
-0.3538430426
-0.3515564828
-0.3349726517
-0.2636304439
-0.1923396047
-0.2696496498
-0.2529109819
-0.2240954046
-0.2321382129
-0.2813255661
-0.2896164944
-0.2753094741
-0.3131832978
-0.2640123936
-0.3091146258
-0.2550207106
-0.2970197844
-0.427661305
-0.4231662986
-0.4274805682
-0.376524384
-0.3737684333
-0.3742643531
-0.3768898408
-0.3306118679
-0.3240252349
-0.2970343494
-0.2838273458
-0.3214059809
-0.2963260002
-0.3321565169
-0.3328468317
-0.3326038682
-0.295997389
-0.302864058
-0.3327462974
-0.2961298833
-0.3337317412
-0.4180079747
-0.4269072181
-0.4263984129
-0.3742770912
-0.3671486813
-0.3657250583
-0.3750677368
-0.423198758
-0.427753842
-0.4275154258
-0.3765394214
-0.3738231757
-0.3742871504
-0.3769221899
-0.3306266923
-0.2838348469
-0.3240466046
-0.2970896092
-0.3214143916
-0.296341326
-0.3321977086
-0.3328613475
-0.3028786434
-0.3326672527
-0.296017016
-0.332763639
-0.2961393949
-0.3337739922
-0.3486518684
-0.3800258179
-0.328613703
-0.3650547969
-0.383701858
-0.3395346116
-0.3346647702
-0.3134546828
-0.3250139187
-0.2950897104
-0.294391947
-0.3251980263
-0.2951109711
-0.3132340761
-0.4137706076
-0.3608436914
-0.3975128026
-0.3650272177
-0.4009279982
-0.3674412477
-0.3506110121
-0.3486402133
-0.3650409948
-0.379796973
-0.3285746883
-0.3836128835
-0.3395246772
-0.3346456582
-0.3134869167
-0.294399556
-0.3250003915
-0.2951282709
-0.3252080771
-0.2951301283
-0.3132690795
-0.3160559935
-0.3061929233
-0.3396694201
-0.3134956121
-0.3105557917
-0.2938010132
-0.3025766232
0.2519592827
0.2123719005
0.2836134263
0.2617212193
0.2557798045
0.2354136042
0.2230513853
0.2836258459
0.252018711
0.212426215
0.2617352933
0.2557876793
0.2354261707
0.2230994877
-0.08274136283
-0.1411866709
-0.08762244443
-0.09009027017
-0.06983736894
-0.07949799768
-0.09222548899
-0.08763969749
-0.08278736297
-0.141223727
-0.0901034726
-0.06984915089
-0.07950812693
-0.09225794743
-0.3396964819
-0.3160951268
-0.3062404599
-0.3134939249
-0.3105538299
-0.2937897149
-0.3025875727
-0.2060973506
-0.2061297728
-0.2053189621
-0.2061374508
-0.2061756218
-0.2053654328
-0.5442890192
-0.5479831303
-0.5513223885
-0.5442654294
-0.547959367
-0.5512975639
0.611032298
0.6162704183
0.6175475077
0.6350024131
0.6416079529
0.6475590419
0.6304649116
0.6345756504
0.6354530197
0.6146877533
0.6223365275
0.6285413555
-0.4332275383
-0.4341169731
-0.4333309864
-0.3682037444
-0.371637413
-0.3729125956
-0.3629065391
-0.3653751402
-0.3633204449
0.5520221929
0.5567177922
0.5575769768
0.5561549436
0.5629439603
0.5682839385
0.611026762
0.616264873
0.6175420703
0.6349797171
0.6415848128
0.647535427
0.6304576818
0.6345682957
0.635445649
0.6146707981
0.6223192148
0.6285238483
0.5520189653
0.5567146177
0.5575739085
0.5561444896
0.5629334437
0.5682734168
0.4453374574
0.4479793829
0.4523183935
-0.3223582307
-0.3231234354
-0.3241916561
-0.3223707117
-0.323134808
-0.3242025226
-0.00521027017
-0.0004175091326
0.002339498152
-0.008372424533
-0.003319285682
-0.0007411431878
0.1366042029
0.1347895305
0.1351353229
-0.005203373226
-0.0004109293572
0.002347213161
-0.008375349335
-0.003321952134
-0.000743794843
-0.2053267607
-0.2045432363
-0.202109282
-0.2053411961
-0.2045628518
-0.2021289015
-0.5394659268
-0.5408924182
-0.5398162756
-0.5394581033
-0.5408851577
-0.539809096
-0.3749572128
-0.3756955244
-0.377372671
-0.4376223911
-0.4402552159
-0.442991316
-0.8330704737
-0.8340505865
-0.8392134547
-0.6680145602
-0.673293294
-0.6773988499
-0.7666116532
-0.7717100141
-0.7777431872
0.4453375398
0.4479789625
0.4523162707
0.3182877585
0.3249172072
0.3293870421
0.1370403538
0.1358458401
0.1371498162
0.3182822071
0.324913322
0.3293851934
0.1370443638
0.1358504215
0.1371557718
-0.3749541224
-0.3756928246
-0.3773693702
-0.4376158987
-0.4402470361
-0.4429824287
-0.6876320878
-0.6947256679
-0.6979405955
-0.6876293806
-0.6947272022
-0.697945169
-0.8330627403
-0.8340427033
-0.8392073094
-0.7800441623
-0.7861442195
-0.7903342336
-0.7800448678
-0.7861434945
-0.7903341043
-0.7665724283
-0.7716722087
-0.7777054619
-0.3727365129
-0.3719679943
-0.3705788515
-0.8310249146
-0.8286744638
-0.827288539
-0.8197633092
-0.8202947633
-0.8151418987
-0.8264467095
-0.8298853236
-0.8318228453
-0.8972654156
-0.8965260282
-0.8949661407
-0.9852
-0.9948352961
-1.003502333
-0.9814754617
-0.9872381869
-0.9880627288
-0.9037092703
-0.9064365515
-0.9121400969
-0.6611823261
-0.6638220257
-0.6625136303
-0.7632158064
-0.7653673243
-0.7653045593
0.4431044766
0.4439358118
0.444855987
0.4431033531
0.4439355573
0.4448571296
-0.3187244709
-0.3182363332
-0.3166436434
-0.318728561
-0.3182402076
-0.3166468371
0.3143233499
0.319881306
0.3216931683
0.136606177
0.1347908981
0.1351356839
0.3143210787
0.319879315
0.3216924571
-0.5460174215
-0.5444131513
-0.5459123775
-0.3682256038
-0.3716602884
-0.3729360385
-0.362914007
-0.365382495
-0.363327986
-0.5460446072
-0.5444412564
-0.5459424907
-0.5448688652
-0.5412103663
-0.5383403685
-0.4869785313
-0.4897157126
-0.4923914932
-0.6387279614
-0.6425358416
-0.6470428083
-0.4839220291
-0.4847142989
-0.4834188827
-0.6349138706
-0.6362528266
-0.6356351037
-0.6679757437
-0.6732526691
-0.6773574809
-0.6611664151
-0.6638060387
-0.6624975623
-0.4869493774
-0.4896881362
-0.4923645986
-0.638687973
-0.6424963799
-0.6470019749
-0.483913753
-0.4847059831
-0.4834106573
-0.6349033425
-0.6362419695
-0.6356238244
-0.3727376684
-0.3719689179
-0.3705789859
-0.4332245463
-0.4341136126
-0.433327188
-0.5448617173
-0.5412022624
-0.538330824
-0.6826168629
-0.6870229627
-0.6842778171
-0.6826167504
-0.687024272
-0.684281018
-0.9263073282
-0.933382911
-0.932162025
-0.9017795329
-0.9040274085
-0.9079634174
-0.8949180625
-0.8938182842
-0.8903546014
-0.9292172569
-0.9399662754
-0.9462824012
-0.831018667
-0.8286694736
-0.8272849963
-0.8197467175
-0.8202775714
-0.8151246171
-0.8264015573
-0.829838417
-0.8317747143
-0.9262947181
-0.9333701603
-0.9321494364
-0.9017529403
-0.9040006217
-0.9079363613
-0.8949090064
-0.8938091224
-0.8903456597
-0.929183403
-0.9399317609
-0.946247483
-0.7720735138
-0.7751589872
-0.7729009555
-0.8898159407
-0.8929052884
-0.8929902635
-0.8934371758
-0.8999953736
-0.9071816199
-0.8972632704
-0.8965240711
-0.8949642528
-0.9851826044
-0.9948180444
-1.003484874
-0.9814702106
-0.9872330305
-0.9880575089
-0.9036999763
-0.90642722
-0.9121306483
-0.7720698916
-0.7751553731
-0.77289782
-0.8898145296
-0.892904408
-0.8929896653
-0.8934306596
-0.899989805
-0.907176514
-0.7632024372
-0.7653537403
-0.7652906886
)
;

boundaryField
{
    inlet
    {
        type            zeroGradient;
    }
    outlet
    {
        type            fixedValue;
        value           nonuniform 0();
    }
    topAndBottom
    {
        type            symmetry;
    }
    frontAndBack
    {
        type            empty;
    }
    cylinder
    {
        type            zeroGradient;
    }
    procBoundary2to0
    {
        type            processor;
        value           nonuniform List<scalar> 
75
(
0.09459999851
0.09485189477
0.095472354
0.09648063783
0.09787498451
0.09968544081
0.10196862
0.1048029692
0.1082933081
0.1125760514
0.1178313075
0.1243025049
0.1323210044
0.1423445789
0.1550119875
0.1712503373
0.1923433713
0.2203947827
0.2576414988
0.3025487501
0.3594640164
0.4704576158
0.5960874445
0.5960563576
0.5685033998
0.4704335016
0.568482796
0.5986918552
0.6082655907
0.6073971446
0.5986848837
0.6082423871
0.6073904122
0.4376983444
0.3594505818
0.4376728767
0.503323934
0.4750132727
0.5057417492
0.5697488607
0.5367207873
0.5381971315
0.4750101473
0.5033165843
0.5057397122
0.5697427314
0.5367083352
0.5381928182
0.3330539597
0.3025522168
0.3330557712
0.3699572645
0.3679226319
0.4108479292
0.4479459404
0.4028692574
0.4280613315
0.3679231939
0.3699552768
0.4108477688
0.447940487
0.4028652324
0.4280588283
0.6349961723
0.6416017179
0.6475527453
0.630458934
0.6345697417
0.6354471311
0.6349735474
0.6415786714
0.6475292357
0.6304517673
0.6345624551
0.6354398301
)
;
    }
    procBoundary2to3
    {
        type            processor;
        value           nonuniform List<scalar> 
103
(
-0.1893264256
-0.1893264256
-0.1893264256
-0.1893264256
-0.1893264256
-0.1893264256
-0.1403509764
-0.1056528368
-0.07967989595
-0.06075020022
-0.04623456748
-0.03511659218
-0.02641812704
-0.01954854444
-0.01406853481
-0.009665158009
-0.006112394156
-0.003241874725
-0.0009296522377
0.0009173293238
0.00236859701
0.003475963131
0.004276459801
0.004797432058
0.005054243947
-0.4000257558
-0.3739870928
-0.4003784577
-0.375620277
-0.3204390154
-0.3182219856
-0.3204527425
-0.3182261092
-0.4376383939
-0.4376383939
-0.4370888162
-0.4370888162
-0.4446794311
-0.4449360166
-0.4000225567
-0.3739810741
-0.4003688891
-0.3756196747
-0.4376367515
-0.4376367515
-0.4370754881
-0.4370754881
-0.4445682246
-0.4449267352
-0.4664634814
-0.4671850476
-0.4785294847
-0.4779054077
-0.4742838835
-0.4518958841
-0.4526427768
-0.4736081695
-0.4665567516
-0.4671867659
-0.4785252323
-0.4779231011
-0.4742753428
-0.4518793821
-0.4526382084
-0.473593936
-0.4193389596
-0.4205548978
-0.385533482
-0.3839933902
-0.2698601485
-0.2698601485
-0.2698601485
-0.2698601485
-0.2349611016
-0.2698405079
-0.2698405079
-0.2698405079
-0.2698405079
-0.2349226642
-0.3540863632
-0.306846031
-0.3333048996
-0.3478646145
-0.4194452603
-0.4205759451
-0.3855474122
-0.3840385404
-0.3540889906
-0.3068162325
-0.3332946971
-0.3478768406
-0.2614233336
-0.2602177167
-0.2604566381
-0.2614312254
-0.2602257409
-0.2604647323
-0.2594782355
-0.2572105725
-0.2553962725
-0.2594821975
-0.2572145873
-0.2554003553
)
;
    }
}


// ************************************************************************* //
