/*--------------------------------*- C++ -*----------------------------------*\
| =========                 |                                                 |
| \\      /  F ield         | OpenFOAM: The Open Source CFD Toolbox           |
|  \\    /   O peration     | Version:                                        |
|   \\  /    A nd           | Website:  www.openfoam.com                      |
|    \\/     M anipulation  |                                                 |
\*---------------------------------------------------------------------------*/
FoamFile
{
    version     2.0;
    format      ascii;
    class       surfaceScalarField;
    location    "5.8";
    object      phi;
}
// * * * * * * * * * * * * * * * * * * * * * * * * * * * * * * * * * * * * * //

dimensions      [0 3 -1 0 0 0 0];
oriented        oriented;


internalField   nonuniform List<scalar> 
5126
(
9.32236182e-05
-2.88778983e-08
5.795137262e-05
-0.0001511685966
0.0003152371911
4.708013682e-05
-1.134935521e-06
-0.0003611906042
0.0004606187173
-0.002042277623
0.000181109261
6.12239426e-10
0.0004419584776
0.0004893788777
0.0004692462489
-0.008169860981
0.0001955207091
0.002142717327
0.001844688438
0.002142712866
0.001844709212
-0.007627355639
-0.0005417386976
-0.006404929349
-0.001221450696
-0.004588083905
-0.001815880516
-0.002376186568
-0.00221118075
2.601113613e-05
-0.002401871916
0.002443981872
-0.002417983308
0.004754005857
-0.002310343367
0.006878654041
-0.002125138364
0.008783183618
-0.001905078847
0.01046164323
-0.001678990981
0.01192501186
-0.001463837052
0.01319283056
-0.001268196625
0.01428795327
-0.001095423614
0.01523181159
-0.0009440740707
0.01604596193
-0.0008142874652
0.01674837564
-0.0007024874837
0.01735407518
-0.0006057247112
0.017875147
-0.0005210598966
0.01832091274
-0.000445727561
0.01869829082
-0.0003773294369
0.01901242996
-0.000314089898
0.01926760128
-0.0002551276609
0.01946822816
-0.0002005905697
0.01961979945
-0.0001515417357
0.01972933549
-0.0001095119927
0.01980520622
-7.585098996e-05
0.01985634595
-5.112349998e-05
0.01989116281
-3.480372143e-05
0.01991655705
-2.538393067e-05
0.01993737507
-2.081019294e-05
0.01995640384
-1.902280854e-05
0.01997478744
-1.837908738e-05
0.0199904453
-1.565362283e-05
0.02000388965
-1.343969571e-05
0.02001595537
-1.206046166e-05
0.02002636807
-1.040650461e-05
0.02003505161
-8.676536561e-06
0.02004209216
-7.033033303e-06
0.02004766886
-5.568940318e-06
0.02005198939
-4.312786041e-06
0.02005524756
-3.250668982e-06
0.02005760469
-2.350016092e-06
0.02005918814
-1.576841565e-06
0.02006009838
-9.041697057e-07
0.02006041767
-3.137421477e-07
0.02006021654
2.061755823e-07
0.02005955736
6.638034346e-07
0.02005849573
1.065893093e-06
0.02005708096
1.418707351e-06
0.0200553564
1.72823559e-06
0.02005336004
1.999782297e-06
0.02005112504
2.238199144e-06
0.02004868042
2.447627291e-06
0.02004605163
2.631619171e-06
0.02004326107
2.793235048e-06
0.02004032847
2.935144223e-06
0.0200372712
3.059693637e-06
0.02003410462
3.168904624e-06
0.02003084227
3.264579808e-06
0.02002749617
3.348250971e-06
0.02002407696
3.421279511e-06
0.0200205941
3.484853455e-06
0.02001705604
3.539971719e-06
0.02001347033
3.587563161e-06
0.02000984386
3.628251836e-06
0.0200061811
3.664470724e-06
0.02000247829
3.704485494e-06
3.710516315e-06
7.055114682e-05
-0.0001809748589
4.428529001e-08
0.0001958808012
-8.550137514e-05
-0.0001676204786
0.0001437919386
-4.290964654e-07
-0.0001638951021
0.0001881527391
0.0001875307524
-0.0003799867645
-0.0006275957373
0.0003831044688
3.705986665e-09
0.0001188247964
0.0001944401036
0.0001236786812
-0.000725346289
5.880711833e-05
0.0005269298839
-9.590467551e-05
0.0005269909391
-9.595627695e-05
-8.150281091e-05
-0.001185582189
0.001109542205
-0.002412495715
0.002626608085
-0.003332946396
0.004357770007
-0.003942342681
0.006160573593
-0.004204675488
0.007919971288
-0.004177380991
0.009557688892
-0.003948060964
0.01103517655
-0.003602626012
0.012338754
-0.00320865631
0.01347163502
-0.00281187201
0.01444697661
-0.00243917864
0.01528244289
-0.002103662911
0.01599641964
-0.001809400383
0.01660758004
-0.001555234477
0.01713061801
-0.001337325427
0.01757895335
-0.00115082281
0.01796389676
-0.0009906681152
0.01829483441
-0.0008519975366
0.01857943808
-0.0007303312319
0.01882384098
-0.0006217323397
0.01903324646
-0.0005234953746
0.01920978071
-0.0004316619021
0.01935745082
-0.0003482606807
0.01947879803
-0.000272888935
0.01957647007
-0.000207184035
0.01965350501
-0.000152885918
0.0197133595
-0.0001109779835
0.01975969105
-8.113527055e-05
0.01979600085
-6.169372617e-05
0.01982528717
-5.009650849e-05
0.01984982933
-4.356496629e-05
0.01987083616
-3.938591962e-05
0.01988777908
-3.259654998e-05
0.01990404105
-2.970166714e-05
0.01991853896
-2.655836949e-05
0.01993134939
-2.321692466e-05
0.01994254932
-1.987646461e-05
0.01995225307
-1.673677644e-05
0.01996061029
-1.392615984e-05
0.01996778638
-1.148886468e-05
0.01997394159
-9.405880318e-06
0.01997921781
-7.626235581e-06
0.01998373419
-6.093211608e-06
0.01998758923
-4.759209922e-06
0.01999086526
-3.589767083e-06
0.01999363276
-2.561320114e-06
0.01999595326
-1.656697269e-06
0.0199978811
-8.619381853e-07
0.01999946429
-1.644914619e-07
0.02000074471
4.478176906e-07
0.02000175939
9.851050152e-07
0.02000254062
1.456961565e-06
0.02000311669
1.871554326e-06
0.02000351254
2.235769146e-06
0.02000375003
2.555740751e-06
0.02000384843
2.836742707e-06
0.02000382472
3.083395864e-06
0.02000369393
3.299702005e-06
0.02000346929
3.489219108e-06
0.02000316257
3.654977596e-06
0.02000278417
3.799674112e-06
0.02000234339
3.925640261e-06
0.02000184848
4.03488935e-06
0.02000130683
4.129216479e-06
0.02000072518
4.209900299e-06
0.02000011027
4.279381344e-06
0.01999948012
4.334642919e-06
4.401675843e-06
-7.60437364e-05
-0.0001638832778
-1.463210216e-07
0.0001321397197
0.0001079336138
-0.0001854965376
-0.0001865880495
0.000216052071
0.0001567723483
-7.398320024e-07
0.008033548729
0.0003969182638
-0.0004227141038
-0.0002356026553
-0.0004232328054
-0.0002350526192
-0.00142004641
-0.00213679044
-0.001420114035
-0.002136913899
0.008878234873
-0.0007858790222
0.009739119333
-0.002046466645
0.01066117097
-0.003334547331
0.01161029819
-0.004282073617
0.01255312132
-0.004885165832
0.01343995829
-0.005091512466
0.01425603507
-0.004993457766
0.01498938015
-0.004681406042
0.01563846216
-0.004251708035
0.01620657511
-0.003776769268
0.01670002003
-0.003305316924
0.01712653633
-0.002865694944
0.01749424089
-0.00247136747
0.01781088278
-0.002126042282
0.01808343791
-0.001827789608
0.01831801013
-0.00157189764
0.01851984684
-0.001352659522
0.01869354229
-0.001164363557
0.01884329218
-0.00100174743
0.01897311715
-0.0008601561957
0.01908695699
-0.0007355721719
0.0191881235
-0.0006246618819
0.0192813767
-0.0005249151005
0.01936793501
-0.00043481899
0.01944899414
-0.0003539480617
0.01952457936
-0.0002827692542
0.01959385998
-0.0002221665285
0.01965569584
-0.0001728138469
0.01970920911
-0.0001346485344
0.01975463433
-0.0001071189466
0.01979112497
-8.658714427e-05
0.01982074824
-7.318823791e-05
0.01984296658
-6.160425384e-05
0.01986293787
-5.256783369e-05
0.01987986368
-4.662748181e-05
0.01989451342
-4.120809931e-05
0.01990736998
-3.60734813e-05
0.0199187176
-3.122408946e-05
0.01992873227
-2.675143358e-05
0.01993754646
-2.274035084e-05
0.01994528205
-1.922444412e-05
0.01995205942
-1.618324685e-05
0.0199579949
-1.3561718e-05
0.01996319543
-1.129373648e-05
0.0199677553
-9.319076983e-06
0.01997175581
-7.590269578e-06
0.01997526661
-6.072123167e-06
0.0199783478
-4.737882796e-06
0.0199810516
-3.565738483e-06
0.01998342362
-2.53650926e-06
0.01998550427
-1.632831991e-06
0.01998732875
-8.393829989e-07
0.01998892827
-1.425590493e-07
0.01999032978
4.700423104e-07
0.01999155738
1.008167664e-06
0.01999263208
1.481039225e-06
0.0199935725
1.89632328e-06
0.01999439502
2.260869726e-06
0.01999511408
2.580640743e-06
0.01999574248
2.86082158e-06
0.01999629155
3.105917281e-06
0.01999677133
3.319897505e-06
0.01999719078
3.506193382e-06
0.01999755787
3.667795281e-06
0.01999787977
3.807320547e-06
0.019998163
3.926678928e-06
0.0199984129
4.029476718e-06
0.01999863906
4.108486832e-06
4.213137696e-06
-6.140890844e-05
-0.0007110961959
-1.116766771e-07
0.000703896625
6.87201618e-05
-0.0007614674968
-0.0003589469383
0.003530480347
0.0001728513709
1.872297082e-08
-0.0009125095335
-0.0007605173868
-0.000909909041
0.01790882714
-0.0002478544249
-0.003766360466
-0.00486595519
-0.003765821161
-0.004865917647
0.01848658449
-0.001363636387
0.01897509423
-0.002534976381
0.01920661808
-0.003566071185
0.01921648496
-0.00429194051
0.01916955739
-0.004838238269
0.01906250811
-0.004984463177
0.01896724633
-0.00489819598
0.01888451003
-0.004598669744
0.01882985028
-0.004197048285
0.01880441304
-0.003751332031
0.01880672095
-0.003307624833
0.01883179003
-0.002890764029
0.0188736367
-0.002513214146
0.01892648969
-0.002178895269
0.01898544436
-0.001886744283
0.0190466475
-0.001633100768
0.01910724428
-0.001413256301
0.01916527453
-0.001222393807
0.01921962649
-0.00105609939
0.01927005573
-0.0009105854292
0.01931720069
-0.0007827171238
0.01936247174
-0.0006699329278
0.01940771211
-0.0005701554634
0.01945464735
-0.0004817542319
0.01950426273
-0.0004035634389
0.01955637783
-0.000334884349
0.01960960484
-0.0002753935423
0.01966173176
-0.0002249407627
0.01971037579
-0.0001832925626
0.01975317909
-0.0001499222459
0.01979051623
-0.0001239242852
0.01982140079
-0.000104072792
0.0198471872
-8.739065974e-05
0.01986723991
-7.262054163e-05
0.01988381458
-6.320215562e-05
0.0198978442
-5.523770821e-05
0.0199099889
-4.821818511e-05
0.01992066074
-4.189592276e-05
0.01993009896
-3.618964674e-05
0.0199384486
-3.108998591e-05
0.01994581676
-2.659260384e-05
0.01995230136
-2.266784293e-05
0.01995799936
-1.925971342e-05
0.01996300487
-1.629923862e-05
0.01996740474
-1.37189449e-05
0.0199712758
-1.146132482e-05
0.01997468437
-9.480697746e-06
0.01997768742
-7.740931837e-06
0.01998033417
-6.212481041e-06
0.01998266753
-4.869869852e-06
0.01998472527
-3.690571322e-06
0.01998654049
-2.654613238e-06
0.01998814229
-1.744361687e-06
0.01998955668
-9.443494088e-07
0.01999080628
-2.414293373e-07
0.0199919108
3.76515854e-07
0.01999288792
9.192042803e-07
0.01999375308
1.395705826e-06
0.01999452
1.813718227e-06
0.01999520083
2.179998704e-06
0.01999580627
2.500477147e-06
0.01999634586
2.780309141e-06
0.0199968281
3.023960957e-06
0.01999726057
3.235327745e-06
0.01999765006
3.417834245e-06
0.01999800273
3.574008676e-06
0.01999832375
3.708463816e-06
0.01999862038
3.811856939e-06
3.948778948e-06
-0.0001094983636
-0.006440481131
0.006309499228
0.000547404529
5.839005779e-08
-0.000101076666
-0.0001074021096
-9.850386182e-05
0.02563862816
0.0009088595041
-0.0002393522861
-0.0001162787
-0.0002396286249
-0.000116506198
-0.006301796524
-0.006616332434
-0.006301423936
-0.006616168974
0.02547290999
-8.213625175e-05
0.02526623105
-0.001156957432
0.02488795956
-0.002156704879
0.02429401744
-0.002972129077
0.0236644392
-0.003662362263
0.02289781601
-0.004071615091
0.02208910076
-0.004175747924
0.02140332261
-0.00421241784
0.02082303713
-0.00401838427
0.02038310135
-0.003757112502
0.02005012062
-0.003418351301
0.01980998642
-0.00306749063
0.01964296097
-0.002723738589
0.01953237772
-0.002402630897
0.01946419435
-0.002110711907
0.01942688054
-0.001849430464
0.01941141751
-0.001617637734
0.01941098101
-0.001412819805
0.01942053505
-0.001231947849
0.01943647332
-0.00107203766
0.01945636076
-0.0009304728561
0.01947877173
-0.0008051280927
0.01950316081
-0.0006943220041
0.01952967219
-0.0005966668383
0.01955882054
-0.000510902577
0.01959106098
-0.0004358038807
0.01962637205
-0.0003701954123
0.01966401454
-0.0003130360242
0.01970257556
-0.0002635017871
0.01974027877
-0.0002209957659
0.01977542315
-0.0001850666304
0.01980676817
-0.0001552693028
0.01983373094
-0.0001310355639
0.01985781039
-0.0001114701021
0.01987651793
-9.132807723e-05
0.01989210503
-7.878925152e-05
0.01990527029
-6.840296945e-05
0.0199165852
-5.953309414e-05
0.01992645711
-5.176782495e-05
0.01993515051
-4.48830411e-05
0.01994283286
-3.877233042e-05
0.01994961986
-3.337960092e-05
0.01995560506
-2.86530438e-05
0.01996087483
-2.452948215e-05
0.01996551156
-2.093596402e-05
0.01996959199
-1.779937147e-05
0.01997318535
-1.505468189e-05
0.0199763519
-1.264724819e-05
0.01997914396
-1.053298655e-05
0.01998160665
-8.675169852e-06
0.01998377954
-7.04275708e-06
0.0199856971
-5.608138454e-06
0.01998738982
-4.347330734e-06
0.01998888479
-3.239334691e-06
0.01999020567
-2.265235508e-06
0.01999137318
-1.408935984e-06
0.01999240617
-6.564780369e-07
0.0199933206
4.770464961e-09
0.01999413092
5.853838774e-07
0.01999484975
1.094893193e-06
0.01999548852
1.541236461e-06
0.01999605697
1.932027816e-06
0.01999656406
2.273215588e-06
0.01999701777
2.570253876e-06
0.01999742505
2.828058065e-06
0.01999779225
3.05063175e-06
0.01999812517
3.241089016e-06
0.01999842842
3.405222503e-06
0.01999870901
3.531261402e-06
3.698317019e-06
0.02627280801
0.002447268985
-0.0006147964326
-0.0006149949111
0.02650114516
0.001721545679
-0.0005557539602
-0.0004192410018
-0.0005551321019
-0.0004197557957
0.02652641077
0.0008835939111
0.02643975402
4.520481981e-06
0.02614291755
-0.0008601209484
0.02569415704
-0.001707944387
0.02512007898
-0.00239805102
0.02440380251
-0.002946085788
0.02359637071
-0.003264183292
0.02288707444
-0.003466451652
0.02216412376
-0.003489467175
0.02148595684
-0.003340217344
0.02096037252
-0.00323152818
0.0205418782
-0.002999856984
0.02023939386
-0.0027650063
0.02002350938
-0.002507854115
0.01986815898
-0.0022472805
0.01975896481
-0.002001517731
0.01968484444
-0.001775310091
0.01963696047
-0.001569753768
0.01960848755
-0.001384346884
0.01959427915
-0.001217739448
0.01959052105
-0.001068279552
0.01959442081
-0.0009343726166
0.01960396085
-0.0008146681289
0.01961772598
-0.0007080871221
0.0196347811
-0.000613721955
0.0196545559
-0.0005306773776
0.01967669703
-0.0004579450036
0.01970088561
-0.0003943839872
0.01972666972
-0.0003388201325
0.01975337144
-0.0002902035065
0.01978011145
-0.0002477357778
0.01980593623
-0.0002108914109
0.01982999345
-0.0001793265234
0.01985168013
-0.0001527222326
0.01987086011
-0.0001306500834
0.01988846823
-0.0001089361941
0.01990241158
-9.273260324e-05
0.01991433295
-8.032432989e-05
0.01992459787
-6.979800972e-05
0.01993352162
-6.069157636e-05
0.01994134579
-5.270720601e-05
0.01994824275
-4.566928787e-05
0.01995433494
-3.947179029e-05
0.01995971575
-3.403384322e-05
0.01996446362
-2.927734951e-05
0.01996864949
-2.512183788e-05
0.01997233925
-2.148912702e-05
0.01997559236
-1.830778376e-05
0.01997846194
-1.551683368e-05
0.0199809944
-1.306543858e-05
0.01998323025
-1.091102748e-05
0.01998520432
-9.016820887e-06
0.0199869479
-7.351725154e-06
0.01998848829
-5.887721034e-06
0.01998984929
-4.600338178e-06
0.01999105264
-3.46858296e-06
0.01999211695
-2.473253794e-06
0.01999305888
-1.598401961e-06
0.01999389314
-8.29493621e-07
0.01999463287
-1.54343685e-07
0.01999528945
4.383114584e-07
0.01999587299
9.577022105e-07
0.01999639269
1.412327061e-06
0.01999685651
1.809396602e-06
0.01999727162
2.155147581e-06
0.01999764442
2.455260071e-06
0.01999798074
2.714317157e-06
0.01999828562
2.936217815e-06
0.01999856376
3.1270802e-06
0.01999882088
3.274145633e-06
3.468549355e-06
0.02550778667
0.002066149688
0.02577737157
0.001451960796
0.02585253041
0.0008084350696
0.02578063473
7.641614613e-05
0.02551642803
-0.0005959142512
0.0251158228
-0.00130733916
0.02462073028
-0.001902958497
0.02404022443
-0.002365579944
0.02345181821
-0.002675777084
0.02285127625
-0.002865909686
0.02225418844
-0.002892379368
0.0217902568
-0.002876285696
0.02132611042
-0.002767381802
0.02088101786
-0.002554764436
0.02052692124
-0.002410909687
0.02029000207
-0.002270934946
0.02011765588
-0.002074934309
0.01998846835
-0.001872330197
0.01989309991
-0.001679941659
0.0198242977
-0.001500951558
0.01977619562
-0.001336244809
0.0197441818
-0.001185725626
0.01972470153
-0.001048799277
0.01971502517
-0.0009246962465
0.01971301899
-0.0008126619447
0.01971696185
-0.0007120299858
0.01972543244
-0.0006221925443
0.01973726239
-0.0005425073243
0.01975152444
-0.0004722070458
0.0197675135
-0.0004103730433
0.01978469609
-0.0003560027143
0.01980263196
-0.0003081393735
0.01982089544
-0.0002659992581
0.01983903173
-0.0002290276985
0.01985656448
-0.0001968592788
0.01987304803
-0.0001692057775
0.01988813435
-0.0001457363971
0.0199029515
-0.0001237533426
0.01991473296
-0.0001045140618
0.01992498984
-9.058120415e-05
0.01993389966
-7.870782889e-05
0.01994166537
-6.845728661e-05
0.01994847255
-5.951437895e-05
0.01995447154
-5.166828008e-05
0.01995977507
-4.477531165e-05
0.01996446832
-3.872709273e-05
0.01996861942
-3.342844814e-05
0.01997228769
-2.879009814e-05
0.01997552709
-2.472852554e-05
0.01997838734
-2.116803532e-05
0.0199809137
-1.804319528e-05
0.01998314581
-1.529754881e-05
0.01998511844
-1.28836569e-05
0.01998686244
-1.076082195e-05
0.01998840433
-8.893612012e-06
0.01998976758
-7.250971176e-06
0.01999097338
-5.806144615e-06
0.01999204009
-4.535292523e-06
0.01999298424
-3.417406429e-06
0.01999382041
-2.434565664e-06
0.01999456154
-1.570633475e-06
0.01999521887
-8.116719696e-07
0.01999580286
-1.456709945e-07
0.01999632223
4.383345416e-07
0.01999678488
9.496809864e-07
0.01999719804
1.396234709e-06
0.01999756805
1.785140635e-06
0.01999790067
2.122647402e-06
0.01999820065
2.414338084e-06
0.01999847313
2.663737946e-06
0.01999872133
2.878883013e-06
0.01999895134
3.044136902e-06
3.263098523e-06
0.0248557632
0.001718666217
0.02502791518
0.001279808817
0.02508041954
0.0007559307084
0.0250213094
0.0001355263054
0.02484267659
-0.0004172814402
0.02452726322
-0.0009919257904
0.024124022
-0.001499717288
0.02365504064
-0.00189659859
0.02316804868
-0.002188785123
0.02268159353
-0.002379454537
0.02224786457
-0.002458650398
0.02183944906
-0.00246787019
0.02144233835
-0.002370271094
0.02113538163
-0.002247807724
0.02076497304
-0.002040501107
0.02050036128
-0.002006323183
0.0203181164
-0.001892689428
0.02017827755
-0.001732491341
0.02007011171
-0.001571775823
0.01998741748
-0.001418257337
0.01992530506
-0.001274132389
0.0198797611
-0.001140181663
0.01984756584
-0.001016604012
0.01982615098
-0.0009032813853
0.01981343251
-0.0007999434712
0.01980765983
-0.0007062573033
0.01980731298
-0.000621845688
0.01981106495
-0.0005462592907
0.01981779313
-0.0004789352232
0.01982660733
-0.0004191872366
0.01983685378
-0.0003662491677
0.01984807598
-0.0003193615689
0.01985993779
-0.0002778610682
0.0198721426
-0.0002412325028
0.01988437845
-0.000209095125
0.01989631316
-0.0001811404913
0.01990762826
-0.0001570514942
0.0199193712
-0.0001354962803
0.01992871711
-0.0001138599714
0.0199370163
-9.888038429e-05
0.01994432348
-8.601501301e-05
0.01995074452
-7.487832364e-05
0.01995640067
-6.517052381e-05
0.0199614014
-5.666900485e-05
0.01996583558
-4.920948823e-05
0.01996977121
-4.26627222e-05
0.01997326292
-3.69201538e-05
0.01997635708
-3.188425148e-05
0.01997909599
-2.746743351e-05
0.01998151931
-2.359135757e-05
0.01998366298
-2.018686999e-05
0.01998555985
-1.719441588e-05
0.01998723887
-1.45626741e-05
0.01998872522
-1.224717325e-05
0.01999004107
-1.020946326e-05
0.01999120617
-8.41607454e-06
0.01999223778
-6.837751841e-06
0.01999315125
-5.448762251e-06
0.01999396065
-4.226810977e-06
0.01999467804
-3.151958369e-06
0.0199953143
-2.206884519e-06
0.01999587924
-1.376620268e-06
0.01999638128
-6.47701859e-07
0.01999682847
-8.860635745e-09
0.01999722703
5.511316783e-07
0.01999758324
1.040025056e-06
0.01999790243
1.465949943e-06
0.01999818953
1.835555144e-06
0.01999844884
2.155023221e-06
0.01999868424
2.428344312e-06
0.01999889917
2.663951422e-06
0.01999909814
2.845167446e-06
3.085012618e-06
0.02423431386
0.001451953082
0.02442275627
0.001091366402
0.02452119073
0.0006574962485
0.02445074919
0.0002059678567
0.02432656239
-0.0002930946528
0.02405533009
-0.0007206934887
0.02372176459
-0.001166151781
0.02334396288
-0.001518796879
0.0229377208
-0.001782543039
0.02252611544
-0.001967849167
0.02214372479
-0.002076259751
0.02179255708
-0.002116702485
0.0215045889
-0.002082302919
0.02124324613
-0.001986464961
0.02095603324
-0.001753288211
0.02067872932
-0.001729019267
0.02048775546
-0.001701715559
0.02033781033
-0.001582546219
0.02022186301
-0.001455828507
0.02013043845
-0.001326832777
0.02005854869
-0.001202242625
0.02000284354
-0.001084476513
0.01996052018
-0.0009742806571
0.01992925192
-0.0008720131174
0.01990709072
-0.0007777822754
0.01989236642
-0.0006915329961
0.01988361501
-0.0006130942802
0.01987954469
-0.000542188962
0.01987904095
-0.0004784314861
0.01988118783
-0.0004213341069
0.01988527929
-0.0003703406269
0.0198907999
-0.0003248821769
0.01989737295
-0.0002844341142
0.01990469369
-0.0002485532413
0.01991247512
-0.0002168765471
0.0199204244
-0.0001890897754
0.01992825545
-0.0001648825424
0.01993698588
-0.000144226705
0.01994383064
-0.0001207047336
0.01995004646
-0.000105096198
0.01995561549
-9.158403883e-05
0.01996057343
-7.983626737e-05
0.01996498175
-6.957883321e-05
0.01996890657
-6.059382323e-05
0.01997240567
-5.270858485e-05
0.01997552677
-4.578382207e-05
0.01997830799
-3.970137286e-05
0.01998078257
-3.435883332e-05
0.01998298087
-2.966573217e-05
0.01998493128
-2.554176228e-05
0.019986661
-2.191658483e-05
0.01998819472
-1.872813967e-05
0.01998955477
-1.592272756e-05
0.01999076113
-1.345352682e-05
0.01999183098
-1.127932033e-05
0.0199927799
-9.364986801e-06
0.01999362139
-7.679245765e-06
0.01999436773
-6.195105065e-06
0.01999502981
-4.888894119e-06
0.01999561738
-3.73952552e-06
0.01999613924
-2.728741473e-06
0.01999660304
-1.840421441e-06
0.01999701578
-1.060443577e-06
0.01999738337
-3.764466907e-07
0.01999771182
2.226875046e-07
0.01999800557
7.462719873e-07
0.01999826909
1.202436662e-06
0.01999850629
1.598354885e-06
0.0199987209
1.940420881e-06
0.01999891583
2.233418856e-06
0.01999909403
2.485749884e-06
0.01999925914
2.680056784e-06
2.937085956e-06
0.02375042676
0.001228568174
0.02393219068
0.0009096024748
0.02398364683
0.0006060400948
0.0239438038
0.0002458108861
0.02382893889
-0.0001782297581
0.02364217503
-0.0005339296208
0.02337692845
-0.0009009051903
0.02307398114
-0.001215849555
0.02274493274
-0.00145349464
0.02240505682
-0.001627973246
0.02207223465
-0.001743437586
0.02175893584
-0.001803403679
0.02148857665
-0.001811943738
0.02127198369
-0.001769871995
0.02115118126
-0.001632485786
0.0208996041
-0.001477442098
0.02068377486
-0.001485886325
0.02048847194
-0.001387243301
0.02035258601
-0.001319942576
0.02025428884
-0.001228535608
0.02017588416
-0.001123837942
0.02011281551
-0.00102140787
0.02006270565
-0.0009241707987
0.02002351334
-0.000832820803
0.019993476
-0.0007477449375
0.01997105394
-0.0006691109292
0.01995488904
-0.0005969293808
0.01994378437
-0.0005310842838
0.01993670044
-0.0004713475522
0.01993276399
-0.0004173976575
0.01993127157
-0.0003688482053
0.01993167582
-0.0003252864173
0.01993355235
-0.0002863106447
0.01993655506
-0.0002515559501
0.01994037662
-0.0002206980985
0.01994472731
-0.0001934404706
0.01994933611
-0.0001694913323
0.0199536558
-0.0001485463946
0.01995958686
-0.0001266357972
0.0199637103
-0.00010921963
0.01996749925
-9.537299024e-05
0.01997093996
-8.327697378e-05
0.01997404665
-7.268551778e-05
0.01997684551
-6.339268273e-05
0.01997936498
-5.522805204e-05
0.01998163042
-4.804926427e-05
0.0199836641
-4.173504997e-05
0.01998548531
-3.618003845e-05
0.0199871125
-3.129292402e-05
0.01998856339
-2.699264664e-05
0.0199898552
-2.320840037e-05
0.01999100452
-1.987745212e-05
0.01999202666
-1.694487233e-05
0.01999293558
-1.436244572e-05
0.01999374384
-1.208757944e-05
0.01999446241
-1.008355884e-05
0.01999510123
-8.318066358e-06
0.01999566928
-6.763155115e-06
0.01999617414
-5.39375402e-06
0.0199966232
-4.188587189e-06
0.01999702264
-3.128181315e-06
0.01999737838
-2.196160613e-06
0.01999769544
-1.377498362e-06
0.01999797837
-6.593814251e-07
0.01999823151
-3.045018871e-08
0.01999845831
5.194766812e-07
0.01999866228
9.984760369e-07
0.01999884613
1.414507791e-06
0.01999901261
1.773944677e-06
0.01999916415
2.08187827e-06
0.01999930286
2.347037798e-06
0.01999943165
2.551266635e-06
2.821515495e-06
0.02333603179
0.001049508801
0.0234681765
0.0007774577742
0.02354631192
0.0005279046742
0.02356014787
0.000231974934
0.0234510464
-6.912827272e-05
0.02331906534
-0.0004019485509
0.0230903407
-0.0006721805532
0.02283689264
-0.000962401496
0.02256884123
-0.001185443228
0.02228951472
-0.00134864674
0.02200966419
-0.001463587058
0.0217393715
-0.001533110988
0.02148849755
-0.001561069789
0.02127107805
-0.001552452492
0.0211415006
-0.001502908339
0.02107740686
-0.001413348357
0.02092512328
-0.001333602747
0.02068483183
-0.001146951847
0.02048348898
-0.001118599724
0.02036215636
-0.00110720299
0.02027814376
-0.001039825345
0.02020984315
-0.0009531072609
0.02015401456
-0.0008683422097
0.02010867293
-0.0007874791714
0.02007227947
-0.0007113514727
0.02004346231
-0.0006402937671
0.02002099944
-0.0005744665087
0.02000380782
-0.0005138926592
0.01999094067
-0.0004584804086
0.01998158762
-0.0004080446001
0.01997507308
-0.0003623336642
0.0199708458
-0.0003210591311
0.01996845652
-0.0002839213573
0.01996752974
-0.0002506291676
0.01996773777
-0.0002209061294
0.01996878518
-0.0001944878817
0.01997040616
-0.0001711123038
0.01997237041
-0.0001505106475
0.01997559993
-0.0001298653115
0.0199776842
-0.000111303903
0.01997971019
-9.73989709e-05
0.01998162828
-8.519506208e-05
0.01998341626
-7.447350224e-05
0.01998506798
-6.504439893e-05
0.01998658533
-5.674539607e-05
0.01998797298
-4.943691875e-05
0.01998923705
-4.299911598e-05
0.01999038403
-3.732701456e-05
0.01999142033
-3.232921965e-05
0.01999235346
-2.792577546e-05
0.01999319113
-2.404607783e-05
0.0199939414
-2.062771663e-05
0.01999461244
-1.761591712e-05
0.01999521202
-1.496202276e-05
0.01999574759
-1.262314876e-05
0.01999622596
-1.056192834e-05
0.01999665315
-8.745261306e-06
0.01999703446
-7.144458389e-06
0.019997375
-5.73429832e-06
0.01999767876
-4.492341498e-06
0.01999795019
-3.399617824e-06
0.01999819253
-2.438492453e-06
0.01999840932
-1.594294092e-06
0.01999860343
-8.534887602e-07
0.01999877754
-2.045575987e-07
0.01999893417
3.628479044e-07
0.01999907532
8.573337922e-07
0.01999920313
1.286697689e-06
0.01999931916
1.657920231e-06
0.01999942521
1.975827236e-06
0.01999952242
2.249829054e-06
0.01999961293
2.460761913e-06
2.739968586e-06
0.02299534808
0.000898879596
0.02310583584
0.0006669700033
0.02319001637
0.0004437241502
0.02317974654
0.0002422447854
0.02310797676
2.641518217e-06
0.02298924922
-0.0002832210183
0.02283095866
-0.0005138899897
0.02262637493
-0.0007578177772
0.02240680525
-0.0009658735451
0.02217647277
-0.001118314269
0.02194225184
-0.001229366124
0.0217120364
-0.001302895553
0.02149223816
-0.001341271542
0.02128842055
-0.001348634888
0.02111506902
-0.001329556807
0.02098844278
-0.001286722116
0.02087938536
-0.001224545331
0.02082489331
-0.001092459795
0.02064781076
-0.0009415171658
0.02047425183
-0.0009336440612
0.02037339406
-0.0009389675663
0.02029558841
-0.0008753016195
0.02023476097
-0.0008075147706
0.02018480277
-0.0007375209683
0.02014342077
-0.0006699694714
0.02010942381
-0.0006062968035
0.02008173739
-0.0005467800867
0.02005939921
-0.0004915544823
0.02004155739
-0.0004406385843
0.02002747009
-0.0003939572923
0.02001650247
-0.0003513660426
0.0200081182
-0.0003126748544
0.0200018654
-0.0002776685573
0.01999735766
-0.0002461214312
0.01999425823
-0.0002178066925
0.0199922687
-0.0001924983519
0.01999112523
-0.0001699688264
0.01999060019
-0.0001499856082
0.01999156208
-0.000130827194
0.01999169466
-0.0001114364839
0.01999201003
-9.771434258e-05
0.01999243351
-8.561854068e-05
0.01999291551
-7.495549974e-05
0.01999342381
-6.555269182e-05
0.01999393761
-5.725919891e-05
0.01999444334
-4.994264788e-05
0.0199949316
-4.348736984e-05
0.01999539605
-3.779146373e-05
0.01999583268
-3.276584866e-05
0.01999623892
-2.833201314e-05
0.01999661345
-2.442060461e-05
0.01999695653
-2.097079798e-05
0.01999726901
-1.792839918e-05
0.01999755256
-1.524557564e-05
0.01999780938
-1.287996722e-05
0.0199980417
-1.079424998e-05
0.0199982517
-8.955255647e-06
0.01999844146
-7.334225539e-06
0.01999861272
-5.90555327e-06
0.01999876733
-4.64695001e-06
0.01999890675
-3.539036629e-06
0.01999903254
-2.564289497e-06
0.01999914591
-1.707654797e-06
0.01999924843
-9.560074204e-07
0.01999934128
-2.97402921e-07
0.01999942541
2.787196561e-07
0.01999950197
7.807786315e-07
0.01999957177
1.2168961e-06
0.01999963574
1.5939535e-06
0.01999969464
1.91692877e-06
0.01999974911
2.195362152e-06
0.01999980009
2.409785856e-06
2.693558108e-06
0.02270598737
0.0007716187808
0.02279379784
0.0005791595479
0.02284979133
0.000387730674
0.02287100943
0.0002210266907
0.02284987765
2.377328877e-05
0.02273965042
-0.0001729937922
0.02262808976
-0.0004023293259
0.02244749605
-0.0005772240656
0.02226038724
-0.0007787647385
0.02206866477
-0.0009265918044
0.02187201332
-0.001032714678
0.02167574319
-0.001106625424
0.02148518299
-0.001150711343
0.02130444263
-0.001167894522
0.02113711433
-0.001162228511
0.02098842058
-0.001138028367
0.02086271036
-0.001098835113
0.02080420445
-0.001033953881
0.02077836965
-0.0009156823687
0.02063145415
-0.0007867285525
0.02050654638
-0.0008140597997
0.02038625455
-0.0007550097882
0.02030725702
-0.0007285172423
0.02025230875
-0.0006825726969
0.02020712659
-0.0006247873078
0.02016902437
-0.0005681945843
0.02013707603
-0.0005148317403
0.02011044358
-0.0004649220346
0.02008837348
-0.0004185684847
0.0200701951
-0.0003757789073
0.02005532153
-0.0003364924687
0.02004324426
-0.0003005975843
0.02003352351
-0.0002679478047
0.02002577666
-0.0002383745739
0.02001966818
-0.0002116982108
0.0200149013
-0.0001877314712
0.02001121478
-0.0001662823046
0.02000838293
-0.0001471537511
0.02000721481
-0.0001296590711
0.02000550374
-0.0001097254118
0.02000418558
-9.639617795e-05
0.02000316771
-8.460066929e-05
0.02000237954
-7.416733142e-05
0.02000176908
-6.494222729e-05
0.02000129659
-5.678670589e-05
0.02000093201
-4.957807427e-05
0.02000065207
-4.32074187e-05
0.02000043869
-3.757808998e-05
0.02000027751
-3.260466438e-05
0.02000015667
-2.821117205e-05
0.0200000671
-2.433103655e-05
0.02000000114
-2.09048398e-05
0.01999995321
-1.788046521e-05
0.01999991895
-1.521131952e-05
0.0199998953
-1.285631445e-05
0.01999987984
-1.077878549e-05
0.01999987102
-8.946441267e-06
0.01999986728
-7.330484129e-06
0.01999986757
-5.905840844e-06
0.01999987122
-4.650598154e-06
0.01999987702
-3.544838366e-06
0.01999988452
-2.571794515e-06
0.01999989352
-1.716650256e-06
0.01999990314
-9.656183567e-07
0.01999991348
-3.077404754e-07
0.01999992421
2.679862116e-07
0.01999993508
7.69917428e-07
0.01999994613
1.20584375e-06
0.01999995727
1.582814169e-06
0.01999996842
1.905786182e-06
0.0199999794
2.184383443e-06
0.01999999015
2.399039843e-06
2.682825936e-06
0.02246049066
0.0006625505365
0.02253628764
0.0005033625808
0.02258439047
0.0003396278415
0.02261760587
0.0001878112914
0.02257993206
6.144708969e-05
0.02249694563
-9.000736261e-05
0.02240163431
-0.0003070179999
0.02227314355
-0.0004487333154
0.02212593827
-0.0006315594525
0.02196764481
-0.0007682983536
0.02180210628
-0.000867176148
0.02163438931
-0.0009389084535
0.02146905234
-0.0009853743829
0.02130976251
-0.001008604693
0.02115923897
-0.001011704969
0.02101945697
-0.0009982463736
0.02089234188
-0.0009717200206
0.02079240132
-0.000934013312
0.02075522504
-0.0008785060921
0.02076874807
-0.00080025158
0.02069504672
-0.0007403584494
0.02053021426
-0.0005901773302
0.02038993725
-0.000588240227
0.02031352871
-0.0006061641559
0.02026388899
-0.0005751475826
0.02022237137
-0.0005266769652
0.02018700867
-0.0004794690319
0.02015684816
-0.0004347615309
0.02013123186
-0.0003929521775
0.02010956258
-0.000354109627
0.02009130563
-0.0003182355214
0.02007598736
-0.0002852793089
0.02006319004
-0.0002551504798
0.02005254499
-0.0002277295255
0.02004372495
-0.0002028781688
0.02003644016
-0.0001804466789
0.02003043447
-0.0001602766053
0.020025484
-0.0001422032784
0.02002233404
-0.0001265091107
0.02001890214
-0.0001062935106
0.02001604637
-9.354040402e-05
0.0200136595
-8.221380206e-05
0.02001165642
-7.216425046e-05
0.02000996891
-6.325471365e-05
0.02000854257
-5.536036229e-05
0.02000733327
-4.836877307e-05
0.02000630549
-4.217963944e-05
0.02000543005
-3.670264468e-05
0.02000468288
-3.185748917e-05
0.02000404412
-2.757242036e-05
0.02000349685
-2.37837632e-05
0.02000302695
-2.043494265e-05
0.02000262249
-1.747600087e-05
0.0200022736
-1.486242491e-05
0.02000197203
-1.255474536e-05
0.02000171099
-1.051774688e-05
0.02000148485
-8.720303443e-06
0.02000128908
-7.134712669e-06
0.02000111952
-5.736284928e-06
0.02000097266
-4.503735194e-06
0.0200008455
-3.417681922e-06
0.02000073545
-2.461738443e-06
0.02000063984
-1.62104168e-06
0.02000055703
-8.828029356e-07
0.02000048507
-2.357750464e-07
0.02000042248
3.305739832e-07
0.02000036799
8.244143303e-07
0.02000032031
1.25352413e-06
0.02000027862
1.624507341e-06
0.02000024188
1.94252602e-06
0.02000020943
2.216835586e-06
0.0200001802
2.428277117e-06
2.707835988e-06
0.02225109994
0.0005682482104
0.02231718146
0.0004372810551
0.02235504873
0.0003017605603
0.02237013828
0.0001727217381
0.02235055545
8.102992871e-05
0.02231015018
-4.960209818e-05
0.0222270169
-0.0002238847231
0.02213384809
-0.000355564508
0.02200860324
-0.000506314603
0.02187485516
-0.0006345502717
0.02173485578
-0.0007271767775
0.02159112165
-0.0007951743212
0.02144736439
-0.0008416171309
0.02130682667
-0.0008680669709
0.02117204957
-0.0008769278734
0.02104486083
-0.0008710576359
0.02092644429
-0.0008533034782
0.0208186728
-0.0008262418226
0.02073160338
-0.0007914366737
0.02067943276
-0.0007480809581
0.02063596209
-0.0006968877774
0.02063419395
-0.0005884091852
0.02051235968
-0.0004664059583
0.02038620495
-0.0004800094187
0.02032060837
-0.0005095509967
0.02027069135
-0.000476759947
0.02023170709
-0.0004404847727
0.020198681
-0.0004017354315
0.02017011919
-0.0003643903699
0.02014549599
-0.0003294864298
0.02012433245
-0.0002970719705
0.02010619505
-0.0002671419136
0.0200906936
-0.0002396490283
0.02007747861
-0.000214514527
0.02006623711
-0.0001916366726
0.02005668932
-0.0001708988838
0.02004858602
-0.0001521733063
0.02004170749
-0.0001353247444
0.02003541121
-0.0001202128296
0.02003171135
-0.0001025936469
0.0200274261
-8.925514619e-05
0.02002375752
-7.854522518e-05
0.02002060918
-6.90159049e-05
0.02001790077
-6.054630093e-05
0.02001556587
-5.302546019e-05
0.02001354909
-4.63519927e-05
0.02001180405
-4.043459742e-05
0.02001029193
-3.519052388e-05
0.02000897993
-3.054548544e-05
0.02000784034
-2.64328358e-05
0.02000684936
-2.279278232e-05
0.02000598693
-1.957250476e-05
0.0200052353
-1.67243806e-05
0.02000457951
-1.420663444e-05
0.02000400672
-1.198195524e-05
0.020003506
-1.001702192e-05
0.02000306785
-8.282152533e-06
0.02000268426
-6.751120954e-06
0.02000234852
-5.400550626e-06
0.02000205444
-4.209653519e-06
0.02000179693
-3.160169143e-06
0.02000157122
-2.236025046e-06
0.02000137338
-1.423200746e-06
0.02000119967
-7.090896033e-07
0.02000104684
-8.294247756e-08
0.02000091228
4.651305556e-07
0.02000079343
9.432731234e-07
0.02000068827
1.35868755e-06
0.02000059467
1.718103752e-06
0.02000051099
2.026216019e-06
0.02000043576
2.292065979e-06
0.02000036703
2.497006717e-06
2.767877246e-06
0.02207265872
0.0004858281453
0.02213157642
0.0003783633436
0.02216598091
0.0002673560659
0.02217898666
0.0001597159831
0.02218580961
7.42069821e-05
0.02217157978
-3.537227199e-05
0.0220940292
-0.0001463341466
0.02202516564
-0.0002867009507
0.02190919167
-0.0003903406315
0.02179152667
-0.0005168852726
0.02167190767
-0.0006075577775
0.02154822717
-0.0006714938249
0.02142283194
-0.0007162218975
0.02129853231
-0.0007437673471
0.02117766783
-0.0007560633916
0.0210620256
-0.0007554154083
0.02095286849
-0.0007441463735
0.02085100821
-0.0007243815432
0.0207575572
-0.000697985667
0.02067590909
-0.0006664328517
0.02060947438
-0.0006304530598
0.02059887754
-0.0005778123398
0.02061266363
-0.0004801920525
0.02050822163
-0.0003755674149
0.02041904307
-0.0004203724292
0.02032878447
-0.0003865013489
0.02027293715
-0.0003846374429
0.02023601817
-0.0003648164516
0.0202050404
-0.0003334125986
0.02017794719
-0.0003023932231
0.0201543143
-0.000273439072
0.02013375027
-0.0002465778852
0.02011589682
-0.000221795578
0.02010042733
-0.0001990450305
0.02008704607
-0.0001782554101
0.02007548546
-0.0001593382769
0.0200655049
-0.0001421927443
0.0200568896
-0.0001267094363
0.02004944964
-0.0001127728681
0.02004377871
-9.692271795e-05
0.02003818071
-8.365714359e-05
0.02003332789
-7.369240484e-05
0.02002911509
-6.480310285e-05
0.02002545306
-5.688426757e-05
0.02002226585
-4.983824565e-05
0.02001948862
-4.357476125e-05
0.02001706611
-3.801208392e-05
0.02001495107
-3.307547958e-05
0.02001310284
-2.869725577e-05
0.0200114867
-2.481670327e-05
0.02001007286
-2.13789362e-05
0.02000883522
-1.833486201e-05
0.02000775127
-1.564043026e-05
0.0200068013
-1.325666711e-05
0.02000596813
-1.114879086e-05
0.02000523696
-9.28584586e-06
0.02000459486
-7.640060163e-06
0.02000403081
-6.187066961e-06
0.02000353505
-4.904785841e-06
0.02000309926
-3.773866139e-06
0.02000271616
-2.777073931e-06
0.02000237913
-1.898990378e-06
0.02000208238
-1.126444274e-06
0.02000182102
-4.477328427e-07
0.02000159008
1.480001058e-07
0.0200013859
6.693123715e-07
0.02000120499
1.12418645e-06
0.02000104403
1.519659187e-06
0.0200009003
1.861834101e-06
0.02000077115
2.155363598e-06
0.02000065479
2.408434658e-06
0.02000054789
2.603903663e-06
2.861874127e-06
0.02192092092
0.0004129457801
0.02197419669
0.000325087566
0.02200744417
0.0002341085893
0.02202499405
0.0001421661023
0.02203985675
5.93442798e-05
0.02200970628
-5.221805064e-06
0.02195256859
-8.919646628e-05
0.02189069551
-0.0002248278651
0.02180907521
-0.000308720334
0.02171528226
-0.0004230923226
0.02161412688
-0.0005064023923
0.02150731535
-0.0005646822913
0.02139747613
-0.0006063826825
0.02128712379
-0.0006334150047
0.02117839888
-0.0006473384916
0.02107301398
-0.0006500305126
0.02097225848
-0.0006433908727
0.02087704062
-0.0006291636878
0.02078794754
-0.0006088925835
0.02070545663
-0.0005839419429
0.02063052202
-0.000555518451
0.02057625012
-0.0005235404399
0.02057616495
-0.0004801068774
0.02061946978
-0.0004188722458
0.0205769352
-0.000377837837
0.0204427747
-0.0002523408513
0.02032798369
-0.0002698464245
0.02027080115
-0.000307633915
0.0202360469
-0.0002986583441
0.02020690797
-0.0002732542873
0.02018119972
-0.0002477308244
0.02015857093
-0.000223949096
0.02013869515
-0.0002019197958
0.02012127059
-0.0001816204697
0.02010601984
-0.0001630046592
0.02009268894
-0.0001460073737
0.02008104722
-0.0001305510215
0.0200708857
-0.0001165479119
0.02006201758
-0.0001039047483
0.02005496585
-8.987098546e-05
0.02004817927
-7.687055777e-05
0.0200422482
-6.776133419e-05
0.02003706157
-5.961646416e-05
0.02003252316
-5.234585648e-05
0.02002854935
-4.586443332e-05
0.02002506793
-4.009334305e-05
0.02002201602
-3.496017381e-05
0.02001933917
-3.039862649e-05
0.02001699054
-2.634862938e-05
0.02001492885
-2.27550038e-05
0.02001311863
-1.956871705e-05
0.02001152879
-1.674502926e-05
0.02001013214
-1.424377185e-05
0.02000890496
-1.202949403e-05
0.02000782619
-1.007002272e-05
0.02000687742
-8.337076064e-06
0.02000604266
-6.805293006e-06
0.02000530785
-5.452263551e-06
0.02000466088
-4.257809511e-06
0.02000409094
-3.203930562e-06
0.02000358876
-2.274896017e-06
0.02000314627
-1.456492835e-06
0.02000275581
-7.359803824e-07
0.02000241111
-1.030353811e-07
0.02000210615
4.529624026e-07
0.02000183601
9.394604662e-07
0.02000159601
1.364189519e-06
0.02000138217
1.733496861e-06
0.02000119077
2.053244091e-06
0.02000101867
2.327462429e-06
0.02000086296
2.564146281e-06
0.02000071993
2.746935203e-06
2.988207571e-06
0.02179260613
0.0003476838313
0.02184131865
0.000276375039
0.02187273758
0.0002026896579
0.02188755528
0.0001273483993
0.0218903103
5.658925533e-05
0.02187401552
1.107297662e-05
0.02184672712
-6.190806473e-05
0.0217916025
-0.0001697032416
0.0217322895
-0.0002494073298
0.02165049589
-0.0003412987185
0.02156256652
-0.0004184730215
0.02146967072
-0.0004717864933
0.02137291071
-0.000509622666
0.02127440466
-0.0005349089599
0.02117611485
-0.0005490486791
0.0210796724
-0.0005535880695
0.02098636338
-0.0005500818518
0.02089715386
-0.0005399541721
0.02081273002
-0.0005244687423
0.02073353913
-0.0005047510573
0.02065983371
-0.0004818130327
0.02059285374
-0.0004565604664
0.02054189913
-0.0004291522709
0.02052065168
-0.0003976247912
0.02050441909
-0.0003616052438
0.02052431347
-0.0002722352189
0.02042549886
-0.0001710318144
0.02031919871
-0.0002013337587
0.02026504661
-0.0002445062448
0.02023243337
-0.0002406410421
0.02020499634
-0.0002202937981
0.02018062799
-0.0001995807393
0.0201590318
-0.0001803236089
0.02013993004
-0.0001625187088
0.02012306413
-0.0001461387506
0.02010819433
-0.0001311375652
0.02009509979
-0.0001174564873
0.02008357883
-0.0001050269464
0.02007344861
-9.377451835e-05
0.02006515907
-8.15814512e-05
0.02005731265
-6.902413495e-05
0.02005041569
-6.086436816e-05
0.02004435288
-5.355365531e-05
0.02003902243
-4.701539834e-05
0.02003433517
-4.117717692e-05
0.0200302127
-3.597086653e-05
0.02002658621
-3.133367941e-05
0.02002339567
-2.720808866e-05
0.02002058792
-2.354087783e-05
0.02001811693
-2.028401277e-05
0.02001594199
-1.739377445e-05
0.02001402756
-1.483060022e-05
0.0200123424
-1.255861756e-05
0.02001085882
-1.054590819e-05
0.02000955254
-8.76374318e-06
0.02000840217
-7.186709149e-06
0.02000738868
-5.79179987e-06
0.02000649561
-4.559197352e-06
0.02000570817
-3.470369398e-06
0.02000501386
-2.509617491e-06
0.02000440134
-1.662374202e-06
0.02000386049
-9.15641983e-07
0.02000338306
-2.585560663e-07
0.02000296063
3.194033228e-07
0.02000258684
8.267543308e-07
0.02000225525
1.271052188e-06
0.02000196037
1.659075597e-06
0.02000169724
1.996624558e-06
0.02000146157
2.288924141e-06
0.02000124922
2.539816399e-06
0.02000105699
2.756377691e-06
0.02000088013
2.923788179e-06
3.144441643e-06
0.02168508446
0.0002884660554
0.02173020867
0.0002312508292
0.02176060377
0.0001722945464
0.02177611042
0.00011184175
0.0217792329
5.346676991e-05
0.02178124397
9.061909969e-06
0.02177112041
-5.17845002e-05
0.02171941544
-0.0001179982725
0.02167520113
-0.0002051930236
0.02159782111
-0.0002639186932
0.02151815702
-0.0003388089373
0.02143623992
-0.0003898693873
0.02135031872
-0.0004237014724
0.02126172599
-0.0004463162263
0.02117224702
-0.0004595697068
0.02108343886
-0.0004647799162
0.02099657214
-0.0004632151342
0.02091264375
-0.0004560257827
0.02083240604
-0.0004442310285
0.02075639823
-0.0004287432567
0.02068497736
-0.0004103921639
0.02061834733
-0.0003899304298
0.02055722645
-0.0003680313896
0.02050473139
-0.0003451297338
0.02046417587
-0.0003210497165
0.02047494618
-0.0002830055243
0.02050579908
-0.000201884712
0.02041108026
-0.0001066149337
0.02030803369
-0.0001414596772
0.02025636714
-0.0001889744899
0.02022572565
-0.0001896523062
0.02019990955
-0.0001737646365
0.02017686924
-0.0001572832952
0.02015634844
-0.0001419979072
0.02013810646
-0.0001278967676
0.02012191796
-0.0001149490676
0.02010757237
-0.0001031108947
0.0200948753
-9.232987125e-05
0.02008364791
-8.254712473e-05
0.02007426501
-7.219854455e-05
0.02006548995
-6.02490731e-05
0.02005774299
-5.311740917e-05
0.02005090603
-4.671669645e-05
0.02004487336
-4.098271964e-05
0.02003955142
-3.585524023e-05
0.02003485711
-3.127654659e-05
0.02003071688
-2.719344813e-05
0.02002706549
-2.355669899e-05
0.02002384556
-2.03209458e-05
0.02002100633
-1.744478459e-05
0.02001850283
-1.489027631e-05
0.02001629547
-1.262323877e-05
0.0200143495
-1.06126492e-05
0.02001263395
-8.830358097e-06
0.0200111217
-7.25149591e-06
0.02000978837
-5.853375847e-06
0.02000861283
-4.616267286e-06
0.02000757586
-3.522221423e-06
0.02000666113
-2.555639555e-06
0.02000585364
-1.702129423e-06
0.02000514068
-9.494151173e-07
0.02000451099
-2.85949286e-07
0.02000395399
2.984501841e-07
0.02000346117
8.122189643e-07
0.02000302465
1.26328157e-06
0.02000263707
1.658631104e-06
0.02000229216
2.003992134e-06
0.02000198429
2.304502986e-06
0.02000170824
2.564972941e-06
0.02000145946
2.788599788e-06
0.02000123401
2.981829081e-06
0.02000102649
3.131314229e-06
3.328160536e-06
0.02159623074
0.0002339903671
0.02163854828
0.0001889332899
0.02166823483
0.0001426079977
0.02168533042
9.474615053e-05
0.02169275853
4.603866248e-05
0.02169968743
2.133018645e-06
0.0216782488
-3.034587151e-05
0.02164017988
-7.992936547e-05
0.02159944055
-0.0001644536943
0.02154404622
-0.0002085243601
0.02147931383
-0.0002740765522
0.02140763064
-0.0003181861926
0.02133062721
-0.0003466980392
0.02125015484
-0.0003658438515
0.02116793719
-0.0003773520538
0.0210854756
-0.0003823183341
0.02100402235
-0.0003817618844
0.02092458853
-0.0003765919647
0.0208479683
-0.0003676107975
0.02077476364
-0.0003555386031
0.02070540688
-0.0003410354007
0.02064018343
-0.000324706978
0.02057925344
-0.0003071013965
0.0205228256
-0.0002887018975
0.020471696
-0.0002699201046
0.02043849319
-0.0002498027181
0.02045305168
-0.0002164431994
0.02048654913
-0.0001401123799
0.0203947988
-4.970934681e-05
0.02029459184
-8.876752122e-05
0.0202451875
-0.000140247964
0.02021641265
-0.000144989787
0.02019217992
-0.0001330505664
0.02017048028
-0.0001202982641
0.02015108916
-0.0001085056471
0.02013379299
-9.765289545e-05
0.02011839122
-8.770912453e-05
0.02010469639
-7.863503894e-05
0.02009253461
-7.038533941e-05
0.02008220294
-6.186686906e-05
0.02007263163
-5.067776432e-05
0.02006415359
-4.463936445e-05
0.02005664825
-3.921134815e-05
0.02005000765
-3.43421241e-05
0.02004413466
-2.998224281e-05
0.02003894257
-2.608445089e-05
0.0200343541
-2.260498053e-05
0.02003030012
-1.950272129e-05
0.0200267192
-1.674002724e-05
0.02002355676
-1.428234383e-05
0.02002076467
-1.209817849e-05
0.02001829978
-1.015835207e-05
0.02001612417
-8.43704432e-06
0.02001420426
-6.910447536e-06
0.02001251008
-5.557309929e-06
0.0200110153
-4.358603843e-06
0.02000969642
-3.297379451e-06
0.02000853241
-2.358220131e-06
0.02000750487
-1.528096503e-06
0.0200065975
-7.94758474e-07
0.02000579593
-1.478458035e-07
0.02000508703
4.22954064e-07
0.02000446018
9.253015037e-07
0.02000390505
1.367357836e-06
0.02000341283
1.755503646e-06
0.02000297577
2.095688613e-06
0.02000258655
2.393216164e-06
0.02000223887
2.652191553e-06
0.02000192699
2.876852629e-06
0.02000164578
3.069808575e-06
0.02000139084
3.236771461e-06
0.02000115608
3.366074794e-06
3.535911662e-06
0.0215244161
0.0001831766117
0.02156457218
0.0001487772209
0.02159369302
0.0001134871532
0.02161148857
7.69506014e-05
0.02161836488
3.916235153e-05
0.02161714212
3.355774767e-06
0.02160410856
-1.731231889e-05
0.02158157481
-5.739562251e-05
0.02154740965
-0.000130288532
0.02150408335
-0.0001651980595
0.02144861361
-0.0002186068097
0.02138457874
-0.0002541513192
0.02131458956
-0.0002767088628
0.02124053034
-0.0002917846252
0.0211640764
-0.0003008981071
0.02108669246
-0.0003049343976
0.0210096121
-0.0003046815287
0.02093384946
-0.0003008293263
0.0208602214
-0.0002939827375
0.02078936907
-0.0002846862723
0.02072177697
-0.0002734433012
0.02065779023
-0.0002607202374
0.02059763159
-0.0002469427552
0.02054141867
-0.0002324889693
0.02048918402
-0.0002176854536
0.0204421871
-0.0002028057965
0.02041252851
-0.000186784605
0.02043005747
-0.0001576413396
0.02046598977
-8.564164923e-05
0.02037688413
3.381213542e-07
0.02027919544
-4.255927421e-05
0.02023192371
-9.77180568e-05
0.02020495789
-0.0001060847393
0.02018230016
-9.764053128e-05
0.02016197164
-8.817713152e-05
0.02014376787
-7.944911869e-05
0.02012749711
-7.143835813e-05
0.02011297849
-6.411642393e-05
0.02010004237
-5.744921631e-05
0.02008890648
-5.07309741e-05
0.02007867255
-4.044382742e-05
0.02006958379
-3.55506014e-05
0.02006151898
-3.114653594e-05
0.02005436815
-2.71912925e-05
0.02004803148
-2.364557187e-05
0.02004241978
-2.04727489e-05
0.0200374523
-1.763750135e-05
0.02003305727
-1.510768826e-05
0.02002917022
-1.28529762e-05
0.02002573358
-1.084570321e-05
0.02002269604
-9.060635554e-06
0.02002001202
-7.474336204e-06
0.02001764094
-6.065958293e-06
0.02001554683
-4.816343424e-06
0.02001369769
-3.70816641e-06
0.02001206496
-2.725875531e-06
0.02001062343
-1.855855893e-06
0.02000935074
-1.085530301e-06
0.02000822692
-4.042706917e-07
0.02000723405
1.981101016e-07
0.02000635631
7.298964607e-07
0.02000558021
1.199055084e-06
0.02000489326
1.612254245e-06
0.0200042849
1.975716328e-06
0.02000374527
2.295136598e-06
0.02000326563
2.575334836e-06
0.02000283853
2.820323348e-06
0.02000245689
3.033826993e-06
0.02000211448
3.219269142e-06
0.02000180556
3.378733464e-06
0.02000152552
3.516813609e-06
0.02000126749
3.624101396e-06
3.764454712e-06
0.02146836355
0.0001351141075
0.02150689888
0.0001102419003
0.02153561519
8.47708424e-05
0.02155419002
5.837576471e-05
0.02156241287
3.093949979e-05
0.02156150063
4.268014606e-06
0.02155699869
-1.281038363e-05
0.02154008481
-4.048174432e-05
0.02151156019
-0.0001017639093
0.02147522636
-0.0001288642379
0.02142595029
-0.0001693307361
0.02136755812
-0.0001957591459
0.02130275495
-0.0002119056946
0.02123344834
-0.0002224780096
0.02116130139
-0.0002287511563
0.02108775127
-0.0002313842795
0.02101400803
-0.0002309382934
0.0209410771
-0.0002278983979
0.02086978203
-0.0002226876601
0.02080078559
-0.0002156898384
0.02073460445
-0.000207262153
0.02067162378
-0.0001977395707
0.02061211111
-0.0001874300779
0.02055623171
-0.0001766095688
0.02050406416
-0.0001655179048
0.02045561667
-0.0001543583037
0.02041213135
-0.000143299279
0.0203856776
-0.0001311875934
0.02040601203
-0.0001059760818
0.02044427757
-3.792741277e-05
0.02035752197
4.419632582e-05
0.02026219898
-2.395062967e-06
0.02021696284
-6.084859801e-05
0.02019201534
-7.269303306e-05
0.02017072872
-6.689050762e-05
0.02015180807
-6.052846548e-05
0.02013484893
-5.447920833e-05
0.02011967529
-4.894278359e-05
0.02010612161
-4.389553467e-05
0.02009432534
-3.893470474e-05
0.02008356167
-2.968015293e-05
0.02007398408
-2.597300487e-05
0.02006547018
-2.263263642e-05
0.02005790868
-1.962978537e-05
0.0200511983
-1.693518829e-05
0.02004524751
-1.452196313e-05
0.02003997367
-1.236366049e-05
0.0200353024
-1.043641775e-05
0.02003116692
-8.717487296e-06
0.02002750754
-7.186324816e-06
0.0200242706
-5.823701586e-06
0.02002140838
-4.612110745e-06
0.02001887832
-3.535905989e-06
0.02001664229
-2.580309428e-06
0.02001466662
-1.732499183e-06
0.02001292147
-9.807272461e-07
0.02001138016
-3.145427954e-07
0.02001001874
2.758861187e-07
0.02000881585
7.986250025e-07
0.02000775311
1.260845e-06
0.02000681356
1.669452171e-06
0.02000598255
2.030067003e-06
0.02000524691
2.347891834e-06
0.02000459494
2.627689617e-06
0.02000401643
2.873650114e-06
0.02000350238
3.089394008e-06
0.02000304442
3.278281587e-06
0.02000263494
3.443310603e-06
0.02000226756
3.586649735e-06
0.02000193617
3.71013297e-06
0.02000163551
3.81746762e-06
0.02000135866
3.900959191e-06
4.009920148e-06
0.02142709541
8.901713738e-05
0.02146447224
7.286508471e-05
0.02149289817
5.634491731e-05
0.0215120659
3.920802681e-05
0.02152177505
2.123034324e-05
0.02152329244
2.750628447e-06
0.02152276376
-1.228170433e-05
0.02151226497
-2.998295227e-05
0.0214888886
-7.838753815e-05
0.02145702589
-9.700152987e-05
0.02141172832
-0.0001240331683
0.02135693914
-0.0001409699698
0.02129547221
-0.0001504387687
0.02122928906
-0.0001562948618
0.02116003626
-0.0001594983507
0.02108911059
-0.000160458609
0.0210176871
-0.0001595148066
0.02094674874
-0.0001569600374
0.02087711236
-0.0001530512761
0.0208094469
-0.0001480243696
0.02074428591
-0.0001421011663
0.0206820385
-0.0001354921515
0.02062300127
-0.0001283928518
0.02056737061
-0.0001209789028
0.02051525735
-0.0001134046469
0.02046669983
-0.0001058007871
0.02042167775
-9.827719611e-05
0.02038141299
-9.092283459e-05
0.02035795285
-8.251593694e-05
0.02038097165
-6.094621194e-05
0.02042161907
3.548903147e-06
0.02033707347
8.215054399e-05
0.02024453792
3.168695567e-05
0.02020567969
-3.38348012e-05
0.02017804031
-3.9251125e-05
0.02015788454
-4.037269324e-05
0.02014041394
-3.700860671e-05
0.02012475187
-3.328070821e-05
0.0201107362
-2.98798691e-05
0.02009842291
-2.662140727e-05
0.02008726196
-1.851920251e-05
0.02007731643
-1.602747336e-05
0.02006846427
-1.378047271e-05
0.02006059283
-1.175833808e-05
0.02005360011
-9.942466851e-06
0.02004739279
-8.314641698e-06
0.02004188705
-6.85791261e-06
0.02003700651
-5.555880667e-06
0.02003268293
-4.393904555e-06
0.02002885462
-3.358017643e-06
0.02002546638
-2.435460755e-06
0.02002246894
-1.614671929e-06
0.02001981793
-8.848992772e-07
0.02001747436
-2.3673528e-07
0.02001540279
3.390700773e-07
0.02001357216
8.498969887e-07
0.0200119545
1.303117796e-06
0.02001052539
1.704998984e-06
0.02000926278
2.061238358e-06
0.02000814679
2.376828308e-06
0.02000716022
2.656030136e-06
0.02000628751
2.90277567e-06
0.0200055149
3.12050032e-06
0.02000483019
3.312410328e-06
0.02000422251
3.481330447e-06
0.02000368231
3.629597758e-06
0.02000320074
3.759849147e-06
0.02000277035
3.873703681e-06
0.02000238407
3.972939508e-06
0.02000203538
4.058826678e-06
0.02000171931
4.133534935e-06
0.02000142795
4.192324144e-06
4.26795322e-06
0.02139992625
4.418989535e-05
0.02143655227
3.623909435e-05
0.02146478295
2.81142398e-05
0.02148430878
1.968220241e-05
0.02149472436
1.08147613e-05
0.02149590611
1.568882299e-06
0.02149008284
-6.458431735e-06
0.02149322171
-3.312181483e-05
0.021480019
-6.518483117e-05
0.02145043104
-6.741357001e-05
0.02140630002
-7.990215445e-05
0.02135284085
-8.751080991e-05
0.02129284903
-9.04469548e-05
0.02122821583
-9.16616586e-05
0.02116050706
-9.178958343e-05
0.02109104742
-9.09989684e-05
0.02102095803
-8.942541194e-05
0.02095118754
-8.718954625e-05
0.02088253481
-8.439854196e-05
0.0208156632
-8.115275895e-05
0.02075111054
-7.754850542e-05
0.02068929688
-7.367848306e-05
0.02063053367
-6.962964114e-05
0.02057503581
-6.548104932e-05
0.02052293256
-6.130139104e-05
0.02047428151
-5.714974172e-05
0.02042907958
-5.307526432e-05
0.02038727451
-4.911776506e-05
0.02035006735
-4.530877637e-05
0.02032949779
-4.037664612e-05
0.02035520152
-2.215482319e-05
0.02039853597
3.881609916e-05
0.02032369318
0.0001065297492
0.020261081
2.877737998e-05
0.02019401796
2.781191938e-05
0.02016278435
-9.139090021e-06
0.02014416758
-1.839183181e-05
0.02012817857
-1.729169866e-05
0.02011385394
-1.555523559e-05
0.02010116633
-1.393378855e-05
0.02008974052
-7.093390686e-06
0.02007954955
-5.836500322e-06
0.02007047079
-4.701706055e-06
0.02006239188
-3.679427048e-06
0.02005520971
-2.760292537e-06
0.02004883057
-1.935505732e-06
0.02004316912
-1.196453083e-06
0.02003814835
-5.351145699e-07
0.02003369855
5.589309974e-08
0.02002975691
5.83630264e-07
0.02002626723
1.054214619e-06
0.02002317892
1.473638372e-06
0.02002044708
1.84693448e-06
0.02001803096
2.179391888e-06
0.02001589487
2.475153658e-06
0.02001400678
2.737986518e-06
0.0200123381
2.971803313e-06
0.02001086349
3.179609999e-06
0.02000956051
3.364215344e-06
0.02000840895
3.528387033e-06
0.02000739089
3.674094424e-06
0.02000649044
3.80322861e-06
0.02000569326
3.917683388e-06
0.02000498687
4.018801224e-06
0.02000435991
4.108295151e-06
0.02000380226
4.187247694e-06
0.02000330531
4.256798916e-06
0.02000286099
4.318029803e-06
0.02000246204
4.371886805e-06
0.0200021021
4.418769918e-06
0.02000177558
4.460063228e-06
0.0200014747
4.493201872e-06
4.534422478e-06
0.02138638674
0.02142262583
0.02145074007
0.02147042227
0.02148123703
0.02148280592
0.02147634749
0.02144322567
0.02137804084
0.02131062727
0.02123072511
0.02114321429
0.02105276734
0.02096110568
0.0208693161
0.02077831713
0.02068889172
0.02060170218
0.02051730364
0.02043615088
0.02035860237
0.02028492389
0.02021529425
0.0201498132
0.02008851181
0.02003136207
0.0199782868
0.01992916904
0.01988386026
0.01984348362
0.0198213288
0.0198601449
0.01996667465
0.01999545203
0.02002326395
0.02001412486
0.01999573303
0.01997844133
0.0199628861
0.01994895231
0.01994185892
0.01993602243
0.01993132072
0.0199276413
0.019924881
0.0199229455
0.01992174905
0.01992121393
0.01992126983
0.01992185346
0.01992290767
0.01992438131
0.01992622824
0.01992840763
0.01993088279
0.01993362077
0.01993659258
0.01993977219
0.0199431364
0.01994666479
0.01995033889
0.01995414211
0.0199580598
0.0199620786
0.0199661869
0.01997037415
0.01997463095
0.01997894898
0.01998332087
0.01998773964
0.0199921997
0.0199966929
3.959151486e-08
3.937725107e-05
5.378622056e-05
0.0001646495972
-8.44889063e-05
3.922747488e-08
-0.000140145474
5.994555483e-05
-9.322745882e-05
4.370791567e-08
3.938437802e-05
5.378205184e-05
0.0001646017808
-8.444118099e-05
2.85138182e-08
-0.000140085239
5.989612433e-05
9.637839895e-08
5.880755302e-05
0.0001762968218
0.0001471776768
1.96988035e-05
-6.235264625e-08
-0.0001680633314
1.249203634e-06
-7.055789743e-05
1.014021575e-07
5.880352104e-05
0.0001762547597
0.000147115324
1.969347771e-05
-2.832422554e-08
-0.000168008793
1.228314995e-06
0.0002637358245
5.198885831e-05
-4.981239727e-07
1.387704238e-08
-0.0001517920417
-0.0001136855948
-0.000212708921
0.0001768803703
-0.0001427148461
0.0001789610529
-4.17656586e-07
-2.749799984e-08
5.795221389e-05
-0.0001511672678
-0.0003152306513
-4.936107858e-07
0.0002637571781
5.196567967e-05
0.0001809747086
-1.570374461e-08
-0.000151778338
-0.0001136218432
-0.0002127468874
0.0001768352455
-4.183621885e-07
-0.0001427413599
0.0001790713641
-0.0001081922826
3.233762453e-08
0.0001015110177
-2.281612783e-09
-3.782455452e-05
2.925189053e-07
0.0001080143336
-6.188615179e-05
-4.536185793e-05
-6.14205764e-05
-9.030255217e-10
-4.570409241e-05
0.0001019328973
-3.752693953e-05
-5.916979681e-08
-4.256257273e-05
0.0001137556794
0.0004664678129
5.826414309e-05
-6.173284056e-05
-0.0004629096958
-8.941275182e-08
7.594508536e-05
-3.032829199e-08
-4.256698337e-05
0.0001137675468
0.000466475482
5.818224303e-05
-7.150760257e-08
-6.169920007e-05
-0.0004628870106
-3.562470424e-05
-4.279066772e-05
6.351750826e-08
7.5104657e-05
6.968215597e-10
3.246500566e-06
3.988325496e-05
5.365801387e-05
4.203013303e-10
-9.352239925e-05
-8.561065332e-08
3.573708476e-05
3.715398495e-06
9.813850861e-09
4.243064703e-05
0.0001030328801
-9.168711672e-05
2.425923499e-10
4.162197406e-06
0.000102826914
1.070606808e-09
-9.195084055e-05
7.540392767e-05
2.827320527e-06
-3.663597632e-07
-6.134929967e-05
-6.241154791e-05
2.381993255e-10
-5.364882901e-05
0.0001275963157
-2.564068233e-07
8.500489622e-10
1.412723741e-06
-0.0001399818463
6.031117595e-05
1.286814917e-09
0.0001643316899
-8.462307545e-05
9.911185681e-08
5.321267273e-05
-9.042437015e-05
-5.691197643e-08
-0.0001272751629
0.0001259283395
7.294926488e-10
-9.070535798e-05
4.570572207e-10
0.0001254385946
1.085043326e-06
-3.562665127e-05
-4.278847327e-05
6.305042815e-08
7.510652007e-05
3.246226673e-06
3.988260161e-05
5.366014624e-05
-9.351767021e-05
-8.392045646e-08
3.574280845e-05
3.715957685e-06
1.403197749e-08
4.242981472e-05
0.0001030213122
-9.168310386e-05
4.162061119e-06
0.0001028312371
-9.194447036e-05
7.540835593e-05
2.827316154e-06
-3.677105436e-07
-6.135415291e-05
6.189342009e-05
-6.240934874e-05
6.14180093e-05
-5.364561084e-05
0.0001275978118
-2.571082869e-07
1.412296028e-06
-0.0001399814196
6.029899801e-05
0.0001643206924
-8.46084695e-05
1.040169869e-07
5.320874739e-05
-9.037668607e-05
-5.418825496e-08
-0.000127275447
0.0001258716071
-9.069103775e-05
0.0001254337423
1.084548047e-06
-2.874847064e-07
-9.381123922e-10
-3.344245838e-05
-3.327107054e-05
-0.0001081895992
2.91062889e-08
0.0001015088232
-3.783230893e-05
2.955194013e-07
0.0001080086539
-4.535191843e-05
-4.570290753e-05
0.0001019250313
-3.75456822e-05
-2.922254552e-07
-3.344958211e-05
-3.329730248e-05
5.786457015e-05
-0.0001514388057
1.080519135e-09
-3.9445058e-08
-0.0001442833943
0.0001105870985
-0.0001445118875
0.0001103845203
1.648073836e-09
-5.754457208e-05
1.185281084e-07
-0.0001973431228
0.0001102543683
2.90681864e-09
-1.174633306e-07
5.76001349e-05
-0.0002086698668
-0.0002091204313
1.810369397e-09
-0.0001969283194
0.0001103635753
0.0004329649285
2.952088186e-05
-1.865568813e-06
-0.0001330696226
-8.457164152e-07
-0.0002464140582
0.0001285598442
-0.0003420091584
-9.011591423e-05
0.0003057963111
-2.231083851e-06
-1.130113786e-06
4.707093916e-05
-0.0003611748718
-0.00046055814
-1.862188866e-06
0.0004329669557
2.945503647e-05
0.0001674712235
-8.202105387e-07
-0.0001330502282
-0.000246347671
0.0001285934702
-0.0003420699116
-2.248847057e-06
-9.009608262e-05
0.0003058213705
0.0001232677955
-1.800521488e-07
0.0001975845698
1.566488204e-09
-0.0001865000446
4.231400073e-05
9.585154583e-05
0.0001866702065
-0.0002014949652
-8.061724816e-05
-4.095374485e-07
4.606555722e-08
0.0001957755506
-8.540480419e-05
-0.0001438410025
-2.235473767e-07
0.0001234690118
0.0001974307842
0.0001639907131
-1.332017419e-08
-0.0001865753982
4.229148014e-05
9.585613708e-05
0.0001866344509
-3.956494662e-07
-0.0002014541261
-8.064081189e-05
0.0001907438271
0.0001262782165
-9.314488654e-07
-0.0001921650833
0.0001035359621
-1.015870485e-06
1.28710368e-08
0.0002275213986
0.0006500784264
-0.0001635367228
-0.0001463787225
-0.0001463534191
-0.0001644699043
-3.13205143e-05
-9.723017229e-05
-9.444635064e-05
-3.387686784e-05
-4.551334991e-07
-0.000163939788
0.0001880251486
-0.0001874586118
-9.133240288e-07
0.0001907389255
0.0001262264772
0.0001854473196
-9.984455114e-07
-0.0001921676371
0.0001035748936
0.0002273167838
0.0006502768383
-0.0001635333443
-0.0001462663259
-0.000146372946
-0.0001644754764
-3.132567028e-05
-9.729713953e-05
-9.44331926e-05
-3.387666913e-05
-0.0001591473006
0.0001594340946
-2.046342318e-07
-7.101316081e-05
-1.373347051e-07
0.0004762094038
8.431158585e-05
0.0005157827734
-8.883481177e-05
-0.0005101554872
-1.104056328e-06
-9.683887612e-08
0.0001321023475
0.0001079302897
0.0001866677216
-2.255598406e-07
-0.0001592301476
0.0001594224308
6.14575263e-05
-1.54421433e-07
-7.103677705e-05
0.0004762091478
8.427713302e-05
0.000515930983
-1.130800599e-06
-8.888749041e-05
-0.0005101898217
-0.0007120115006
-6.993619423e-08
5.924936968e-05
0.001400290443
0.0001260803717
-0.0001006956183
-0.001425328646
-3.465348898e-07
0.0007109783066
-5.673077114e-08
-0.0007120606662
5.932132876e-05
0.001400200762
0.0001263517243
-3.753307863e-07
-0.0001007184287
-0.001425458712
-0.0007227929165
4.53886611e-05
2.483458786e-07
-8.366920489e-05
0.001375165419
-7.041488588e-07
1.187530862e-08
0.005002762324
0.0003828403594
-7.014864331e-05
-5.753541124e-05
-5.488076638e-05
-7.195831307e-05
-0.001221342881
-0.001345475263
-0.00134302662
-0.001221246625
-9.562924587e-08
0.0007039045525
6.862691055e-05
0.0007614770259
2.423278373e-07
-0.0007228470677
4.540485047e-05
0.0001094698686
-7.104712985e-07
-8.373086166e-05
0.001375172215
0.005003212549
0.0003824616503
-7.014271045e-05
-5.756348734e-05
-5.490336492e-05
-7.193755595e-05
-0.001221351862
-0.001345459703
-0.001343042108
-0.001221261598
-0.0001390869923
-4.438040066e-05
-4.545983502e-08
0.0001456914144
-3.120199593e-09
5.90460482e-05
0.0001761818642
6.784843255e-11
-7.079991347e-05
3.063527068e-07
0.0001390676798
-2.732916623e-08
4.439089397e-05
0.0001781786917
-4.624543217e-05
-8.850913982e-11
0.0001780003009
-3.954466747e-09
-4.622222172e-05
0.0001458861756
-2.781595654e-05
0.0001401434627
-7.729828414e-08
-1.252444577e-09
-0.0001679260779
1.089281127e-06
-4.177407694e-09
0.0001472029282
1.957568479e-05
3.483800996e-08
2.775657406e-05
-1.767606086e-05
-6.823844039e-08
-0.0001402943903
0.0001204135497
-1.094078502e-09
-1.770579645e-05
-3.071732063e-09
0.0001200888259
-0.0001390735263
-4.439524527e-05
-5.103011306e-08
0.0001456843761
5.904269395e-05
0.0001761592433
-7.077977273e-05
3.000848386e-07
0.0001390231192
-5.82964076e-09
4.4442932e-05
0.0001781053405
-4.628768206e-05
0.0001780005108
-4.624629742e-05
0.0001458693402
-2.782084405e-05
0.0001401416604
-8.726411836e-08
-0.0001679170281
1.109672029e-06
0.0001471681397
1.960670871e-05
3.392737213e-08
2.775279176e-05
-1.76901774e-05
-2.774240426e-08
-0.0001402375652
0.000120284985
-1.77045256e-05
0.0001201210987
-5.526760881e-05
-0.0002487087844
2.229704563e-07
0.0001064063952
3.900040612e-09
-2.369450733e-07
5.529096082e-05
-4.564054279e-07
0.0002478692434
0.0001001203016
-0.0002955442777
0.0002646386138
5.193285965e-05
1.551013294e-09
-0.0003170815644
2.59762621e-09
9.999194908e-05
2.56718447e-09
-0.0002972268461
0.0001064548536
-0.0001515219414
-0.0001139533041
1.399715803e-09
0.0001808646506
4.84727833e-09
-0.0001316341559
-0.000131839091
1.160086353e-09
0.0001530296428
8.106567699e-08
-0.000174698095
2.658643229e-09
-1.097375287e-07
-0.0001531820021
-0.0001457614714
0.0001853676228
-0.0001460936749
6.194200267e-10
0.0001850596594
-0.0001743715181
-0.0002178902151
0.0001494053045
1.89147132e-07
4.062703389e-09
-3.655980241e-07
0.0002172928549
-0.0002595217957
-2.366404147e-07
-0.0001495653356
0.0001830015612
-0.0001426989314
0.0001795735721
1.783200823e-09
-0.0002139702894
0.0001766762136
3.937335218e-09
-0.0002609667329
2.10885555e-09
0.0001826464559
5.787233485e-05
-0.0001514354111
-3.543314894e-08
-0.0001442611271
0.0001105656665
-0.000144500579
0.0001103946532
-5.755501412e-05
1.196762296e-07
-0.0001973391711
0.0001102768259
-1.187031649e-07
5.762203748e-05
-0.0002086767704
-0.0002091202255
-0.0001969155649
0.000110396149
-5.527950787e-05
-0.000248712245
2.282564294e-07
0.0001064282216
0.0002646417325
5.192901581e-05
-0.0003170696252
-2.38961123e-07
5.532134851e-05
-4.592672185e-07
0.0002478809613
0.0001000746444
-0.0002955306548
9.998086589e-05
-0.0002972208028
0.0001065149947
-0.0001515397622
-0.0001139256621
0.0001808426532
3.784216415e-09
-0.0001315931379
-0.0001318312078
0.0001530418589
9.746889118e-08
-0.0001746910613
-1.6030152e-07
-0.0001532595446
-0.0001457025059
0.0001855005093
-0.0001460516973
0.0001850082103
-0.0001743590633
-0.0002179043872
0.0001494383183
2.07285e-07
-0.0001427099066
0.0001795799264
-0.0002139657009
0.0001766791104
-3.83764615e-07
0.0002173255364
-0.0002596084857
-3.037387975e-07
-0.000149688756
0.0001833613568
-0.0002610132556
0.0001826649187
-4.259788598e-05
0.0001137532329
-2.589139862e-09
7.599099564e-05
8.609519575e-08
9.220802558e-05
9.216181924e-05
2.253672473e-09
0.0001227713416
5.415730585e-09
6.669441535e-05
-1.256805838e-09
7.417841418e-10
-0.0001228075554
8.235766832e-05
0.0001542048226
8.226858506e-05
1.107833579e-09
0.0001542556315
6.667913824e-05
0.0002595742452
5.221883826e-05
-6.725851784e-09
2.059666958e-10
-1.619650242e-08
-0.0002595781661
0.0002802191899
-1.552659993e-08
-5.201867947e-05
4.616923004e-05
-6.163092633e-05
-0.000463053654
-3.783577891e-09
0.0004662466938
5.835224795e-05
5.149200232e-10
0.0002801951892
8.190472963e-10
4.610514846e-05
-4.259601363e-05
0.0001138006446
7.593059037e-05
4.738535347e-08
9.219406759e-05
9.217218758e-05
0.0001227718981
1.695124618e-08
6.669115701e-05
-2.114827858e-08
-0.0001228202802
8.233694046e-05
0.0001542720363
8.228746932e-05
0.000154265036
6.666969024e-05
0.0002595806752
5.221276393e-05
-2.50411831e-09
-6.161349728e-05
-0.0004630069577
0.0004662838044
5.826135975e-05
-3.098614316e-08
-0.0002596028141
0.0002802715406
-1.967939645e-08
-5.20015579e-05
4.619466657e-05
0.0002802241797
4.615441496e-05
-1.032885141e-06
-0.0003372915954
8.986034192e-05
4.720626594e-05
-0.0003654313277
1.65369242e-10
-0.0003410811475
9.002697569e-05
7.072172935e-10
-4.357412417e-05
2.794070884e-06
-0.0003848792252
8.457652982e-05
1.601005227e-09
-3.033506221e-06
4.313518698e-05
-0.0004012986502
-0.0004120460035
2.524416455e-10
-0.0003750775606
8.371522415e-05
0.0001005080878
-2.02207039e-09
-0.001700918755
3.900219397e-09
0.0003892218935
0.0003601253188
0.0004106809816
-3.530859854e-09
0.000244281295
-0.00204229768
0.0001810720852
0.0004893377528
0.0004420419578
0.000469322327
0.0001004791716
-0.001700950951
0.0003799771108
0.0003601676076
0.0003891714628
0.0004106408366
0.0002442338969
0.0001957510591
-8.564390598e-05
1.873507564e-09
-1.993800432e-08
-4.884458781e-05
0.000198499896
-4.890302761e-05
0.0001984144376
-2.517245464e-09
9.433439796e-09
0.0002033331438
-0.0001034763264
0.000203039185
-0.0001036167274
2.732898341e-09
-5.595665362e-08
-5.324075447e-05
0.0002074409151
-8.048552944e-09
-5.304918526e-05
0.0002074817722
-0.0001655179227
0.0001880959118
-0.0001675996418
0.0001445873883
5.164269212e-09
-0.0001741180774
7.882821154e-05
8.881588009e-07
-9.235755491e-05
0.0001867640006
-4.736107778e-09
-1.110455779e-06
0.0001733596266
-0.0001539266443
-0.0001822176287
-5.64184898e-07
-7.760848311e-05
6.793208837e-05
0.0001983933176
-0.0001548661899
-0.0001858793873
-8.832237525e-10
6.860856638e-05
0.000197756414
-5.039762553e-09
-9.020903068e-05
0.0001868483412
0.0001436195205
-4.079483792e-09
0.0001878498051
6.196887834e-08
-3.800456638e-08
-0.0006276374352
0.0003833176173
0.0001944075468
0.0001187462157
0.0001236882422
0.000143583323
0.0001874635787
0.0001319795793
0.0001079555459
-0.0001640866575
-3.799041903e-09
-1.12538196e-07
0.0001885016425
9.795543992e-05
0.0001882806079
9.784178956e-05
2.714853026e-10
-0.0001518795485
1.718589482e-07
0.0002250117555
0.0001149780925
-1.552339694e-09
-6.042354809e-08
0.0001516371137
-0.0001773166318
0.0001336735571
-0.00017740213
0.000133419951
-2.259868893e-09
0.0002250554185
0.0001152551896
0.0003909748081
-7.522787448e-08
-0.0002564081368
-0.0002535863971
-0.0003235591721
-0.0003273138618
0.00202747241
-3.600794724e-08
-0.0004262890121
-0.0005131076407
-0.0004248357728
-0.0001326753793
-0.0001311154123
-0.0001204014232
-0.0001221759297
-6.155215033e-08
0.000281718342
-7.683619092e-07
0.0002161189509
0.0001567644524
0.0003909975316
-0.0002564637893
-0.0002535586494
-0.0003235589879
-0.0003273285367
0.002027828064
0.0003585077385
-0.0005131703742
-0.0004262131735
-0.0004246823727
-0.0001327610629
-0.0001311320476
-0.0001203692543
-0.0001221125492
0.0002818501226
0.0007036516659
6.874457118e-05
-6.13803333e-05
-0.0007111272357
-3.674048299e-10
-6.365430125e-05
-0.000960373256
5.596272863e-07
0.0009375546755
8.590886072e-05
4.397293761e-09
-1.330111358e-07
6.360977789e-05
-6.550076483e-05
0.0007059206106
-4.09474726e-07
0.0009603016706
-0.0009675019449
7.632990043e-05
-6.534328108e-05
0.0007052020614
5.566496141e-09
-0.0009672525523
7.521492189e-05
-5.433312245e-10
0.0009381377149
8.633336142e-05
4.590052922e-05
-6.22960488e-08
0.004936291042
-2.961926538e-08
-4.231528237e-08
0.003530439036
0.0001725061692
-0.0007605035552
-0.0009125264208
-0.0009099117606
4.6405704e-05
0.004936060467
0.0006144066221
-2.619690213e-08
-0.0001731637106
-0.0001240255017
-0.0001721743398
-5.708891456e-08
0.006653400352
0.0006148721247
0.006439888061
-0.0001242321361
-0.0001728833508
-0.0001718341459
0.006653564228
0.0003905074048
3.565170949e-08
0.00664503051
2.039617419e-08
-3.55094815e-08
0.006309268082
0.0005471662978
-0.0001073782831
-0.0001011218467
-9.85179414e-05
0.0003903414564
0.006645618836
-3.842492836e-05
-0.0004291405172
5.576625532e-06
7.710882993e-05
7.646190672e-10
-5.935343508e-06
3.759907762e-05
-1.755611703e-06
0.000407170834
6.606413336e-05
0.0004564092559
3.110617942e-05
1.08089138e-10
2.416672084e-10
6.945433707e-05
1.958884644e-09
7.526897933e-05
-8.646696838e-07
-0.0003018664116
-0.0001333130811
-0.0002491042928
1.726578082e-09
-0.0003051203799
2.87253894e-09
0.0001227587165
2.329087764e-06
-0.0003456318349
1.799646739e-10
-2.015696826e-06
-0.0001218554091
-0.0002764695995
-0.000283225583
-1.882011003e-09
-0.0003376775069
-0.0003838164501
0.0001107092863
4.58504414e-06
-8.806676392e-10
-1.090732977e-06
0.0003662608454
-4.160469389e-06
-0.0001084373594
0.0001419245383
-9.522895897e-05
0.000320865038
2.086119451e-09
0.0001322560681
-8.241418167e-10
6.523840839e-10
0.0001441876167
4.722105801e-05
-0.0003654271139
-1.03910664e-06
-0.0003373314951
8.991088397e-05
-0.0003411142221
9.007608135e-05
-4.357427785e-05
2.806142729e-06
-0.0003848814029
8.453691669e-05
-3.03549459e-06
4.315018173e-05
-0.0004012938089
-0.0004120425803
-0.0003750917524
8.371658743e-05
-3.842658835e-05
-0.0004291489913
5.581396622e-06
7.711354656e-05
0.0004564079971
3.10699534e-05
-5.936651531e-06
3.76080694e-05
-1.77045457e-06
0.0004071742589
6.609318955e-05
6.947479744e-05
7.527197586e-05
-0.0001333003279
-0.0002490780554
0.0001675942011
-8.672186903e-07
-0.0003018806163
-0.0003051018445
0.0001227494778
2.320543197e-06
-0.0003456347636
-1.998026948e-06
-0.0001218256265
-0.000276450767
0.000153926751
-0.0002832364053
0.0001549079148
-0.0003376691144
-0.000383813223
0.0001107057049
4.585420797e-06
-9.521297167e-05
0.0003208841778
0.0001322496351
-1.088617101e-06
0.000366257185
-4.173951324e-06
-0.0001084454621
0.0001419900136
0.0001441801747
-8.602539499e-08
0.0002028790605
0.0001236414948
0.0001974392659
2.79661153e-09
0.0002025813122
3.889762444e-09
-5.990680152e-05
4.16547456e-08
0.0002092208401
-1.513844273e-08
-2.17859893e-07
5.942245176e-05
0.0002063120695
0.0002059304129
-7.234944004e-09
0.0002092939935
-0.0001865565688
4.204662753e-05
5.290323949e-10
1.650788463e-08
-5.692716903e-06
-5.832238572e-06
8.116274049e-10
0.0001974238737
-6.209668492e-09
4.185393837e-06
5.612945971e-09
-2.860527482e-08
-0.0001974014358
6.242740696e-05
6.203951576e-05
2.426538563e-10
4.381400085e-06
1.160997325e-05
0.0002017653502
2.812158149e-08
2.786156174e-09
-7.652974684e-08
-1.189560894e-05
1.678924204e-05
-1.53962236e-07
-0.0002018079084
0.0001837720249
-0.0002014528232
-7.995895965e-05
-1.786284637e-09
9.455037621e-05
0.0001864536535
3.035122779e-09
1.600800352e-05
5.333510219e-10
0.0001836914138
0.0001957215972
-8.56107792e-05
2.424375169e-08
-4.906652166e-05
0.0001985301436
-4.890760596e-05
0.0001984046263
-3.685872054e-08
0.0002038321258
-0.0001036995598
0.0002029552625
-0.0001035919571
-2.122836438e-07
-5.322044904e-05
0.0002074723256
-5.325149387e-05
0.000207804811
0.0001236614989
0.0001974188221
-0.0001446219491
-2.387207645e-07
0.000203369536
0.0002024996349
-5.987988965e-05
-5.194218224e-08
0.0002091958798
-1.941676781e-07
5.928894255e-05
0.0002061966073
-6.786059297e-05
0.0002059392237
-6.860168434e-05
0.0002093550539
-0.0001865669429
4.20673691e-05
0.0001640934929
3.15259158e-08
-5.766959537e-06
-5.834512397e-06
0.0001974501447
-3.724802736e-08
4.230518995e-06
-3.938402826e-08
-0.0001975032414
6.244633219e-05
0.000177387771
6.205872372e-05
0.0001774196416
4.497365684e-06
1.164518664e-05
0.0002017713064
1.26982762e-08
-0.0002014441417
-7.995542956e-05
9.453149326e-05
0.0001864706429
-1.025052819e-07
-1.203415236e-05
1.687913999e-05
-1.545725057e-07
-0.0002018309567
0.0001837910432
1.604080455e-05
0.0001837205635
-0.0001533131399
-0.0001042741363
1.693511541e-06
-5.11918217e-10
-2.493813713e-06
0.000152944546
-1.316592165e-06
0.0001000408851
0.0001974975997
0.0001282683634
-1.246327359e-09
-1.136735116e-09
2.887931389e-09
-2.106391888e-05
0.0001766823304
-1.733846032e-07
-1.539343836e-09
-4.627207139e-07
2.348020063e-05
-1.257696853e-06
-0.0001762782918
0.0001838417821
-0.0001922362366
0.0001012461891
-1.380218341e-09
0.0001845259252
1.538456697e-09
-2.925529848e-09
0.0001822273959
-0.0001655535912
0.0001880758899
-0.0001741140463
7.882575369e-05
8.797069339e-07
-9.235263995e-05
0.0001867564854
-1.109478372e-06
0.0001733411574
-0.0001822447149
-5.369840511e-07
-7.758190155e-05
0.0001982834501
-0.0001858700816
0.0001977579423
-9.019836146e-05
0.0001868373322
-0.0001533129034
-0.0001042645191
1.690917596e-06
0.0001974808479
0.0001282617624
-2.476902576e-06
0.0001529611243
-1.31542735e-06
0.0001000217955
-2.106997137e-05
0.0001766780824
-1.788346787e-07
-0.0001922504768
0.000101230362
0.0001845517883
-4.79843787e-07
2.347479926e-05
-1.238648916e-06
-0.0001762566304
0.0001837730336
0.0001822336828
-0.0001582876116
0.0002519372634
2.928790579e-07
0.0001310679369
1.283170613e-09
-8.833567093e-08
0.0001583866208
-4.219905667e-07
-0.0002525754454
0.0001324238969
0.000280007634
-0.0001587347312
0.0001594111242
1.238051289e-09
0.0001855713884
6.938439622e-10
0.0001319693989
-8.314291416e-10
0.0002789578381
0.0001311594864
-1.251056607e-08
0.000307173985
-7.098488741e-05
0.0004757106317
3.275406579e-09
0.0003070364984
3.088044563e-09
8.110400975e-05
1.228685201e-07
0.00034078825
-5.422365663e-10
-3.355427611e-07
-8.117161987e-05
0.0004922157919
0.0004911337055
2.115680285e-09
0.0003413804381
0.0003815129279
8.997333731e-05
3.69508096e-07
4.215918355e-10
3.752171107e-07
-0.0003830751353
-7.944540566e-07
-8.983430415e-05
7.268907583e-05
-8.902553194e-05
-0.0005084929261
-1.042676704e-09
8.330780937e-05
-3.757926395e-09
9.245165892e-10
7.181874126e-05
0.0001319776933
0.000107945742
-1.051120261e-07
0.0001885316792
9.794781922e-05
0.0001882527693
9.788511886e-05
-0.0001518767246
1.503031423e-07
0.0002250272407
0.0001149503861
-4.592553716e-08
0.0001516272877
0.0001337366971
0.0001334404709
0.0002251186886
0.0001151905794
-0.0001582982328
0.000251954818
2.94623898e-07
0.0001310773268
-0.0001587637275
0.0001594190609
0.0001855909886
-9.977341399e-08
0.0001583973666
-4.354239236e-07
-0.0002526263609
0.0001324448994
0.0002800393127
0.000131937417
0.0002790002156
0.0001311843131
-7.100182912e-05
0.0004757349029
6.139958833e-05
-4.462834786e-08
0.0003072272114
0.000307065928
8.111788655e-05
1.284608315e-07
0.0003407694407
-3.475405533e-07
-8.120450946e-05
0.00049221983
6.55413708e-05
0.0004911286426
6.537872349e-05
0.0003413417407
0.0003814899261
8.998557881e-05
3.716862882e-07
-8.911593441e-05
-0.0005084703167
8.328405363e-05
3.747191506e-07
-0.000383030477
-8.015389571e-07
-8.986727246e-05
7.269882401e-05
7.184329982e-05
-1.354186332e-08
5.554632376e-05
-0.0007119743783
5.91319522e-05
-2.505500414e-09
5.541272319e-05
6.961696312e-09
0.0009815314863
1.572466899e-07
8.845634039e-05
4.730975161e-09
-2.284392058e-07
-0.0009819380906
7.391394168e-05
7.317833478e-05
4.091849976e-09
8.891619793e-05
0.001238031834
0.0001376794607
2.797166681e-07
1.811735549e-09
-4.257652542e-07
-0.001238343014
0.001211987076
-3.792318482e-07
-0.0001377083576
-9.911458166e-05
-0.001425114618
3.244754502e-09
0.001399853918
4.125149072e-09
0.001211665695
-6.505362775e-09
-0.0007120235298
5.921026751e-05
0.0007110153848
-4.725237436e-08
5.564437373e-05
5.548611894e-05
0.000981544964
1.682959835e-07
8.842066598e-05
-2.436135981e-07
-0.0009819773174
7.395813777e-05
0.0009675841156
7.322329675e-05
0.000967292416
8.884683497e-05
0.001238037266
0.0001376394165
2.837647242e-07
-9.908648014e-05
-0.001425317907
0.001399800165
-4.41289283e-07
-0.001238363123
0.001212044115
-3.711439888e-07
-0.000137625969
0.001211736927
-5.558681251e-05
0.0009221825367
8.055399431e-07
4.762779954e-09
-6.771399071e-07
5.649390989e-05
-1.17746074e-06
-0.0009234788259
-0.0007207536046
4.379037652e-05
2.001690028e-09
3.21881392e-09
5.624026173e-09
-0.001203801681
6.856606783e-05
-2.010661607e-07
2.655739434e-09
-7.498695202e-07
0.00120539765
-1.103177914e-06
-7.028333007e-05
-8.23275781e-05
0.001374071747
3.481714565e-09
1.483805249e-09
4.161151323e-09
0.0007036415862
6.867739385e-05
-6.366454593e-05
-0.0009603561937
5.650997842e-07
0.0009375466123
8.591339868e-05
-1.422535896e-07
6.362925335e-05
0.0007059589265
-4.064804219e-07
0.0009602736106
7.634389608e-05
0.0007052190772
7.520659745e-05
0.0009381223888
8.634557423e-05
-5.559193001e-05
0.0009221881254
8.124439867e-07
-0.0007207847563
4.380959528e-05
-6.889089108e-07
5.649957653e-05
-1.1882194e-06
-0.0009234968478
-0.001203812541
6.857447995e-05
-1.977579972e-07
-8.237487937e-05
0.00137408979
-7.575771582e-07
0.001205414716
-1.108384858e-06
-7.030094674e-05
-2.050851778e-07
0.0001436908072
-6.697560521e-07
0.0003047743663
0.0002137603748
0.0001555964478
6.656153422e-10
0.0001422026891
-6.414595815e-09
0.0003027728843
-3.773010776e-09
1.024606512e-06
-9.62665554e-09
0.000213780438
0.0001555946406
-2.323249133e-07
0.0001436605218
-6.981442259e-07
0.0003047408463
0.0001422167224
0.0003027608834
1.039717633e-06
1.28287949e-06
-2.448488757e-06
9.011302096e-08
4.321958219e-06
3.76074249e-11
3.077776258e-07
-1.17144911e-06
6.849262771e-08
2.078037522e-06
1.958249162e-11
-3.195855483e-07
5.19324642e-08
5.754218585e-07
9.612811029e-12
1.363158568e-06
-9.451651933e-08
2.446109597e-06
2.64981672e-07
-7.24726391e-08
1.170333129e-06
-5.457993543e-08
3.194697407e-07
1.61851979e-06
1.001518282e-11
3.742612599e-07
5.177913795e-12
2.953834091e-12
1.043478258e-06
4.320065499e-06
2.042535323e-07
2.078053128e-06
5.756532178e-07
5.652435181e-07
7.345573127e-08
4.689755693e-11
1.409239643e-07
5.710820713e-08
2.44256899e-11
4.566650199e-08
1.196700971e-11
3.697023511e-07
5.236037896e-08
1.282759928e-06
-2.448577473e-06
9.00666037e-08
4.32201355e-06
3.07742281e-07
-1.171493913e-06
6.846557089e-08
2.078064097e-06
-3.195978969e-07
5.191852871e-08
5.754284219e-07
1.363394543e-06
-9.440344983e-08
2.446388973e-06
2.650433101e-07
-7.241284222e-08
1.170477886e-06
-5.455043341e-08
3.195144616e-07
1.618451081e-06
3.742393023e-07
1.043484572e-06
4.320286999e-06
2.042599286e-07
2.078172612e-06
5.756899499e-07
5.650711676e-07
7.343478943e-08
1.408799771e-07
5.709711582e-08
4.566064817e-08
3.695131424e-07
5.232387617e-08
)
;

boundaryField
{
    inlet
    {
        type            calculated;
        value           nonuniform 0();
    }
    outlet
    {
        type            calculated;
        value           nonuniform List<scalar> 
25
(
0.01999876938
0.01999878896
0.0199988276
0.01999888474
0.01999895948
0.01999905064
0.01999915679
0.01999927623
0.01999940707
0.01999954722
0.01999969448
0.0199998465
0.02000000088
0.02000015519
0.02000030699
0.02000045389
0.0200005936
0.0200007239
0.02000084277
0.02000094833
0.02000103895
0.02000111319
0.02000116991
0.02000120823
0.02000122733
)
;
    }
    topAndBottom
    {
        type            symmetry;
        value           uniform 0;
    }
    frontAndBack
    {
        type            empty;
        value           nonuniform 0();
    }
    cylinder
    {
        type            calculated;
        value           uniform 0;
    }
    procBoundary3to1
    {
        type            processor;
        value           nonuniform List<scalar> 
125
(
-4.87552555e-07
-7.666250884e-07
-9.755559833e-07
-9.648970044e-07
-7.165873065e-07
-3.258120935e-07
1.254705264e-08
3.193625303e-07
4.901739695e-07
5.492835082e-07
5.31384094e-07
4.684418716e-07
3.779459377e-07
3.009463199e-07
2.157716409e-07
1.371392567e-07
7.374584907e-08
2.514080405e-08
-1.1953795e-08
-3.819813187e-08
-4.864846859e-08
-4.923928193e-08
-4.363566313e-08
-3.628339615e-08
-2.953799488e-08
-2.404246529e-08
-1.974783384e-08
-1.625169667e-08
-1.3153837e-08
-1.0313603e-08
-7.825404515e-09
-5.948478783e-09
-4.489292201e-09
-4.222997967e-09
-4.640959206e-09
-5.251776493e-09
-6.184974437e-09
-6.98711184e-09
-7.514025277e-09
-7.753165162e-09
-7.731781737e-09
-7.496924961e-09
-7.102289897e-09
-6.605017919e-09
-6.064143098e-09
-5.53184242e-09
-5.041824327e-09
-4.615834504e-09
-4.252217754e-09
-3.940708362e-09
-3.669314454e-09
-3.42766012e-09
-3.210466965e-09
-3.01657726e-09
-2.842914874e-09
-2.686957776e-09
-2.548785903e-09
-2.427510148e-09
-2.320842175e-09
-2.226219595e-09
-2.140537312e-09
-2.060557124e-09
-1.983913238e-09
-1.909685427e-09
-1.838533651e-09
-1.772477577e-09
-1.713132547e-09
-1.666962627e-09
-1.605642287e-09
2.248339396e-08
8.213328685e-09
-3.457243636e-08
2.055732547e-08
1.732540939e-08
1.063301844e-08
1.509222365e-08
1.40753115e-09
2.030096692e-08
1.038163563e-08
1.049394703e-08
1.905308464e-08
9.533671361e-09
1.019963175e-08
-1.523067636e-09
3.400456009e-09
-1.666778375e-09
2.187465771e-08
1.859780255e-08
1.777736771e-08
1.194744591e-08
1.042280767e-08
1.103826895e-08
1.898755614e-08
6.169438686e-09
1.289922933e-08
6.824548447e-09
-1.975518869e-09
5.630638923e-09
-6.635824181e-08
-3.397507474e-08
-6.601641721e-08
8.399348483e-09
6.364700959e-09
6.792970357e-09
2.535485171e-09
-2.245365455e-09
2.735773211e-09
6.485081809e-09
4.257844107e-09
5.950097792e-09
-2.288855987e-09
1.725334342e-09
2.412118189e-09
6.42412645e-10
3.168730239e-10
9.019426364e-11
6.598878879e-10
3.280472642e-10
9.432764668e-11
5.762789909e-10
2.818528705e-10
7.906407081e-11
6.344388541e-10
3.143299145e-10
8.994554772e-11
)
;
    }
    procBoundary3to2
    {
        type            processor;
        value           nonuniform List<scalar> 
103
(
-0.0007079233073
-0.0007084385798
-0.006532467829
-0.006504947471
-0.006533147091
-0.006503361398
-0.02512666738
-0.02450827977
-0.02396760073
-0.02352704184
-0.02315697242
-0.02284471887
-0.02257872655
-0.0223514224
-0.0221567976
-0.02199023864
-0.02184803854
-0.02172734416
-0.02162586667
-0.02154175506
-0.02147360238
-0.02142030109
-0.0213809985
-0.02135509908
-0.02134219692
4.447576878e-05
-1.058844765e-06
4.364069948e-05
-7.742070309e-07
-1.705462485e-07
6.243605241e-07
-1.715682823e-07
6.23864109e-07
3.106774612e-05
0.0001041741458
3.074194488e-05
0.0001041745378
2.119827834e-05
2.107875789e-05
4.448169557e-05
-1.058835315e-06
4.365840149e-05
-7.740862258e-07
3.107079329e-05
0.0001041788958
3.075089514e-05
0.000104179215
2.120863372e-05
2.109942527e-05
-1.444314897e-05
-1.458704027e-05
-9.730809829e-05
-9.727326696e-05
-0.0002450921428
-0.0004570447112
-0.0004569563239
-0.0002449244328
-1.452344427e-05
-1.459746733e-05
-9.730908566e-05
-9.727894236e-05
-0.0002450995696
-0.0004570604397
-0.0004569674941
-0.0002449372033
-0.0007213750712
-0.0007213024487
-0.001014737098
-0.001015150746
-0.001597195602
-0.001596403736
-0.001632166613
-0.001633651729
-0.006653733046
-0.001597323384
-0.001596487072
-0.00163211275
-0.001633561814
-0.00665374411
-0.001287536476
-0.001460404765
-0.00145998222
-0.001286855461
-0.000721463091
-0.0007213955267
-0.001014643068
-0.001015011489
-0.001287537945
-0.001460344967
-0.001459890287
-0.001286858496
5.108859026e-06
2.452504355e-06
6.736786107e-07
5.108757393e-06
2.452460977e-06
6.736726611e-07
5.095942322e-06
2.445225248e-06
6.706687284e-07
5.095851105e-06
2.445185364e-06
6.706590629e-07
)
;
    }
}


// ************************************************************************* //
