/*--------------------------------*- C++ -*----------------------------------*\
| =========                 |                                                 |
| \\      /  F ield         | OpenFOAM: The Open Source CFD Toolbox           |
|  \\    /   O peration     | Version:                                        |
|   \\  /    A nd           | Website:  www.openfoam.com                      |
|    \\/     M anipulation  |                                                 |
\*---------------------------------------------------------------------------*/
FoamFile
{
    version     2.0;
    format      ascii;
    class       volScalarField;
    location    "6.7";
    object      p;
}
// * * * * * * * * * * * * * * * * * * * * * * * * * * * * * * * * * * * * * //

dimensions      [0 2 -2 0 0 0 0];


internalField   nonuniform List<scalar> 
2429
(
-0.03621440123
-0.03950615819
-0.04232370402
-0.04463552821
-0.04642280365
-0.04768011316
-0.04841496665
-0.04864773733
-0.04840853956
-0.04773601605
-0.0466760388
-0.04527969987
-0.04360114506
-0.04169420305
-0.03960991353
-0.03739986257
-0.03511388843
-0.03279580958
-0.03048276015
-0.02820587207
-0.02599076577
-0.02385780357
-0.02182240448
-0.01989555189
-0.01808436369
-0.01639267551
-0.01482157332
-0.01336990141
-0.01203474634
-0.01081185882
-0.009695997354
-0.008681229876
-0.007761204579
-0.006929374146
-0.00617916079
-0.005504078181
-0.004897830805
-0.004354391976
-0.003868053776
-0.003433455328
-0.003045599582
-0.002699870032
-0.002392005742
-0.002118294189
-0.001875163737
-0.001659169161
-0.001467414176
-0.001297291526
-0.001146428316
-0.001012697349
-0.0008941949869
-0.0007892072615
-0.0006961977055
-0.0006138006647
-0.0005408026184
-0.0004761164416
-0.0004187694033
-0.0003678909794
-0.0003227056932
-0.0002825263837
-0.0002467449251
-0.0002148154013
-0.0001862452562
-0.0001605904319
-0.0001374504442
-0.0001164595939
-9.728600985e-05
-7.962455231e-05
-6.321914737e-05
-4.775203729e-05
-3.324636457e-05
-1.859822662e-05
-8.203032605e-06
-0.03665109287
-0.03998173411
-0.04282671052
-0.0451540027
-0.04694480414
-0.0481940465
-0.04890967208
-0.04911381194
-0.0488379495
-0.04812237099
-0.04701468752
-0.04556734485
-0.04383657615
-0.04187837108
-0.03974625225
-0.03749313486
-0.03516836571
-0.03281562042
-0.03047241755
-0.02817016221
-0.02593440969
-0.02378521914
-0.02173761127
-0.01980213526
-0.01798545426
-0.01629093794
-0.01471922164
-0.01326873708
-0.0119361953
-0.01071700324
-0.009605619348
-0.008595864687
-0.007681187425
-0.006854872579
-0.006110202227
-0.005440580979
-0.004839632786
-0.004301270308
-0.003819739514
-0.003389650632
-0.003005998471
-0.002664171294
-0.00235992443
-0.002089564706
-0.001849370932
-0.001636026157
-0.001446698567
-0.001278788486
-0.001129921023
-0.00099798893
-0.0008811136198
-0.0007775861849
-0.0006858793071
-0.0006046461024
-0.0005326915261
-0.0004689383443
-0.0004124260025
-0.0003622940864
-0.0003177751539
-0.0002781928765
-0.0002429482822
-0.0002115011251
-0.0001833647321
-0.0001581003332
-0.0001353124831
-0.0001146423315
-9.576309571e-05
-7.837615584e-05
-6.22288634e-05
-4.700543027e-05
-3.273109256e-05
-1.83055595e-05
-8.094926975e-06
-0.03753477544
-0.0409426977
-0.04384238618
-0.04620061887
-0.04799827
-0.04923089845
-0.04990834518
-0.05005457821
-0.04970415949
-0.04890105169
-0.0476966946
-0.04614707772
-0.0443127098
-0.0422528875
-0.04002448851
-0.03768270319
-0.0352777557
-0.03285390287
-0.03044927104
-0.02809547153
-0.02581777915
-0.02363563875
-0.02156328731
-0.01961038084
-0.01778263527
-0.0160824754
-0.01450962742
-0.01306166643
-0.01173452338
-0.01052292
-0.009420727689
-0.008421266647
-0.007517560735
-0.006702544585
-0.00596922136
-0.005310778176
-0.004720667829
-0.004192675564
-0.003720962051
-0.003300089133
-0.002925032606
-0.002591179649
-0.002294292996
-0.002030654777
-0.001796544695
-0.00158875403
-0.001404478598
-0.001241110547
-0.001096332404
-0.0009680772315
-0.0008545266304
-0.000753989492
-0.0006649514894
-0.0005861018015
-0.000516279763
-0.0004544248396
-0.0003996009234
-0.0003509725681
-0.0003077982696
-0.0002694308514
-0.0002352807995
-0.0002048143985
-0.0001775577628
-0.000153083506
-0.0001310040319
-0.0001109735124
-9.268616357e-05
-7.585301003e-05
-6.022361483e-05
-4.548900894e-05
-3.167401221e-05
-1.771392223e-05
-7.837564993e-06
-0.03888670469
-0.0424135971
-0.04539733585
-0.04780275306
-0.04961021566
-0.05081627231
-0.05143334528
-0.05148896815
-0.05102238262
-0.0500828521
-0.04872806903
-0.0470217005
-0.04502911202
-0.04281346705
-0.04043753106
-0.03795979949
-0.03543230943
-0.0329005703
-0.03040338227
-0.02797234703
-0.02563215748
-0.02340126088
-0.02129263023
-0.01931450727
-0.01747113844
-0.01576348251
-0.01418985782
-0.01274653932
-0.0114282899
-0.01022879921
-0.009141039692
-0.008157567981
-0.007270778799
-0.006473095344
-0.005757111324
-0.005115691833
-0.004542038401
-0.004029762762
-0.003572900645
-0.003165936749
-0.002803827063
-0.002481980552
-0.002196165903
-0.001942627103
-0.001717656486
-0.001518185726
-0.001341462414
-0.001184906528
-0.001046270041
-0.000923556761
-0.0008149549635
-0.0007188253218
-0.0006337333504
-0.0005584454234
-0.0004918240776
-0.0004328096331
-0.0003804876909
-0.0003340545429
-0.0002928742486
-0.000256329018
-0.0002238171272
-0.0001948151884
-0.0001688736169
-0.0001455864019
-0.0001245772301
-0.0001055050282
-8.811184796e-05
-7.211152925e-05
-5.72542402e-05
-4.324545211e-05
-3.011109663e-05
-1.683952517e-05
-7.453327926e-06
-0.04074323655
-0.04443433811
-0.04753322801
-0.05000210505
-0.05182076352
-0.05298723468
-0.05351784479
-0.05344527559
-0.0528148625
-0.05168335303
-0.05012078871
-0.04819829718
-0.04598526678
-0.04355518386
-0.04097769278
-0.03831466873
-0.03562078307
-0.03294348483
-0.03032229313
-0.0277885262
-0.02536588032
-0.02307131466
-0.0209159799
-0.01890608998
-0.01704379744
-0.0153280113
-0.0137551205
-0.01231963138
-0.01101471613
-0.009832666764
-0.00876525573
-0.007804037358
-0.006940583663
-0.006166641467
-0.005474278407
-0.004855953433
-0.004304539017
-0.003813449711
-0.003376538326
-0.002988187046
-0.002643356756
-0.002337528589
-0.002066451742
-0.001826312239
-0.001613493146
-0.001425073244
-0.001258290053
-0.001110670998
-0.0009801819932
-0.0008648047166
-0.0007627140822
-0.0006722404098
-0.0005923031297
-0.0005217680488
-0.0004594184
-0.000404194798
-0.0003552121785
-0.000311688018
-0.0002731982728
-0.0002391001941
-0.0002087665715
-0.0001816996219
-0.0001574890886
-0.000135760463
-0.0001161681469
-9.839491566e-05
-8.217908786e-05
-6.725547332e-05
-5.339640275e-05
-4.032956303e-05
-2.807972473e-05
-1.570211894e-05
-6.95186783e-06
-0.04315413385
-0.04705974675
-0.05030762581
-0.05285665788
-0.05468610185
-0.05579618357
-0.05620860808
-0.05596303375
-0.05511164003
-0.0537265213
-0.05189236958
-0.04968208907
-0.04717993141
-0.04447194692
-0.04163408774
-0.03873266748
-0.03582618727
-0.03296445888
-0.03018753169
-0.02752600589
-0.02500202039
-0.02263036613
-0.02041961896
-0.01837321836
-0.01649051936
-0.01476773231
-0.01319873094
-0.01177573466
-0.01048989038
-0.009331738372
-0.00829155199
-0.007359651444
-0.006526598162
-0.005783297731
-0.005121232034
-0.004532397725
-0.004009230236
-0.003544958024
-0.003133089985
-0.002768058745
-0.002444891455
-0.002159093067
-0.00190618813
-0.001682507849
-0.001484825461
-0.001310049548
-0.001155197354
-0.001018536504
-0.0008982404748
-0.0007920962155
-0.0006981166545
-0.0006146452493
-0.0005412507557
-0.0004766985119
-0.000419637311
-0.0003690927423
-0.0003243227317
-0.0002846193329
-0.0002494737638
-0.0002183036529
-0.0001905696105
-0.0001658302714
-0.0001437099896
-0.0001238651198
-0.0001059764653
-8.975575087e-05
-7.49536059e-05
-6.133264169e-05
-4.868718523e-05
-3.676809679e-05
-2.559715129e-05
-1.431108932e-05
-6.338609233e-06
-0.04618686933
-0.05036400612
-0.05379821092
-0.05644443212
-0.05828151966
-0.05931263392
-0.05956664042
-0.05909330702
-0.05795702296
-0.0562506991
-0.05406125737
-0.05147998874
-0.04861208098
-0.04555466801
-0.04239081193
-0.0391933382
-0.03602550145
-0.03293933793
-0.02997496684
-0.02716161121
-0.02451903482
-0.02205895168
-0.01978642437
-0.0177012147
-0.01579903563
-0.01407264592
-0.01251276127
-0.0111087689
-0.009849361464
-0.008722968386
-0.007718034617
-0.006823467301
-0.006028663758
-0.00532349143
-0.004698855349
-0.004146212718
-0.003657536329
-0.003226021669
-0.002843725821
-0.002506589185
-0.002209507638
-0.001947588357
-0.001715661249
-0.001511345756
-0.001331867739
-0.001173697623
-0.001032975234
-0.0009097139027
-0.0008017509848
-0.0007065929102
-0.0006224740575
-0.0005480290425
-0.0004824867263
-0.0004247484314
-0.0003737197849
-0.0003285602759
-0.0002885973743
-0.0002532156892
-0.0002218719256
-0.0001940658998
-0.0001693450013
-0.0001473146336
-0.000127629289
-0.0001099774229
-9.407425832e-05
-7.966892584e-05
-6.651590008e-05
-5.441870969e-05
-4.31933195e-05
-3.261544409e-05
-2.270367291e-05
-1.269053501e-05
-5.62475528e-06
-0.04993017615
-0.05444422469
-0.05810626215
-0.06086690634
-0.06270487977
-0.06362689362
-0.06367086401
-0.06290166768
-0.06140468064
-0.05928861648
-0.0566460481
-0.05360028128
-0.05027835488
-0.04678919821
-0.04322588744
-0.0396696539
-0.03618881659
-0.03283709777
-0.02965394511
-0.02666623624
-0.02389018242
-0.02133319006
-0.01899562017
-0.01687245141
-0.01495475314
-0.01323100404
-0.01168806552
-0.01031186837
-0.009088244922
-0.008003162988
-0.007042854363
-0.006194743241
-0.005446865284
-0.004787877042
-0.004208279796
-0.003698436739
-0.003250330186
-0.002858730215
-0.002508850021
-0.002203876723
-0.001937548899
-0.001703508827
-0.001495869509
-0.001314797558
-0.001156996214
-0.001018348645
-0.0008959089162
-0.0007883779638
-0.0006940552726
-0.0006110215506
-0.0005377821152
-0.0004731772856
-0.0004162578023
-0.0003661069231
-0.0003218607486
-0.0002827808793
-0.0002482454535
-0.0002177049304
-0.0001906653969
-0.0001666919852
-0.0001453966589
-0.0001264351089
-0.0001095036585
-9.433083806e-05
-8.067012989e-05
-6.82951322e-05
-5.701511803e-05
-4.663553526e-05
-3.700883046e-05
-2.794180353e-05
-1.944822958e-05
-1.086783779e-05
-4.82208833e-06
-0.054499002
-0.05942567447
-0.06336185371
-0.06625386341
-0.06808033846
-0.06885195923
-0.06862161834
-0.06748056016
-0.06553193323
-0.06288093423
-0.0596671888
-0.05604878806
-0.05216977359
-0.04815403636
-0.04410897068
-0.04012567351
-0.03627723216
-0.03261816289
-0.02918603843
-0.02600393508
-0.023082905
-0.02042442271
-0.01802265483
-0.01586644028
-0.01394099719
-0.01222965209
-0.01071465378
-0.00937771484
-0.008201517356
-0.007169148339
-0.006264251365
-0.005472984947
-0.004781204577
-0.004176629947
-0.003649758862
-0.003188154367
-0.002785403764
-0.002433592327
-0.002128792884
-0.00186270737
-0.001632153433
-0.001431111675
-0.001254432163
-0.001100358423
-0.0009661094304
-0.0008485490003
-0.0007452898191
-0.0006546809008
-0.0005752751476
-0.0005056039506
-0.0004443723348
-0.0003905205637
-0.0003431508064
-0.0003014782563
-0.0002647877478
-0.0002324448137
-0.0002039046754
-0.0001786947856
-0.0001563975749
-0.0001366462518
-0.0001191174538
-0.0001035256034
-8.961786716e-05
-7.716732412e-05
-6.596794391e-05
-5.583264818e-05
-4.659444721e-05
-3.810056902e-05
-3.022686448e-05
-2.281669861e-05
-1.587911344e-05
-8.86991864e-06
-3.941988832e-06
-0.06004184229
-0.06546888812
-0.06973031595
-0.07276833562
-0.07456067186
-0.07513331244
-0.07456958708
-0.07295542072
-0.07040465204
-0.06707435938
-0.06315562066
-0.0588334399
-0.05427290253
-0.04962013766
-0.04500045168
-0.04051526189
-0.03624153667
-0.03223323559
-0.02852420051
-0.02513146719
-0.02205868775
-0.01929930247
-0.01683948815
-0.01466026434
-0.01273946401
-0.01105443916
-0.009581932989
-0.00829861073
-0.007184103203
-0.006217355987
-0.005379541877
-0.004656179582
-0.004028993246
-0.003487956399
-0.00302261258
-0.002617444575
-0.002270151541
-0.001973026396
-0.001716607963
-0.001494724744
-0.001303220645
-0.001137372953
-0.0009932141646
-0.0008678928031
-0.0007590610744
-0.0006643768538
-0.0005817992327
-0.0005096961871
-0.0004467473714
-0.0003917461476
-0.000343605239
-0.0003014111381
-0.0002644022939
-0.0002319266178
-0.0002034044243
-0.0001783223985
-0.0001562366041
-0.000136763936
-0.0001195701202
-0.000104363294
-9.088891464e-05
-7.892359069e-05
-6.826868177e-05
-5.874487893e-05
-5.018939134e-05
-4.245587421e-05
-3.541532882e-05
-2.894881292e-05
-2.295563367e-05
-1.732170621e-05
-1.205309369e-05
-6.728982743e-06
-2.998318569e-06
-0.0667513253
-0.07277998177
-0.07742246682
-0.08061898102
-0.08235355356
-0.08267488994
-0.08166140813
-0.07942512079
-0.07611057752
-0.07193824656
-0.06714703948
-0.06195633145
-0.0565642632
-0.05114609618
-0.04584693843
-0.04077824996
-0.03601940516
-0.03162145243
-0.02761154632
-0.02399749563
-0.0207725973
-0.01791957842
-0.01541453698
-0.01322858763
-0.01133022952
-0.009690307239
-0.008278179388
-0.007065187922
-0.006028586793
-0.005140308121
-0.004383236682
-0.003740955731
-0.003190037528
-0.002725376089
-0.002334448727
-0.002001092425
-0.001718071554
-0.001478233693
-0.001273957352
-0.001099369544
-0.0009501788879
-0.0008225635884
-0.0007131717523
-0.0006190444292
-0.0005380547741
-0.0004682807819
-0.0004079933526
-0.0003557725102
-0.0003104867182
-0.0002711685662
-0.0002369668026
-0.0002071610832
-0.0001811542932
-0.0001584414849
-0.0001385829427
-0.0001211935957
-0.0001059406134
-9.253849067e-05
-8.07418389e-05
-7.033961533e-05
-6.114998482e-05
-5.301419612e-05
-4.579070994e-05
-3.935147943e-05
-3.358100025e-05
-2.83769802e-05
-2.365001203e-05
-1.931729454e-05
-1.53064455e-05
-1.154350041e-05
-8.029699469e-06
-4.477213688e-06
-2.005150222e-06
-0.07487536269
-0.08162172006
-0.08670617675
-0.09006615477
-0.09170097102
-0.09169247248
-0.09010632045
-0.08706019787
-0.08277748828
-0.07755177079
-0.07167367344
-0.06541089439
-0.05900758296
-0.05267419928
-0.04657698665
-0.04083638032
-0.03553161686
-0.03070727082
-0.02637913634
-0.02254130402
-0.01917283309
-0.01624212893
-0.0137124859
-0.01154237841
-0.009689447786
-0.008117705218
-0.006785187613
-0.005663496276
-0.004725548182
-0.00393356562
-0.003276633104
-0.002735162734
-0.002283786695
-0.001909396978
-0.00159975873
-0.001342388196
-0.001128237436
-0.0009503971076
-0.0008025940065
-0.0006793664224
-0.000576480839
-0.0004904711272
-0.0004183694755
-0.0003576669154
-0.0003064279391
-0.0002631098191
-0.0002263652193
-0.0001950833996
-0.0001683848706
-0.0001455506445
-0.0001259721326
-0.0001091411762
-9.464163498e-05
-8.212911565e-05
-7.131148198e-05
-6.193823723e-05
-5.379623625e-05
-4.670615449e-05
-4.051785885e-05
-3.510560895e-05
-3.036320151e-05
-2.619885813e-05
-2.253095246e-05
-1.928599842e-05
-1.639885497e-05
-1.381341386e-05
-1.148157217e-05
-9.357497575e-06
-7.400572345e-06
-5.570460495e-06
-3.869351693e-06
-2.14845606e-06
-9.778457502e-07
-0.08473739215
-0.09232806874
-0.09791583331
-0.1014516033
-0.1029624267
-0.1024900669
-0.1001381994
-0.09605595312
-0.09055305515
-0.08400281044
-0.07676646069
-0.06918126259
-0.06155110058
-0.05412749822
-0.04709919219
-0.04059268295
-0.03468197687
-0.02940045509
-0.02474597097
-0.02069311727
-0.01720165158
-0.01422036555
-0.01169460851
-0.009566294516
-0.007789497553
-0.006317094979
-0.005091464059
-0.004091530552
-0.003283219061
-0.002621417296
-0.002085695916
-0.001657337122
-0.001313812329
-0.001037985672
-0.000817787753
-0.0006428438597
-0.000504145031
-0.0003945792313
-0.0003083295292
-0.0002405174618
-0.000187276209
-0.0001455790705
-0.000112902568
-8.731421303e-05
-6.728792382e-05
-5.165469527e-05
-3.946205735e-05
-2.995078089e-05
-2.253827769e-05
-1.677588117e-05
-1.230874417e-05
-8.855975818e-06
-6.199037852e-06
-4.167859146e-06
-2.627477004e-06
-1.469485085e-06
-6.076864847e-07
2.485501849e-08
4.789345137e-07
7.925204721e-07
9.942443985e-07
1.106859019e-06
1.149714504e-06
1.139396076e-06
1.088779061e-06
1.00592165e-06
8.94314368e-07
7.580667455e-07
6.386224362e-07
5.055785211e-07
3.636207886e-07
2.216479624e-07
6.767878546e-08
-0.09676276372
-0.1053304336
-0.1114742171
-0.1151808267
-0.1165221198
-0.1154591531
-0.1120934342
-0.1066767751
-0.09962268634
-0.09139407916
-0.08245092169
-0.07322925411
-0.06410911134
-0.05538859449
-0.04728099215
-0.0399123522
-0.03334153251
-0.02758220745
-0.02260725356
-0.01836447722
-0.01478786048
-0.0118011425
-0.00932373422
-0.0072760779
-0.00562116848
-0.00429397111
-0.003227482299
-0.002384896784
-0.001727420283
-0.00120801923
-0.0008067757463
-0.00050590657
-0.0002818014666
-0.0001156447957
4.7898318e-06
8.91059527e-05
0.0001457915963
0.0001817136498
0.0002021526594
0.0002112368437
0.0002121829626
0.0002074285225
0.0001989751782
0.0001880970577
0.0001758206694
0.0001628971354
0.000149858983
0.0001370758685
0.00012479204
0.0001131580702
0.0001022596011
9.213732258e-05
8.279926775e-05
7.423030224e-05
6.640017576e-05
5.92693538e-05
5.279261763e-05
4.692127064e-05
4.160460151e-05
3.679124179e-05
3.243071512e-05
2.847507672e-05
2.487985688e-05
2.160371581e-05
1.860713431e-05
1.58506103e-05
1.328997366e-05
1.085420701e-05
8.691667995e-06
6.593881044e-06
4.605019035e-06
2.5966187e-06
1.115152149e-06
-0.1114982549
-0.1211685346
-0.1279302101
-0.1318482652
-0.1329118586
-0.1310484026
-0.126387078
-0.119271498
-0.1102335936
-0.09986511246
-0.08876952981
-0.0775198416
-0.06658992657
-0.05632748854
-0.04697076965
-0.03863884618
-0.03136290411
-0.02512048125
-0.01985134732
-0.01546476491
-0.01185875849
-0.008925451182
-0.006562767031
-0.004678393664
-0.00320499911
-0.002057600232
-0.001178856844
-0.0005230095928
-4.137769681e-05
0.0003140347526
0.000557813223
0.0007119574358
0.0008021633786
0.0008469179176
0.0008579292996
0.0008441091614
0.00081306505
0.0007708466913
0.0007219087984
0.0006695076317
0.0006160488709
0.0005632557209
0.0005124826708
0.0004642731756
0.0004190865439
0.0003771813538
0.0003386265935
0.0003033695587
0.0002712853668
0.0002422033587
0.0002159260436
0.0001922442682
0.0001709467092
0.0001518251872
0.0001346784872
0.0001193156075
0.0001055579646
9.324002203e-05
8.220868958e-05
7.232242133e-05
6.345077811e-05
5.547438602e-05
4.828464038e-05
4.178277293e-05
3.587872346e-05
3.049112413e-05
2.555183696e-05
2.102499433e-05
1.667463442e-05
1.260542453e-05
8.788404597e-06
4.938273433e-06
2.147729448e-06
-0.1296416069
-0.1404903075
-0.1478939954
-0.152044991
-0.1527594263
-0.1498966706
-0.1435637251
-0.134248637
-0.1226314068
-0.1094997213
-0.09566559512
-0.08188807379
-0.06875942143
-0.05668292861
-0.04590888459
-0.03653373458
-0.02854056661
-0.02185188267
-0.01635082228
-0.01189545258
-0.008341025527
-0.005537059766
-0.003363157229
-0.001709728106
-0.0004736731745
0.0004434419295
0.001087024491
0.001513399044
0.001779371151
0.001930335089
0.001989991026
0.001980658399
0.001924204918
0.001836996996
0.001730088452
0.001611598344
0.001487924569
0.001363886186
0.001242834384
0.00112699225
0.001017805439
0.0009161678234
0.0008225074145
0.0007366934731
0.0006585318019
0.0005877009565
0.000523763039
0.0004662192289
0.0004145548891
0.0003682612066
0.0003268466785
0.0002898452275
0.0002568204167
0.0002273665283
0.0002011089478
0.000177704745
0.0001568425027
0.0001382404996
0.0001216436832
0.0001068205983
9.356114202e-05
8.167507541e-05
7.099069788e-05
6.135315771e-05
5.262264166e-05
4.467275106e-05
3.738935662e-05
3.066380818e-05
2.436623856e-05
1.842225849e-05
1.284083761e-05
7.207292258e-06
3.148425518e-06
-0.1522183382
-0.1641980529
-0.1722933368
-0.1766232595
-0.1769181279
-0.1728358729
-0.1644723033
-0.1523681519
-0.1373853875
-0.12063783
-0.1032689902
-0.0862975664
-0.07046632978
-0.056237703
-0.0438609159
-0.0333763878
-0.02467684981
-0.01759661107
-0.01195025322
-0.007536015373
-0.004148061961
-0.001582004645
0.0003025152288
0.001641383144
0.002559539633
0.003160565906
0.003510196246
0.00366860098
0.003689549677
0.003614505469
0.003472036626
0.003283897338
0.003068358067
0.002839590209
0.002607558665
0.002379128384
0.002159105344
0.001950732149
0.001755964618
0.001575774739
0.001410483343
0.00126002401
0.001123695494
0.001000668705
0.0008900427381
0.000790854916
0.0007021203086
0.0006228727566
0.0005521943075
0.0004892281073
0.0004331823834
0.0003833308123
0.0003390104088
0.0002996181416
0.0002646078264
0.0002334873746
0.0002058153407
0.0001811961785
0.0001592747741
0.0001397314826
0.0001222783718
0.0001066564985
9.263354114e-05
8.00011185e-05
6.857200408e-05
5.817626911e-05
4.865832394e-05
3.987102532e-05
3.168666331e-05
2.395789797e-05
1.669762178e-05
9.366584583e-06
4.100886047e-06
-0.1803879897
-0.1932471693
-0.2020218753
-0.2067460936
-0.2064906614
-0.2008289606
-0.1898088988
-0.1740232131
-0.1546078859
-0.1331462552
-0.1112426128
-0.09029444544
-0.07123643602
-0.05454507437
-0.04040813136
-0.02878986254
-0.01947118945
-0.01215745628
-0.006529260976
-0.002320703311
0.0007422082578
0.002914550008
0.004386729391
0.005318345106
0.005843975162
0.006070847688
0.006078662412
0.005929477994
0.005673390735
0.005349192916
0.004985382599
0.004602480983
0.004215984421
0.003837449632
0.003474743341
0.003132727973
0.002814171246
0.002520393445
0.002251647767
0.002007414125
0.001786724741
0.001588379941
0.00141049643
0.001251398545
0.001109451534
0.0009830246822
0.0008705582102
0.0007706031252
0.0006818323995
0.000603039619
0.0005331333737
0.000471129631
0.0004161430731
0.0003673787801
0.0003241248651
0.0002857456827
0.0002516746866
0.0002214067102
0.0001944903165
0.0001705212358
0.0001491373289
0.0001300147436
0.0001128643207
9.742762046e-05
8.347281062e-05
7.078882309e-05
5.918487796e-05
4.84812144e-05
3.852529634e-05
2.912571073e-05
2.029727472e-05
1.138156732e-05
4.989810722e-06
-0.2151714428
-0.2285779605
-0.2379230848
-0.2433564316
-0.2436230053
-0.2367633709
-0.2224373084
-0.2014925281
-0.1757992127
-0.1478088513
-0.1198449522
-0.09372469242
-0.070639377
-0.0510851845
-0.03509715941
-0.02240468089
-0.01263698489
-0.005317159336
3.485523231e-05
0.003812863979
0.006364921659
0.007988117191
0.00891581588
0.009329986318
0.009374166111
0.009159797259
0.008770812536
0.008269291209
0.007702034292
0.007104173649
0.006501063084
0.005910257485
0.005343858476
0.004809991959
0.004313475555
0.003856464007
0.003439228071
0.003060811721
0.002719465962
0.002412945194
0.002138842851
0.001894630541
0.001677217486
0.001484015954
0.001312592232
0.001160630568
0.001025993379
0.0009067495927
0.0008011681558
0.0007077011621
0.000624966966
0.0005517339501
0.0004869050611
0.0004295038747
0.0003786623661
0.0003336097167
0.0002936615529
0.0002582095424
0.0002267118711
0.000198685349
0.000173699113
0.0001513694938
0.0001313556179
0.000113352964
9.708727284e-05
8.231283993e-05
6.880305523e-05
5.635072615e-05
4.477240814e-05
3.384397276e-05
2.35826677e-05
1.321997717e-05
5.800911225e-06
-0.2588536987
-0.2711240224
-0.2825149321
-0.2869419984
-0.2870662187
-0.2801051529
-0.262315228
-0.2348431942
-0.2008892648
-0.1643093143
-0.1284912725
-0.09594798089
-0.06803473988
-0.04528297645
-0.02745015033
-0.01391483504
-0.003986982007
0.003048873253
0.007842421464
0.01092959654
0.01274430134
0.01363281618
0.01386286128
0.01363585406
0.01310254545
0.01237498825
0.01153479527
0.01064010257
0.009732204529
0.008840243487
0.007984059656
0.007176392874
0.00642485849
0.005733360501
0.005102921345
0.004532336483
0.004018868753
0.003558889851
0.003148340341
0.002783081728
0.002459122389
0.002172190277
0.001918278952
0.001693797516
0.001495455668
0.001320254704
0.001165500196
0.001028799382
0.0009080365286
0.000801341826
0.0007070626062
0.0006237378246
0.0005500753707
0.0004849322113
0.0004272971505
0.000376275473
0.0003310749655
0.0002909931601
0.0002554060585
0.0002237591503
0.0001955601113
0.0001703718633
0.0001478070365
0.000127519445
0.0001091981965
9.256231442e-05
7.735989838e-05
6.335000766e-05
5.03263044e-05
3.803720098e-05
2.650139927e-05
1.485246385e-05
6.521251785e-06
-0.3048166973
-0.337758321
-0.3484266908
-0.349749131
-0.33880272
-0.31474718
-0.2778389414
-0.2316660862
-0.1828628655
-0.1363819866
-0.09572579635
-0.06226188949
-0.03616265888
-0.01668267856
-0.002702165189
0.006918261921
0.01320939419
0.01703499165
0.01908045899
0.019870816
0.01980090708
0.01916222368
0.0181651851
0.01695941722
0.01565012689
0.01430995195
0.01298779449
0.01171579931
0.01051447094
0.00939606444
0.008366892931
0.007429002335
0.006581319054
0.005820388525
0.005140986553
0.004536787848
0.004001029949
0.003527004168
0.003108487747
0.002739685613
0.002414693443
0.002128410592
0.001876309721
0.00165429583
0.001458721203
0.001286373199
0.001134436899
0.001000448087
0.0008822474794
0.00077794032
0.0006858615658
0.0006045460584
0.0005327031231
0.0004691948535
0.0004130170366
0.0003632823709
0.000319206024
0.0002800927134
0.0002453258235
0.0002143591419
0.000186709281
0.0001619499561
0.0001396956379
0.0001196073101
0.0001013752354
8.471563247e-05
6.936440648e-05
5.509724196e-05
4.163793723e-05
2.900648506e-05
1.625282592e-05
7.139291846e-06
-0.3329806222
-0.3464484879
-0.3928222722
-0.3992067161
-0.392317042
-0.3673533842
-0.3225381112
-0.2636273748
-0.2011452644
-0.1426147017
-0.09270170225
-0.0530966998
-0.02356457013
-0.002709658071
0.01125215164
0.02002690256
0.02505234205
0.02745866074
0.02809359672
0.02757109742
0.02632579488
0.02466000763
0.02277979754
0.0208226117
0.01887812256
0.01700310274
0.0152318087
0.01358337559
0.01206704041
0.01068560719
0.009437623987
0.008318670909
0.007322065411
0.006439292773
0.005660490286
0.00497514486
0.004372868444
0.003843977327
0.003379992104
0.002973154778
0.002616110383
0.002302700116
0.002027511271
0.001785746196
0.00157319964
0.001386215387
0.001221620137
0.00107665557
0.0009489185086
0.0008363101938
0.0007369934991
0.0006493571219
0.0005719856448
0.0005036344981
0.0004432078908
0.0003897390899
0.0003423740859
0.0003003588115
0.0002630268175
0.000229787257
0.0002001171788
0.0001735535706
0.0001496889009
0.0001281523335
0.0001086073445
9.074963393e-05
7.42969193e-05
5.900851806e-05
4.458820715e-05
3.105786632e-05
1.739896312e-05
7.64530401e-06
-0.3445864683
-0.362359454
-0.4111623389
-0.4192131537
-0.4137421323
-0.3880791284
-0.3394564167
-0.274536681
-0.204437259
-0.1384790596
-0.0824907291
-0.03886169386
-0.00736042147
0.01382220187
0.02699617878
0.03434390477
0.03766375932
0.03832454467
0.03731288903
0.0353114335
0.0327783887
0.03001352409
0.02720731303
0.0244763132
0.02188825164
0.01947926033
0.01726539423
0.01525032817
0.01343053661
0.01179856089
0.01034482849
0.009058357406
0.007926797001
0.006936364547
0.006072164541
0.005319026378
0.004662533765
0.004089885372
0.003590136917
0.003153488245
0.002771518185
0.002437093181
0.002144034033
0.001886981825
0.001661301843
0.001462996896
0.001288617489
0.001135177982
0.001000085673
0.0008810823377
0.0007761957488
0.0006836995904
0.0006020800518
0.0005300092179
0.0004663201465
0.0004099856989
0.0003600999349
0.0003158609889
0.000276563237
0.0002415827139
0.0002103686424
0.0001824310151
0.0001573346968
0.00013468806
0.0001141372733
9.536240963e-05
7.806603394e-05
6.199520532e-05
4.683933133e-05
3.262203715e-05
1.827227999e-05
8.031043182e-06
-0.3472725237
-0.3671740181
-0.3985884566
-0.4218616933
-0.4137639403
-0.3863856596
-0.3341555615
-0.2668463676
-0.1938050632
-0.1252502035
-0.0673224406
-0.02265425867
0.008902452583
0.02933112001
0.0412058039
0.04696628927
0.0486152341
0.04766048709
0.04516921825
0.04186104341
0.0382024713
0.03448451651
0.03088031849
0.02748599355
0.02434879738
0.02148598994
0.01889719355
0.01657233336
0.01449680537
0.01265452992
0.01102933732
0.009604965283
0.008364358032
0.007289091789
0.00635959477
0.005556247699
0.00486077107
0.004257506732
0.003733088356
0.003276117718
0.00287721772
0.002528526426
0.002223324891
0.001955866045
0.00172122985
0.001515197066
0.001334137701
0.001174915318
0.001034809097
0.0009114512995
0.0008027760885
0.0007069774513
0.0006224718906
0.0005478751392
0.0004819701975
0.0004236884043
0.0003720889769
0.0003263432129
0.0002857165122
0.000249561093
0.0002173042001
0.0001884371323
0.0001625075476
0.0001391100393
0.0001178781543
9.84807673e-05
8.061109935e-05
6.400911025e-05
4.835510241e-05
3.367394224e-05
1.885902652e-05
8.290530382e-06
-0.338395909
-0.3592552627
-0.3848762094
-0.4010555879
-0.3925784678
-0.3641074812
-0.3137457765
-0.2482456393
-0.1773188764
-0.1106181043
-0.05416382359
-0.0107530302
0.01970763198
0.03903673262
0.04978804308
0.05444286598
0.05504430772
0.05312866767
0.04977971508
0.04572204649
0.04141884414
0.03715277749
0.03308616595
0.02930356352
0.02584098976
0.02270541857
0.01988769213
0.01737062468
0.01513433414
0.01315881617
0.01142496828
0.009913957793
0.008605994076
0.007479551396
0.006511745465
0.005679798137
0.004962798872
0.004343100091
0.003805675002
0.003338177538
0.002930630223
0.00257470656
0.002263371085
0.001990660187
0.001751501087
0.001541560346
0.001357118493
0.001194966002
0.001052319609
0.0009267568896
0.0008161644649
0.0007186951691
0.0006327348716
0.0005568651209
0.0004898444203
0.0004305824466
0.0003781199193
0.0003316113671
0.0002903107831
0.00025356053
0.0002207789471
0.0001914483469
0.0001651060039
0.0001413364087
0.0001197645849
0.000100053446
8.189253116e-05
6.501973845e-05
4.911229858e-05
3.419672097e-05
1.914925281e-05
8.419311271e-06
-0.3469134656
-0.3420097776
-0.3468573494
-0.3420125709
-0.3358600127
-0.3238317776
-0.3358879383
-0.3238218627
-0.3441655921
-0.3461719893
-0.3441013414
-0.3461215125
-0.3525057184
-0.3517586051
-0.337244422
-0.3354717774
-0.3523186846
-0.3273818257
-0.3430334398
-0.3384450089
-0.3522634941
-0.3273784003
-0.3430230687
-0.3465390776
-0.3483470961
-0.3490833867
-0.3465232777
-0.3525166675
-0.351814002
-0.3465518866
-0.3483658935
-0.3490918684
-0.3465596197
-0.3331909519
-0.3359746632
-0.3345743041
-0.3316683124
-0.3345365422
-0.3319120819
-0.332667938
-0.3256205894
-0.3239789298
-0.3266630939
-0.3219078519
-0.3267419427
-0.3216714964
-0.3257774525
-0.3372660501
-0.335478451
-0.3331936643
-0.33597861
-0.3345792343
-0.3316564903
-0.3345408139
-0.3319134317
-0.3326705477
-0.3256218968
-0.3239793849
-0.3266528367
-0.3219031304
-0.3267433878
-0.321671826
-0.3257770456
-0.3336405011
-0.3438487642
-0.3337167916
-0.3439409849
-0.3454383089
-0.3456169966
-0.3721398657
-0.3329710921
-0.3454697002
-0.3454016971
-0.3721619181
-0.3491375482
-0.3490881801
-0.3453992612
-0.3468210039
-0.3615404296
-0.3444095875
-0.3454631244
-0.3467218462
-0.3615925359
-0.3610363467
-0.3431818063
-0.3564009815
-0.347332746
-0.3609812671
-0.3431970192
-0.3564817785
-0.3859304278
-0.3637274835
-0.3960503435
-0.3671335763
-0.3859476533
-0.3638071133
-0.3960096444
-0.3384723192
-0.3339603093
-0.3340039378
-0.337380894
-0.341812842
-0.3416829746
-0.3375004066
-0.3766200084
-0.3504049091
-0.373754861
-0.3591929871
-0.3766679513
-0.350392756
-0.373747478
-0.3481795782
-0.3467974417
-0.3481514387
-0.3465230442
-0.348173946
-0.3466218756
-0.3479375607
-0.3457440617
-0.3422329129
-0.3449874608
-0.343739912
-0.344934427
-0.3444371482
-0.3456095958
-0.3481904245
-0.3467988664
-0.3481591102
-0.3465640016
-0.3481832118
-0.3466315208
-0.347966241
-0.3457524456
-0.3422376032
-0.3449751145
-0.3437772262
-0.3449391667
-0.3444459705
-0.3456317474
-0.3461094582
-0.3451555759
-0.3444169236
-0.343946396
-0.3450934694
-0.3444187718
-0.3460969721
-0.3460682223
-0.3475189053
-0.3477871381
-0.3469584358
-0.3447510044
-0.3447753292
-0.346892465
-0.3492137197
-0.3491023599
-0.3461148337
-0.343932733
-0.3451979175
-0.3444247209
-0.3450988201
-0.344417854
-0.3461161829
-0.3460674873
-0.3476494078
-0.3477986307
-0.3469631869
-0.3448103929
-0.3447804836
-0.3469316572
-0.3419721103
-0.3464661803
-0.348223263
-0.351547584
-0.3461119769
-0.3475450325
-0.3423034743
-0.3273646316
-0.3297764786
-0.3297324962
-0.3335469519
-0.3315918973
-0.331391275
-0.333753197
-0.3383752324
-0.3448673696
-0.336795948
-0.3421115962
-0.3440170218
-0.336368905
-0.3387794021
-0.3384765165
-0.3339538476
-0.3340056021
-0.3373847692
-0.3418188237
-0.3416851256
-0.3375122914
-0.3419760065
-0.3515472715
-0.3464427434
-0.3482491577
-0.346113611
-0.3475506364
-0.342308805
-0.327366079
-0.3297639214
-0.3297342685
-0.3335484094
-0.3315938106
-0.3313931441
-0.3337474899
-0.3383767641
-0.342113747
-0.3448662832
-0.336800045
-0.3440179394
-0.3363717119
-0.3387809758
-0.303732279
-0.3259164123
-0.303684866
-0.3258857161
-0.3070790104
-0.3288163614
-0.3440449786
-0.3048261267
-0.3070507615
-0.3288494199
-0.344048655
-0.3436170352
-0.3437683102
-0.3609905151
-0.3250641562
-0.3458815707
-0.3311842962
-0.322160679
-0.3440261602
-0.3605050224
-0.341355166
-0.3708189684
-0.4014603286
-0.3464783003
-0.3413301031
-0.3708509211
-0.4014242464
-0.3445295878
-0.3441580668
-0.3445163609
-0.3474207932
-0.3458546299
-0.3449939739
-0.3477101179
-0.3675778098
-0.3713936351
-0.4047926179
-0.3623359438
-0.3675327993
-0.3714571683
-0.404735464
-0.3472821568
-0.3474583488
-0.347459996
-0.350343205
-0.3501643188
-0.3500961317
-0.3503920653
-0.382179021
-0.3699508729
-0.3699459385
-0.3648745626
-0.3672372272
-0.3688033274
-0.3817945366
-0.395913926
-0.4044373771
-0.4232557331
-0.3986496126
-0.3958561601
-0.404447016
-0.4232519483
-0.3554954697
-0.3576067509
-0.3538317793
-0.3596662643
-0.3673778977
-0.3633867983
-0.3641871938
-0.3882777144
-0.3826217696
-0.3980402057
-0.3848807828
-0.3882734047
-0.3826225159
-0.3980381881
-0.3410642264
-0.3327024721
-0.341877605
-0.3327151766
-0.3317465365
-0.340807891
-0.3417341325
-0.3489153833
-0.3487371109
-0.347853638
-0.3480052781
-0.3446207869
-0.3437525273
-0.3446051613
-0.3434147497
-0.3426082998
-0.3420806143
-0.3437736093
-0.3436233353
-0.335475919
-0.3346948695
-0.343785837
-0.3410698724
-0.3327184358
-0.3326717276
-0.3419513729
-0.3317309244
-0.3408106959
-0.3417681419
-0.3489404162
-0.348750329
-0.3478630992
-0.3480016177
-0.3437493169
-0.3447549154
-0.3446287373
-0.3434428843
-0.3428450354
-0.342096626
-0.3438892915
-0.3453022352
-0.3435978246
-0.3439805199
-0.3483283622
-0.342873015
-0.3480834093
-0.3449784851
-0.3428537687
-0.3409762664
-0.3550629729
-0.3727809813
-0.3380497077
-0.3534938986
-0.3446837257
-0.3610092812
-0.3311750575
-0.3250842499
-0.3457847431
-0.3221683359
-0.3439734372
-0.3605287939
-0.3452057543
-0.3436601542
-0.3437206801
-0.348478128
-0.342743765
-0.348160427
-0.3450960901
-0.3428951721
-0.3727888133
-0.3410367176
-0.3551479025
-0.3380717744
-0.3535284281
-0.3447839141
-0.3530618647
-0.3480118058
-0.3638667444
-0.3428026437
-0.3461456049
-0.3647411576
-0.3538680439
-0.3465282584
-0.3452147755
-0.3450156855
-0.348151113
-0.3498143626
-0.3496920558
-0.3485138548
-0.3526189334
-0.3596815429
-0.3545041077
-0.3610516963
-0.3587157041
-0.3543000386
-0.3532747072
-0.3441172326
-0.3445847035
-0.3445187632
-0.3474233162
-0.3457129729
-0.345007369
-0.3476942825
-0.3530701886
-0.3428057271
-0.348014239
-0.3638672729
-0.3461624987
-0.3647386926
-0.3538777327
-0.3465247919
-0.3452207671
-0.345017567
-0.3481463181
-0.3497890403
-0.3496912175
-0.3484625597
-0.3526229076
-0.3610580738
-0.3597127497
-0.3545398294
-0.3587156718
-0.3543058952
-0.3532825789
-0.354981203
-0.3547759474
-0.3617772183
-0.36005849
-0.354403796
-0.3615329049
-0.3551199812
-0.3432766204
-0.3461253678
-0.3460329778
-0.3460068336
-0.3460750658
-0.3488918138
-0.3489566686
-0.35039615
-0.3561226116
-0.3503891415
-0.3532663974
-0.3595106242
-0.3590735872
-0.3534558243
-0.3472906032
-0.3474759826
-0.3474649476
-0.350347358
-0.3502052698
-0.3500999395
-0.3504001689
-0.3549858645
-0.3600572828
-0.3547833633
-0.3618018492
-0.3544075552
-0.3615372231
-0.3551299668
-0.3432814569
-0.3460998629
-0.3460351454
-0.3460651893
-0.3460815895
-0.3488936962
-0.3489623837
-0.3561319858
-0.3504950247
-0.3503998306
-0.3532665205
-0.3595144128
-0.3590715306
-0.3534617066
-0.3629026739
-0.3732617529
-0.3666952059
-0.3728275363
-0.3655880254
-0.3704980297
-0.3751772527
-0.3784949061
-0.3876959906
-0.3835970903
-0.3939423572
-0.3847310611
-0.3782333392
-0.3822239445
-0.3821833468
-0.3648774591
-0.3699202956
-0.369985064
-0.3672374032
-0.368813017
-0.3817967561
-0.3629132891
-0.3732618696
-0.3667030686
-0.3728261696
-0.3655884
-0.370497773
-0.3751779256
-0.3785002197
-0.3939411767
-0.3877061973
-0.3835602797
-0.3847402567
-0.3782326836
-0.3822263611
-0.3651052083
-0.37516514
-0.3815943999
-0.3719468236
-0.3666630488
-0.379356944
-0.3742306896
-0.3521011867
-0.3482842999
-0.350140474
-0.3554344794
-0.3593570979
-0.3536330823
-0.3608289149
-0.3594990307
-0.3744571167
-0.3692798983
-0.3701295392
-0.3708822107
-0.3577906171
-0.3705700131
-0.3576063928
-0.3554957589
-0.3538338586
-0.359665014
-0.3673419762
-0.3633822955
-0.3641658707
-0.3651030883
-0.3719525954
-0.3752003691
-0.3815879418
-0.3666652078
-0.3793547823
-0.3742298487
-0.3482840492
-0.3521105388
-0.3501399147
-0.3554370743
-0.359361704
-0.3536333939
-0.360857147
-0.3595005326
-0.3701298316
-0.3744961704
-0.3692835692
-0.3708868662
-0.3577911592
-0.3705821649
-0.3341263736
-0.3337423618
-0.310338137
-0.311902421
-0.3341624823
-0.3337360216
-0.3103216434
-0.3119100193
-0.3665318102
-0.3851950963
-0.3696552696
-0.3650363428
-0.3847005599
-0.3691674076
-0.3714835128
-0.3696603054
-0.3665918815
-0.3852476469
-0.365030938
-0.3846902574
-0.3691507039
-0.3715040734
-0.3269017152
-0.3256565517
-0.3240668248
-0.3294911565
-0.3295650503
-0.3307062955
-0.3183642237
-0.316564102
-0.3145833155
-0.318447276
-0.3179829391
-0.3185066016
-0.3155662541
-0.3137780237
-0.3117436565
-0.3212510849
-0.320770397
-0.3213891415
-0.3269034003
-0.3256581338
-0.3240683826
-0.32949268
-0.3295662204
-0.3307072143
-0.3183646019
-0.3165643575
-0.3145835393
-0.3184428621
-0.3179783599
-0.3185017955
-0.3155660817
-0.3137778129
-0.3117434419
-0.3212489222
-0.3207678437
-0.3213863193
)
;

boundaryField
{
    inlet
    {
        type            zeroGradient;
    }
    outlet
    {
        type            fixedValue;
        value           uniform 0;
    }
    topAndBottom
    {
        type            symmetry;
    }
    frontAndBack
    {
        type            empty;
    }
    cylinder
    {
        type            zeroGradient;
    }
    procBoundary1to0
    {
        type            processor;
        value           nonuniform List<scalar> 
116
(
-0.03249069587
-0.0328779932
-0.03366352221
-0.03486454982
-0.03651227449
-0.03864912282
-0.04133266696
-0.0446389649
-0.0486667359
-0.05354450677
-0.05944094893
-0.06657578681
-0.07524409415
-0.08584324249
-0.09890312261
-0.1151520389
-0.1357401497
-0.1620268654
-0.1958585829
-0.2946322924
-0.2383545081
-0.2557954256
-0.2382146119
-0.2556828023
-0.294584198
-0.2946322924
-0.2946322924
-0.2946322924
-0.3572749733
-0.357210692
-0.3516253271
-0.359077196
-0.351203426
-0.351203426
-0.3582519722
-0.3516253271
-0.3397507836
-0.336147067
-0.3496705254
-0.3513645116
-0.3487259441
-0.3463130436
-0.3516404058
-0.3590890457
-0.3513620339
-0.3513620339
-0.3583195464
-0.3516404058
-0.3496899044
-0.351426052
-0.3487476908
-0.3463221694
-0.339770164
-0.3361533712
-0.3564536695
-0.3375574676
-0.3563340627
-0.3572408998
-0.3500159807
-0.3500159807
-0.3500472148
-0.3500472148
-0.3521677287
-0.3524010693
-0.3513255285
-0.3513378285
-0.3572329812
-0.3500199471
-0.3500199471
-0.3500847381
-0.3500847381
-0.3521925394
-0.352397938
-0.3513254585
-0.3513260479
-0.3283201915
-0.294584198
-0.294584198
-0.294584198
-0.328382282
-0.3346943299
-0.3462890143
-0.3354574915
-0.3354574915
-0.3354574915
-0.3464570214
-0.3346943299
-0.3346943299
-0.3346943299
-0.3564065924
-0.353068122
-0.3530690635
-0.3462933296
-0.3369001766
-0.3464858468
-0.3563859106
-0.3530592717
-0.353034182
-0.3124148138
-0.3266479375
-0.3109529191
-0.3266568497
-0.3124547603
-0.3109473047
-0.3397507836
-0.3405692695
-0.3418785045
-0.339770164
-0.3405878137
-0.3418968771
-0.336147067
-0.3356730886
-0.334166607
-0.3361533712
-0.3356792899
-0.3341726315
)
;
    }
    procBoundary1to3
    {
        type            processor;
        value           nonuniform List<scalar> 
125
(
-0.4010259202
-0.3925407322
-0.364072429
-0.313717937
-0.2482293991
-0.1773136468
-0.1106193946
-0.05416651612
-0.0107530638
0.01971051488
0.03904139671
0.04979207338
0.05444523186
0.05504492082
0.05312717074
0.04977613374
0.04571717914
0.0414134665
0.0371474446
0.03308121275
0.0292991234
0.02583715025
0.02270221651
0.01988495003
0.01736834193
0.01513240382
0.01315719252
0.01142361051
0.009912833858
0.008605080878
0.007478821622
0.006511162251
0.005679311929
0.004962592152
0.004343091807
0.003805677921
0.003338152914
0.002930598245
0.002574667531
0.002263315692
0.001990586946
0.001751418735
0.001541480369
0.001357048785
0.001194910055
0.001052278348
0.0009267292649
0.0008161465427
0.0007186803413
0.000632716075
0.0005568396876
0.0004898154697
0.0004305574399
0.0003781064736
0.0003316121948
0.000290322092
0.0002535743581
0.0002207869279
0.0001914450868
0.0001650907746
0.0001413125697
0.0001197375178
0.0001000282953
8.187268063e-05
6.500631824e-05
4.910455085e-05
3.419284845e-05
1.914740556e-05
8.418529132e-06
-0.327379769
-0.3504033197
-0.3826145995
-0.3238300125
-0.3238211323
-0.3430314043
-0.3273785955
-0.343024893
-0.3239764435
-0.3219059337
-0.3216690082
-0.3239773091
-0.3219016046
-0.3216695086
-0.3737495096
-0.3503935402
-0.373742364
-0.3273615356
-0.3315893413
-0.3313871632
-0.3367941036
-0.3421080481
-0.3363656936
-0.3273637586
-0.3315952968
-0.3313904735
-0.3421116671
-0.3368033541
-0.3363704841
-0.3980281501
-0.3826153197
-0.3980260535
-0.3482815563
-0.3593550101
-0.3536297997
-0.369277039
-0.370123315
-0.3577863523
-0.3482822386
-0.3593608679
-0.3536306151
-0.3701236968
-0.3692813108
-0.3577871686
-0.3184442156
-0.3179796537
-0.3185031592
-0.3155627041
-0.3137742786
-0.3117398001
-0.3184405529
-0.3179759239
-0.3184992775
-0.3155628479
-0.3137744185
-0.3117399575
)
;
    }
}


// ************************************************************************* //
