/*--------------------------------*- C++ -*----------------------------------*\
| =========                 |                                                 |
| \\      /  F ield         | OpenFOAM: The Open Source CFD Toolbox           |
|  \\    /   O peration     | Version:                                        |
|   \\  /    A nd           | Website:  www.openfoam.com                      |
|    \\/     M anipulation  |                                                 |
\*---------------------------------------------------------------------------*/
FoamFile
{
    version     2.0;
    format      ascii;
    class       volScalarField;
    location    "2.4";
    object      p;
}
// * * * * * * * * * * * * * * * * * * * * * * * * * * * * * * * * * * * * * //

dimensions      [0 2 -2 0 0 0 0];


internalField   nonuniform List<scalar> 
2403
(
0.06146393264
0.06130918858
0.06092400496
0.06030342599
0.05946506552
0.05841344136
0.05714145547
0.0556416345
0.05390979736
0.05194383322
0.04974249258
0.04730568319
0.04463706251
0.04174296335
0.03863286782
0.03532320859
0.03183830736
0.02820979748
0.02447597425
0.02068120065
0.01687503752
0.0131109295
0.009444444899
0.005931083686
0.002623909991
-0.0004278637231
-0.003183056636
0.06166777479
0.06151422865
0.06113113678
0.06051350373
0.05967874727
0.05863103206
0.05736285488
0.05586629533
0.05413670535
0.05217152229
0.04996890147
0.04752669667
0.04484661243
0.04193718006
0.03880773581
0.03547346869
0.03195796991
0.0282929625
0.0245172641
0.02067604905
0.0168200797
0.01300443942
0.009286676786
0.005724291135
0.002371953334
-0.0007184483757
-0.003503875024
0.06208100382
0.06192912719
0.06154969435
0.0609374955
0.06010938147
0.05906884762
0.05780766032
0.05631707504
0.05459155158
0.05262753022
0.05042161309
0.0479687746
0.04526791571
0.04232764772
0.03915864694
0.03577499709
0.03219837299
0.0284599365
0.02459939606
0.02066374115
0.01670629299
0.01278547337
0.008962862393
0.005300248212
0.001856348305
-0.001311593753
-0.004156867931
0.06269998855
0.06255059132
0.06217679508
0.06157312742
0.06075553617
0.05972650314
0.05847672735
0.05699620924
0.05527785031
0.05331610504
0.05110537057
0.04863921903
0.0459134093
0.04292911048
0.03969892363
0.03623938039
0.03257052226
0.02872120179
0.024731401
0.02065082064
0.01653692932
0.01245339247
0.008468106437
0.004649789914
0.00106398985
-0.002223847699
-0.005161200121
0.06352186622
0.06337585185
0.06300998813
0.06241851631
0.06161617079
0.06060404018
0.05937139546
0.05790651111
0.05620008613
0.05424385692
0.05202937897
0.04954826856
0.04679385171
0.04376047573
0.04045128343
0.03688692584
0.03309186626
0.02909199586
0.02492574569
0.02064557524
0.01631473414
0.01200444054
0.007791608165
0.003754984109
-2.972213001e-05
-0.00348531898
-0.006550749598
0.06454316479
0.06440091485
0.06404578611
0.06347106852
0.06268978444
0.06170131698
0.06049326859
0.05905174765
0.05736462319
0.05542022333
0.05320634415
0.05071094317
0.04792362816
0.04483559975
0.04143973425
0.0377459516
0.03378902642
0.02959577347
0.02520227474
0.02066259021
0.01604662993
0.0114359557
0.006920155496
0.002592020042
-0.001458385684
-0.005137593136
-0.008372483811
0.06575895367
0.06562111466
0.06527924378
0.06472692661
0.06397403088
0.06301778527
0.06184389924
0.06043610585
0.05877882846
0.05685622934
0.05465133173
0.05214688764
0.04932726353
0.04617862219
0.04268566748
0.03884735323
0.03469428417
0.03026063429
0.02558387583
0.0207189486
0.01574126231
0.01074474659
0.005836361684
0.001128669834
-0.003268087337
-0.007238052314
-0.01069133539
0.06716079457
0.06702975133
0.06670547248
0.06618087329
0.06546473954
0.06455167769
0.0634244522
0.06206404244
0.06045091008
0.058564515
0.05638203809
0.05387941545
0.05103346261
0.0478232562
0.04422942859
0.04024188515
0.03586532372
0.03113918898
0.02611016997
0.02084051422
0.01541092926
0.009927199576
0.004517748782
-0.0006777639713
-0.005520697297
-0.009864180878
-0.01359500983
0.06873849461
0.06861639834
0.0683152282
0.06782704385
0.06715744932
0.06629928532
0.06523436903
0.06393911795
0.06238931252
0.06055901519
0.05841871628
0.05593613979
0.05307858862
0.04981528975
0.0461196171
0.04197293267
0.03736543049
0.03230727961
0.02685129796
0.02107759846
0.0150826906
0.008985562331
0.002939388694
-0.002880809823
-0.00829689628
-0.01311869186
-0.0172004009
0.07047920216
0.07036844525
0.0700963512
0.06965433675
0.06904478203
0.06825769607
0.0672721224
0.06606294916
0.06460135713
0.06285403149
0.06078355735
0.05834809643
0.05550376452
0.052206878
0.04841793044
0.04410458812
0.03924217273
0.0338201352
0.02787497752
0.02149075802
0.01479381518
0.007925710919
0.001070795081
-0.005549942708
-0.0117036285
-0.01713891804
-0.02166386101
0.07236682394
0.07227016095
0.07203390362
0.0716488655
0.07111409698
0.07041713237
0.06953450609
0.06843734504
0.06709266863
0.06546238417
0.06349894738
0.06114877813
0.05835451199
0.05505623157
0.05119584206
0.04672143656
0.04159003163
0.03577318807
0.02926752883
0.02215930289
0.01459663264
0.006759709319
-0.001125285743
-0.008776550935
-0.01588470101
-0.02211098335
-0.02719728552
0.07438160007
0.07430216034
0.07410922586
0.07379316967
0.07334967695
0.07276402333
0.07201092469
0.07105830765
0.06986837834
0.06839585503
0.06658571011
0.0643724242
0.06168092478
0.05843134605
0.05454201013
0.04993451131
0.04453815522
0.03829238492
0.03116514671
0.02321328051
0.01458595213
0.005524719782
-0.003683715516
-0.01267450126
-0.02102998611
-0.02828515111
-0.03408617431
0.07649986889
0.07644117533
0.07629958664
0.07606539338
0.07573115203
0.07528038758
0.07468651136
0.07391455181
0.07292361546
0.07166203124
0.07006421645
0.0680520454
0.06553493581
0.06240759639
0.05855790213
0.05387200587
0.04823895004
0.04155874695
0.03375890608
0.02482016334
0.01489530183
0.004278253263
-0.00664759998
-0.01739975678
-0.02740470778
-0.036011392
-0.04272684885
0.07869386834
0.07865972617
0.07857793384
0.07843910229
0.07823321572
0.07794280895
0.07754073662
0.07698993541
0.07624798827
0.07525850909
0.07394544078
0.07221866481
0.06996846202
0.06706399704
0.06335745133
0.05868827772
0.05288995381
0.04579961297
0.03727095493
0.02721701717
0.0157340722
0.003134292806
-0.01004778891
-0.02315260767
-0.0353739477
-0.04577881378
-0.05366916665
0.08093020643
0.08092406496
0.08091007562
0.08087964858
0.08082093165
0.0807165793
0.08054050565
0.08025671798
0.07982112037
0.07917399068
0.07823053258
0.07689202121
0.07503066211
0.07248229559
0.06906320503
0.06455724934
0.0587213976
0.05129961058
0.04204553463
0.03076682236
0.01740361594
0.002280236107
-0.01391187908
-0.03021619995
-0.04546311115
-0.05829261826
-0.06769957027
0.08317248899
0.08319758032
0.08325877992
0.08334974634
0.08345696356
0.0835642614
0.08364739826
0.08367305507
0.0836012647
0.08337282173
0.08290008313
0.08207512328
0.08075399552
0.07873941108
0.07580851
0.07167780881
0.06601617245
0.05843634446
0.04853377932
0.03592323372
0.02035851151
0.002038866457
-0.01823089877
-0.03899699139
-0.05844914088
-0.07455716112
-0.0859286774
0.08537871532
0.08543664216
0.08557933036
0.08580358219
0.08609361823
0.08643457527
0.0868073914
0.08718781557
0.08754079018
0.08780811962
0.08790483391
0.08772746721
0.08712398938
0.08587395328
0.08370831921
0.08026433636
0.07510592625
0.0676721282
0.05733102285
0.04341025268
0.02534003585
0.00292394891
-0.02292558018
-0.05010946391
-0.07564063553
-0.09622776812
-0.1099246958
0.08750112537
0.08759523197
0.0878243787
0.0881892582
0.08867391837
0.08926707897
0.08995775161
0.09073063488
0.09155982498
0.09239626082
0.09317273192
0.09379397687
0.09410234451
0.09386892901
0.09280628977
0.09048821995
0.0863449724
0.07958604147
0.06927260341
0.05425641033
0.0333830403
0.005769720816
-0.02784753782
-0.06421646858
-0.09868612055
-0.1257284726
-0.1426975181
0.08949839366
0.08962847234
0.08994483063
0.09045239865
0.09113622767
0.09199043438
0.09301497788
0.09420735222
0.09555599169
0.09702905783
0.0985809509
0.100137772
0.1015585886
0.1026451008
0.1030944348
0.1024342648
0.1000042779
0.09478464886
0.08539148371
0.0699160164
0.04622041952
0.01206561239
-0.03306820087
-0.08331583699
-0.1301424845
-0.1657328204
-0.1857751046
0.09132207121
0.09148742943
0.09188928823
0.09253705803
0.09341713367
0.09453051797
0.0958903953
0.09751008319
0.09939705899
0.1015469624
0.1039459734
0.1065564577
0.1092804475
0.1119748615
0.1143708194
0.116042668
0.1162674332
0.1138290988
0.1069044336
0.09252521982
0.06673691736
0.02399905985
-0.03759262596
-0.09445571555
-0.1531072723
-0.2023394773
-0.2299476138
0.09293168406
0.09312536732
0.09360685735
0.09438660424
0.09545184778
0.09681149855
0.09849248585
0.1005257779
0.1029419553
0.1057705722
0.1090388311
0.1127622712
0.1169224681
0.1214647883
0.1262201562
0.1308978134
0.1348627824
0.1369740654
0.135105888
0.1253100606
0.1011154712
0.05077257903
-0.01959820265
-0.1178419131
-0.2205034699
-0.2687085729
-0.2994952124
-0.3143835082
0.0942747229
0.09449791466
0.09504998077
0.09594584994
0.09717536375
0.09875521845
0.1007256896
0.1031359717
0.1060412103
0.1095056193
0.1136036553
0.1184174628
0.1240288298
0.1305107441
0.1378858116
0.1461075355
0.154844545
0.1633941751
0.1698680519
0.1709413852
0.1447385917
0.1000596168
-5.43872854e-05
-0.1374927804
-0.3057273315
-0.4093642029
-0.4215754507
-0.4028817808
0.09531913036
0.09556604413
0.09617512345
0.09716502052
0.0985283662
0.1002887545
0.1024982664
0.1052226941
0.108540099
0.1125473698
0.1173661515
0.1231472232
0.1300746905
0.1383722288
0.1483020251
0.1601630021
0.174187142
0.1905169234
0.2083981782
0.225980188
0.2133822579
0.1685456822
0.07325643597
-0.1815663603
-0.5600875241
-0.6452946602
-0.5322079637
-0.4585213853
0.09603366506
0.09629741834
0.09694659124
0.09800301219
0.09946133824
0.1013503582
0.1037310912
0.1066820717
0.1102992897
0.1147056502
0.1200612896
0.1265745789
0.1345174201
0.1442501021
0.1562524749
0.1711787036
0.1898560832
0.2134851422
0.2429894917
0.2613876564
0.2917019743
0.2830958654
0.2255347641
-0.1428804787
-0.4502218747
0.09639671207
0.09666919488
0.09733952929
0.0984305793
0.09993836282
0.101894562
0.1043650342
0.1074352727
0.1112111892
0.1158302528
0.121474439
0.1283854163
0.1368868515
0.1474217466
0.1606045574
0.1773218654
0.1987915383
0.2269889713
0.2639668582
0.2997706057
0.3401678878
0.4194505002
0.4762684034
-0.454902978
-0.2236872476
-0.1816138214
-0.4548501194
-0.2237137412
-0.6358421003
-0.5600337295
-0.6357989663
-0.5486258375
-0.6452438521
-0.5486375337
-0.4720386389
-0.4659007888
-0.5321674423
-0.4719451979
-0.4657981576
-0.03098219787
0.4064144355
0.2254901935
-0.03098752652
0.4063944834
-0.1428884614
-0.4606276955
-0.4607366053
-0.4505032245
0.5843858423
0.4762888756
0.5843549807
-0.3925676661
-0.4718199446
-0.5740367782
-0.305633809
-0.3925219954
-0.4716683095
-0.5740045409
-0.4239518998
-0.5866970359
-0.5334344809
-0.4093295285
-0.423882598
-0.5866547165
-0.5334846451
-0.09881466906
0.1758021919
-0.06700095122
0.07322779445
-0.09882150534
0.1757627149
-0.0670317232
-0.5763135825
-0.5636343496
-0.5865507851
-0.6335156775
-0.5885257403
-0.6396272996
-0.5813654832
-0.6402675131
-0.6483765854
-0.6176830654
-0.6797295787
-0.6189078521
-0.6813157989
-0.6409587167
-0.4573318843
-0.4584742051
-0.4570939103
-0.1436436255
-0.4508720314
-0.4435134755
-0.4569428467
-0.443894742
-0.4582252963
0.4688359928
0.4677803268
0.5589547394
0.4193919093
0.4688857736
0.4677562298
0.5589342387
0.504755743
0.4785473996
0.4590455454
0.5234411211
0.4615502072
0.5255297127
0.5064802068
-0.2987266287
-0.2291421932
-0.2245726998
-0.2436319602
-0.2267018362
-0.2361223664
-0.2999765118
-0.4807892032
-0.4843439609
-0.4418946904
-0.4783996914
-0.4449376572
-0.473713144
-0.2987325663
-0.2291424363
-0.224580291
-0.2436375807
-0.2267061277
-0.2361285256
-0.2999917113
-0.4807978913
-0.4843448696
-0.4419221004
-0.4784044755
-0.4449458429
-0.4737354176
-0.6419869811
-0.6375484807
-0.6217243554
-0.6565268185
-0.6253620369
-0.6548904727
-0.6407858279
-0.658641239
-0.6622879352
-0.5763004213
-0.5636082658
-0.5864910511
-0.6334716324
-0.5885117701
-0.6396120175
-0.5813269917
-0.6419727256
-0.6375353636
-0.6216797638
-0.6564856181
-0.6253488003
-0.6548768095
-0.6407469776
-0.658631316
-0.6622814734
-0.611858178
-0.548335056
-0.5841553884
-0.5487097067
-0.5853797808
-0.547610109
-0.6095430006
-0.5491312387
-0.5457287605
-0.6402552348
-0.6483599404
-0.6176330605
-0.6796874624
-0.6188930531
-0.6813011604
-0.6409236174
-0.6118431942
-0.5483309103
-0.5841044543
-0.5486705807
-0.5853648745
-0.5475965508
-0.6095027504
-0.5491088423
-0.5457169727
-0.5034268023
-0.5374269566
-0.4991923904
-0.5385643978
-0.4974060045
-0.5035256512
-0.4942521611
-0.466370876
-0.4710967243
-0.4847381876
-0.4708550575
-0.4846167142
-0.4927804537
-0.5034079822
-0.5373740794
-0.4991257487
-0.5385462329
-0.4973834593
-0.503472186
-0.4942430826
-0.4663637463
-0.4709002029
-0.4846600695
-0.470837793
-0.4846020943
-0.4927149304
0.1560533646
-0.02970424692
0.09939547282
0.001837695738
0.10105132
-0.005321663882
0.1547163451
0.2362872576
0.1665792917
0.2896290202
0.1680367588
0.2847102881
0.2336691646
0.1560518296
-0.02971231506
0.09939986376
0.001832804555
0.1010535153
-0.005324988144
0.154714244
0.236285176
0.1665747013
0.289620666
0.1680332211
0.2847099515
0.2336647405
-0.143639058
-0.4596816819
-0.4596928539
-0.4470269576
-0.4447105238
-0.4509006195
-0.4437111524
-0.4570152077
-0.4439178614
-0.4582379136
-0.4470974927
-0.4447326694
0.4390509916
0.4400260293
0.5663257404
0.586864996
0.5641123147
0.5956267847
0.5670066607
0.594761978
0.5664804812
0.5047520792
0.4785463331
0.4590349367
0.5234187745
0.4615479468
0.5255282005
0.5064688677
0.4390510822
0.4400252554
0.5663206939
0.5868580691
0.5640864147
0.5956037812
0.5670023397
0.5947552804
0.5664649427
-0.2139218125
-0.1392565556
-0.2376993708
-0.1178515494
-0.2138885801
-0.1392913589
-0.2376489148
-0.2566914654
-0.2726058142
-0.3488433293
-0.2205187099
-0.2566631392
-0.2725178392
-0.3488081683
-0.2970746816
-0.3650175804
-0.3860970033
-0.2686923132
-0.2970808742
-0.3649941462
-0.3860302247
-0.3150247139
-0.3865202657
-0.3822540035
-0.2994217008
-0.3149839725
-0.3865952274
-0.3821964472
0.01971491515
0.144794538
0.08294182705
0.100057661
0.0197077005
0.1448114566
0.08291498337
-0.09533461813
0.05103857037
-0.09887225775
-6.913221412e-05
-0.09539975076
0.05102939985
-0.09892225898
-0.265172802
-0.1685915096
-0.3957551198
-0.1375587966
-0.2650020674
-0.1687396369
-0.3955813129
-0.3873826005
-0.3403693056
-0.3480118872
-0.3039827486
-0.3389144647
-0.3473094882
-0.38795032
-0.4691828651
-0.4193906209
-0.4621772953
-0.4089430416
-0.4191332303
-0.462059706
-0.4692579396
-0.4084231182
-0.5179382861
-0.4667720378
-0.4216583586
-0.4083634353
-0.5179025372
-0.4668192001
-0.4570746913
-0.4029506441
-0.456924684
0.1066939026
0.2500266373
0.2124562486
0.1685948172
0.1066778184
0.2500592139
0.2123967987
0.05209063211
0.02722252299
0.09965411942
0.07874112838
0.03030665967
0.1037601344
0.04975794061
-0.2921139137
-0.1813250089
-0.2668072206
-0.1995183426
-0.2661018941
-0.1995715641
-0.2932134235
-0.516564272
-0.5329029532
-0.5100213628
-0.5478017774
-0.510066386
-0.5509046172
-0.5163974787
-0.4586210214
-0.4550762108
-0.4552310686
-0.4447959961
-0.444883024
0.2743813686
0.3264198748
0.3733100277
0.291704163
0.2743472202
0.3263682348
0.3733925772
0.2582310754
0.3902671967
0.4159375732
0.2830547265
0.2582552308
0.3903503316
0.4159339095
0.234688255
0.2270377774
0.1719436419
0.280881734
0.1725236081
0.282004828
0.2341099009
0.3974541031
0.3627575331
0.4369889037
0.3402173025
0.3973886117
0.3627441517
0.4369635929
0.4697926067
0.4392554127
0.4424871379
0.4241002915
0.4418318666
0.4470075394
0.4674387369
-0.4264608192
-0.4543684053
-0.3682986504
-0.4900189512
-0.3688242213
-0.4887901108
-0.423982364
-0.2921333903
-0.1813528684
-0.2669273956
-0.1995197426
-0.2661383558
-0.1995835603
-0.2932656293
-0.4264759509
-0.4543502777
-0.3683594041
-0.4900405879
-0.3688452506
-0.4887910783
-0.4240243644
-0.4910780469
-0.4720610652
-0.4882074652
-0.4714838078
-0.4882471562
-0.4712343644
-0.4910473056
-0.5165440349
-0.5328861657
-0.5099311343
-0.5477984867
-0.5100400128
-0.5508945431
-0.5163450603
-0.4910645456
-0.4720377465
-0.4882232812
-0.4712950721
-0.4882468989
-0.4712109704
-0.4909793881
0.3100714908
0.4070737225
0.3422624693
0.3712430869
0.3432738646
0.3728131035
0.3077644811
0.2346872239
0.2270265494
0.171928952
0.2809068573
0.1725206794
0.2820112296
0.2341092483
0.310068628
0.4070664538
0.342239362
0.3712656493
0.3432713467
0.3728164748
0.3077584067
-0.419848258
-0.3694268348
-0.4454010678
-0.3918842903
-0.3683925296
-0.4451055802
-0.4202967609
-0.4723536277
-0.5173728506
-0.5170604475
-0.4454528153
-0.4013323114
-0.4010671107
-0.4458666354
-0.5740972352
-0.5514059506
-0.5514706556
-0.4801387096
-0.5066400697
-0.5065319891
-0.4804455179
-0.3874460222
-0.3039846583
-0.3404907554
-0.3476544595
-0.338959219
-0.3472648309
-0.388106351
-0.419858613
-0.3918715702
-0.3694404783
-0.4453459922
-0.3684013968
-0.4450872539
-0.4203162433
-0.4723043481
-0.5173282967
-0.5170485437
-0.4454761075
-0.4008882655
-0.4009667507
-0.4459208656
-0.574086181
-0.5513807712
-0.5514650247
-0.4801430433
-0.5065967278
-0.5065172961
-0.4804494567
-0.4684456375
-0.4234078401
-0.4641883569
-0.4236616365
-0.4232108442
-0.4640535534
-0.4685633988
-0.5875442425
-0.5761995724
-0.576646271
-0.5237980859
-0.5225705188
-0.5227790342
-0.5236641219
-0.5335692943
-0.5557654176
-0.5562354999
-0.5150140774
-0.5029811771
-0.5029927467
-0.5149197394
-0.4691755591
-0.4089335308
-0.4193765245
-0.4621381697
-0.419128276
-0.4620460561
-0.4692372624
-0.4684386177
-0.4236517953
-0.4234032059
-0.4641536527
-0.4232037156
-0.4640474525
-0.4685437499
-0.5875295444
-0.5761533846
-0.5766342566
-0.523788208
-0.5225287277
-0.5227643091
-0.5236319868
-0.533574426
-0.5557357837
-0.5562253138
-0.515010241
-0.5029754217
-0.5029907874
-0.5149172092
-0.09768423207
-0.09844367154
-0.09736609219
-0.01593062112
-0.03029192294
-0.02868211419
-0.01715773983
0.177701756
0.1183025536
0.1192330364
0.07999008894
0.132605101
0.1352344028
0.07844300953
-0.06548641784
-0.0940436606
0.03909976109
-0.09328792947
0.03957026342
0.003471121717
0.002771653649
0.05208259288
0.07873084967
0.02720254771
0.09965047349
0.03030026162
0.103757052
0.04973781921
-0.09769085863
-0.09848518264
-0.09737172173
-0.01594063434
-0.03031929038
-0.02868904639
-0.01718933544
0.1776869226
0.118349309
0.119246467
0.07999117987
0.1326332576
0.1352426101
0.07845177725
-0.06550521128
-0.09409107894
0.03911059985
-0.09329997108
0.0395749761
0.003460328071
0.002745788425
-0.4578001219
-0.453997742
-0.4436993821
-0.4540574382
-0.4437630199
-0.4431994413
-0.4433762966
-0.4586152156
-0.4552127724
-0.4552594966
-0.4448025885
-0.4449279718
-0.4577818638
-0.4541026134
-0.4437111339
-0.4540845269
-0.4437613829
-0.4432022405
-0.4433644243
0.4699302296
0.5109972144
0.5118212594
0.4924124883
0.4566502678
0.4582259597
0.4910677775
0.490216071
0.4591967531
0.4984976106
0.4720739353
0.4635781902
0.5007733852
0.4878988047
0.5601380512
0.5427805798
0.5439719852
0.5178709907
0.529552912
0.5309447144
0.5164735775
0.4697929161
0.4240985251
0.4392269019
0.4425138121
0.4418322396
0.4470102632
0.467438669
0.4699327936
0.5109802015
0.5118176977
0.4924129701
0.4566516093
0.4582272777
0.491075824
0.4902131901
0.4720708257
0.4591862564
0.4984901828
0.4635750403
0.5007713243
0.4878899057
0.5601319809
0.5427516858
0.5439675426
0.5178665027
0.529540447
0.5309404162
0.5164535354
-0.1223684383
-0.1050087344
-0.1451282541
-0.09441738811
-0.1223653373
-0.1049883139
-0.1451326978
-0.1802155184
-0.1800997857
-0.2127983281
-0.1530836723
-0.1802012242
-0.180077948
-0.2127833872
-0.2202982481
-0.2381326125
-0.2556994675
-0.2023280904
-0.2202721325
-0.2381223952
-0.2556836862
-0.2427432466
-0.2639462789
-0.2636562649
-0.2298777951
-0.2425726318
-0.2639179072
-0.2635324859
0.02585648156
0.07203434813
0.03967519494
0.05076237522
0.02585484125
0.07202851479
0.03966865739
-0.05913305558
-0.01100595235
-0.113257959
-0.01960125899
-0.05914476098
-0.01102141064
-0.1133103996
-0.2331520944
-0.2273512359
-0.2374614147
-0.1706766988
-0.2081357102
-0.1958015011
-0.2490512837
-0.3065775507
-0.2814171398
-0.296445654
-0.2662412953
-0.2803654223
-0.2940568985
-0.3082381438
-0.3224340511
-0.308078857
-0.3246337977
-0.2978837353
-0.3078036479
-0.322564793
-0.3239929465
-0.3776954184
-0.3143301108
-0.3777706589
0.1333794298
0.1779832824
0.1637151255
0.1447264339
0.1333936453
0.1779885278
0.1637414463
-0.004637540863
-0.01503353822
0.01278585559
0.02912065704
-0.008727517973
0.03775449546
-0.01203744065
-0.1932875953
-0.1785888619
-0.1452766362
-0.1284578186
-0.1741744117
-0.1416535124
-0.1958537847
-0.4577688268
-0.4215293992
-0.4579058426
-0.4507421327
-0.4182915783
-0.4180879195
-0.4507742247
-0.3975094632
-0.4269389404
-0.4029470719
-0.3990848307
-0.4271128876
0.2039818948
0.2510175508
0.245636973
0.2133388601
0.2039762409
0.2509611409
0.2456857805
0.2103757297
0.1349190274
0.2003418233
0.1767312989
0.1891103822
0.2024410451
0.1705576496
0.2793540875
0.2831272078
0.3051343819
0.2614263675
0.2793757301
0.2831303284
0.3051377785
0.3326066502
0.2856011675
0.3186655586
0.3074186506
0.2948687404
0.3382335234
0.3250986579
0.3259324091
0.3078660572
0.3374644874
0.2997743705
0.3259371165
0.3078697022
0.337466521
0.399039018
0.3448590636
0.3517415691
0.3483589132
0.3855731303
0.3603994731
0.3586003224
-0.1781786117
-0.1681886562
-0.2247196931
-0.1352324424
-0.1555622933
-0.1614730794
-0.1696341889
-0.1408792733
-0.1341662617
-0.1654708001
-0.1066493222
-0.09414932327
-0.1563058656
-0.1497823171
-0.235138539
-0.1888239897
-0.2179154663
-0.1997908163
-0.2093764975
-0.199999355
-0.1770432506
-0.1781570519
-0.1352320968
-0.1681860122
-0.2246613617
-0.1555651773
-0.1614744514
-0.1696037953
-0.1408830671
-0.1066500079
-0.134178388
-0.1654737758
-0.09415116867
-0.1562912557
-0.1497911911
-0.2351138433
-0.1887921636
-0.2178562188
-0.1996470512
-0.2093545489
-0.1999606459
-0.1770147656
-0.2589590257
-0.2409974813
-0.2826086841
-0.2529257187
-0.2329688208
-0.2789376359
-0.2655120862
-0.302287927
-0.2677539809
-0.2987089944
-0.2649983963
-0.2477018604
-0.2359579036
-0.2716962382
-0.3278233616
-0.3476117083
-0.3257657992
-0.2900159721
-0.3126105214
-0.3105652137
-0.2934492168
-0.2331471934
-0.1706806689
-0.2273264532
-0.2374576624
-0.2081262486
-0.195804481
-0.2490354757
-0.2589559923
-0.2529161211
-0.2410027316
-0.2825917912
-0.2329635905
-0.2789309227
-0.2655076562
-0.2677363895
-0.3023123118
-0.2987197784
-0.264996858
-0.2476189095
-0.2359339247
-0.2716831338
-0.3476007808
-0.3278280079
-0.3257660424
-0.29002043
-0.3125926792
-0.3105583198
-0.2934707977
-0.3145028004
-0.2881139578
-0.3222175946
-0.2965225195
-0.2868430712
-0.3208320001
-0.3159859043
-0.3761512203
-0.3642550272
-0.3756744413
-0.338596473
-0.327885765
-0.3266025149
-0.3394084758
-0.3826195894
-0.3856827873
-0.3822133547
-0.3464011312
-0.3520262105
-0.35139283
-0.3471197755
-0.3065735654
-0.2662354803
-0.2814341458
-0.296432104
-0.2803630529
-0.2940512414
-0.3082331364
-0.3144955642
-0.2965121967
-0.2880907041
-0.3222197364
-0.2868336492
-0.3208239464
-0.3159717659
-0.3642483409
-0.3761491387
-0.375671695
-0.3385913945
-0.3278732084
-0.3265965975
-0.3394113602
-0.3856733815
-0.3825925108
-0.3822054673
-0.346387354
-0.3519868102
-0.3513844389
-0.3470753304
-0.3863115995
-0.3546093746
-0.3540795946
-0.3858458098
-0.3534453908
-0.3854041239
-0.3550541586
-0.3537656938
-0.3582861215
-0.3836470955
-0.3809358173
-0.357919632
-0.382664997
-0.3546169107
-0.3224239018
-0.2978613364
-0.3080764978
-0.3245700404
-0.3077917866
-0.3225478469
-0.3239744338
-0.3863237682
-0.3546004035
-0.354076779
-0.3858132382
-0.3534459905
-0.3853928298
-0.3550328435
-0.3537481647
-0.3809231484
-0.3582295223
-0.3836360939
-0.3579008019
-0.3826546006
-0.3545788736
0.07537203292
0.05086825764
0.03364938939
0.07261015174
0.06331571017
0.07761403229
0.07401910813
0.150009102
0.1195102803
0.1100975483
0.1575570095
0.1357879629
0.1702747004
0.09454546383
0.09572018832
0.1056874239
0.06210886992
0.1013647426
0.07689283192
0.1328045029
0.08608926674
0.07536853001
0.07260598833
0.05086295102
0.03364227122
0.06331289334
0.07760920331
0.07401096306
0.1500045155
0.1575612944
0.1195213865
0.1101047598
0.1357896235
0.1702707375
0.09454568546
0.09571207187
0.1056836607
0.062099583
0.1013542709
0.07688881425
0.1328005516
0.08608274123
-0.04995603436
-0.04761086089
-0.09596227039
-0.08963115902
-0.06052532688
-0.09420743659
-0.04930983617
0.01017684132
0.05829201545
0.01439103183
0.002846536385
0.03270210593
0.04330101694
-0.002133138899
-0.09783588742
-0.03954178481
-0.0375786093
-0.04388308061
-0.09738394267
-0.09630412516
-0.04564583748
-0.004648913894
0.02911006355
-0.01506047012
0.01276965747
-0.00873675854
0.03774674467
-0.01206718209
-0.04997458987
-0.08965288509
-0.04765913762
-0.09604895448
-0.06054169753
-0.09423877679
-0.04935988712
0.0582888792
0.01016457066
0.01438829427
0.002839644684
0.03269291584
0.04329702943
-0.002150608364
-0.09786362066
-0.03956409549
-0.03758867864
-0.04390187044
-0.09747926961
-0.09634136604
-0.04568757001
-0.2998788865
-0.2640794589
-0.298984391
-0.2473618909
-0.2221194927
-0.2207612534
-0.2485090159
-0.1681782509
-0.2412036257
-0.2405189727
-0.2155491235
-0.1559206481
-0.1546540351
-0.2167383698
-0.3950534799
-0.3209809966
-0.3208329303
-0.342487079
-0.3417593408
-0.280263374
-0.2807254587
-0.1933227359
-0.1284781356
-0.1786876885
-0.1454009
-0.1741839292
-0.1416971048
-0.1960469947
-0.2640263001
-0.2988489093
-0.2987251
-0.2472568788
-0.2219774863
-0.2207058323
-0.2484867094
-0.1682252699
-0.2413633587
-0.240560483
-0.2156077231
-0.1560886619
-0.1547130639
-0.2170090688
-0.3949795916
-0.3210505065
-0.3208373989
-0.3419031409
-0.3415672982
-0.2802672532
-0.2812953795
-0.4424862722
-0.4134806192
-0.4337821954
-0.4080324254
-0.4131897865
-0.4337435858
-0.4424868915
-0.5184114485
-0.500740539
-0.5009781816
-0.4916795422
-0.4919406995
-0.4795460618
-0.4794474215
-0.4668946222
-0.482332801
-0.4825203354
-0.4665930615
-0.4540801348
-0.4541253377
-0.4664792404
-0.421544002
-0.457870595
-0.4579202006
-0.4507260394
-0.418258255
-0.418075437
-0.4507302124
-0.4424748581
-0.4080228864
-0.4134623268
-0.433783327
-0.4131779864
-0.4337433453
-0.442457064
-0.5184014966
-0.5006805294
-0.5009635367
-0.4917208571
-0.4919417138
-0.4795358283
-0.4794159106
-0.4669016903
-0.482337522
-0.4825178118
-0.4665839501
-0.4541162989
-0.4541295046
-0.4664607056
-0.4571869475
-0.4463039699
-0.4465074769
-0.4029620374
-0.4269732872
-0.4271184245
-0.4571568673
-0.4462589149
-0.4464956522
0.1348860739
0.1184269719
0.1440688272
0.1803957016
0.1252577349
0.156477235
0.1564530006
0.2262663546
0.2236476234
0.2484604748
0.2741732116
0.2382856645
0.2587599173
0.2132796347
0.215924872
0.1705121796
0.1756308108
0.2065631201
0.2360676549
0.2421869005
0.1968195343
0.2103741455
0.1767330829
0.1349404797
0.200323973
0.1891068817
0.2024337476
0.1705538875
0.1184229198
0.1349175743
0.1440737762
0.1803934665
0.1252645771
0.1564736358
0.1564552758
0.2262635831
0.2741762311
0.223659169
0.2484806646
0.2382815876
0.2587624564
0.213276095
0.2159145708
0.1705228671
0.1756333105
0.2065592961
0.2360468841
0.2421822278
0.1967966813
0.3179065541
0.2853344837
0.3079160427
0.3166060368
0.2923309092
0.3418146327
0.3124811601
0.348561744
0.3088225925
0.3292323739
0.334467627
0.3180794875
0.3689604639
0.3132240975
0.3835339524
0.3478128911
0.3455280113
0.3518565112
0.3582078454
0.3745026155
0.3321833093
0.3179049091
0.3166081598
0.2853006722
0.3079452898
0.2923250645
0.3418190253
0.3124778416
0.3485611815
0.334461726
0.3088352581
0.3291907383
0.3180797953
0.3689597911
0.3132228459
0.3835468402
0.3478119105
0.3455337699
0.3518598214
0.3582080521
0.3745052957
0.332185209
0.2608131269
0.3089485506
0.3109058643
0.3256992479
0.2773850221
0.2818862263
0.3222798698
0.404169063
0.3960990825
0.4075430922
0.3703826707
0.3572908285
0.3659625841
0.3658772342
0.416766168
0.3620739763
0.3634524514
0.4141681738
0.4160203943
0.3710478013
0.3686877221
0.3326068379
0.30741699
0.2856077998
0.3186774595
0.2948720516
0.3382345937
0.3250983175
0.2608146656
0.3089452423
0.3109019397
0.325700124
0.2774089418
0.2818893945
0.322276556
0.3961105409
0.404265309
0.407554834
0.3703770491
0.3572837454
0.3659583657
0.3658635252
0.4167632093
0.3620317363
0.3634432167
0.414213048
0.4160227624
0.3710410318
0.3686683362
0.4163569064
0.4072463165
0.4262568475
0.4114274654
0.3713810213
0.3956246991
0.3870358714
0.407528716
0.3591975648
0.3727155133
0.3709956074
0.367715904
0.4118693202
0.367884011
0.4300529642
0.4466694636
0.4398593829
0.4224304501
0.4040371529
0.4279708483
0.3982577909
0.3990356926
0.3483637192
0.344888072
0.3517334102
0.3855704949
0.3603994253
0.3585939619
0.4072431349
0.4163554128
0.4262570287
0.4114234443
0.3713390909
0.3956176376
0.3870072193
0.4075283689
0.3709962134
0.3592390199
0.3727137051
0.3677194616
0.411869186
0.36789391
0.4466640986
0.4300539294
0.439855097
0.4224300317
0.4040333173
0.4279683949
0.3982813871
-0.1138678903
-0.05645455919
-0.06122882894
-0.04585363454
-0.06491907579
-0.05607666079
-0.06925522363
-0.06124449168
-0.1139029264
-0.05649626463
-0.04586493509
-0.06493193395
-0.05608791232
-0.06928731833
-0.3522376688
-0.3759364778
-0.3511728158
-0.3759476992
-0.352283633
-0.3511672145
0.2226310325
0.2601256288
0.2905064848
0.2640264795
0.2695957011
0.2444880039
0.2322276007
0.2905115266
0.2226723954
0.2601709305
0.2640261227
0.2695930037
0.2444847282
0.2322573702
-0.1471261523
-0.1469474516
-0.1462579815
-0.1471436189
-0.1469665499
-0.1462774911
-0.4673568371
-0.4692293303
-0.4714259773
-0.467424341
-0.4692932022
-0.4714922419
-0.6318070077
-0.6338577406
-0.6305784977
-0.6366278792
-0.6411290392
-0.6433755035
-0.6458832458
-0.6469262578
-0.6464997148
-0.7130396587
-0.7210682184
-0.7279831574
-0.7098757271
-0.7150897596
-0.7163337201
-0.651007409
-0.6545478036
-0.6593378608
-0.1467663909
-0.1460000119
-0.1441681023
-0.4632834744
-0.4648359436
-0.4671487598
-0.460202606
-0.4599496707
-0.458459923
0.5432044145
0.5476401456
0.5483583061
0.5473153365
0.5538170058
0.5589473876
-0.4227466686
-0.4243460785
-0.4260840312
-0.2885561582
-0.2919335704
-0.2931893835
-0.2844934355
-0.2869397117
-0.2855716064
-0.4366775871
-0.4354267668
-0.4369624297
-0.4360047453
-0.4329891946
-0.4310900044
-0.7005133414
-0.7073267373
-0.7073460115
-0.6691410059
-0.6723955781
-0.67635269
-0.6636542792
-0.6643930558
-0.6629707692
-0.7029304247
-0.7125343888
-0.7182132793
-0.631791018
-0.6338410671
-0.6305618082
-0.6365850342
-0.6410841825
-0.6433297176
-0.7004983515
-0.7073116493
-0.7073310929
-0.669100122
-0.6723543713
-0.6763111229
-0.6636396442
-0.6643783175
-0.6629561892
-0.7028898216
-0.7124931584
-0.7181716569
-0.6338834684
-0.637023168
-0.6373293977
-0.637172355
-0.6428086842
-0.6481912234
-0.6458697193
-0.6469125719
-0.6464861276
-0.7129984809
-0.7210265867
-0.7279409827
-0.7098609574
-0.7150748649
-0.7163188068
-0.650969755
-0.6545094448
-0.6592990866
-0.6338692063
-0.6370089967
-0.6373154203
-0.6371337663
-0.6427699561
-0.6481523127
-0.5644531432
-0.5687109517
-0.5719827111
-0.4982409245
-0.5007564394
-0.5034724505
-0.4944491851
-0.495020838
-0.4936107603
-0.5074331988
-0.5102746303
-0.5129811011
-0.4981702515
-0.5006837505
-0.5033956239
-0.4944296544
-0.4950001394
-0.4935890951
0.158452159
0.1566390562
0.1567774438
0.02991231003
0.03444087597
0.03693903308
0.0269177738
0.03152007913
0.03358234435
-0.1467713025
-0.1460063959
-0.1441745453
-0.463216837
-0.4631753995
-0.4615176801
-0.4632240733
-0.4631821354
-0.4615241649
0.5984645282
0.6034241752
0.604569026
0.621122371
0.6274578488
0.6331985763
0.6166341362
0.6205254562
0.6213018125
0.6021131866
0.6094380939
0.6154108222
0.5432012488
0.5476370427
0.5483553268
0.5473050447
0.553806667
0.5589370704
0.5984591447
0.6034187884
0.6045637475
0.6210999136
0.6274349783
0.6331752548
0.616626994
0.6205182087
0.62129457
0.6020966291
0.6094211925
0.6153937417
-0.4227719187
-0.4243701392
-0.4261076552
-0.5486950692
-0.5556774677
-0.5587673029
-0.4366549544
-0.4354032962
-0.4369371445
-0.5486937716
-0.5556791299
-0.558771448
-0.657146619
-0.6580473532
-0.6627022307
-0.6571369242
-0.6580375436
-0.6626935933
-0.5644790991
-0.5687378882
-0.5720093949
-0.5571180695
-0.5612537312
-0.5651199624
-0.5570753677
-0.5612129886
-0.5650796419
0.1590020095
0.1578937674
0.1591675637
0.3259176369
0.3322385356
0.3364640221
0.1589963512
0.1578887664
0.15916373
0.3259094932
0.3322320555
0.3364595667
-0.453005428
-0.4553636186
-0.4578699141
-0.4459427307
-0.4474334346
-0.4499680783
-0.4459701903
-0.447461814
-0.4499960978
0.4433966411
0.4459213942
0.4500828017
0.4433959459
0.445921137
0.4500841577
-0.2885497151
-0.2919264048
-0.2931818538
0.02991930078
0.03444827764
0.0369464961
-0.2844885596
-0.2869348827
-0.2855665483
0.02692094638
0.03152349842
0.03358578228
-0.5074990127
-0.5103411302
-0.5130487148
-0.5026973861
-0.5034499105
-0.5020525281
-0.4184164331
-0.4182512706
-0.4164509427
-0.5440326485
-0.5489830149
-0.5472936605
-0.4359977443
-0.4329815268
-0.4310809692
-0.5440338553
-0.548984915
-0.5472971275
-0.6557023413
-0.6539445428
-0.653471908
-0.6556963787
-0.6539395897
-0.6534681579
-0.5584893972
-0.5605290596
-0.5591914837
-0.5584770323
-0.5605168039
-0.5591796118
-0.5540199398
-0.5559462231
-0.555354931
-0.5540057814
-0.5559323197
-0.5553410867
-0.5026750586
-0.503427703
-0.5020304452
0.3219649494
0.3271687274
0.3286807585
0.1584483779
0.1566359638
0.156775325
0.3219622255
0.3271663479
0.3286796045
-0.4633455541
-0.4649012399
-0.4672176891
-0.4602189067
-0.4599665813
-0.458477131
-0.4530731878
-0.4554306234
-0.4579373072
-0.4484505898
-0.4490021506
-0.4478326622
-0.4484292457
-0.4489811563
-0.4478120376
-0.4432299334
-0.4429316466
-0.4418832565
-0.4432414784
-0.4429429479
-0.4418938557
0.441066173
0.4417863075
0.4425406591
0.4410648396
0.4417858043
0.4425414783
-0.4184248315
-0.4182594214
-0.4164587684
)
;

boundaryField
{
    inlet
    {
        type            zeroGradient;
    }
    outlet
    {
        type            fixedValue;
        value           nonuniform 0();
    }
    topAndBottom
    {
        type            symmetry;
    }
    frontAndBack
    {
        type            empty;
    }
    cylinder
    {
        type            zeroGradient;
    }
    procBoundary0to1
    {
        type            processor;
        value           nonuniform List<scalar> 
116
(
-0.005610285183
-0.005951343022
-0.006643737149
-0.007708174769
-0.009180168742
-0.01110893567
-0.01356249693
-0.01663231433
-0.02044019999
-0.02514811675
-0.03097432359
-0.03821106828
-0.04725863524
-0.05866909958
-0.07319329427
-0.09200649319
-0.1162602498
-0.1493307035
-0.1915622942
-0.2511148497
-0.2511148497
-0.2511148497
-0.2511148497
-0.2511148497
-0.2511148497
-0.316477971
-0.3554530513
-0.3558247794
-0.4471662143
-0.4472821792
-0.4474513666
-0.4474513666
-0.4462768102
-0.4400637114
-0.4462768102
-0.4399698805
-0.4171717089
-0.4144781097
-0.4370672187
-0.4373933027
-0.4427490647
-0.444294808
-0.4474661693
-0.4474661693
-0.4463459896
-0.4400730376
-0.4463459896
-0.4399803617
-0.4370828605
-0.4374374503
-0.4427722981
-0.4443052694
-0.4171995541
-0.4144869654
-0.4464519822
-0.3975191002
-0.4465149813
-0.4472304733
-0.4472304733
-0.4416005789
-0.4471662143
-0.4415505812
-0.4385820981
-0.4387357274
-0.4391774108
-0.4392054359
-0.4472574621
-0.4472574621
-0.4416074857
-0.4472821792
-0.441572568
-0.4387429638
-0.4387508925
-0.4391853719
-0.4392557087
-0.3744110443
-0.316438184
-0.3554355866
-0.3558337905
-0.3744497499
-0.4219061723
-0.4219061723
-0.421234758
-0.3908931712
-0.3744110443
-0.421234758
-0.3959884818
-0.3990880811
-0.3734785479
-0.446544747
-0.4386222707
-0.4383857774
-0.4219140851
-0.3990880811
-0.4212557154
-0.4465693002
-0.4386354654
-0.438393962
-0.3558247794
-0.3734785479
-0.3554530513
-0.3734700874
-0.3558337905
-0.3554355866
-0.3938700289
-0.3936029317
-0.3948891344
-0.3938743009
-0.3936067859
-0.3948926693
-0.390933025
-0.3890810482
-0.3871260678
-0.3909361423
-0.3890840668
-0.3871290614
)
;
    }
    procBoundary0to2
    {
        type            processor;
        value           nonuniform List<scalar> 
75
(
0.09639702952
0.09666916489
0.09733951483
0.09843059686
0.09993833145
0.1018944433
0.1043647916
0.107434852
0.1112105145
0.1158292148
0.1214728799
0.1283831167
0.13688355
0.14741729
0.1605994671
0.1773194008
0.1988017982
0.2270256212
0.2639935589
0.3078624007
0.3627573444
0.4677815353
0.5843912657
0.5843602283
0.5589582334
0.4677568487
0.5589374607
0.5868704114
0.5956354404
0.5947704787
0.5868633816
0.595612369
0.5947637058
0.4369897777
0.3627430287
0.4369636978
0.4984990201
0.4720749375
0.5007746618
0.5601415637
0.5295548552
0.5309466501
0.4720715919
0.498491171
0.5007724384
0.5601353771
0.5295421148
0.5309422379
0.3374615375
0.3078645333
0.3374613485
0.3727160559
0.370995059
0.4118688708
0.4466699928
0.4040377134
0.427970694
0.3709952599
0.3727132271
0.411868306
0.4466643032
0.4040329245
0.4279678557
0.621129893
0.6274654078
0.6332062283
0.616641363
0.6205326518
0.6213090109
0.6211072699
0.6274423484
0.6331827047
0.6166341229
0.6205253003
0.6213016611
)
;
    }
}


// ************************************************************************* //
