/*--------------------------------*- C++ -*----------------------------------*\
| =========                 |                                                 |
| \\      /  F ield         | OpenFOAM: The Open Source CFD Toolbox           |
|  \\    /   O peration     | Version:                                        |
|   \\  /    A nd           | Website:  www.openfoam.com                      |
|    \\/     M anipulation  |                                                 |
\*---------------------------------------------------------------------------*/
FoamFile
{
    version     2.0;
    format      ascii;
    class       surfaceScalarField;
    location    "7.7";
    object      phi;
}
// * * * * * * * * * * * * * * * * * * * * * * * * * * * * * * * * * * * * * //

dimensions      [0 3 -1 0 0 0 0];
oriented        oriented;


internalField   nonuniform List<scalar> 
5126
(
6.727313646e-05
8.241958999e-09
4.283305017e-05
-0.000110117654
0.0002350842579
3.726575591e-05
-7.08945412e-07
-0.0002716655776
0.0003594467963
-0.001635112929
0.000188440471
2.167908187e-09
0.0003453553296
0.000378317584
0.0003633075346
-0.00746894418
0.0008120527401
0.001777917041
0.001549859092
0.001777920153
0.001549882427
-0.007823921925
0.0003537119014
-0.007678598598
-0.0001462415997
-0.007017461687
-0.0006614693758
-0.005862541599
-0.001154545772
-0.00431047702
-0.001551035316
-0.002485221725
-0.001823706304
-0.000513694281
-0.001969708202
0.001489339455
-0.002001217365
0.003438135139
-0.001947228775
0.005272039555
-0.001832726765
0.006956974402
-0.001684206734
0.008479721683
-0.00152244915
0.009841340856
-0.00136169988
0.01105029823
-0.001209304452
0.01212136353
-0.001071550891
0.0130700074
-0.0009491989587
0.01391149541
-0.0008420462553
0.01465988784
-0.0007489095155
0.01532758133
-0.000668147026
0.01592519731
-0.0005979971816
0.0164616753
-0.0005367885076
0.01694443406
-0.0004830031968
0.0173795719
-0.0004353199337
0.01777205527
-0.0003926086574
0.01812585847
-0.0003538791732
0.01844407224
-0.0003182491832
0.018728984
-0.0002849167753
0.01898215668
-0.0002531535457
0.01920453158
-0.000222342245
0.01939662386
-0.0001920543063
0.01955881867
-0.0001621572269
0.0196917618
-0.0001329100791
0.01979454515
-0.0001027561591
0.01987036386
-7.579813549e-05
0.01992384452
-5.346472017e-05
0.01995919898
-3.534143774e-05
0.01998105771
-2.184813014e-05
0.01999390197
-1.283587931e-05
0.02000153964
-7.631331785e-06
0.02000677034
-5.226139443e-06
0.02001130472
-4.531179795e-06
0.02001591092
-4.603786544e-06
0.02002069684
-4.783684671e-06
0.02002542007
-4.72064736e-06
0.02002974207
-4.318725211e-06
0.02003338662
-3.640476554e-06
0.02003620432
-2.812914934e-06
0.02003816926
-1.959625187e-06
0.02003934141
-1.166584169e-06
0.02003982238
-4.753822857e-07
0.02003972058
1.072022634e-07
0.02003913139
5.942747944e-07
0.02003813056
1.005510633e-06
0.02003677585
1.358966817e-06
0.020035112
1.66771763e-06
0.0200331757
1.939804758e-06
0.02003099885
2.180065168e-06
0.02002861017
2.391632171e-06
0.02002603579
2.577133458e-06
0.02002329926
2.739108301e-06
0.02002042158
2.880117628e-06
0.0200174213
3.002571784e-06
0.02001431491
3.108582965e-06
0.02001111695
3.200044454e-06
0.0200078407
3.278259099e-06
0.02000449586
3.346788506e-06
0.02000108598
3.411779843e-06
3.450614332e-06
6.185491017e-05
-0.0001358807081
4.306643662e-08
0.0001482553098
-7.427257764e-05
-0.0001327189031
0.0001209556631
-3.16103156e-07
-0.000137853993
0.0001499333367
0.0001658575867
-0.0003819547944
-0.0006072048429
0.0004148486648
1.329490751e-08
0.0001162906052
0.0001714755449
0.0001206739361
-0.001446235695
0.0009997355899
0.0005525731765
7.666027419e-05
0.0005526381357
7.668124812e-05
-0.001393588666
0.0003010648935
-0.0009840468712
-0.0005557833976
-0.0002090282783
-0.001436487989
0.0008869851104
-0.002250559182
0.002229207744
-0.002893257946
0.003725821511
-0.003320320061
0.005284790902
-0.003528677592
0.006828076196
-0.00354450266
0.00829494076
-0.003414093335
0.009650051392
-0.003187837395
0.01087595437
-0.002910109712
0.01196867097
-0.002615165764
0.01293319459
-0.0023262235
0.01378101152
-0.002057121382
0.0145240975
-0.001814636868
0.015175757
-0.001600858458
0.01574863341
-0.001414922665
0.01625406709
-0.001254343189
0.01670186017
-0.001115940105
0.01710028192
-0.0009964189289
0.01745662734
-0.0008931339196
0.01777493733
-0.0008013131877
0.01806096814
-0.0007213507366
0.01831840144
-0.0006500419555
0.01855019184
-0.0005856695771
0.01875870966
-0.0005267670032
0.01894584689
-0.000472053996
0.01911309469
-0.0004204013443
0.01926159995
-0.0003708474966
0.0193922235
-0.0003226778524
0.01950562025
-0.0002755539761
0.01960204862
-0.0002293384503
0.01968072894
-0.0001814364778
0.0197456763
-0.0001407455013
0.01979695744
-0.0001047458661
0.01983634828
-7.473227036e-05
0.01986595984
-5.145969092e-05
0.0198880352
-3.491124162e-05
0.01990470435
-2.430048093e-05
0.01991777004
-1.829183425e-05
0.01992858052
-1.534165232e-05
0.01993800878
-1.403205399e-05
0.0199465216
-1.329650018e-05
0.01995429906
-1.249811111e-05
0.0199613619
-1.13815636e-05
0.01996767532
-9.953899353e-06
0.01997321424
-8.351831158e-06
0.01997799123
-6.73662311e-06
0.01998205704
-5.232397891e-06
0.01998548695
-3.905294553e-06
0.01998836432
-2.770170754e-06
0.01999076797
-1.809372559e-06
0.01999276566
-9.921724526e-07
0.01999441295
-2.883278618e-07
0.0199957548
3.258752416e-07
0.01999682876
8.658440908e-07
0.0199976671
1.341728722e-06
0.01999829835
1.760380874e-06
0.01999874811
2.127374425e-06
0.01999903928
2.447940243e-06
0.01999919225
2.727147933e-06
0.01999922513
2.969690932e-06
0.01999915398
3.179730281e-06
0.01999899309
3.360935627e-06
0.01999875543
3.515920963e-06
0.01999845285
3.649368352e-06
0.01999811056
3.754063317e-06
3.886038292e-06
-4.993489092e-05
-0.0001287881977
-1.277576327e-07
0.0001062881478
7.256269992e-05
-0.0001523659635
-0.0001283982887
0.0001509986809
0.0001304395886
-6.740168357e-07
0.006067372994
0.0009988651364
-0.0004610479096
-0.0003496687406
-0.0004616787289
-0.0003492421865
-0.001050124925
-0.001672094303
-0.001050172076
-0.00167220928
0.006632632668
0.0004344759144
0.007238736622
-0.0003050390446
0.007957203328
-0.001274250107
0.008758647326
-0.002237931999
0.009644852242
-0.003136764103
0.01056842968
-0.003816835384
0.01149678391
-0.00424867429
0.01239379611
-0.004425689803
0.01323623575
-0.004386942299
0.01400937573
-0.004187233309
0.01470654639
-0.003885008043
0.01532733217
-0.003530895498
0.01587527209
-0.003163105681
0.01635626968
-0.00280722109
0.01677732656
-0.002478178261
0.01714567823
-0.002182988528
0.01746817593
-0.001923356161
0.01775102543
-0.001697772163
0.01799969729
-0.00150301505
0.01821893043
-0.001335173239
0.01841278607
-0.001190274566
0.0185842709
-0.001064618749
0.01873787902
-0.0009549213033
0.01887483547
-0.0008583071922
0.01899713564
-0.0007723421161
0.01910643169
-0.0006949656266
0.01920412315
-0.0006244584633
0.01929147025
-0.0005594010993
0.01936969601
-0.0004986270969
0.01944053033
-0.0004416818191
0.01950374459
-0.0003858921124
0.01956152342
-0.0003333327977
0.01961279568
-0.0002806107027
0.01966211246
-0.000230753257
0.01970770407
-0.0001863371182
0.01974939385
-0.0001464356414
0.01978680304
-0.0001121414584
0.01981955389
-8.421054276e-05
0.0198474617
-6.2819059e-05
0.01987064949
-4.748826879e-05
0.01988955561
-3.719795747e-05
0.01990484751
-3.063354578e-05
0.01991728496
-2.646950511e-05
0.01992758531
-2.359685496e-05
0.01993633073
-2.124353051e-05
0.019943933
-1.898382556e-05
0.01995064799
-1.66689e-05
0.01995661884
-1.432267884e-05
0.01996192458
-1.204236473e-05
0.01996661866
-9.926480481e-06
0.01997075113
-8.037764535e-06
0.01997437629
-6.395330269e-06
0.01997755148
-4.984570229e-06
0.01998033283
-3.773513996e-06
0.01998277142
-2.726916915e-06
0.01998491201
-1.814716553e-06
0.01998679258
-1.0147207e-06
0.01998844575
-3.114390898e-07
0.0199898995
3.0663596e-07
0.0199911786
8.482691927e-07
0.01999230492
1.321621091e-06
0.01999329796
1.734109124e-06
0.01999417507
2.092575906e-06
0.01999495171
2.403094743e-06
0.01999564165
2.670996094e-06
0.01999625742
2.900143013e-06
0.01999680934
3.09745409e-06
0.0199973139
3.24949972e-06
3.450119996e-06
-6.027097692e-05
-0.0006418802292
-9.954385007e-08
0.0006296028303
7.264791641e-05
-0.0006648270129
-0.0003641051164
0.003061211433
0.0002463466053
1.938992247e-08
-0.000808524252
-0.00066397744
-0.0008061436394
0.01550807993
0.000677229829
-0.003256371153
-0.004337115263
-0.003255883954
-0.004337074254
0.01593287355
9.682304003e-06
0.01648363819
-0.0008558037009
0.01697523335
-0.001765845288
0.01734295282
-0.002605651471
0.01767559908
-0.003469410362
0.01791647027
-0.004057706577
0.01810835165
-0.004440555671
0.01824389259
-0.004561230746
0.0183450427
-0.004488092413
0.01842557208
-0.004267762688
0.01849780933
-0.003957245291
0.01856896844
-0.003602054617
0.01864242689
-0.003236564127
0.01871900948
-0.002883803679
0.01879810885
-0.002557277618
0.01887840158
-0.00226328126
0.01895826356
-0.002003218139
0.0190360451
-0.001775553702
0.01911029176
-0.001577261704
0.01917989792
-0.001404779395
0.0192441752
-0.001254551845
0.01930283473
-0.00112327828
0.01935589935
-0.001007985918
0.0194036152
-0.0009060230419
0.01944632387
-0.000815050791
0.0194844083
-0.0007330500454
0.01951828167
-0.0006583318373
0.01954842671
-0.000589546135
0.01957546779
-0.0005256681795
0.01959974486
-0.0004659588872
0.01962376898
-0.0004099162282
0.01964766738
-0.0003572311974
0.01967318379
-0.0003061271121
0.01969926298
-0.0002568324373
0.01972730559
-0.0002143797307
0.01975687393
-0.0001760039796
0.01978696671
-0.0001422342389
0.01981626185
-0.0001135056809
0.0198434423
-8.999951088e-05
0.01986749658
-7.154255487e-05
0.01988790179
-5.760316852e-05
0.01990464925
-4.738099896e-05
0.01991813428
-3.995453853e-05
0.01992897364
-3.443621332e-05
0.01993782233
-3.009222203e-05
0.01994524234
-2.640383141e-05
0.01995164253
-2.306909278e-05
0.01995727997
-1.996012731e-05
0.01996229726
-1.70596517e-05
0.01996676934
-1.439856248e-05
0.01997074205
-1.201048011e-05
0.01997425513
-9.908406555e-06
0.01997735117
-8.080613818e-06
0.01998007579
-6.498127246e-06
0.01998247434
-5.125468759e-06
0.01998458874
-3.929109181e-06
0.01998645577
-2.88175077e-06
0.01998810695
-1.962621816e-06
0.01998956951
-1.155921366e-06
0.01999086692
-4.491369424e-07
0.01999201973
1.688124926e-07
0.01999304627
7.075713297e-07
0.01999396283
1.176007927e-06
0.01999478407
1.581855162e-06
0.01999552303
1.932038972e-06
0.01999619155
2.231621876e-06
0.01999679946
2.489538419e-06
0.01999736062
2.688337707e-06
2.950653078e-06
-0.0001308115193
-0.006224782072
0.006058999644
0.0006704773643
5.452328878e-08
-0.0001238547071
-0.0001287747698
-0.0001213084833
0.02451850558
0.001673958126
-0.0003679344093
-0.0002742404085
-0.000368188937
-0.0002744511473
-0.006027988736
-0.006426099948
-0.006027621613
-0.006425938514
0.02429585002
0.000899885382
0.02420372294
0.0001018093769
0.02411564984
-0.0007677306106
0.02390854768
-0.001558743142
0.02368932617
-0.002386429964
0.02328866765
-0.003068751843
0.02274991768
-0.003518956616
0.02222996899
-0.003920606981
0.0217162875
-0.004047549255
0.02126765809
-0.004039462994
0.02087517801
-0.003875282614
0.02054815503
-0.00363022232
0.02028425798
-0.003338157563
0.02007858686
-0.003030893008
0.01992402234
-0.00272923915
0.01981237642
-0.002445631702
0.01973551377
-0.002186418603
0.01968587766
-0.001953582036
0.0196567286
-0.001746404641
0.01964229343
-0.001562826522
0.01963786257
-0.001400348531
0.01963980881
-0.001256498085
0.01964550734
-0.001128976813
0.01965317532
-0.001015653892
0.01966167779
-0.0009145255147
0.01967033729
-0.0008237102814
0.01967878128
-0.000741494034
0.01968684267
-0.0006663932269
0.0196945136
-0.000597217068
0.01970194355
-0.0005330981285
0.01970946227
-0.0004734776062
0.01971759144
-0.0004180453914
0.01972701281
-0.0003666525636
0.01973996394
-0.000319078238
0.01975390544
-0.0002707739408
0.01977072753
-0.0002312018136
0.01979022209
-0.0001954985476
0.01981167957
-0.0001636917134
0.01983400983
-0.0001358359402
0.01985597174
-0.0001119614257
0.01987643636
-9.200717973e-05
0.01989459872
-7.576552197e-05
0.01991007715
-6.285942773e-05
0.01992289152
-5.276891273e-05
0.01993335072
-4.489541504e-05
0.01994190474
-3.864623711e-05
0.01994901296
-3.35120531e-05
0.01995505822
-2.911435764e-05
0.01996031461
-2.521651608e-05
0.01996495475
-2.169979413e-05
0.01996907868
-1.852249537e-05
0.01997274494
-1.567673902e-05
0.01997599506
-1.315852236e-05
0.0199788671
-1.095265316e-05
0.01998139967
-9.030702978e-06
0.01998363181
-7.357602561e-06
0.01998560091
-5.898205828e-06
0.01998734033
-4.621169228e-06
0.01998887956
-3.501851576e-06
0.01999024376
-2.520116693e-06
0.01999145482
-1.660195696e-06
0.01999253169
-9.080657095e-07
0.01999349142
-2.521593029e-07
0.01999434904
3.183897073e-07
0.01999511799
8.12907209e-07
0.01999581041
1.239618929e-06
0.01999643735
1.604678079e-06
0.01999700775
1.919139946e-06
0.01999753473
2.161353686e-06
2.481136504e-06
0.02602608047
0.002932203621
-0.0007405386227
-0.0007407365974
0.02629440592
0.002315027162
-0.0007066231346
-0.0005851019933
-0.0007060015331
-0.0005856259402
0.02636121397
0.001607150077
0.02634608815
0.0009150111959
0.02628938922
0.0001585083058
0.02612966079
-0.0006080021853
0.02588573364
-0.001314815994
0.02547864905
-0.001979345375
0.0249051609
-0.002495263707
0.0243380768
-0.00295187252
0.0236540691
-0.003236599273
0.0229281683
-0.003321648463
0.02230037056
-0.00341166525
0.0217473133
-0.003322225358
0.02129940815
-0.003182317171
0.02094034286
-0.002979092278
0.02065218746
-0.002742737602
0.02042513221
-0.002502183898
0.02024978904
-0.002270288531
0.02011705617
-0.002053685724
0.02001857327
-0.001855099141
0.01994690921
-0.001674740578
0.01989565725
-0.001511574557
0.01985949389
-0.001364185165
0.01983418453
-0.001231188721
0.01981651659
-0.001111308877
0.01980416386
-0.001003301167
0.01979551578
-0.0009058774338
0.01978950607
-0.0008177005596
0.01978546141
-0.0007374493744
0.01978298588
-0.0006639176967
0.01978187521
-0.0005961063947
0.01978206062
-0.000533283538
0.01978357546
-0.0004749924461
0.01978653954
-0.0004210094727
0.019791144
-0.0003712570159
0.01979776898
-0.0003257032123
0.01980756067
-0.0002805656289
0.0198181752
-0.0002418163419
0.01983084566
-0.0002081690066
0.01984520783
-0.0001780538879
0.01986065928
-0.0001512873955
0.01987644718
-0.0001277493244
0.01989180061
-0.0001073606072
0.01990606612
-9.003103663e-05
0.01991880471
-7.559801957e-05
0.01992982555
-6.378975159e-05
0.019939159
-5.422885632e-05
0.01994698905
-4.647629475e-05
0.0199535718
-4.009480001e-05
0.01995916714
-3.47096998e-05
0.01996399475
-3.00441298e-05
0.01996821778
-2.592281651e-05
0.01997194584
-2.225056457e-05
0.01997525079
-1.898168906e-05
0.01997818138
-1.608911203e-05
0.01998077559
-1.354685773e-05
0.01998306841
-1.132352662e-05
0.01998509293
-9.382116091e-06
0.01998688088
-7.686151467e-06
0.0199884616
-6.201894955e-06
0.01998986105
-4.901297413e-06
0.01999110215
-3.761213947e-06
0.01999220444
-2.762486536e-06
0.01999318538
-1.889006851e-06
0.01999406003
-1.126809322e-06
0.01999484212
-4.636968726e-07
0.01999554368
1.113428835e-07
0.01999617575
6.075476498e-07
0.0199967481
1.032322255e-06
0.01999726937
1.39787212e-06
0.01999775078
1.679944138e-06
2.051872705e-06
0.02539010836
0.002521475156
0.02571221926
0.00199291626
0.02587079568
0.001448573649
0.02597535476
0.0008104521175
0.02591486389
0.00021899917
0.02576139199
-0.0004545302901
0.02551946854
-0.001072892541
0.02516478529
-0.001624662136
0.02474751799
-0.002077996408
0.0242422352
-0.002446589723
0.02366364233
-0.002658006404
0.02316112269
-0.002819128824
0.0226088857
-0.002859428261
0.02204654692
-0.002759886589
0.02156559921
-0.002701369452
0.02120437246
-0.002617865533
0.02091485555
-0.002453220688
0.02067917709
-0.002266505431
0.02048985987
-0.002080971316
0.02033992688
-0.001903752733
0.02022266094
-0.001737833203
0.02013187616
-0.001583955794
0.02006208281
-0.001441781203
0.02000858482
-0.001310687171
0.01996751613
-0.001190120031
0.01993581706
-0.001079609808
0.01991115789
-0.0009786419922
0.01989182916
-0.0008865487123
0.01987662304
-0.0008024944282
0.01986472099
-0.0007255473248
0.019855596
-0.0006547926993
0.01984892734
-0.0005894377334
0.01984452461
-0.0005288808079
0.01984226479
-0.0004727326279
0.01984204648
-0.0004207911619
0.01984376618
-0.0003729767154
0.01984731084
-0.0003292478654
0.01985393446
-0.0002871892448
0.01986065962
-0.0002485415047
0.0198687875
-0.0002162968844
0.01987809135
-0.0001873577399
0.01988826901
-0.0001614650537
0.01989894459
-0.0001384249084
0.01990970012
-0.0001181161367
0.01992012426
-0.0001004551751
0.01992986868
-8.534243522e-05
0.01993869078
-7.261185316e-05
0.01994647297
-6.201105028e-05
0.0199532139
-5.321722399e-05
0.01995899895
-4.587984704e-05
0.01996396105
-3.967180421e-05
0.01996824304
-3.432611856e-05
0.01997197239
-2.965216785e-05
0.01997524963
-2.552780065e-05
0.01997814685
-2.187891407e-05
0.01998071485
-1.865711496e-05
0.01998299157
-1.582357335e-05
0.01998500776
-1.333971404e-05
0.01998679155
-1.116590135e-05
0.0199883693
-9.263907687e-06
0.01998976573
-7.598322557e-06
0.01999100307
-6.138632129e-06
0.0199921011
-4.859243891e-06
0.01999307722
-3.738609485e-06
0.01999394645
-2.758237355e-06
0.0199947222
-1.902554927e-06
0.01999541629
-1.15779031e-06
0.01999603954
-5.119046633e-07
0.01999660111
4.596801284e-08
0.01999711031
5.231311167e-07
0.01999757375
9.344249254e-07
0.01999800241
1.251289472e-06
1.669650074e-06
0.02482200837
0.00213725894
0.02505149729
0.001763427328
0.02519873336
0.001301337581
0.02526843881
0.0007407466622
0.0252545488
0.0002328891728
0.02512774876
-0.0003277302564
0.0249162667
-0.0008614104784
0.02461829217
-0.001326687613
0.02426330322
-0.001723007447
0.0238578071
-0.002041093596
0.02345451283
-0.002254712134
0.02302853056
-0.002393146559
0.02257551712
-0.002406414825
0.02219047837
-0.002374847837
0.02172293637
-0.00223382745
0.02135919155
-0.002254120707
0.02108110027
-0.002175129411
0.02085133755
-0.002036742709
0.0206613482
-0.001890981961
0.020505846
-0.001748250535
0.0203798164
-0.001611803603
0.02027840992
-0.001482549314
0.02019716898
-0.001360540251
0.02013216461
-0.001245682808
0.02008006214
-0.001138017561
0.02003812972
-0.001037677391
0.02000420121
-0.0009447134817
0.01997661194
-0.0008589594379
0.0199541208
-0.0007800032895
0.01993583289
-0.0007072594088
0.01992112519
-0.0006400849919
0.01990957609
-0.0005778886406
0.01990089495
-0.0005201996672
0.01989485734
-0.0004666950077
0.01989124962
-0.0004171834454
0.01988983743
-0.0003715645217
0.01989035761
-0.0003297680383
0.01989388099
-0.0002907126203
0.01989736175
-0.0002520222672
0.01990199853
-0.0002209336642
0.01990758137
-0.0001929405859
0.01991391201
-0.0001677956856
0.01992078481
-0.0001452977136
0.01992797076
-0.0001253020895
0.01993522101
-0.0001077054247
0.0199422855
-9.240692133e-05
0.0199489447
-7.927104938e-05
0.01995503738
-6.810373408e-05
0.01996047734
-5.865718551e-05
0.01996525221
-5.065471651e-05
0.01996940587
-4.382546514e-05
0.01997301501
-3.793525549e-05
0.01997616475
-3.280191023e-05
0.01997893183
-2.829488438e-05
0.01998137729
-2.432436846e-05
0.01998354647
-2.082629528e-05
0.01998547258
-1.774968586e-05
0.01998718182
-1.504894842e-05
0.01998869733
-1.268140829e-05
0.0199900401
-1.060668109e-05
0.01999123005
-8.788274037e-06
0.01999228576
-7.19433345e-06
0.01999322361
-5.797101032e-06
0.01999405808
-4.573073422e-06
0.01999480219
-3.502346679e-06
0.01999546694
-2.567308693e-06
0.01999606229
-1.753142579e-06
0.01999659725
-1.046866171e-06
0.01999707991
-4.366970656e-07
0.01999751754
8.55038681e-08
0.01999791647
5.354920421e-07
0.01999828533
8.824320599e-07
1.340290147e-06
0.02426710023
0.001830066231
0.02451487909
0.001515648458
0.02469426466
0.001121952009
0.0247296892
0.0007053221192
0.02473755315
0.0002250252255
0.02461181508
-0.0002019921851
0.02442469934
-0.0006742947466
0.0241783858
-0.001080374065
0.02387545315
-0.001420074798
0.02353100488
-0.001696645318
0.02317847839
-0.00190218565
0.02282208661
-0.002036754786
0.02250141187
-0.002085740082
0.02218540921
-0.002058845169
0.02182758333
-0.001876001561
0.02147177966
-0.001898317036
0.02120313119
-0.001906480944
0.02097846239
-0.001812073906
0.02079289222
-0.001705411794
0.02063792326
-0.001593281574
0.02050881523
-0.001482695565
0.02040187981
-0.001375613894
0.02031360882
-0.001272269263
0.02024082203
-0.00117289601
0.020180746
-0.001077941535
0.02013103806
-0.000987969455
0.02008977675
-0.0009034521752
0.02005542578
-0.0008246084668
0.0200267873
-0.0007513647995
0.02000294948
-0.0006834215915
0.01998323406
-0.0006203695657
0.01996714286
-0.0005617974441
0.01995430281
-0.0005073596119
0.01994441114
-0.0004568033455
0.01993718841
-0.0004099607037
0.01993234567
-0.0003667217858
0.01992957514
-0.0003269975027
0.01992986915
-0.0002910066231
0.01993022378
-0.0002523768998
0.01993176823
-0.0002224781118
0.01993428131
-0.0001954536665
0.01993758131
-0.0001710956891
0.01994150643
-0.0001492228375
0.0199458935
-0.0001296891532
0.01995056415
-0.0001123760807
0.01995532909
-9.717185832e-05
0.01996000314
-8.394509351e-05
0.01996442936
-7.252996149e-05
0.01996849748
-6.272529924e-05
0.01997215153
-5.430877268e-05
0.01997538571
-4.705964019e-05
0.01997822906
-4.077860331e-05
0.01998072846
-3.530131485e-05
0.01998293385
-3.050027064e-05
0.01998488849
-2.627901503e-05
0.01998662674
-2.256453858e-05
0.01998817432
-1.929726642e-05
0.01998955164
-1.642626751e-05
0.01999077605
-1.390581602e-05
0.01999186351
-1.169414022e-05
0.01999282923
-9.753997783e-06
0.01999368728
-8.052378583e-06
0.01999445068
-6.560504157e-06
0.01999513099
-5.25338233e-06
0.01999573838
-4.109736586e-06
0.01999628181
-3.110734147e-06
0.0199967692
-2.240538828e-06
0.01999720769
-1.485351302e-06
0.01999760387
-8.328801307e-07
0.01999796343
-2.74062353e-07
0.01999829154
2.073830374e-07
0.01999859515
5.788244342e-07
1.068935773e-06
0.02383256463
0.001565641384
0.02407127359
0.001276939493
0.02419362851
0.0009995970841
0.02424338379
0.0006555668404
0.0242330757
0.0002353333073
0.02416030208
-0.0001292185632
0.02400763167
-0.0005216243312
0.023806058
-0.0008788003947
0.02355804565
-0.001172062448
0.02327306544
-0.00141166511
0.02296725368
-0.001596373885
0.02265466218
-0.00172416329
0.02236335342
-0.001794431313
0.0221093624
-0.001804854143
0.02194151322
-0.001708152374
0.02162946436
-0.001586268181
0.02135054078
-0.001627557372
0.02109267262
-0.00155420574
0.0208979334
-0.001510672577
0.02074499232
-0.001440340482
0.02061623246
-0.001353935706
0.02050704687
-0.001266428293
0.02041474425
-0.001179966643
0.02033682625
-0.001094978015
0.02027105339
-0.001012168672
0.02021547498
-0.0009323910475
0.02016843559
-0.0008564127913
0.02012856402
-0.0007847368889
0.02009474722
-0.0007175480022
0.02006609941
-0.0006547737818
0.02004192648
-0.0005961966294
0.02002168736
-0.0005415583235
0.02000495367
-0.00049062592
0.01999136836
-0.0004432180344
0.01998060925
-0.000399201598
0.01997236301
-0.0003584755383
0.01996631408
-0.0003209485654
0.01996182658
-0.0002865191211
0.0199607572
-0.0002513075162
0.01995942777
-0.000221148689
0.01995919639
-0.0001952222851
0.01995987669
-0.0001717759866
0.01996130719
-0.0001506533418
0.01996333487
-0.0001317168311
0.01996580359
-0.0001148447978
0.01996855119
-9.991946098e-05
0.01997141849
-8.68123959e-05
0.01997426298
-7.537445107e-05
0.01997697393
-6.543624782e-05
0.01997947978
-5.68146234e-05
0.0199817477
-4.932755551e-05
0.01998377561
-4.280652045e-05
0.01998558047
-3.710617181e-05
0.0199871872
-3.210699724e-05
0.01998862094
-2.77127533e-05
0.01998990287
-2.384647406e-05
0.01999104994
-2.044433389e-05
0.01999207578
-1.745210327e-05
0.01999299157
-1.482160524e-05
0.01999380821
-1.251077719e-05
0.01999453565
-1.048143984e-05
0.01999518384
-8.700562754e-06
0.01999576179
-7.138456965e-06
0.01999627794
-5.769531269e-06
0.01999673954
-4.571336907e-06
0.0199971535
-3.524696036e-06
0.01999752568
-2.612726507e-06
0.01999786114
-1.820806495e-06
0.01999816468
-1.136423399e-06
0.0199984407
-5.500841245e-07
0.01999869298
-4.4895099e-08
0.01999892676
3.450466136e-07
8.596751862e-07
0.02345291702
0.001347492967
0.02363623379
0.001093622714
0.02377820322
0.0008576276468
0.02386799354
0.0005657765247
0.02384235564
0.0002609712036
0.02380055285
-8.741576822e-05
0.02365894833
-0.00038001982
0.02348412886
-0.0007039809147
0.02328014434
-0.0009680779315
0.02304585705
-0.001177377822
0.02279028623
-0.001340803071
0.0225241634
-0.001458040447
0.02225987029
-0.001530138204
0.0220152816
-0.001560265448
0.02185041563
-0.001543286409
0.02174522127
-0.00148107382
0.0215443702
-0.001426706305
0.02125186672
-0.001261702258
0.02100005693
-0.001258862773
0.02083198356
-0.001272267112
0.02070434938
-0.001226301519
0.02059525771
-0.001157336621
0.0205013899
-0.001086098836
0.02042058263
-0.001014170748
0.02035108278
-0.0009426688177
0.02029131642
-0.0008726246885
0.02023990279
-0.0008049991591
0.02019565621
-0.0007404903078
0.0201575792
-0.0006794709975
0.0201248464
-0.0006220409803
0.02009678352
-0.0005681337428
0.02007284196
-0.0005176167735
0.02005256963
-0.000470353587
0.02003558143
-0.0004262298264
0.0200215328
-0.0003851529692
0.02001010046
-0.0003470431988
0.02000097276
-0.0003118208546
0.01999384902
-0.0002793953833
0.01998958933
-0.0002470478249
0.01998559112
-0.0002171504752
0.01998284071
-0.0001924718805
0.0199811457
-0.0001700809714
0.01998033703
-0.000149844674
0.01998025821
-0.0001316380098
0.01998075715
-0.0001153437347
0.01998168319
-0.000100845502
0.01998289204
-8.802125085e-05
0.01998425395
-7.673635753e-05
0.01998566216
-6.684445888e-05
0.01998703965
-5.819210733e-05
0.01998833855
-5.062645721e-05
0.01998953592
-4.400389346e-05
0.01999062648
-3.819673138e-05
0.01999161468
-3.309519254e-05
0.01999250907
-2.860715079e-05
0.01999331851
-2.465590995e-05
0.01999405053
-2.11763547e-05
0.01999471129
-1.811286524e-05
0.01999530657
-1.541687436e-05
0.01999584113
-1.304533859e-05
0.01999632068
-1.096098743e-05
0.01999675005
-9.129937868e-06
0.01999713473
-7.523137254e-06
0.01999747957
-6.114371517e-06
0.01999778917
-4.880937342e-06
0.01999806781
-3.8033294e-06
0.01999831911
-2.864032897e-06
0.01999854663
-2.048331889e-06
0.01999875318
-1.342974668e-06
0.01999894172
-7.386215947e-07
0.01999911437
-2.175426176e-07
0.0199992748
1.846092595e-07
7.155823924e-07
0.02313721425
0.001160164082
0.0232935252
0.0009373117676
0.02343353354
0.0007176192963
0.02348545457
0.0005138555029
0.02348130228
0.0002651234826
0.023433661
-3.977448355e-05
0.02334449376
-0.0002908525841
0.02320161405
-0.0005611012068
0.02303273791
-0.0007992017915
0.02283901947
-0.0009836593794
0.02262593665
-0.001127720255
0.0224016121
-0.001233715891
0.02217395672
-0.001302482823
0.02195091098
-0.001337219713
0.02175010527
-0.001342480699
0.02159086232
-0.001321830871
0.0214453436
-0.001281187585
0.02135358562
-0.001169944269
0.02113564309
-0.001040920234
0.02092185841
-0.001058482424
0.02078343689
-0.001087880006
0.02066990889
-0.001043808613
0.02057520867
-0.0009913986232
0.02049316656
-0.0009321286359
0.02042145549
-0.0008709577498
0.02035884526
-0.0008100144516
0.02030421897
-0.0007503728647
0.02025658147
-0.0006928528169
0.0202150635
-0.0006379530178
0.02017891986
-0.0005858973467
0.02014752036
-0.0005367342442
0.02012033425
-0.000490430661
0.02009691129
-0.0004469306328
0.02007686021
-0.0004061787407
0.02005983097
-0.0003681237218
0.02004550054
-0.000332712774
0.02003356498
-0.0002998852874
0.02002373749
-0.0002695678911
0.02001683869
-0.0002401490244
0.02001039187
-0.0002107036521
0.02000532773
-0.0001874077418
0.02000145271
-0.0001662059501
0.01999859289
-0.0001469848553
0.01999658781
-0.0001296329291
0.01999528568
-0.000114041606
0.0199945417
-0.0001001015237
0.01999421983
-8.769937748e-05
0.01999419804
-7.67145666e-05
0.01999437369
-6.702010342e-05
0.01999466652
-5.8484937e-05
0.01999501902
-5.097896452e-05
0.01999539423
-4.437910351e-05
0.01999577022
-3.857271873e-05
0.01999613549
-3.346046294e-05
0.01999648461
-2.895627339e-05
0.01999681499
-2.49862886e-05
0.01999712526
-2.148662327e-05
0.01999741468
-1.840227765e-05
0.01999768264
-1.568484019e-05
0.01999792928
-1.329197699e-05
0.01999815489
-1.118659047e-05
0.01999836041
-9.335463813e-06
0.01999854692
-7.709641323e-06
0.01999871623
-6.283679655e-06
0.01999886999
-5.034700591e-06
0.01999900966
-3.942997937e-06
0.01999913699
-2.99136397e-06
0.0199992533
-2.164646717e-06
0.01999935997
-1.449647933e-06
0.0199994582
-8.368468367e-07
0.01999954893
-3.082819282e-07
0.01999963376
9.978532912e-08
6.386798586e-07
0.02286478892
0.0009991109822
0.02299276085
0.000809339836
0.02309562824
0.0006147519052
0.02316927627
0.000440207473
0.02320478735
0.0002296123942
0.02315044567
1.456719849e-05
0.0230934752
-0.0002338821209
0.02296094094
-0.0004285669504
0.0228137029
-0.0006519637505
0.02265157859
-0.0008215350757
0.02247304246
-0.0009491841214
0.02228338301
-0.001044056443
0.02208883769
-0.001107937508
0.02189507903
-0.001143461062
0.02170764949
-0.00115505116
0.02153385259
-0.001148033974
0.02137985964
-0.001127194621
0.02129228969
-0.001082374318
0.02123671016
-0.0009853406887
0.02105701648
-0.0008787887416
0.02089988111
-0.000930744641
0.0207480386
-0.0008919661015
0.02063898777
-0.0008823477958
0.02055531171
-0.0008484525663
0.02048262992
-0.0007982759651
0.02041831301
-0.0007456975308
0.02036148307
-0.0006935429254
0.02031133074
-0.0006427004923
0.02026712191
-0.0005937441796
0.02022820298
-0.0005469784175
0.0201940038
-0.000502535073
0.02016403069
-0.0004604575513
0.02013785384
-0.0004207537788
0.0201150933
-0.000383418195
0.02009540693
-0.0003484373584
0.02007848001
-0.0003157858485
0.02006401956
-0.0002854248326
0.02005175252
-0.000257300855
0.02004245183
-0.0002308483247
0.02003377889
-0.0002020307158
0.02002660268
-0.0001802315305
0.02002073168
-0.0001603349518
0.02001599022
-0.0001422433928
0.02001221713
-0.0001258598348
0.02000926116
-0.000111085641
0.02000698092
-9.782128199e-05
0.02000524563
-8.596408996e-05
0.0200039382
-7.54071291e-05
0.02000295784
-6.60397442e-05
0.02000222179
-5.774889268e-05
0.0200016662
-5.042337369e-05
0.02000124328
-4.39561816e-05
0.02000091919
-3.824862664e-05
0.02000066996
-3.321123583e-05
0.02000047869
-2.87649972e-05
0.02000033277
-2.484037392e-05
0.02000022284
-2.137669093e-05
0.02000014105
-1.832048932e-05
0.02000008128
-1.562506639e-05
0.02000003872
-1.324941218e-05
0.02000000883
-1.115670051e-05
0.01999998855
-9.315185863e-06
0.01999997569
-7.696778164e-06
0.01999996791
-6.275898914e-06
0.0199999643
-5.031096029e-06
0.01999996385
-3.942547605e-06
0.01999996578
-2.993296994e-06
0.01999996977
-2.168638445e-06
0.01999997538
-1.455255496e-06
0.01999998221
-8.436809154e-07
0.01999998983
-3.15902864e-07
0.01999999789
9.172334394e-08
6.299129857e-07
0.02263026378
0.000859261856
0.02274137071
0.0006982329001
0.02282932393
0.0005267986847
0.02290651996
0.0003630114393
0.0229138751
0.000222257241
0.02287502592
5.341638725e-05
0.02282253883
-0.0001813950374
0.02273223875
-0.000338266876
0.02261672126
-0.0005364462617
0.02248230495
-0.000687118778
0.0223320812
-0.0007989603668
0.02217106814
-0.0008830433908
0.02200439461
-0.0009412639825
0.0218367726
-0.0009758390587
0.02167224356
-0.0009905221163
0.02151416836
-0.000989958775
0.02136573312
-0.0009787593775
0.02124274722
-0.0009593884055
0.02118214023
-0.0009247336974
0.02117193254
-0.000868581047
0.02107210662
-0.0008309187202
0.02087957477
-0.0006994342584
0.02071216404
-0.000714937061
0.02060999812
-0.0007462866423
0.02053559413
-0.0007238719703
0.02047021614
-0.0006803195372
0.02041200004
-0.0006353268274
0.02036006933
-0.0005907697805
0.02031381998
-0.0005474948265
0.02027269531
-0.0005058537517
0.02023619388
-0.0004660336366
0.02020386952
-0.000428133193
0.02017532513
-0.0003922093907
0.02015020393
-0.0003582969942
0.02012818028
-0.0003264137086
0.02010895456
-0.0002965601298
0.02009224806
-0.0002687183262
0.02007780081
-0.0002428536012
0.02006633132
-0.0002193788351
0.02005565103
-0.0001913504231
0.02004656254
-0.0001711430474
0.02003887649
-0.0001526489019
0.02003241946
-0.0001357863558
0.02002703085
-0.0001204712225
0.02002256167
-0.0001066164657
0.02001887331
-9.413291514e-05
0.02001583872
-8.292950207e-05
0.02001334347
-7.291187852e-05
0.02001128753
-6.398380072e-05
0.02000958646
-5.60478296e-05
0.02000817086
-4.900777304e-05
0.02000698558
-4.277090348e-05
0.02000598739
-3.725043026e-05
0.02000514273
-3.236658089e-05
0.02000442529
-2.804754997e-05
0.02000381413
-2.422921716e-05
0.02000329234
-2.085489886e-05
0.02000284616
-1.787431248e-05
0.02000246385
-1.52427486e-05
0.02000213555
-1.292111073e-05
0.02000185301
-1.087416358e-05
0.02000160925
-9.071422411e-06
0.02000139798
-7.485508155e-06
0.02000121459
-6.092507873e-06
0.02000105471
-4.871215819e-06
0.02000091497
-3.802814122e-06
0.02000079248
-2.870807559e-06
0.02000068466
-2.060820848e-06
0.02000058957
-1.360161232e-06
0.02000050514
-7.592566695e-07
0.02000042988
-2.406450361e-07
0.02000036156
1.600418661e-07
6.89241767e-07
0.02242741727
0.000737144362
0.02252438338
0.0006012667741
0.02259580206
0.0004553800072
0.02264659776
0.0003122157298
0.02266354361
0.000205311385
0.02265889852
5.80614758e-05
0.02260907905
-0.0001315755648
0.02254594082
-0.0002751286555
0.02244546262
-0.0004359680627
0.02233076661
-0.0005724227805
0.02220359788
-0.0006717916421
0.02206637193
-0.0007458174437
0.02192314668
-0.0007980387358
0.02177784831
-0.0008305406853
0.02163389736
-0.0008465711642
0.02149403535
-0.0008500967657
0.02136025145
-0.0008449754668
0.02123507223
-0.0008342091905
0.02112919643
-0.0008188578981
0.02105732211
-0.0007967067199
0.02099301214
-0.0007666087589
0.0209702006
-0.0006766227115
0.02082512783
-0.0005698642924
0.02067559885
-0.0005967576543
0.02058767481
-0.0006359479298
0.02051608852
-0.0006087332419
0.02045620001
-0.0005754383165
0.02040309808
-0.0005376678502
0.02035536136
-0.0004997581067
0.02031252694
-0.0004630193334
0.02027416694
-0.0004276736368
0.02023988985
-0.0003938560946
0.0202093381
-0.0003616576441
0.02018218446
-0.0003311433559
0.02015812688
-0.0003023561215
0.02013688455
-0.000275317799
0.02011819509
-0.0002500288718
0.02010181326
-0.0002264717685
0.02008704762
-0.0002046131929
0.02007592019
-0.0001802229974
0.0200651124
-0.0001603352501
0.02005578844
-0.0001433249416
0.02004777849
-0.0001277764061
0.02004092447
-0.0001136172022
0.02003507989
-0.0001007718809
0.0200301091
-8.916212412e-05
0.02002588756
-7.870796886e-05
0.02002230281
-6.932712211e-05
0.02001925504
-6.093603194e-05
0.02001665789
-5.345067655e-05
0.02001443792
-4.678781109e-05
0.02001253437
-4.086735381e-05
0.02001089678
-3.561283363e-05
0.02000948404
-3.095384227e-05
0.02000826243
-2.682594278e-05
0.02000720408
-2.317085849e-05
0.02000628552
-1.993634418e-05
0.02000548712
-1.707591166e-05
0.02000479239
-1.454801656e-05
0.02000418687
-1.231558502e-05
0.02000365847
-1.03457627e-05
0.02000319648
-8.609432771e-06
0.02000279191
-7.080936566e-06
0.0200024367
-5.737305118e-06
0.02000212392
-4.558427723e-06
0.02000184795
-3.526848179e-06
0.02000160353
-2.626393364e-06
0.02000138648
-1.843765022e-06
0.02000119274
-1.16642625e-06
0.02000101899
-5.855123566e-07
0.02000086233
-8.398778869e-08
0.02000071886
3.035140704e-07
8.153414185e-07
0.02225232097
0.0006297118747
0.02233818828
0.0005153994535
0.02240095975
0.000392608537
0.02244320178
0.0002699736961
0.02247969108
0.000168822086
0.02249388229
4.387026059e-05
0.02244196195
-7.965523174e-05
0.0223963897
-0.0002295564067
0.02229947296
-0.0003390513221
0.02219682741
-0.0004697772311
0.02208787618
-0.0005628404138
0.02197036752
-0.0006283087949
0.02184684332
-0.0006745145296
0.02172054184
-0.0007042392021
0.02159435056
-0.0007203798846
0.02147060467
-0.0007263508771
0.0213510184
-0.0007253891945
0.02123672152
-0.0007199123145
0.02112905586
-0.0007111922347
0.02103164186
-0.0006992927228
0.02094812738
-0.0006830942836
0.02091993778
-0.0006484331021
0.02091553275
-0.0005654592676
0.0207908609
-0.000472085798
0.02068148769
-0.0005265747101
0.02057122577
-0.000498471328
0.02049616064
-0.0005003731814
0.02044075333
-0.0004822605376
0.02039198403
-0.0004509888064
0.02034786244
-0.0004188977425
0.02030803192
-0.0003878431118
0.02027215739
-0.0003579815651
0.02023992558
-0.0003294258339
0.02021104287
-0.0003022606483
0.02018523412
-0.000276547375
0.02016223997
-0.0002523236413
0.02014181597
-0.0002296048781
0.02012373184
-0.0002083876368
0.02010777096
-0.0001886523115
0.02009450984
-0.0001669618769
0.02008216883
-0.000147994243
0.02007137982
-0.0001325359276
0.02006197669
-0.0001183732777
0.02005380501
-0.0001054455185
0.02004672117
-9.368803872e-05
0.02004059208
-8.303302787e-05
0.02003529546
-7.341135042e-05
0.02003072014
-6.475180727e-05
0.02002676628
-5.698216938e-05
0.02002334597
-5.003036506e-05
0.02002038297
-4.382480902e-05
0.02001781166
-3.829604273e-05
0.02001557645
-3.337763137e-05
0.02001363026
-2.900764569e-05
0.02001193319
-2.512887617e-05
0.02001045152
-2.168918347e-05
0.02000915639
-1.86412144e-05
0.02000802321
-1.594273525e-05
0.02000703067
-1.355546989e-05
0.02000616052
-1.144543559e-05
0.02000539697
-9.582210783e-06
0.02000472605
-7.93851421e-06
0.02000413564
-6.490520322e-06
0.02000361529
-5.21695829e-06
0.02000315559
-4.098733739e-06
0.0200027483
-3.119560319e-06
0.02000238661
-2.264697189e-06
0.02000206407
-1.521232422e-06
0.02000177534
-8.776962067e-07
0.02000151539
-3.255595967e-07
0.02000128038
1.510211946e-07
0.02000106437
5.195234729e-07
1.006034271e-06
0.02210168627
0.0005343847385
0.02217844384
0.0004386418883
0.02223566915
0.0003353832247
0.02227721748
0.0002284253583
0.02231574257
0.0001302970007
0.0223071823
5.243052977e-05
0.02226981125
-4.228419371e-05
0.02222556644
-0.0001853115961
0.02215886803
-0.0002723529099
0.02207701954
-0.0003879287432
0.02198475079
-0.0004705716564
0.02188375055
-0.0005273085553
0.02177677404
-0.000567538022
0.02166658192
-0.000594047085
0.02155561058
-0.0006094085409
0.02144583289
-0.0006165731882
0.02133870352
-0.0006182598316
0.02123519629
-0.0006164050873
0.02113591586
-0.0006119117993
0.02104138849
-0.0006047653521
0.02095271852
-0.0005944243179
0.0208834327
-0.000579147283
0.02086775014
-0.0005497767057
0.02089510108
-0.0004994367342
0.02083511007
-0.0004665836923
0.02068247228
-0.0003458335367
0.02054957068
-0.0003674715859
0.0204752041
-0.0004078939545
0.02042393003
-0.0003997147341
0.02037886838
-0.0003738360866
0.02033790022
-0.0003468749565
0.02030074322
-0.0003208245562
0.02026712727
-0.0002958098827
0.02023679415
-0.0002719275281
0.02020949677
-0.0002492499959
0.02018499857
-0.000227825444
0.02016307414
-0.0002076804474
0.02014350824
-0.0001888217371
0.02012609699
-0.0001712410593
0.02011135317
-0.0001522180548
0.02009765998
-0.0001343010537
0.0200855741
-0.0001204500448
0.02007493444
-0.0001077336247
0.02006559045
-9.610152344e-05
0.02005740142
-8.549900852e-05
0.020050237
-7.586860446e-05
0.02004397661
-6.715096123e-05
0.02003851006
-5.928525755e-05
0.02003373804
-5.221014624e-05
0.02002957107
-4.586340226e-05
0.02002593058
-4.018431462e-05
0.02002274761
-3.511307175e-05
0.02001996228
-3.059230583e-05
0.020017523
-2.656836232e-05
0.02001538492
-2.299079219e-05
0.02001350935
-1.981361578e-05
0.02001186291
-1.699477574e-05
0.02001041656
-1.449638187e-05
0.02000914516
-1.228406482e-05
0.02000802663
-1.032690612e-05
0.02000704188
-8.597457955e-06
0.02000617428
-7.070911994e-06
0.02000540872
-5.724959665e-06
0.02000473233
-4.54057209e-06
0.02000413357
-3.499978e-06
0.02000360225
-2.588240234e-06
0.02000312937
-1.791816868e-06
0.02000270709
-1.098954409e-06
0.02000232835
-4.989556388e-07
0.02000198686
1.592468077e-08
0.0200016774
4.60483602e-07
0.02000139269
8.042263261e-07
1.258112554e-06
0.02197297307
0.0004489742278
0.0220421493
0.0003694656497
0.02209377481
0.0002837577185
0.02212802629
0.0001941738782
0.02214911585
0.0001092074406
0.02214963021
5.191616856e-05
0.02213749241
-3.014639505e-05
0.02209547609
-0.0001432952797
0.02204756726
-0.0002244440749
0.02197504971
-0.0003154111936
0.02189447524
-0.000389997192
0.02180703344
-0.0004398667503
0.02171388088
-0.000474385463
0.02161724327
-0.000497409478
0.02151918206
-0.0005113473288
0.02142135984
-0.0005187509776
0.02132499721
-0.0005218971995
0.02123092116
-0.0005223290428
0.02113967531
-0.0005206659495
0.02105164513
-0.0005167351727
0.02096716106
-0.0005099402455
0.020887708
-0.0004996942222
0.0208230348
-0.0004851035045
0.02078731774
-0.0004637196711
0.02075594562
-0.0004352115773
0.02076073816
-0.0003506260757
0.02064557324
-0.0002523066574
0.02052297883
-0.0002852995494
0.02045331959
-0.0003300554881
0.0204057815
-0.0003262979891
0.0203639468
-0.0003050402614
0.02032577339
-0.0002826511443
0.02029103097
-0.0002610674611
0.02025949502
-0.000240391579
0.02023094631
-0.0002207012775
0.02020517109
-0.0002020502232
0.02018196219
-0.000184471553
0.02016111998
-0.0001679795246
0.020142453
-0.0001525740789
0.0201264067
-0.0001361717537
0.02011153432
-0.0001194286786
0.02009831391
-0.00010722963
0.02008658961
-9.600932242e-05
0.02007621453
-8.572644509e-05
0.02006705143
-7.63359108e-05
0.02005897222
-6.778938917e-05
0.02005185818
-6.003692392e-05
0.02004560042
-5.302749131e-05
0.02004009901
-4.670873985e-05
0.02003526425
-4.102863854e-05
0.02003101541
-3.593547879e-05
0.02002728101
-3.137867482e-05
0.02002399797
-2.730925789e-05
0.02002111065
-2.368104573e-05
0.02001857048
-2.045062533e-05
0.02001633493
-1.757805974e-05
0.02001436653
-1.502637591e-05
0.02001263276
-1.276260643e-05
0.02001110471
-1.07560168e-05
0.02000975751
-8.979701321e-06
0.02000856891
-7.408865197e-06
0.02000751924
-6.021236341e-06
0.02000659166
-4.797382229e-06
0.02000577073
-3.719644611e-06
0.02000504302
-2.772264457e-06
0.0200043965
-1.941718687e-06
0.02000382048
-1.215801415e-06
0.02000330547
-5.839477932e-07
0.02000284318
-3.666313386e-08
0.02000242575
4.333512679e-07
0.02000204715
8.390823212e-07
0.0200016984
1.152973842e-06
1.567098087e-06
0.02186413021
0.0003716143018
0.02192713842
0.0003064574395
0.02197458736
0.0002363087749
0.02200585599
0.0001629052467
0.02202323022
9.183321179e-05
0.02203810102
3.704536098e-05
0.02203922102
-3.126639043e-05
0.02199697992
-0.0001010541844
0.02196125717
-0.0001887213224
0.02189093479
-0.0002450888117
0.02181734791
-0.0003164103107
0.02174057115
-0.0003630899865
0.02165883468
-0.0003926489995
0.02157346775
-0.0004120425426
0.02148620229
-0.0004240818767
0.02139844633
-0.0004309950171
0.02131122138
-0.0004346722439
0.02122522216
-0.0004363298231
0.02114093128
-0.000436375069
0.0210587397
-0.0004345435934
0.02097903252
-0.0004302330726
0.02090221937
-0.0004228810676
0.0208293622
-0.0004122463416
0.02076399744
-0.0003983549038
0.02070983857
-0.0003810527145
0.02070693916
-0.0003477266587
0.02072405097
-0.0002694184691
0.02061438514
-0.0001756337199
0.02049644734
-0.00021211768
0.02043061243
-0.0002604630818
0.0203863366
-0.0002607644283
0.0203473698
-0.0002436843411
0.02031172387
-0.0002254215231
0.0202792047
-0.0002078724132
0.02024961838
-0.0001911149589
0.02022277318
-0.0001752050202
0.02019847976
-0.0001601781292
0.02017655329
-0.0001460530531
0.0201568139
-0.0001328346927
0.02013963671
-0.0001189945608
0.02012375059
-0.0001035425575
0.0201095518
-9.303084756e-05
0.0200968897
-8.334722102e-05
0.02008562129
-7.445803612e-05
0.02007561245
-6.632706317e-05
0.02006673742
-5.891435849e-05
0.02005887924
-5.217874532e-05
0.02005192952
-4.607777103e-05
0.02004578899
-4.056821471e-05
0.02004036711
-3.560675013e-05
0.02003558176
-3.115013208e-05
0.0200313593
-2.715621879e-05
0.02002763418
-2.358413389e-05
0.02002434783
-2.039469324e-05
0.02002144863
-1.755142634e-05
0.02001889053
-1.501996138e-05
0.0200166333
-1.276914593e-05
0.02001464082
-1.077012634e-05
0.02001288186
-8.997048478e-06
0.02001132815
-7.42599568e-06
0.02000995522
-6.03592881e-06
0.02000874131
-4.807331686e-06
0.02000766689
-3.722958671e-06
0.02000671487
-2.767621422e-06
0.02000587017
-1.927563686e-06
0.02000511897
-1.190521384e-06
0.02000444918
-5.460145591e-07
0.02000385004
1.518851441e-08
0.02000331165
5.017257386e-07
0.02000282547
9.195264122e-07
0.02000238407
1.280484341e-06
0.02000197722
1.559825222e-06
1.928116834e-06
0.02177347494
0.0003007059958
0.02183151533
0.0002484170538
0.02187565195
0.0001921721466
0.02190553531
0.0001330218851
0.02192399335
7.33751739e-05
0.02194037761
2.066109638e-05
0.02192675092
-1.763970034e-05
0.0218953816
-6.96848705e-05
0.02186070182
-0.0001540415358
0.02181083758
-0.0001952245696
0.02175126862
-0.0002568413583
0.02168447802
-0.0002962993789
0.02161210566
-0.0003202766471
0.02153593195
-0.0003358688227
0.02145750816
-0.0003456580922
0.02137804364
-0.0003515304955
0.02129839626
-0.0003550248544
0.02121914639
-0.0003570799611
0.02114071884
-0.0003579475201
0.02106349973
-0.0003573244833
0.02098790962
-0.0003546429638
0.02091441899
-0.0003493904322
0.02084351389
-0.00034134125
0.02077579241
-0.0003306334196
0.02071243833
-0.0003176986395
0.02066652025
-0.0003018085803
0.02066836172
-0.000271259937
0.02068910973
-0.0001963817238
0.02058349989
-0.0001065078368
0.02046950274
-0.0001464659337
0.02040700603
-0.000198267713
0.02036564382
-0.0002023221289
0.02032928396
-0.0001890616667
0.02029597426
-0.0001745627037
0.02026554315
-0.0001606838487
0.02023781762
-0.0001474794883
0.02021262503
-0.0001349855445
0.02018979397
-0.0001232219913
0.02016915601
-0.0001121967364
0.02015101241
-0.0001008509543
0.02013427171
-8.68018631e-05
0.02011924619
-7.800532719e-05
0.02010578936
-6.989038797e-05
0.02009376249
-6.243116914e-05
0.02008303407
-5.559863933e-05
0.02007348062
-4.93609074e-05
0.02006498678
-4.368490763e-05
0.02005744502
-3.853601183e-05
0.02005075609
-3.38792835e-05
0.02004482892
-2.967957377e-05
0.02003958077
-2.590198601e-05
0.02003493625
-2.251169569e-05
0.0200308277
-1.947558357e-05
0.02002719446
-1.676145038e-05
0.02002398211
-1.433907795e-05
0.02002114242
-1.218027503e-05
0.02001863228
-1.025899907e-05
0.02001641322
-8.551066719e-06
0.02001445127
-7.03509569e-06
0.02001271625
-5.690977637e-06
0.0200111812
-4.50087356e-06
0.02000982226
-3.448397324e-06
0.02000861856
-2.519260636e-06
0.02000755095
-1.700002676e-06
0.02000660268
-9.793020959e-07
0.0200057591
-3.469420283e-07
0.02000500632
2.067664663e-07
0.0200043325
6.890088299e-07
0.02000372684
1.107383013e-06
0.02000317959
1.466774379e-06
0.02000268254
1.777532915e-06
0.0200022242
2.018164162e-06
2.334889267e-06
0.02169971712
0.0002348734192
0.02175383153
0.0001943026419
0.02179529644
0.00015070723
0.02182347946
0.0001048388632
0.02183874082
5.811380727e-05
0.02184422248
1.517943968e-05
0.02183653064
-9.94786128e-06
0.02181856418
-5.171841754e-05
0.02178859884
-0.000124076196
0.02174950736
-0.0001561330945
0.02169843858
-0.0002057725733
0.02163909354
-0.000236954344
0.02157408292
-0.0002552660247
0.02150516161
-0.0002669475049
0.02143374045
-0.0002742369357
0.02136088119
-0.0002786712337
0.0212873104
-0.0002814540552
0.02121351253
-0.0002832820987
0.02113985901
-0.0002842939951
0.0210667237
-0.0002841891766
0.02099454864
-0.0002824679099
0.02092384728
-0.0002786890717
0.02085515915
-0.0002726531218
0.02078898492
-0.0002644591874
0.02072573429
-0.0002544480053
0.02066700705
-0.000243081345
0.02062526938
-0.0002295222678
0.02063079371
-0.0002019060493
0.02065473461
-0.0001304487326
0.02055258145
-4.431277048e-05
0.02044199677
-8.768303141e-05
0.02038248886
-0.0001428142202
0.02034379611
-0.0001503689122
0.02030986296
-0.0001406295574
0.0202787586
-0.0001295794818
0.02025032556
-0.0001190464463
0.02022440532
-0.0001090653079
0.02020083852
-9.965518832e-05
0.02017946642
-9.082464059e-05
0.02016051397
-8.189850144e-05
0.02014307203
-6.935992409e-05
0.02012736576
-6.229905633e-05
0.02011325349
-5.577812115e-05
0.02010059982
-4.977749805e-05
0.02008927564
-4.427446118e-05
0.02007915973
-3.924499888e-05
0.02007013759
-3.46627596e-05
0.02006210287
-3.050129038e-05
0.02005495659
-2.673301173e-05
0.02004860744
-2.333041995e-05
0.02004297164
-2.026618852e-05
0.02003797292
-1.751297239e-05
0.02003354199
-1.504465375e-05
0.0200296164
-1.283585627e-05
0.02002613986
-1.086254177e-05
0.02002306182
-9.102227627e-06
0.02002033718
-7.534359963e-06
0.02001792577
-6.139656362e-06
0.02001579144
-4.900768877e-06
0.02001390204
-3.801574169e-06
0.02001222891
-2.827741951e-06
0.02001074663
-1.966115463e-06
0.02000943234
-1.204965992e-06
0.02000826615
-5.338218032e-07
0.02000722976
5.709177217e-08
0.02000630672
5.761007904e-07
0.02000548304
1.030435785e-06
0.02000474549
1.426559899e-06
0.02000408237
1.770505224e-06
0.02000348292
2.066218611e-06
0.02000293841
2.322039459e-06
0.02000243609
2.520491429e-06
2.78101227e-06
0.02164183651
0.0001729142995
0.02169294334
0.0001431958181
0.02173236231
0.0001112882544
0.02175947405
7.772711771e-05
0.02177409865
4.34892069e-05
0.02177784049
1.14375967e-05
0.02177681171
-8.919089644e-06
0.02176276056
-3.766726501e-05
0.02173703392
-9.834955626e-05
0.02170391558
-0.0001230147529
0.02165844481
-0.0001603018057
0.02160458373
-0.000183093257
0.02154502057
-0.0001957028637
0.02148148874
-0.0002034156744
0.02141531708
-0.0002080652779
0.02134745557
-0.000210809723
0.02127852218
-0.0002125206596
0.02120891844
-0.0002136783609
0.02113896586
-0.0002143414133
0.02106902199
-0.0002142453122
0.0209995382
-0.0002129841155
0.02093105502
-0.0002102058924
0.02086414893
-0.0002057470371
0.02079936296
-0.0001996732164
0.02073714898
-0.0001922340275
0.02067784024
-0.000183772602
0.02062295403
-0.0001746360583
0.02058486354
-0.0001638155569
0.02059369333
-0.0001392785255
0.02062053504
-7.115447664e-05
0.02052142241
1.142960098e-05
0.02041386792
-3.525973348e-05
0.02035711434
-9.361532776e-05
0.02032115082
-0.0001046660295
0.02028930426
-9.773291836e-05
0.02026032105
-9.006323708e-05
0.02023383198
-8.257623872e-05
0.020209687
-7.551021257e-05
0.02018773598
-6.887361269e-05
0.02016812591
-6.228843716e-05
0.02015013003
-5.136404927e-05
0.02013388558
-4.605460284e-05
0.02011925396
-4.114649857e-05
0.02010610256
-3.6626097e-05
0.02009430478
-3.247668096e-05
0.02008374075
-2.868097371e-05
0.02007429745
-2.521945579e-05
0.02006586896
-2.207279531e-05
0.02005835657
-1.92206275e-05
0.02005166904
-1.664289171e-05
0.02004572199
-1.431913309e-05
0.02004043826
-1.22292468e-05
0.02003574755
-1.035394233e-05
0.02003158577
-8.674070115e-06
0.02002789536
-7.172135899e-06
0.02002462441
-5.831278901e-06
0.02002172607
-4.636014546e-06
0.02001915849
-3.572071727e-06
0.02001688389
-2.626170411e-06
0.02001486895
-1.786637041e-06
0.02001308349
-1.042273245e-06
0.02001150081
-3.834414486e-07
0.02001009681
1.990321694e-07
0.02000884999
7.12998503e-07
0.02000774135
1.165734296e-06
0.02000675397
1.563477515e-06
0.02000587244
1.91196204e-06
0.02000508268
2.216317844e-06
0.02000437255
2.480641446e-06
0.02000373061
2.708156493e-06
0.02000314724
2.905402004e-06
0.02000260921
3.058528742e-06
3.259158002e-06
0.0215990425
0.0001137562273
0.02164796583
9.427248622e-05
0.02168588873
7.336535424e-05
0.02171224189
5.137395796e-05
0.02172691626
2.881483316e-05
0.02173162482
6.729032397e-06
0.02173319121
-1.048547688e-05
0.02172434386
-2.881991695e-05
0.02170276585
-7.677155434e-05
0.02167337756
-9.362646052e-05
0.02163145255
-0.0001183767964
0.02158107869
-0.0001327194003
0.02152503976
-0.000139663934
0.02146509028
-0.0001434661869
0.02140249224
-0.0001454672392
0.02133809478
-0.0001464122654
0.02127242006
-0.0001468459435
0.02120579444
-0.0001470527397
0.02113849285
-0.0001470398235
0.02107085236
-0.0001466048281
0.02100332514
-0.0001454568868
0.02093646607
-0.000143346826
0.02087087453
-0.0001401554984
0.02080711985
-0.0001359185284
0.02074568241
-0.0001307965945
0.0206869228
-0.000125012991
0.02063108244
-0.0001187956954
0.02057960354
-0.000112336656
0.02054480073
-0.000104475712
0.02055670189
-8.305563878e-05
0.02058628754
-1.815605191e-05
0.02048990898
6.111883041e-05
0.0203857495
1.054415823e-05
0.02033598969
-5.490622447e-05
0.02029791866
-5.966188145e-05
0.02026782282
-5.996739358e-05
0.02024091499
-5.566841407e-05
0.02021634277
-5.093798784e-05
0.02019396234
-4.649317954e-05
0.02017384091
-4.216701599e-05
0.02015543352
-3.295665209e-05
0.02013878817
-2.940926016e-05
0.02012376969
-2.612801412e-05
0.02011024706
-2.310346637e-05
0.02009809577
-2.032539759e-05
0.02008719682
-1.778202115e-05
0.02007743844
-1.546107299e-05
0.02006871494
-1.334929647e-05
0.02006092815
-1.143383265e-05
0.02005398642
-9.701159467e-06
0.02004780513
-8.137842451e-06
0.02004230668
-6.730799956e-06
0.0200374197
-5.466959066e-06
0.02003307952
-4.333897346e-06
0.02002922743
-3.3200396e-06
0.02002581029
-2.414142483e-06
0.0200227802
-1.60591705e-06
0.02002009413
-8.860056932e-07
0.02001771369
-2.457235152e-07
0.02001560346
3.235963031e-07
0.0200137328
8.283883119e-07
0.02001207371
1.275644437e-06
0.02001060142
1.67132157e-06
0.0200092936
2.020816136e-06
0.02000813037
2.328969323e-06
0.02000709395
2.599888705e-06
0.02000616815
2.83776781e-06
0.02000533884
3.04562059e-06
0.02000459298
3.226503169e-06
0.02000391852
3.382616075e-06
0.0200033059
3.518014968e-06
0.02000274059
3.623839078e-06
3.761252929e-06
0.02157078168
5.642124946e-05
0.02161827904
4.677512793e-05
0.0216552157
3.64286974e-05
0.02168104281
2.554684926e-05
0.02169548232
1.437532303e-05
0.02169888767
3.323687937e-06
0.02169418901
-5.786818819e-06
0.02169828018
-3.291108987e-05
0.02168629403
-6.47854111e-05
0.02165869816
-6.60305947e-05
0.02161764947
-7.732810259e-05
0.02156852395
-8.359388334e-05
0.02151407756
-8.521755357e-05
0.02145597252
-8.536114913e-05
0.02139535691
-8.485162848e-05
0.0213329684
-8.402376044e-05
0.02126923597
-8.311351175e-05
0.02120441784
-8.223460987e-05
0.02113874544
-8.136742329e-05
0.02107253322
-8.039261029e-05
0.02100622718
-7.915083725e-05
0.02094038683
-7.750647421e-05
0.02087562203
-7.539069487e-05
0.02081251713
-7.281363179e-05
0.02075156801
-6.984747615e-05
0.02069315237
-6.659734869e-05
0.02063752756
-6.317088739e-05
0.02058484974
-5.965883789e-05
0.02053650285
-5.612881467e-05
0.02050476749
-5.132028782e-05
0.02051960268
-3.299123765e-05
0.0205522375
2.848401618e-05
0.0204660099
9.677175707e-05
0.02039244741
1.865626924e-05
0.0203148059
1.797963096e-05
0.02027365341
-1.8814903e-05
0.02024565745
-2.767245382e-05
0.0202208003
-2.608083825e-05
0.0201981347
-2.382757301e-05
0.02017764527
-2.167758737e-05
0.02015896651
-1.427789203e-05
0.0201420568
-1.249955736e-05
0.02012678223
-1.085344493e-05
0.02011301394
-9.335171272e-06
0.02010062808
-7.939536152e-06
0.02008950701
-6.660951928e-06
0.02007953908
-5.493146848e-06
0.02007061939
-4.429605541e-06
0.02006264961
-3.464054833e-06
0.02005553818
-2.589727863e-06
0.02004920038
-1.800043401e-06
0.020043558
-1.088411296e-06
0.02003853981
-4.487735273e-07
0.02003408014
1.257763126e-07
0.02003011959
6.405064607e-07
0.02002660455
1.100906047e-06
0.02002348626
1.512375014e-06
0.02002072086
1.879395594e-06
0.02001826883
2.206299687e-06
0.02001609496
2.497471045e-06
0.02001416719
2.756157907e-06
0.02001245712
2.985712122e-06
0.02001093912
3.189323018e-06
0.02000959048
3.369458269e-06
0.02000839063
3.528818714e-06
0.02000732116
3.669359486e-06
0.02000636594
3.792981882e-06
0.02000551011
3.901450309e-06
0.02000474027
3.996342966e-06
0.02000404435
4.078535019e-06
0.02000341205
4.150309684e-06
0.0200028287
4.207190988e-06
4.279240292e-06
0.02155666586
0.02160344099
0.02163986969
0.02166541654
0.02167979186
0.02168311555
0.02167732873
0.02164441764
0.02157963222
0.02151360163
0.02143627352
0.02135267964
0.02126746208
0.02118210093
0.0210972493
0.02101322554
0.02093011203
0.02084787742
0.02076651
0.02068611739
0.02060696655
0.02052946008
0.02045406939
0.02038125575
0.02031140828
0.02024481093
0.02018164004
0.0201219812
0.02006585239
0.0200145321
0.01998154086
0.02001002488
0.02010679664
0.02012545291
0.02014343254
0.02012461764
0.02009694519
0.02007086435
0.02004703677
0.02002535918
0.02001108129
0.01999858173
0.01998772829
0.01997839312
0.01997045358
0.01996379263
0.01995829949
0.01995386988
0.01995040583
0.0199478161
0.01994601605
0.01994492764
0.01994447887
0.01994460465
0.01994524515
0.01994634606
0.01994785844
0.01994973783
0.01995194413
0.0199544416
0.01995719776
0.01996018347
0.0199633728
0.01996674226
0.01997027107
0.01997394043
0.01997773341
0.01998163486
0.0199856312
0.01998970974
0.01999386005
0.01999806724
7.86101241e-08
2.808922867e-05
3.910796689e-05
0.000123232728
-6.777498884e-05
5.023427864e-08
-0.0001035722875
4.806431464e-05
-6.727669104e-05
8.26736878e-08
2.809604751e-05
3.910323568e-05
0.0001231859508
-6.772969879e-05
4.011607077e-08
-0.0001035133863
4.801701908e-05
8.554946017e-08
5.122338594e-05
0.0001337787065
0.0001175207657
9.428518288e-07
-6.014973192e-08
-0.0001317455874
1.334211958e-05
-6.186334143e-05
9.030766874e-08
5.122258613e-05
0.0001337363972
0.0001174807427
9.455533948e-07
-2.346792552e-08
-0.0001316868275
1.328399967e-05
0.0001951748176
4.020224766e-05
-3.09857617e-07
2.769438983e-08
-0.0001131594835
-9.052390068e-05
-0.0001674536182
0.0001372951222
-0.0001105542165
0.0001410144091
-3.016958579e-07
9.680021208e-09
4.283221813e-05
-0.0001101153095
-0.0002350795731
-3.056813057e-07
0.0001951941267
4.01828828e-05
0.000135878142
-6.294470487e-10
-0.0001131416146
-9.046559741e-05
-0.0001674932755
0.0001372535069
-3.023400482e-07
-0.000110580155
0.000141122264
-8.669992692e-05
-6.255631071e-09
8.343538808e-05
-2.182125435e-09
-3.621743519e-05
2.290196913e-07
8.65935673e-05
-4.746830032e-05
-3.883286424e-05
-4.706585092e-05
-8.707450234e-10
-3.915700008e-05
8.380340263e-05
-3.593840755e-05
-4.484888195e-08
-2.580255739e-05
9.343327462e-05
0.000412811605
5.819471352e-05
-5.663938157e-05
-0.0004142864282
-8.051326208e-08
4.985015263e-05
-1.673077876e-08
-2.579560167e-05
9.344291885e-05
0.000412816554
5.812161929e-05
-6.361092078e-08
-5.660817773e-05
-0.000414266389
-2.551616596e-05
-3.140603283e-05
5.921055249e-08
5.444371737e-05
5.10497516e-10
2.418759946e-06
2.859946456e-05
3.901225659e-05
3.369516801e-10
-6.753081696e-05
-8.865541562e-08
2.560935351e-05
2.574889409e-06
5.038784249e-08
3.101557491e-05
7.537857421e-05
-6.733656645e-05
1.579794146e-10
3.000551314e-06
7.521965456e-05
8.965813016e-10
-6.756393266e-05
5.466127034e-05
2.022853036e-06
-3.230233771e-07
-4.729001283e-05
-4.827459024e-05
1.762789668e-10
-4.085377711e-05
9.429120981e-05
-1.988432392e-07
6.459872486e-10
1.204478977e-06
-0.0001034248829
4.837328112e-05
1.145222666e-09
0.000122976472
-6.787576521e-05
1.048429462e-07
4.043738577e-05
-6.873594495e-05
2.326739222e-09
-9.401131883e-05
9.478328844e-05
5.312670435e-10
-6.89546935e-05
3.231100362e-10
9.43919117e-05
8.884986925e-07
-2.551780657e-05
-3.140410706e-05
5.856713042e-08
5.444535037e-05
2.418518057e-06
2.859872147e-05
3.901427767e-05
-6.75263609e-05
-8.68652762e-08
2.561434863e-05
2.575456704e-06
5.464545018e-08
3.101519136e-05
7.53662088e-05
-6.733280783e-05
3.000433146e-06
7.522363827e-05
-6.755793562e-05
5.466518441e-05
2.022908369e-06
-3.242427456e-07
-4.729443269e-05
4.747491314e-05
-4.827249943e-05
4.706321135e-05
-4.08506621e-05
9.429230381e-05
-1.997188536e-07
1.204085721e-06
-0.0001034247433
4.836186981e-05
0.0001229659813
-6.78618342e-05
1.097035764e-07
4.043360473e-05
-6.869049214e-05
5.045363606e-09
-9.401098428e-05
9.472851723e-05
-6.894154015e-05
9.438704593e-05
8.880907071e-07
-2.394398592e-07
-9.404972358e-10
-3.557323023e-05
-3.541204726e-05
-8.669738129e-05
-9.22929583e-09
8.343396697e-05
-3.622559045e-05
2.319179273e-07
8.658856638e-05
-3.882417452e-05
-3.915601946e-05
8.379791038e-05
-3.595779589e-05
-2.435313568e-07
-3.558033211e-05
-3.543706026e-05
4.276765048e-05
-0.0001102941315
9.866129757e-10
-5.827016887e-09
-0.0001065042269
8.200653201e-05
-0.0001066470737
8.184345937e-05
1.500971646e-09
-4.315863391e-05
6.871778752e-08
-0.0001463943056
8.283446992e-05
2.677796024e-09
-6.241953528e-08
4.319571592e-05
-0.0001532579973
-0.0001535233809
1.709651573e-09
-0.0001461542033
8.291440319e-05
0.000333309403
2.733747052e-05
-1.248153813e-06
-0.0001052643733
-5.945648998e-07
-0.0001943135796
0.0001135288441
-0.0002741091845
-8.154461121e-05
0.0002437635708
-1.638617628e-06
-7.047769486e-07
3.725644881e-05
-0.0002716509791
-0.0003593968832
-1.245024071e-06
0.0003333134913
2.728063277e-05
0.0001325827099
-5.712518443e-07
-0.0001052499299
-0.0001942547999
0.0001135663333
-0.0002741619411
-1.656082682e-06
-8.153099806e-05
0.0002437826898
0.0001043086123
-1.246171233e-07
0.0001540667889
5.156868118e-09
-0.0001443069868
1.645647855e-05
5.243237855e-05
0.0001496984578
-0.0001592864848
-4.248640801e-05
-3.579447184e-07
4.436083478e-08
0.0001481416519
-7.417120997e-05
-0.0001209993441
-1.656767145e-07
0.0001044886315
0.0001539298989
0.0001288938099
-6.10355809e-09
-0.0001443776668
1.643551104e-05
5.244470763e-05
0.0001496620617
-3.448807657e-07
-0.0001592509008
-4.251098785e-05
0.0001642189325
0.0001159805414
-8.130442083e-07
-0.0001559302685
5.689614235e-05
-8.994753386e-07
2.251765547e-08
6.579393702e-05
0.00059086654
-0.0001425332922
-0.0001333910415
-0.0001335959063
-0.0001432614133
-1.658584869e-06
-5.043721247e-05
-4.806682394e-05
-3.738744809e-06
-3.405100314e-07
-0.0001378934606
0.0001498173323
-0.0001657890378
-7.965878594e-07
0.0001642158744
0.000115936084
0.0001523154237
-8.837315039e-07
-0.0001559215997
5.693461616e-05
6.570673658e-05
0.0005910154224
-0.000142533247
-0.0001332941688
-0.0001336175818
-0.000143269535
-1.668231058e-06
-5.050668046e-05
-4.806696075e-05
-3.7432346e-06
-0.0001084571432
0.0001299407166
-1.834229663e-07
-6.333730652e-05
-1.266793451e-07
0.0004160046157
8.283232916e-05
0.0004298034891
-7.901281139e-05
-0.0004325816121
-1.041397953e-06
-8.016485533e-08
0.0001062570332
7.256709234e-05
0.0001284705467
-2.025921311e-07
-0.0001085332133
0.0001299273211
6.031700645e-05
-1.428100593e-07
-6.335934384e-05
0.000416001709
8.28013647e-05
0.0004299330867
-1.065764341e-06
-7.90550806e-05
-0.000432613609
-0.0006477975615
-6.390433309e-08
6.41759737e-05
0.001325551669
0.0001458140872
-0.0001150180911
-0.001355991755
-3.559243747e-07
0.0006417713831
-5.170852373e-08
-0.000647841239
6.424319328e-05
0.001325464052
0.000146077452
-3.832845528e-07
-0.0001150405846
-0.001356117649
-0.0006348195411
5.255263467e-05
2.722314924e-07
-9.884024923e-05
0.001294264935
-6.845289415e-07
1.146756959e-08
0.00458778145
0.0004874774329
-8.170740286e-05
-7.171817479e-05
-6.919528619e-05
-8.337861652e-05
-0.00112859175
-0.001257279226
-0.001254964852
-0.00112843508
-8.43182313e-08
0.000629610849
7.256186244e-05
0.0006648363769
2.665513543e-07
-0.000634868668
5.256710848e-05
0.0001307846857
-6.907065772e-07
-9.889997164e-05
0.001294270053
0.004588202008
0.0004871195612
-8.170208644e-05
-7.174225612e-05
-6.921585062e-05
-8.33593157e-05
-0.00112859966
-0.00125726373
-0.001254978971
-0.001128448203
-0.0001069141963
-4.397580434e-05
-4.514323017e-08
0.0001147205876
-2.881590906e-09
5.142854846e-05
0.0001336787662
1.015191117e-10
-6.204538784e-05
2.50607254e-07
0.000106923212
-1.614593584e-08
4.396598479e-05
0.0001373622012
-4.753333247e-05
-1.21541088e-10
0.0001371780177
-3.771036106e-09
-4.748741583e-05
0.000114905661
-3.382465892e-05
0.0001130476847
-7.453712961e-08
-1.131044041e-09
-0.0001315859902
1.312190593e-05
-4.206573012e-09
0.0001175216693
8.86467861e-07
3.877352624e-08
3.37792176e-05
-2.820137525e-05
-4.454459705e-08
-0.000113198296
9.976989331e-05
-1.38167311e-09
-2.819247393e-05
-2.572743727e-09
9.942878747e-05
-0.0001069021216
-4.399105966e-05
-5.031077015e-08
0.00011471502
5.142650536e-05
0.0001336565706
-6.202667633e-05
2.447050381e-07
0.000106882231
4.306486604e-09
4.401862604e-05
0.0001372891737
-4.757570645e-05
0.0001371755084
-4.750945921e-05
0.0001148927563
-3.383156237e-05
0.0001130480464
-8.292419236e-08
-0.0001315773582
1.314019746e-05
0.0001175004775
9.089957545e-07
3.905785683e-08
3.378342802e-05
-2.82201393e-05
-1.218343481e-08
-0.0001131561956
9.963911573e-05
-2.819573893e-05
9.945657109e-05
-4.203529447e-05
-0.0001855144654
1.350930152e-07
8.101670401e-05
3.657179267e-09
-1.406407752e-07
4.204814274e-05
-2.844598905e-07
0.0001850174319
7.748223493e-05
-0.0002220129634
0.0001957103188
4.014198679e-05
1.527106307e-09
-0.0002361805787
2.438655577e-09
7.735287183e-05
2.455289806e-09
-0.0002230122747
8.104644866e-05
-0.0001129403246
-9.071315926e-05
1.264982974e-09
0.0001358041494
2.010231727e-08
-9.990899888e-05
-0.0001000324504
9.832980885e-10
0.0001153200342
4.698132751e-08
-0.0001325672051
2.205609501e-09
-8.085732918e-08
-0.0001154318349
-0.0001152968387
0.0001402856275
-0.0001154908615
1.259055894e-11
0.0001400168561
-0.0001323794654
-0.0001656500761
0.0001139740075
1.218829498e-07
3.674196896e-09
-2.310645451e-07
0.0001653178878
-0.0001981588094
-1.798116727e-07
-0.0001141067387
0.0001400041219
-0.0001105191447
0.0001413802126
1.450035163e-09
-0.000168254037
0.0001370898223
3.576532613e-09
-0.000199051003
1.963966559e-09
0.0001396815764
4.277431193e-05
-0.0001102904053
-1.780871679e-09
-0.0001064825284
8.198371667e-05
-0.0001066367446
8.185283065e-05
-4.316829333e-05
6.961139301e-08
-0.0001463898221
8.285443329e-05
-6.353422133e-08
4.321567845e-05
-0.0001532631556
-0.000153522563
-0.0001461401396
8.294288581e-05
-4.204677072e-05
-0.0001855171266
1.400080177e-07
8.103771287e-05
0.0001957127882
4.014124445e-05
-0.0002361715442
-1.425060315e-07
4.207733533e-05
-2.873207064e-07
0.000185027036
7.744317444e-05
-0.0002220000073
7.73469082e-05
-0.0002230076729
8.110422825e-05
-0.000112954906
-9.068788993e-05
0.0001357815949
1.920920318e-08
-9.986760672e-05
-0.0001000234282
0.0001153306509
6.225682284e-08
-0.0001325597123
-1.283090095e-07
-0.0001155030287
-0.0001152478011
0.000140413541
-0.0001154540674
0.0001399685298
-0.0001323655038
-0.0001656618749
0.0001140047097
1.388284161e-07
-0.0001105289622
0.0001413885134
-0.0001682536833
0.0001370932401
-2.481039131e-07
0.0001653449152
-0.0001982337952
-2.429607381e-07
-0.0001142224642
0.0001403398876
-0.0001990884693
0.0001396981583
-2.583630359e-05
9.341543309e-05
-2.313211559e-09
4.990000306e-05
9.553620696e-08
7.870063074e-05
7.865146517e-05
1.877241284e-09
9.982955823e-05
-8.351256671e-09
5.952679054e-05
-1.201919236e-09
1.652861695e-08
-9.984474578e-05
7.051365262e-05
0.0001227478383
7.043441185e-05
8.467564034e-10
0.0001228262572
5.951018572e-05
0.0002261928619
4.996249675e-05
-1.701061356e-08
2.911518788e-10
-2.70707962e-09
-0.0002261823691
0.0002400593551
-9.28453155e-09
-4.977250541e-05
4.819496729e-05
-5.65569614e-05
-0.0004144248486
-3.482270571e-09
0.0004126218755
5.828291611e-05
3.373681916e-10
0.0002400672853
8.131434071e-10
4.814494461e-05
-2.582846737e-05
9.345752228e-05
4.985238375e-05
5.773444284e-08
7.868450773e-05
7.866024488e-05
9.982916722e-05
2.804105265e-09
5.952381679e-05
-4.202626298e-09
-9.985499821e-05
7.049341579e-05
0.0001228087055
7.045163541e-05
0.0001228317113
5.950137752e-05
0.000226198238
4.995715632e-05
-1.286380197e-08
-5.65412979e-05
-0.0004143820188
0.0004126554824
5.820074255e-05
-1.670157944e-08
-0.0002262042987
0.0002401062491
-1.339498828e-08
-4.975697171e-05
4.821748737e-05
0.0002400922195
4.819054528e-05
-6.485745268e-07
-0.0002552637751
7.116513764e-05
3.731934772e-05
-0.0002742340077
4.619789727e-10
-0.0002575733612
7.123082681e-05
1.019347999e-09
-3.547646943e-05
1.764360771e-06
-0.0002926734762
6.881049661e-05
1.722505389e-09
-1.899688654e-06
3.521051933e-05
-0.000305009904
-0.0003116446444
4.570955198e-10
-0.0002865978259
6.830891529e-05
0.0001425175362
-1.10231816e-09
-0.001384311875
5.77522992e-09
0.0003077860283
0.0002865966097
0.00032229996
-3.204589143e-09
0.0003080679477
-0.001635134687
0.0001884189412
0.0003782866626
0.0003454239842
0.0003633671173
0.0001424964883
-0.001384353551
0.0003819711122
0.0002866305916
0.0003077454133
0.0003222692053
0.0003080221648
0.0001481442027
-7.434428279e-05
1.918053592e-09
-1.669349586e-08
-5.089571317e-05
0.0001516343888
-5.089223283e-05
0.0001515347448
-2.41345518e-09
1.651378815e-08
0.0001546079169
-8.86113774e-05
0.0001543259733
-8.863907419e-05
2.187939472e-09
-5.646244535e-08
-5.531298196e-05
0.0001588112865
-8.09971826e-09
-5.519463437e-05
0.0001588503774
-0.0001390097255
0.0001497949582
-0.0001325791634
0.0001214728959
4.936031762e-09
-0.0001431304117
7.853442069e-05
7.189161507e-07
-9.149738074e-05
0.0001553771984
-2.744152337e-09
-8.425928821e-07
0.0001426717503
-0.0001253352929
-0.0001543478554
-4.61579329e-07
-7.758263188e-05
6.878023273e-05
0.0001591973172
-0.0001258166542
-0.0001571666433
5.533467477e-10
6.924544178e-05
0.0001586264593
-4.111601202e-09
-8.974426039e-05
0.0001555522916
0.0002534406019
-4.321817138e-09
1.950956845e-05
8.512218179e-08
-5.827574831e-08
-0.0006072992142
0.0004151493339
0.0001714456296
0.0001162190319
0.0001206805958
0.0002533567648
1.926245269e-05
0.0001061416256
7.260178103e-05
-0.0001289678503
-3.313177628e-09
-9.168243801e-08
0.0001472942596
8.183340574e-05
0.000147148856
8.172710883e-05
2.451102187e-10
-0.0001211710432
1.517223983e-07
0.0001731168799
9.505284176e-05
-1.543779339e-09
-4.913069097e-08
0.000121008688
-0.0001388882493
9.049138779e-05
-0.0001389465014
9.033031154e-05
-2.205199924e-09
0.0001731425627
9.531209082e-05
0.0003893197516
-6.38484892e-08
-0.0001833424041
-0.0001808477375
-0.0002405345896
-0.0002437895468
0.001622920801
-3.107432727e-08
-0.0003450310023
-0.0004273812364
-0.0003437203685
-0.0001135909229
-0.000112281806
-0.000106766662
-0.0001084193418
-5.50614701e-08
0.000340201295
-7.000903911e-07
0.0001510570476
0.0001304290072
0.0003893214166
-0.0001833928754
-0.0001808210139
-0.0002405314076
-0.0002437966516
0.001623234119
0.0003637168088
-0.0004274308178
-0.0003449739226
-0.0003435921883
-0.0001136592044
-0.0001122912184
-0.00010673852
-0.000108363055
0.0003402912033
0.000629415474
7.266601236e-05
-6.025442489e-05
-0.0006419263478
-2.368517022e-10
-6.813826575e-05
-0.0008747601469
5.496843955e-07
0.0008466783578
9.566618806e-05
4.180376258e-09
-1.164377852e-07
6.807659625e-05
-6.376421208e-05
0.0006254068934
-4.003895184e-07
0.0008746886352
-0.0008876683292
8.602801394e-05
-6.362104409e-05
0.0006247766912
5.125455003e-09
-0.0008874431757
8.494899878e-05
-3.632717476e-10
0.0008471734489
9.614148055e-05
0.0001450892852
-4.774333898e-08
0.004466221767
-2.813771197e-08
-4.463103968e-08
0.003061218866
0.0002460067124
-0.000663965729
-0.0008085408901
-0.0008061463782
0.0001455783744
0.004465991649
0.0007248692492
-2.464459781e-08
-0.0001915148601
-0.0001438100725
-0.0001905549045
-5.335981726e-08
0.006528877209
0.0007253274169
0.006224189468
-0.0001440122942
-0.0001912389933
-0.0001902221933
0.006529049738
0.0005184560963
3.224610639e-08
0.006492712327
1.90963064e-08
-3.352549394e-08
0.006058765112
0.0006702353794
-0.0001287520253
-0.0001238977556
-0.0001213220406
0.0005182952969
0.006493302666
-3.271178152e-05
-0.0003288409831
3.67451444e-06
6.52037934e-05
9.766846082e-10
-3.871648361e-06
3.212981286e-05
-1.229420627e-06
0.0003148023869
5.911983633e-05
0.0003482712076
2.874553291e-05
3.982432811e-10
4.575434049e-10
6.198053851e-05
2.126322372e-09
6.400888456e-05
-5.628335547e-07
-0.0002316952201
-0.0001053741853
-0.0001960553923
1.806645369e-09
-0.0002337602438
3.035083148e-09
9.977559208e-05
1.521367427e-06
-0.0002662473486
6.35322996e-10
-1.38246256e-06
-9.9278396e-05
-0.0002189880192
-0.0002234782343
-6.920111082e-10
-0.0002611433435
-0.0002977702043
9.362741494e-05
3.099418586e-06
-1.904655686e-10
-7.899048179e-07
0.0002861511524
-2.913665329e-06
-9.211611405e-05
0.0001198053237
-8.572074143e-05
0.0002539769623
2.458192958e-09
0.0001166993053
-3.478767354e-10
1.248605509e-09
0.0001212112239
3.733169219e-05
-0.0002742303053
-6.548055389e-07
-0.0002552939717
7.120521468e-05
-0.0002575980168
7.126823365e-05
-3.547709829e-05
1.776076243e-06
-0.0002926749678
6.877968521e-05
-1.901937289e-06
3.522619023e-05
-0.0003050064991
-0.0003116419799
-0.0002866104361
6.831872197e-05
-3.27138433e-05
-0.000328847399
3.679549988e-06
6.520770122e-05
0.0003482707804
2.871907116e-05
-3.873122622e-06
3.213973391e-05
-1.243935481e-06
0.0003148017019
5.91468487e-05
6.199697545e-05
6.401055058e-05
-0.0001053646643
-0.0001960348314
0.0001325763561
-5.65494478e-07
-0.0002317130236
-0.0002337473682
9.976848926e-05
1.514058496e-06
-0.0002662496089
-1.367017875e-06
-9.925373344e-05
-0.0002189666249
0.0001253325711
-0.000223485233
0.0001258511757
-0.0002611339832
-0.0002977678085
9.3625147e-05
3.100563021e-06
-8.570958814e-05
0.000253991256
0.00011669529
-7.884313239e-07
0.0002861496924
-2.927036386e-06
-9.212682992e-05
0.0001198699254
0.0001212053808
-6.070388158e-08
0.0001557620627
0.0001045170893
0.0001539181429
2.866834032e-09
0.0001554937917
5.095889404e-09
-6.145900068e-05
2.718667872e-08
0.000161624364
-1.173930386e-08
-1.71152037e-07
6.111263197e-05
0.000161905542
0.0001615392565
-5.831568367e-09
0.0001617072331
-0.0001443424668
1.626590701e-05
3.296717151e-10
1.742155692e-08
-2.089140181e-05
-2.09832141e-05
4.343283948e-10
0.0001526220791
-1.013356587e-08
-1.47878389e-05
3.963654271e-09
-2.056878552e-08
-0.0001526126272
3.020141756e-05
2.992140145e-05
-4.985666212e-10
-1.46638046e-05
-1.032763041e-05
0.0001571402858
2.109733123e-08
2.765610416e-09
-5.292377764e-08
1.013199857e-05
-7.460024888e-06
-1.334817729e-07
-0.0001571965307
0.0001450450128
-0.0001591892217
-4.197931819e-05
-1.51918491e-09
5.134143493e-05
0.000149470669
2.800663718e-09
-8.033324372e-06
1.106235173e-10
0.0001449487726
0.0001481087083
-7.430750724e-05
2.525732787e-08
-5.112179331e-05
0.0001516624886
-5.090637678e-05
0.0001515284673
-2.636914294e-08
0.0001550480803
-8.877937916e-05
0.000154237276
-8.860043155e-05
-2.035179163e-07
-5.530492086e-05
0.000158831242
-5.542034395e-05
0.0001591431126
0.0001045315763
0.0001539027615
-0.0001215039113
-2.050951635e-07
0.0001562542378
0.0001554292991
-6.143840046e-05
-5.612980334e-08
0.0001616071588
-1.50633081e-07
6.099719763e-05
0.0001617938586
-6.871052209e-05
0.0001615433863
-6.923549265e-05
0.000161774957
-0.0001443517371
1.628193863e-05
0.000128973005
3.343119948e-08
-2.096875462e-05
-2.098514469e-05
0.0001526459288
-4.081358913e-08
-1.475506402e-05
-2.905903019e-08
-0.0001527064281
3.021559589e-05
0.0001389553992
2.993704329e-05
0.0001389612625
-1.457289792e-05
-1.029784393e-05
0.0001571465374
6.16101176e-09
-0.0001591828615
-4.197871744e-05
5.133050006e-05
0.0001494846649
-7.563340477e-08
1.001144392e-05
-7.392858041e-06
-1.332571088e-07
-0.0001572196749
0.0001450575347
-8.010150382e-06
0.0001449717152
-0.0001316350172
-0.0001037595285
1.36313751e-06
7.34553822e-10
-1.976810033e-06
0.0001316532029
-1.10922706e-06
9.998932872e-05
0.0001695671227
0.0001177948665
-1.872832598e-10
-1.270649561e-10
4.137942677e-09
5.685891134e-06
0.0001481830989
-1.500572702e-07
-3.204746252e-10
-3.862631361e-07
-3.806720459e-06
-1.063977798e-06
-0.0001478567778
0.0001553796838
-0.0001558905003
5.486577199e-05
-8.023889663e-10
0.0001514674972
2.266202438e-09
-1.188426026e-09
0.0001539192593
-0.0001390408717
0.0001497777351
-0.0001431274777
7.852943939e-05
7.122403548e-07
-9.149250962e-05
0.0001553755512
-8.42694287e-07
0.0001426566195
-0.000154374817
-4.380231673e-07
-7.755304955e-05
0.0001590978775
-0.0001571593136
0.0001586295512
-8.973459826e-05
0.0001555504068
-0.000131636512
-0.000103749824
1.361309941e-06
0.0001695525508
0.0001177915916
-1.961975014e-06
0.0001316729542
-1.10892083e-06
9.996986354e-05
5.682106997e-06
0.0001481804567
-1.555582415e-07
-0.0001558993239
5.485770005e-05
0.0001514875721
-4.04443396e-07
-3.812139412e-06
-1.046538332e-06
-0.0001478394754
0.000155313947
0.0001539234567
-0.00012704506
0.0001913910303
2.680252066e-07
0.0001085018418
1.040264237e-09
-7.547739939e-08
0.0001271547236
-3.775387463e-07
-0.0001919037475
0.0001115479811
0.0002106740194
-0.000108158072
0.0001299161615
1.098483453e-09
0.0001275280576
4.657353142e-10
0.0001111052963
-8.333285621e-10
0.0002098251863
0.000108661555
2.253682212e-09
0.0002585532068
-6.332562069e-05
0.0004155634038
3.004680815e-09
0.0002584683267
2.697163084e-09
7.129687451e-05
1.004286551e-07
0.0002821243574
-4.923965906e-10
-3.142092585e-07
-7.13423243e-05
0.0004238969549
0.0004229230456
1.984829474e-09
0.0002826233956
0.0003114189631
7.888307534e-05
3.237141403e-07
4.400246154e-10
3.691098965e-07
-0.0003128649392
-7.439919524e-07
-7.874375169e-05
7.080308997e-05
-7.917630843e-05
-0.0004310991464
-9.771127872e-10
8.185381952e-05
-3.296066566e-09
9.51549538e-10
6.99620514e-05
0.0001061444879
7.259742278e-05
-8.455095935e-08
0.0001473255234
8.182477121e-05
0.0001471256196
8.176627175e-05
-0.000121171076
1.311246197e-07
0.000173131208
9.503281888e-05
-3.48791079e-08
0.0001210049639
9.055240201e-05
9.035051616e-05
0.000173202323
9.525928151e-05
-0.000127054159
0.0001914065209
2.692973932e-07
0.0001085105839
-0.0001081826936
0.000129922103
0.0001275437405
-8.583219478e-08
0.0001271625458
-3.896842578e-07
-0.0001919492626
0.0001115700225
0.0002106962435
0.0001110798056
0.0002098582876
0.0001086848944
-6.334100838e-05
0.000415584867
6.027182593e-05
-2.810761607e-08
0.0002585997887
0.0002584920734
7.131020851e-05
1.057237167e-07
0.000282108452
-3.256138052e-07
-7.137414447e-05
0.0004239001
6.380137049e-05
0.0004229184342
6.36530215e-05
0.0002825906605
0.000311399417
7.889428344e-05
3.257904433e-07
-7.925208133e-05
-0.0004310789681
8.183349041e-05
3.683293379e-07
-0.0003128273191
-7.506382455e-07
-7.87740301e-05
7.081116332e-05
6.998406747e-05
-1.13682464e-08
6.127479514e-05
-0.0006477734001
6.406819767e-05
-2.158201588e-09
6.115585397e-05
6.485325518e-09
0.0009064867184
1.541675937e-07
9.76107107e-05
4.406252235e-09
-2.246592766e-07
-0.0009068596664
8.359196313e-05
8.288314342e-05
3.945316993e-09
9.805993828e-05
0.001161175134
0.0001508451303
2.569181645e-07
1.784955431e-09
-3.958289941e-07
-0.001161447244
0.001130416966
-3.77202561e-07
-0.0001508729199
-0.0001135089356
-0.001355789595
3.347097106e-09
0.001325129194
3.933727857e-09
0.001130149578
-6.204589352e-09
-0.0006478180374
6.414118011e-05
0.0006418237101
-4.342872942e-08
6.136769615e-05
6.122480906e-05
0.0009064992669
1.645040752e-07
9.757698201e-05
-2.391509627e-07
-0.0009068961188
8.363386758e-05
0.0008877446033
8.292577219e-05
0.0008874794805
9.799463257e-05
0.001161180246
0.0001508063542
2.609245152e-07
-0.0001134823049
-0.00135598672
0.001325076793
-4.10704241e-07
-0.001161466387
0.001130470384
-3.698995249e-07
-0.0001507930991
0.001130216937
-6.116250696e-05
0.0008253678244
7.611843805e-07
4.458451664e-09
-6.107526428e-07
6.200121559e-05
-1.132548736e-06
-0.0008265572302
-0.0006329624848
5.110904585e-05
2.058386069e-09
2.995294644e-09
5.384059001e-09
-0.001116814615
8.415717325e-05
-2.70729502e-07
2.612443437e-09
-6.868163424e-07
0.00111829152
-1.141803049e-06
-8.572719979e-05
-9.759563505e-05
0.001293262074
3.456090374e-09
1.506902854e-09
4.097627896e-09
0.0006294066592
7.260433158e-05
-6.814784372e-05
-0.0008747441861
5.548290813e-07
0.0008466707357
9.567064294e-05
-1.248699619e-07
6.809490341e-05
0.000625442191
-3.977921783e-07
0.000874662584
8.604167924e-05
0.000624792094
8.494146765e-05
0.0008471588973
9.615341854e-05
-6.116730517e-05
0.0008253728611
7.675380226e-07
-0.0006329901436
5.112650466e-05
-6.216951073e-07
6.200640022e-05
-1.142504603e-06
-0.000826573526
-0.001116824398
8.416530735e-05
-2.673107729e-07
-9.764112691e-05
0.001293278636
-6.944041762e-07
0.001118306495
-1.147029645e-06
-8.57444066e-05
-2.041597624e-07
0.0001232401034
-5.672069995e-07
0.0002280898753
0.0001490115591
0.0001293091876
7.706981538e-10
0.000121883972
-5.054724801e-09
0.0002262885896
-3.245360058e-09
8.789463199e-07
-7.648493096e-09
0.0001490249843
0.0001293069975
-2.291775792e-07
0.0001232072803
-5.931239997e-07
0.0002280591498
0.0001218931869
0.0002262776886
8.932907029e-07
9.624735938e-07
-1.738205161e-06
8.463975035e-08
3.109823113e-06
2.476278398e-11
2.356396854e-07
-8.278779994e-07
6.461931159e-08
1.490074355e-06
1.284821563e-11
-2.248140876e-07
4.947301066e-08
4.109730239e-07
6.315838315e-12
9.295776967e-07
-8.950453038e-08
1.73542689e-06
1.721982975e-07
-6.880863063e-08
8.26486615e-07
-5.227911352e-08
2.245628538e-07
1.17341766e-06
3.735040333e-12
2.770144527e-07
1.811120838e-12
9.774826132e-13
7.356444482e-07
3.107275604e-06
1.369948067e-07
1.489754509e-06
4.110336605e-07
4.87085399e-07
7.071865035e-08
3.250810987e-11
1.246824337e-07
5.466515829e-08
1.692632104e-11
4.359910753e-08
8.342923594e-12
2.991793969e-07
3.98405391e-08
9.623612199e-07
-1.738287271e-06
8.458275198e-08
3.109881792e-06
2.356016962e-07
-8.279196985e-07
6.458727641e-08
1.490103436e-06
-2.248259203e-07
4.945684453e-08
4.109809042e-07
9.298106207e-07
-8.938355738e-08
1.73567874e-06
1.722613534e-07
-6.874439716e-08
8.266168767e-07
-5.224776531e-08
2.246030558e-07
1.173357776e-06
2.769859934e-07
7.356759969e-07
3.107490046e-06
1.370061616e-07
1.489871694e-06
4.110693921e-07
4.869247788e-07
7.068883834e-08
1.246383772e-07
5.464950758e-08
4.359115689e-08
2.990189522e-07
3.980958566e-08
)
;

boundaryField
{
    inlet
    {
        type            calculated;
        value           nonuniform 0();
    }
    outlet
    {
        type            calculated;
        value           nonuniform List<scalar> 
25
(
0.0199976372
0.01999767514
0.01999774982
0.01999786009
0.01999800425
0.01999818004
0.01999838463
0.01999861469
0.0199988665
0.01999913602
0.0199994189
0.01999971066
0.02000000666
0.02000030223
0.02000059276
0.02000087367
0.02000114062
0.02000138941
0.0200016162
0.02000181743
0.02000198996
0.02000213106
0.0200022385
0.02000231071
0.02000234648
)
;
    }
    topAndBottom
    {
        type            symmetry;
        value           uniform 0;
    }
    frontAndBack
    {
        type            empty;
        value           nonuniform 0();
    }
    cylinder
    {
        type            calculated;
        value           uniform 0;
    }
    procBoundary3to1
    {
        type            processor;
        value           nonuniform List<scalar> 
125
(
1.312736626e-06
1.265854466e-06
9.182695633e-07
3.324436958e-07
-3.74347597e-07
-1.029299069e-06
-1.549022406e-06
-1.819264846e-06
-1.816389315e-06
-1.566928221e-06
-1.177663218e-06
-7.281033917e-07
-2.980986605e-07
8.074361057e-08
3.471104384e-07
4.856244403e-07
5.551101139e-07
5.582500917e-07
5.170681196e-07
4.535216195e-07
3.811869548e-07
3.105209988e-07
2.44436928e-07
1.821000356e-07
1.252854561e-07
7.597929383e-08
3.540481123e-08
5.004279301e-09
-1.914855369e-08
-3.266731282e-08
-3.798515508e-08
-3.757144051e-08
-3.303845277e-08
-2.71672485e-08
-2.054730522e-08
-1.59216916e-08
-1.301787778e-08
-1.060392378e-08
-8.383444159e-09
-6.342416865e-09
-4.563160404e-09
-3.203628934e-09
-2.411935748e-09
-2.234809857e-09
-2.584749019e-09
-3.272621058e-09
-4.074838837e-09
-4.797759742e-09
-5.315703234e-09
-5.577809732e-09
-5.592984822e-09
-5.406920034e-09
-5.081423289e-09
-4.679999034e-09
-4.257339855e-09
-3.856283308e-09
-3.501067179e-09
-3.200601079e-09
-2.953098204e-09
-2.74976422e-09
-2.57887982e-09
-2.431173198e-09
-2.302391591e-09
-2.190395711e-09
-2.094106778e-09
-2.013298079e-09
-1.946597865e-09
-1.899247527e-09
-1.833434579e-09
3.225445993e-09
2.451153534e-08
2.43045915e-07
-2.664150363e-09
-5.259142092e-09
1.705132139e-08
-3.273495175e-09
8.251541133e-09
-2.620570263e-09
-6.351756155e-09
-6.070114885e-09
-3.627153347e-09
-6.890114708e-09
-6.236127652e-09
4.80735671e-08
1.973958181e-08
4.777469334e-08
2.922292285e-09
7.047133964e-09
6.479981111e-09
9.316731047e-09
1.688064986e-08
8.553111215e-09
3.822034154e-10
-4.304672161e-09
2.034583018e-09
1.335810336e-08
-3.855938369e-09
3.382901409e-09
2.876603001e-07
2.432738637e-07
2.878699799e-07
2.467251368e-08
3.34978192e-08
3.400873229e-08
4.13312971e-08
5.22887951e-08
4.267141251e-08
2.274636723e-08
3.126716885e-08
3.30943451e-08
5.218719894e-08
4.038288957e-08
4.229169023e-08
-6.095803638e-10
-3.020506598e-10
-8.542953246e-11
-5.809469977e-10
-2.851187195e-10
-7.953909944e-11
-6.497555972e-10
-3.235347344e-10
-9.250261896e-11
-5.960494716e-10
-2.934754974e-10
-8.231417149e-11
)
;
    }
    procBoundary3to2
    {
        type            processor;
        value           nonuniform List<scalar> 
103
(
-0.0008237350059
-0.0008242545267
-0.006467927499
-0.006447058714
-0.006468591107
-0.006445442021
-0.02497937989
-0.02443779215
-0.02395990748
-0.02356813978
-0.02323476861
-0.02294988539
-0.02270373584
-0.02249041467
-0.02230529978
-0.02214488848
-0.02200635912
-0.02188756253
-0.02178677026
-0.02170256663
-0.02163388454
-0.0215798774
-0.02153988444
-0.02151344672
-0.02150024463
3.949041665e-05
-5.214276944e-07
3.872231866e-05
-2.471965728e-07
1.447548989e-07
8.855418452e-07
1.438849476e-07
8.852298972e-07
3.083179757e-05
8.841721026e-05
3.053545323e-05
8.844055414e-05
2.681506822e-05
2.669883624e-05
3.949606394e-05
-5.213952419e-07
3.873923538e-05
-2.471130587e-07
3.083470627e-05
8.842218501e-05
3.054359453e-05
8.844784675e-05
2.6813263e-05
2.671691724e-05
-4.828828878e-06
-4.965321324e-06
-8.069533211e-05
-8.066266163e-05
-0.0002166118575
-0.0004126995931
-0.0004126174066
-0.0002164616955
-4.898727387e-06
-4.972521486e-06
-8.069674253e-05
-8.06690526e-05
-0.0002166184248
-0.0004127135032
-0.000412627984
-0.0002164727596
-0.0006608660142
-0.0006608021526
-0.0009431001576
-0.0009434906783
-0.00154798261
-0.001547253706
-0.001590632254
-0.001592064169
-0.006544493236
-0.001548105188
-0.001547335461
-0.001590577752
-0.001591972181
-0.006544512289
-0.00121466827
-0.001396256502
-0.00139587037
-0.001214003312
-0.0006609480071
-0.000660889204
-0.0009430115513
-0.000943358575
-0.001214668748
-0.00139619364
-0.001395778669
-0.001214003921
3.767316366e-06
1.803760525e-06
4.944741655e-07
3.767249635e-06
1.803731697e-06
4.944718963e-07
3.756465075e-06
1.797791601e-06
4.920478936e-07
3.756388977e-06
1.797758655e-06
4.920402058e-07
)
;
    }
}


// ************************************************************************* //
