/*--------------------------------*- C++ -*----------------------------------*\
| =========                 |                                                 |
| \\      /  F ield         | OpenFOAM: The Open Source CFD Toolbox           |
|  \\    /   O peration     | Version:                                        |
|   \\  /    A nd           | Website:  www.openfoam.com                      |
|    \\/     M anipulation  |                                                 |
\*---------------------------------------------------------------------------*/
FoamFile
{
    version     2.0;
    format      ascii;
    class       volScalarField;
    location    "2.2";
    object      p;
}
// * * * * * * * * * * * * * * * * * * * * * * * * * * * * * * * * * * * * * //

dimensions      [0 2 -2 0 0 0 0];


internalField   nonuniform List<scalar> 
2429
(
0.0970263957
0.09729650424
0.09796187234
0.09904486575
0.1005415558
0.102483626
0.1049367172
0.1079860377
0.1117370403
0.1163261805
0.121933585
0.1287986374
0.1372437138
0.1477134659
0.1608281595
0.1774851342
0.1989184892
0.2271197834
0.2641061485
0.3080602861
0.3631270537
0.4686397137
0.5859649976
0.0966656917
0.09692799602
0.09757258265
0.09862119817
0.1000689155
0.1019445156
0.1043087928
0.1072400469
0.1108338727
0.1152122229
0.1205334852
0.1270039953
0.1348948809
0.1445685373
0.1565096451
0.1713780696
0.1900056669
0.213613943
0.2431052703
0.2832823866
0.3266825105
0.3908036407
0.4070490472
0.09595655737
0.09620186217
0.09680620965
0.09778842843
0.09914142083
0.1008887089
0.1030821378
0.1057872431
0.1090815891
0.1130609273
0.1178449183
0.1235821003
0.1304559395
0.1386925122
0.1485589904
0.1603608823
0.1743371017
0.1906431833
0.208487499
0.2260117832
0.2510213263
0.249905927
0.1750691085
-0.2271408756
-0.4659192822
0.09491992865
0.09514144439
0.09568904002
0.09657763956
0.09779731401
0.09936471144
0.1013199117
0.1037118769
0.1065951836
0.1100328063
0.1140969972
0.1188676895
0.124426788
0.1308505709
0.1381668151
0.1463337929
0.1550214396
0.1635249178
0.1699305583
0.1709161275
0.1778949119
0.1443188601
0.05073303549
-0.1722841786
-0.480710154
-0.6007261988
-0.5306126573
-0.4667663347
0.09358692491
0.0937792122
0.09425662978
0.09502968723
0.09608585082
0.09743401694
0.09910098817
0.1011175625
0.1035137937
0.1063183948
0.1095550924
0.1132375644
0.1173492396
0.1218395695
0.1265446844
0.1311769267
0.1350994343
0.1371672709
0.1352405724
0.125366367
0.1010369212
0.07193402098
-0.01207349379
-0.1415449774
-0.276413272
-0.3698846285
-0.3904795564
-0.3782105638
0.09199036061
0.09215389755
0.09255206168
0.09319388713
0.09406582869
0.09516892873
0.09651651981
0.09812171913
0.0999915117
0.1021223599
0.1044929819
0.1070645827
0.1097446234
0.1123953356
0.114751663
0.1163905288
0.1165850776
0.114117167
0.1071589619
0.09276625476
0.066952166
0.02392118129
-0.03791733804
-0.1058077445
-0.1810688048
-0.2387556486
-0.2629588425
0.09018083437
0.09030964487
0.09062283194
0.09112525968
0.09180214345
0.09264764649
0.0936628598
0.09484521455
0.09618173491
0.09764023541
0.09916572812
0.100685811
0.1020678304
0.1031203814
0.1035430472
0.1028662733
0.1004270426
0.09520895063
0.08582663725
0.07037716967
0.04661191224
0.01233139172
-0.03281121024
-0.0829362878
-0.12939766
-0.1641780846
-0.182863565
0.08819977025
0.08829320474
0.08851985789
0.0888808774
0.08936084737
0.08994840382
0.09063433953
0.09140330683
0.09222605571
0.09304772191
0.09379797356
0.09438644027
0.09466317704
0.09440714641
0.09333315312
0.09101813891
0.08689384848
0.08018922679
0.06991356482
0.05486445908
0.03394410466
0.006354655416
-0.02713683697
-0.06327372948
-0.09733541546
-0.1237444235
-0.1397593869
0.08609440867
0.08615319799
0.08629487378
0.0865175994
0.0868063529
0.08714575895
0.0875184374
0.08789944257
0.08824743123
0.08849498074
0.08856930013
0.0883677956
0.08774253098
0.08648215803
0.08432185214
0.0809091982
0.07579259725
0.06841054892
0.05809168507
0.04414158269
0.02609339299
0.00378636092
-0.02187509463
-0.04877570581
-0.07389692636
-0.09392132784
-0.1067716698
0.08391060267
0.08393646449
0.08399734764
0.08408912729
0.08419813175
0.08430618902
0.08438955006
0.08441733766
0.08434224225
0.08409220805
0.0836003917
0.08276392942
0.08143614795
0.07942988366
0.07651831132
0.07242252322
0.06680520366
0.05926416454
0.04936835346
0.03677601822
0.0212930945
0.003119020671
-0.0169441732
-0.03742746174
-0.05650851418
-0.07214912051
-0.08286431521
0.08169205475
0.08168746917
0.08167366608
0.08164475097
0.08158876613
0.08148558748
0.0813084246
0.08102478279
0.08058397786
0.07992469366
0.07897780524
0.07764110014
0.07578255087
0.07324576677
0.06984797051
0.06537639403
0.05958298853
0.05219902556
0.0429660364
0.03174389812
0.01848993451
0.003521589037
-0.01246743753
-0.02850818029
-0.04342682392
-0.05586378956
-0.06474468161
0.07947920691
0.07944716054
0.07936604702
0.07922860714
0.07902493885
0.07873464903
0.07832869025
0.07777838587
0.07703829474
0.07604977873
0.0747406929
0.07301966249
0.07077676986
0.06788572824
0.06420463408
0.05957344695
0.05381739252
0.04675881694
0.03827357204
0.02830097282
0.0169365141
0.004489501128
-0.008500758833
-0.02136669507
-0.03330399294
-0.04338721663
-0.05087309732
0.07730856145
0.07725226105
0.0771116022
0.07687850224
0.07654590243
0.07609404661
0.07549832739
0.07473009252
0.07374620453
0.07249167366
0.07090112611
0.06889742464
0.0663910325
0.0632821067
0.05946159103
0.05481415631
0.049222597
0.04257782425
0.03483771288
0.02599126433
0.01618547902
0.005713742907
-0.005035549661
-0.01557588036
-0.0253391062
-0.0336847308
-0.04009241124
0.07521183567
0.07513481748
0.07494217407
0.07462653416
0.07418357989
0.07359843503
0.07284847473
0.071902774
0.07072212108
0.06925933704
0.06745903555
0.06525705699
0.06258142027
0.05935550702
0.05549861604
0.05092826886
0.04556841578
0.03936664146
0.03230924975
0.02445188946
0.01593924113
0.007013797005
-0.002034168918
-0.01083866885
-0.01898827685
-0.0260278103
-0.03157966021
0.07321736062
0.07312257677
0.07288570778
0.07250027256
0.07196710866
0.071274029
0.07039773366
0.06930909292
0.06797465062
0.06635513391
0.06440450367
0.06207019095
0.05929622619
0.05602433155
0.05219777124
0.04776123381
0.04266922483
0.03690685538
0.03047256432
0.02345377176
0.01599725427
0.008284582715
0.0005438005271
-0.006944273853
-0.01387654344
-0.01992254455
-0.02480436824
0.07134847989
0.07123724429
0.07096549512
0.07052437231
0.06991791041
0.06913641891
0.06815834329
0.06695799434
0.06550723298
0.06377371281
0.06171971308
0.05930328166
0.05648178574
0.0532130485
0.04945722106
0.04518158071
0.04036165594
0.03500637421
0.02913239448
0.02282892811
0.01622883288
0.009473588905
0.002747535409
-0.003730533109
-0.009733666769
-0.01501769772
-0.01937558276
0.06962302015
0.0694997035
0.06919985391
0.06871422506
0.06804880183
0.06719673389
0.06613925329
0.06485408587
0.0633177758
0.06150398141
0.05938231701
0.05692122381
0.05408903935
0.05085572985
0.04719444402
0.04308748155
0.0385296949
0.03353508573
0.02814749288
0.02244528765
0.01653855678
0.01054520589
0.00461497913
-0.001080094146
-0.00636679484
-0.01106113058
-0.0150060427
0.06805837595
0.0679262104
0.06760370234
0.06708250574
0.06637074849
0.0654640218
0.06434615574
0.06299808073
0.06140059985
0.05953257063
0.05737037264
0.05489079901
0.05207119172
0.0488912028
0.04533531224
0.04139652086
0.03708317758
0.03240985804
0.02743177007
0.02222632602
0.01687955942
0.01149214824
0.006187332259
0.001101981505
-0.003629087557
-0.00786436767
-0.01148217093
0.06666808655
0.06652907683
0.06618875937
0.06563973301
0.06489230042
0.06394413354
0.06278134178
0.06138785204
0.05974796361
0.05784472763
0.05566136526
0.05318115941
0.05038783055
0.0472688089
0.04381788353
0.04003516617
0.03593796822
0.03154684528
0.02691588274
0.02211634267
0.01721906449
0.0123115715
0.007497330859
0.002887146055
-0.001412003141
-0.005289084
-0.008647751239
0.06546191248
0.06531789859
0.06496402236
0.06439373043
0.06361934966
0.06264040255
0.06144497333
0.06001949274
0.05835103197
0.05642690109
0.05423579277
0.05176554513
0.04900556732
0.0459487633
0.04259511055
0.03895215248
0.03503812715
0.03088531114
0.02654185088
0.02206919304
0.0175302719
0.01300162085
0.008571104179
0.004330295257
0.0003662012393
-0.003232046849
-0.006386411477
0.06444758265
0.06430002759
0.06393611882
0.06335000442
0.06255576581
0.06155454934
0.06033612172
0.05888873191
0.05720141773
0.05526626944
0.05307535271
0.05062018205
0.04789476547
0.04489646203
0.04163007722
0.03810776475
0.03434813996
0.03038806559
0.02627497823
0.02206038219
0.01780191531
0.01356753002
0.009432926989
0.005475557567
0.001768270212
-0.001615527671
-0.004611149835
0.06363080177
0.06348088693
0.0631098216
0.06251234596
0.06170396823
0.06068718542
0.05945292502
0.05799031432
0.05629157049
0.05435172421
0.05216497544
0.04972608939
0.04703235536
0.04408454179
0.04089073611
0.037465982
0.03383174118
0.03002467741
0.02608942255
0.02207191621
0.01802605542
0.0140135333
0.01010100584
0.006355686231
0.002840527669
-0.0003822683763
-0.00325775339
0.06301573682
0.062864363
0.06248847856
0.06188328445
0.06106535395
0.0600381683
0.0587932703
0.05732064896
0.05561561271
0.05367434067
0.0514928945
0.04906845491
0.04640057227
0.04349237947
0.04035399053
0.03700224174
0.03346174842
0.02976846746
0.02596282231
0.02208835742
0.0181960002
0.01434276309
0.01058896336
0.006994818746
0.003616740195
0.0005091950907
-0.00227985888
0.06260532456
0.0624531168
0.06207435301
0.06146444043
0.06064064564
0.05960699199
0.05835491454
0.05687668789
0.05516838088
0.05322702933
0.05105014459
0.04863636869
0.04598663911
0.0431055716
0.04000453447
0.03670152695
0.03322293568
0.02960490372
0.02588394595
0.022102654
0.01830993997
0.01455963882
0.01090806661
0.00741118189
0.004121603065
0.001088851298
-0.001643956953
0.06240278465
0.06225031711
0.06187048526
0.06125866105
0.06043216617
0.05939468986
0.05813872644
0.05665764365
0.05494752221
0.05300594559
0.05083114136
0.04842246426
0.04578156328
0.04291366589
0.03983054562
0.03655254261
0.03310641333
0.0295250719
0.02584511548
0.02210922758
0.01836521177
0.01466520878
0.01106353102
0.007614143981
0.004368244285
0.001373084255
-0.001331085377
0.4772755505
0.5859339157
0.477295156
0.2251296457
-0.03336327703
0.4070282316
0.2250831112
-0.03331344098
-0.1456734096
-0.145661009
-0.4701322131
-0.4701389464
-0.4588925789
-0.4589370868
-0.1857928442
-0.463672881
-0.2272100893
-0.1858425133
-0.4636230575
-0.5713794897
-0.6518285651
-0.5713315807
-0.6518075068
-0.6624395198
-0.5632304507
-0.6624183614
-0.5632866105
-0.475646955
-0.5464721104
-0.4830433067
-0.4755742802
-0.5464346239
-0.4829270072
0.5603631674
0.4201036673
0.4697897509
0.4686149958
0.5603423662
0.4200411641
0.4698382932
0.5678491833
0.5884550827
0.5972821175
0.5655959495
0.5964162676
0.5685029313
0.5680015479
-0.4546873313
-0.4522457552
-0.06966329898
0.07257107972
-0.1019607262
0.1750317079
-0.06968186351
0.07254098694
-0.1019720859
-0.3051046049
-0.2327454856
-0.2498956244
-0.2282985387
-0.2423869896
-0.2305535101
-0.3063542644
-0.6719870302
-0.6756745993
-0.5154575116
-0.5108329681
-0.5515943261
-0.5089637635
-0.5528137509
-0.5155514078
-0.4690507669
-0.4658839152
-0.4689854451
-0.5870936456
-0.3104481776
-0.3987025147
-0.4805638412
-0.587091705
-0.3103652327
-0.398697007
-0.5466511372
-0.4157475998
-0.4300134776
-0.6007290256
-0.5467980936
-0.415777776
-0.4301709278
0.5059526845
0.479564321
0.5247127038
0.4599433448
0.5268108787
0.4624571109
0.5076813908
0.4398222313
0.4408081383
0.5678439161
0.5884480479
0.5972590141
0.5655694105
0.5964094878
0.5684983094
0.5679854586
0.5059487306
0.4795628596
0.5246894834
0.4599322249
0.5268089982
0.4624546091
0.5076693803
0.439822
0.44080718
0.2356725852
0.2895131034
0.165409072
0.2845817391
0.1669208696
0.2330390674
0.1550130357
-0.03198879563
-0.000740762196
0.09819363691
-0.007800945986
0.09986269044
0.1536603329
0.2356707346
0.2895052669
0.1654112312
0.2845814614
0.1669185784
0.2330367859
0.1550108818
-0.03198823359
-0.0007327883026
0.09820522254
-0.007808498026
0.0998681405
0.1536615513
-0.1462751263
-0.1462502929
-0.4689950727
-0.4689892006
-0.4590970116
-0.4655888598
-0.4517490438
-0.4668157988
-0.4517266557
-0.4546881962
-0.4522432462
-0.4590964676
-0.4655726182
-0.4517171632
-0.4668110221
-0.4517210348
-0.490060231
-0.4503813481
-0.4942814302
-0.4534197248
-0.4882787044
-0.4829179655
-0.3051012982
-0.2327289504
-0.2498982341
-0.2283400602
-0.2423919736
-0.2305446748
-0.306349065
-0.4900673549
-0.4504082811
-0.4942851531
-0.4534274965
-0.4882841019
-0.4829369304
-0.5899102506
-0.5749486013
-0.6471981143
-0.5992836807
-0.653441945
-0.6012854653
-0.5950073304
-0.657713173
-0.6535927016
-0.6735482687
-0.6362622575
-0.671910319
-0.6399703214
-0.6564687479
-0.6719815185
-0.6756695703
-0.589900279
-0.57492452
-0.6471592173
-0.5992334335
-0.6534285942
-0.601275771
-0.5949771443
-0.6577039804
-0.6535885767
-0.6735252156
-0.6362330538
-0.6719037714
-0.6399636013
-0.6564429963
-0.5633916472
-0.5598692875
-0.6582590574
-0.6656214896
-0.6983851694
-0.6345359232
-0.7000597642
-0.6358277331
-0.6589343886
-0.6291820532
-0.5629415392
-0.5630969954
-0.6000985851
-0.5619315486
-0.6014092746
-0.6267529107
-0.5633963852
-0.5598675742
-0.6582573358
-0.665616345
-0.6983670792
-0.6345224087
-0.7000542089
-0.6358277913
-0.6589264726
-0.6291774798
-0.5629501023
-0.563086177
-0.600087267
-0.561928923
-0.6014091935
-0.6267399826
-0.5059807705
-0.4762271477
-0.4957006109
-0.4810572238
-0.4956581169
-0.4811816846
-0.5043136361
-0.5154412979
-0.5107829428
-0.5515562939
-0.5089445803
-0.5528010414
-0.5155053665
-0.5059685224
-0.4762142997
-0.4956335126
-0.4810390434
-0.4956427115
-0.4811726397
-0.5042770057
0.4376889314
0.3404666909
0.398000211
0.3631127224
0.4376628088
0.3405004343
0.3979278178
0.4912134664
0.4995295761
0.4600215208
0.4729540988
0.5018166988
0.4644238673
0.4888848754
0.3737890204
0.2919126145
0.2744392887
0.3266159789
0.3738631617
0.2918864258
0.2744060405
0.416617144
0.2831274155
0.2580458763
0.3908822536
0.4166121609
0.2830913528
0.2580694392
0.310098382
0.4077140258
0.3716776552
0.3425223077
0.373261323
0.3435389827
0.307778696
0.2120110923
0.1681238437
0.1057421027
0.2499467818
0.2119505519
0.1681852798
0.1057522419
0.1769853836
0.1170410807
0.1179771306
0.0784815217
0.1315582225
0.1342184297
0.07691903279
-0.4668527498
-0.4517079861
-0.4638419888
-0.4518365256
-0.4639259728
-0.4525346655
-0.4526844738
0.08228334454
0.09966603843
0.01885475859
0.1443335786
0.08226682817
0.09967073
0.01884540855
-0.1018814541
-0.001267762563
-0.09748793375
0.05068622281
-0.1019295892
-0.001285465072
-0.09754824281
-0.4030216236
-0.1400640162
-0.2693280895
-0.1724369056
-0.4028495605
-0.1401260335
-0.269168338
-0.4812381521
-0.5277303877
-0.5274127217
-0.4536763724
-0.4084627104
-0.4081876723
-0.4540971323
-0.601596199
-0.590462735
-0.5909402013
-0.5350521948
-0.5334786578
-0.533701298
-0.5348904872
-0.4772233415
-0.4273532232
-0.4121038738
-0.5303751946
-0.4773262482
-0.4273729107
-0.4120697445
-0.4054497595
-0.4666181253
-0.4055581898
-0.241076839
-0.1192615689
-0.2158626728
-0.1415814497
-0.2410468955
-0.1192834565
-0.2158370829
-0.3535958893
-0.2223820176
-0.2586813366
-0.2763419222
-0.353594601
-0.2224134211
-0.2586755157
-0.3904664414
-0.2704386729
-0.2982000136
-0.3699110348
-0.3905217498
-0.2704496069
-0.2982525243
-0.3841182342
-0.299989663
-0.3142975146
-0.3906390642
-0.3840452201
-0.2999643263
-0.3143104447
0.2342590936
0.2266353687
0.2807848642
0.1711915422
0.2819112112
0.1717520253
0.2336842749
0.3100954471
0.4077063929
0.3716999469
0.3424986146
0.3732645189
0.3435362138
0.3077726115
0.2342581033
0.2266242033
0.2808094148
0.1711702691
0.2819175406
0.1717491016
0.2336833011
-0.2981516398
-0.1855510193
-0.2038539897
-0.2721653196
-0.2039729903
-0.271445255
-0.2992633449
-0.4346154448
-0.4631244389
-0.4998743844
-0.3752724064
-0.498634485
-0.3757963372
-0.4321274628
-0.2981654273
-0.1855794765
-0.2038605437
-0.2722851321
-0.2039800452
-0.2714811524
-0.2993019337
-0.4346293659
-0.4631073533
-0.4998998859
-0.3753345559
-0.4986363961
-0.3758176672
-0.4321671496
-0.5297386694
-0.5471737945
-0.5623003781
-0.5232850436
-0.5655403613
-0.523256383
-0.5295687303
-0.5029028621
-0.483085162
-0.4821980728
-0.5001678199
-0.4821579754
-0.5002082759
-0.5028272708
-0.5297155468
-0.5471536812
-0.5623093722
-0.5230986864
-0.5655335089
-0.5232079135
-0.5295067819
-0.5028848983
-0.4830633779
-0.4820951449
-0.5001207531
-0.4821348727
-0.5001929856
-0.5027653261
0.561551876
0.54411371
0.5453106705
0.5190378365
0.5307718146
0.5321705664
0.517633507
0.4706964592
0.443240466
0.4400131559
0.4247764384
0.4477826222
0.4426034176
0.4683308077
0.4708893791
0.5121701561
0.5129985141
0.4934569
0.4575165959
0.4591007823
0.4921052581
0.4912100883
0.4729507478
0.4995217294
0.4600092967
0.5018144795
0.4644200149
0.4888747108
0.5615456806
0.5440840176
0.5453058458
0.519032909
0.5307590572
0.5321661471
0.5176124735
0.4706959854
0.4247732901
0.44326443
0.4399823095
0.4477842285
0.4426028722
0.4683287932
0.4708913982
0.5121519928
0.5129944087
0.4934567627
0.4575161574
0.4591014292
0.4921118583
-0.06799913405
0.03714228047
-0.09540290835
0.03768164154
-0.09448156635
0.002141023951
0.001268899812
0.05130556357
0.09854516984
0.02682325133
0.07817714527
0.1027077407
0.03003675831
0.04887311142
-0.1008747398
-0.1006818854
-0.09964789619
-0.01636325179
-0.03191007055
-0.03031842942
-0.01772547519
0.1769706976
0.1170895239
0.1179877996
0.07847937481
0.1315896484
0.1342268212
0.07692758897
-0.06803410856
0.03716990869
-0.09546390592
0.03768138848
-0.09451269951
0.002127104287
0.001248523906
0.0512949425
0.07816717226
0.09854526376
0.02679804144
0.1027045003
0.03002734558
0.04884984906
-0.1008835721
-0.1007407105
-0.0996609553
-0.0163774947
-0.03193969993
-0.03032709852
-0.01776153944
-0.4691902384
-0.4652997565
-0.4655204719
-0.4554277649
-0.4575209655
-0.457643956
-0.4553977067
-0.4668446208
-0.4517874187
-0.4638944792
-0.4518378352
-0.4639302339
-0.4525253796
-0.4526552818
-0.4691764177
-0.4654549454
-0.4655416472
-0.4554262054
-0.4576126532
-0.4576629549
-0.4554240641
-0.5871571947
-0.5631897622
-0.5632547728
-0.4894046425
-0.5168435034
-0.5167372258
-0.4897158612
-0.393936333
-0.3538031459
-0.3456261243
-0.3086731954
-0.3530837494
-0.3441494392
-0.3945153582
-0.4271301749
-0.4533056695
-0.3751721534
-0.3980154055
-0.4530106126
-0.3741251941
-0.4275847466
-0.4811911129
-0.5276979145
-0.5274061477
-0.453706061
-0.4080203742
-0.4080893903
-0.4541674526
-0.5871576667
-0.5631846511
-0.5632573346
-0.4894186359
-0.5168401269
-0.516737668
-0.4897446368
-0.3940072381
-0.3086797741
-0.3534502423
-0.3457653245
-0.3530427
-0.3442010387
-0.3946902419
-0.4271512769
-0.3980198136
-0.4532941431
-0.3752117667
-0.4530098762
-0.3741442873
-0.4276316171
-0.54683128
-0.5697012973
-0.5702184302
-0.526230006
-0.5137600715
-0.5138561994
-0.5260837649
-0.4777466754
-0.4705205434
-0.4258493289
-0.4153331998
-0.4704141403
-0.4256102581
-0.4777956422
-0.4769724982
-0.4722857035
-0.4297663114
-0.4297645233
-0.4722735317
-0.4296010838
-0.4770339198
-0.6015981937
-0.5904815786
-0.5909514435
-0.5350841199
-0.5335045933
-0.53371143
-0.5349780026
-0.5468427937
-0.569755734
-0.570230985
-0.5262832001
-0.5141609939
-0.5138848966
-0.5263000775
-0.4777941754
-0.4153492859
-0.4705580881
-0.425942879
-0.4704302512
-0.4256454115
-0.4779225178
-0.477057906
-0.4297897759
-0.4729465605
-0.4299294143
-0.4723591075
-0.4296481294
-0.4773239591
0.3377381754
0.2999508536
0.3261785767
0.3080624162
0.3377379815
0.2999468197
0.3261699208
0.4080718112
0.3731324194
0.3595626443
0.3713831921
0.4124245648
0.3681011018
0.3682873868
0.3053607708
0.2615660101
0.2796506252
0.2832710385
0.3053537898
0.2614650002
0.279554373
0.3489073687
0.3294892079
0.3090235665
0.3347469571
0.3693738325
0.318306649
0.3134144424
0.4047562653
0.3966652063
0.4081488863
0.370802775
0.3576977712
0.3664305911
0.3662704307
0.2455307068
0.2133110203
0.2037954952
0.2509975778
0.2455925804
0.2132819487
0.203803641
0.2260400897
0.2482932029
0.2234038306
0.2741969713
0.2586621351
0.2381850594
0.2129453465
0.1634686637
0.1446459965
0.1331854486
0.1778988375
0.1634973721
0.144632513
0.1331886683
0.149792128
0.1092844056
0.1189987401
0.1571818847
0.169981997
0.1354356887
0.09368868767
0.008957657624
0.05810352817
0.01326804339
0.001268107366
0.03172979141
0.04242468778
-0.003887403578
-0.1718488124
-0.2458536802
-0.2451549498
-0.21959073
-0.1591756426
-0.1578842804
-0.2207977833
-0.5310936449
-0.5126911804
-0.5129876751
-0.5023772442
-0.5025426692
-0.4894296595
-0.4895657936
-0.4669776329
-0.4554908144
-0.455734292
-0.445526598
-0.4538760273
-0.4542035672
-0.4450650111
0.0390754001
0.05060680234
0.02536255869
0.07193895188
0.03907222753
0.05059966745
0.02536238156
-0.1153048135
-0.02036113286
-0.0602197556
-0.0120874576
-0.1153503191
-0.02035931309
-0.0602230459
-0.1428596596
-0.1680082425
-0.1361139377
-0.1086207573
-0.1586648301
-0.09578064273
-0.1519582761
-0.3064823739
-0.2715023848
-0.3028595985
-0.2682248578
-0.250750312
-0.2388823419
-0.2749975273
-0.3809983323
-0.369122747
-0.3805322185
-0.3421642973
-0.3315293968
-0.3302397879
-0.3429712426
-0.3903132324
-0.3565760501
-0.3892473656
-0.3566276959
-0.3888780002
-0.3560058029
-0.3569671394
-0.3120167108
-0.3783022026
-0.3119231862
-0.1461158593
-0.0946843882
-0.1227321153
-0.1058295975
-0.1461199413
-0.09469130023
-0.1227297036
-0.2137307709
-0.1532551096
-0.1803481249
-0.1810704813
-0.2137366249
-0.1532579203
-0.1803548183
-0.2557380724
-0.2019763017
-0.2195796404
-0.2387675688
-0.2557573223
-0.2019844332
-0.2195848094
-0.2611800315
-0.2282918269
-0.2404061794
-0.2629965463
-0.2612337701
-0.2282888195
-0.2404102134
0.4307266478
0.4474144843
0.4405782068
0.4230576161
0.404584302
0.4286180557
0.3987844462
0.3995512035
0.3520828838
0.3451768526
0.3486722966
0.3607599969
0.3860343821
0.358970545
0.4169750609
0.4078356431
0.426920464
0.412012315
0.3718031745
0.3961480099
0.3875191584
0.4080702268
0.3713833956
0.3731295801
0.3596010741
0.4124239983
0.3681033072
0.3682942016
0.4474087847
0.4307253798
0.4405730676
0.4230560272
0.4045794993
0.4286152111
0.3988053241
0.3995452426
0.3486677271
0.3520658511
0.3451947869
0.3607550079
0.3860264818
0.3589577035
0.4078302021
0.4169696265
0.4269190391
0.4120059584
0.37175198
0.39613735
0.3874852553
0.3840670232
0.348077439
0.3521895163
0.3459574715
0.3749414971
0.35874595
0.3324411857
0.3180761562
0.3082386754
0.2853947714
0.3168560552
0.3423238294
0.2924200585
0.312697934
0.3488996262
0.3347301701
0.3294365562
0.3090336144
0.3693658081
0.3182987985
0.3134040716
0.3840766358
0.3480736132
0.352186022
0.3459532357
0.3749401372
0.3587425193
0.3324372275
0.3180671176
0.3168566235
0.3082605841
0.2853593239
0.3423227913
0.2924095013
0.3126876748
0.4174523997
0.3624602032
0.3638485573
0.4148212817
0.4166852489
0.3714804027
0.3691038347
0.3328398463
0.3189048268
0.2856047888
0.3075850261
0.3385899154
0.2949259849
0.3252919151
0.2606435963
0.3090427436
0.311012732
0.3258972394
0.2773310487
0.2818610665
0.3224560542
0.3966753357
0.4048505012
0.4081598019
0.3707964029
0.3576902688
0.3664258082
0.3662553118
0.4174489461
0.3624168955
0.3638388468
0.4148644211
0.4166868708
0.3714729646
0.3690828157
0.3328391486
0.3075836863
0.3189206195
0.2856122123
0.33859029
0.2949292899
0.3252907269
0.2606451041
0.3090387548
0.3110085584
0.3258976301
0.2773550925
0.2818643425
0.3224516096
0.2155008464
0.1698423983
0.1749942258
0.2061729446
0.2357992491
0.2419606478
0.1963553917
0.2101193066
0.2000108411
0.1342131769
0.1763920084
0.2021813745
0.1888473959
0.1700259844
0.1340246289
0.1176667895
0.1433083944
0.1799385737
0.1244379581
0.1559763622
0.1557906334
0.2260404323
0.2742036457
0.2483177415
0.2234253822
0.2586667969
0.2381858561
0.2129487778
0.2154908114
0.1698465744
0.1749962093
0.2061713548
0.2357807176
0.2419573161
0.1963359405
0.21012258
0.1764037774
0.2000038327
0.1342564901
0.2021816697
0.1888560822
0.1700325833
0.1176640708
0.1340511876
0.1433104191
0.1799392321
0.1244980167
0.1559857053
0.1558032021
0.09529000169
0.1056541185
0.1005167818
0.06156653874
0.1323452275
0.07672458561
0.08536356808
0.07546072037
0.03298301751
0.05042545505
0.07178144718
0.07700965817
0.0627468751
0.07379515415
0.1497868511
0.1571909315
0.1092679538
0.1190042865
0.1699967047
0.1354408946
0.09366859322
0.09529200596
0.1056482254
0.1004599471
0.06168785549
0.1323625734
0.07677050858
0.08535832913
0.07545620008
0.07177513843
0.03300839854
0.05041588777
0.07701557972
0.06274367598
0.07378911962
-0.1008256156
-0.0418388566
-0.03987648717
-0.04601589289
-0.1000115868
-0.09889985034
-0.04783022024
-0.0061574717
0.01154154346
-0.0164611265
0.02805267997
0.03655662817
-0.01007396045
-0.013650103
-0.05181359814
-0.09832021309
-0.04936098665
-0.09166134507
-0.09652546022
-0.0621503686
-0.05122550847
0.05809480798
0.00893342907
0.0132638625
0.001260588372
0.03175760645
0.04243741945
-0.003911759904
-0.1008532282
-0.04185732268
-0.03988466728
-0.04603298902
-0.1001026821
-0.0989358803
-0.04786620517
-0.006170760469
0.02804060448
0.01153108472
-0.0164878219
0.0365491012
-0.01008327805
-0.01368214374
-0.05183096964
-0.09168164136
-0.09840317242
-0.04940572155
-0.09655556272
-0.06216538292
-0.05127109157
-0.4023020413
-0.3268796857
-0.3267227152
-0.3484957297
-0.3477506213
-0.2852455058
-0.2857196474
-0.1967860796
-0.1481842101
-0.1816088631
-0.1309327663
-0.1445181669
-0.1771445372
-0.199386555
-0.3048774437
-0.2682019392
-0.303960343
-0.2515768019
-0.2257053991
-0.2243012597
-0.2527500813
-0.1718976103
-0.246018396
-0.2451979556
-0.2196514186
-0.1593466894
-0.157944439
-0.2210754761
-0.4022285783
-0.3269520608
-0.3267278404
-0.3479074619
-0.3475574272
-0.2852503907
-0.2863010598
-0.1968237598
-0.1309531568
-0.1483091321
-0.1817146987
-0.1445621352
-0.1771573545
-0.1995865015
-0.2681526514
-0.3038412994
-0.3037008649
-0.2514732724
-0.2255666004
-0.2242484641
-0.2527346524
-0.4774325088
-0.4936956249
-0.4939785495
-0.4759086424
-0.4625610372
-0.4627097252
-0.4757725942
-0.4657155029
-0.4272966586
-0.4658955848
-0.4579256495
-0.4234500435
-0.4232091096
-0.4580863885
-0.4492157458
-0.4397706166
-0.4180863308
-0.4119727135
-0.4398814512
-0.4177911892
-0.4491556223
-0.5310190095
-0.5124643309
-0.5129605205
-0.5020009988
-0.5023650482
-0.4892146621
-0.4880458124
-0.4774656847
-0.4936510826
-0.4939858493
-0.4759680781
-0.4627643419
-0.4627766468
-0.4757906818
-0.427242989
-0.466209018
-0.4658247696
-0.4577130214
-0.4231154903
-0.4230960527
-0.4571434055
-0.4492652805
-0.4119906787
-0.4399718005
-0.4178200427
-0.4399578338
-0.4177370801
-0.4492220472
-0.4263426074
-0.4318671694
-0.398305335
-0.4061678196
-0.4323720321
-0.4020068962
-0.4249513176
-0.4669476315
-0.4555394073
-0.455750289
-0.4455161253
-0.4538043397
-0.454185468
-0.4450012623
-0.4263400313
-0.4062024477
-0.4319256713
-0.3983042333
-0.4323912649
-0.402007887
-0.4249315215
-0.238443997
-0.1910011555
-0.2027186826
-0.2207073174
-0.2028098093
-0.2119770691
-0.1795498723
-0.1800675423
-0.2271617615
-0.1697458711
-0.1368399317
-0.1634463043
-0.1571850333
-0.171750072
-0.1428664156
-0.1086267487
-0.1680262079
-0.1361292769
-0.1586565996
-0.09578731041
-0.1519757948
-0.2384273397
-0.1909803193
-0.2025914609
-0.2206623321
-0.2027789426
-0.2119617229
-0.1795346629
-0.1800551177
-0.136838088
-0.2271179309
-0.1697426096
-0.1634464423
-0.1571867801
-0.1717316077
-0.3323432244
-0.3523536867
-0.3302601878
-0.29347196
-0.3162367021
-0.3141740413
-0.2969445346
-0.2355741639
-0.2399560497
-0.2293514102
-0.1722159663
-0.1979352397
-0.2099763178
-0.2516436382
-0.2615250748
-0.2853138818
-0.2428871734
-0.2548868913
-0.281610098
-0.2347685603
-0.2681535746
-0.2714914231
-0.3065226521
-0.3028765746
-0.268229675
-0.2506885794
-0.2388654673
-0.2750004625
-0.3523570048
-0.3323708613
-0.3302697251
-0.2934853661
-0.3162477098
-0.3141786128
-0.2969871754
-0.2355759427
-0.1722269775
-0.2399707454
-0.2293435329
-0.1979425858
-0.2099752798
-0.2516444913
-0.2615303444
-0.2548889377
-0.2853222901
-0.242911674
-0.2816137176
-0.2347734667
-0.2681689773
-0.3873018448
-0.3900835822
-0.3869154722
-0.3497578761
-0.355032445
-0.3544216969
-0.3504649948
-0.3090907093
-0.2990653364
-0.2831358118
-0.2679372262
-0.2966563928
-0.2820886157
-0.310754259
-0.3167346947
-0.3241245898
-0.2894000371
-0.2976690383
-0.3227475798
-0.2881169632
-0.3182190756
-0.3691358092
-0.3810690784
-0.3805577041
-0.3421815381
-0.3315564483
-0.3302496483
-0.343028198
-0.3901083895
-0.3873728387
-0.3869429213
-0.3497707234
-0.3550785286
-0.3544412485
-0.3504902292
-0.309103825
-0.267944179
-0.2990842672
-0.2831866524
-0.296663853
-0.2821028964
-0.310790792
-0.3167477811
-0.2976821004
-0.3241836462
-0.2894177597
-0.3227633631
-0.2881265901
-0.3182555857
-0.3551166381
-0.3865280783
-0.3587846841
-0.3831376822
-0.3856311543
-0.3593188366
-0.355759846
-0.3230819857
-0.3259969884
-0.3084334368
-0.2983687534
-0.3239255126
-0.3081611021
-0.3246478931
-0.3903324525
-0.356580295
-0.389243773
-0.3566709899
-0.3888360773
-0.3560234204
-0.3569799005
-0.3551033886
-0.3831256292
-0.3863447343
-0.3587487185
-0.3855617916
-0.3593082791
-0.3557238131
-0.3231147453
-0.2983748967
-0.3259806668
-0.3084724066
-0.3239332299
-0.3081832209
-0.3246783261
-0.3733254161
-0.3509458601
-0.3770811918
-0.3728152172
-0.3516419687
-0.3546193629
-0.354445422
0.2600896617
0.2224419263
0.2906044782
0.2695846065
0.2640190861
0.2443956936
0.2321135073
0.2906166991
0.2601497872
0.2224976795
0.2695981285
0.2640267893
0.2444078848
0.2321623592
-0.05807453856
-0.115645191
-0.06285698795
-0.06643780408
-0.04727934462
-0.05747070539
-0.07061725737
-0.06287152666
-0.05811210834
-0.1156757306
-0.06644889376
-0.0472896231
-0.05747976386
-0.0706446058
-0.3771071911
-0.3733737204
-0.3509928148
-0.3728120435
-0.3516356122
-0.354602399
-0.3544551572
-0.1513999088
-0.151416448
-0.1507071972
-0.1514275235
-0.1514498555
-0.1507409959
-0.477417054
-0.4794276898
-0.4817176871
-0.477416333
-0.4794260051
-0.4817163922
0.6001205689
0.6051018553
0.6062551646
0.6228789224
0.6292376442
0.6349980627
0.6183810466
0.622288865
0.6230709218
0.6037749816
0.6111278788
0.6171223779
-0.4562316285
-0.4568466402
-0.4556811792
-0.2947800225
-0.2981452393
-0.2994042399
-0.2906959529
-0.2931110626
-0.29169593
0.5445465265
0.5490014122
0.5497278254
0.5486645206
0.5551900888
0.5603394198
0.6001149312
0.6050962142
0.6062496372
0.6228562729
0.6292145548
0.6349745088
0.6183737977
0.6222815067
0.6230635649
0.6037578055
0.6111103448
0.617104654
0.5445430277
0.5489979652
0.549724496
0.5486534627
0.5551789585
0.5603282844
0.4441865786
0.4467226709
0.4509030925
-0.4276341415
-0.4292337108
-0.4309761945
-0.4276450866
-0.4292437617
-0.4309860101
0.02767131097
0.03224452161
0.03476378675
0.02475553699
0.029409265
0.03151176139
0.1572812053
0.1554628495
0.1556161148
0.02767339906
0.03224642552
0.0347663892
0.02475254723
0.02940644694
0.03150895172
-0.1509476384
-0.1503609704
-0.1484639373
-0.1509572958
-0.1503756066
-0.1484785309
-0.4730846392
-0.4731426898
-0.4714965089
-0.4730794427
-0.4731376347
-0.4714914344
-0.4524924634
-0.4539760788
-0.4565500069
-0.4609552736
-0.4634086005
-0.465980877
-0.6705103049
-0.6714115659
-0.6761081953
-0.5197404771
-0.5227500852
-0.5255522876
-0.5719190417
-0.5762058465
-0.580218219
0.4441876014
0.4467232644
0.4509020871
0.3259000833
0.3322478668
0.3364973623
0.1577819697
0.1566628232
0.1579397165
0.3258927166
0.3322421459
0.3364935943
0.1577820302
0.1566633681
0.1579414714
-0.4524844897
-0.4539689886
-0.4565425813
-0.4609516425
-0.4634033535
-0.4659751946
-0.5591596671
-0.5661522228
-0.569247541
-0.5591599863
-0.5661554316
-0.5692531912
-0.6705048017
-0.6714059126
-0.6761037448
-0.5794060709
-0.5838198902
-0.5871755708
-0.5794056018
-0.5838182957
-0.5871744842
-0.5718857866
-0.5761736123
-0.5801859587
-0.449748964
-0.4494155528
-0.4483565911
-0.6690281881
-0.6672187443
-0.6666801169
-0.6460762118
-0.6479904617
-0.6445795103
-0.6509034775
-0.6553463992
-0.6575793639
-0.6635742635
-0.6645567389
-0.6640765554
-0.7324104267
-0.7405913534
-0.7476502577
-0.729203391
-0.7344942307
-0.7357280205
-0.6688040592
-0.6723508216
-0.6772300126
-0.5148271816
-0.5157021081
-0.5142981961
-0.5687873319
-0.5708082151
-0.5702483419
0.4418613468
0.4425894702
0.4433553185
0.4418598023
0.4425887567
0.4433559268
-0.4232286442
-0.4230429294
-0.4212084446
-0.4232317537
-0.4230458889
-0.4212112373
0.3219511819
0.3271834387
0.3287187697
0.1572842066
0.1554652858
0.1556176378
0.3219484101
0.3271809632
0.3287175114
-0.4451148817
-0.4438277717
-0.4453650249
-0.2947913731
-0.2981581737
-0.299417884
-0.2907001989
-0.2931152853
-0.2917003419
-0.445138044
-0.4438518673
-0.4453908139
-0.444417991
-0.4413452955
-0.4393768782
-0.4722599009
-0.4738785845
-0.4762595172
-0.5101856293
-0.5128539687
-0.5156796698
-0.4690434287
-0.468817944
-0.4673242399
-0.5063879347
-0.5070673229
-0.505683855
-0.5196916021
-0.5227004552
-0.5255016425
-0.5148089983
-0.5156840506
-0.5142800668
-0.4722399779
-0.4738593345
-0.4762408209
-0.5101366496
-0.5128058507
-0.5156300177
-0.4690374338
-0.4688118686
-0.4673181793
-0.5063744515
-0.5070537056
-0.5056698277
-0.4497474291
-0.4494137951
-0.4483543183
-0.4562284086
-0.4568431457
-0.4556773621
-0.4444116569
-0.4413382583
-0.4393685316
-0.5544568135
-0.5593720274
-0.557598216
-0.5544580379
-0.5593739402
-0.5576016818
-0.7172053942
-0.7240613531
-0.724002292
-0.6861025785
-0.6893218534
-0.6932986499
-0.6805093087
-0.6811518528
-0.679606773
-0.7196647853
-0.7293778112
-0.7351163439
-0.6690235839
-0.6672151288
-0.6666776916
-0.6460640556
-0.6479775544
-0.6445665206
-0.6508699889
-0.6553107935
-0.6575427976
-0.71719581
-0.7240517132
-0.7239927831
-0.6860807919
-0.6892999264
-0.6932764508
-0.6805022025
-0.6811446779
-0.6795996956
-0.7196379648
-0.7293505222
-0.7350887448
-0.5732616497
-0.5754000823
-0.5740197399
-0.6515950973
-0.6547967753
-0.6551111839
-0.6549276639
-0.6606927549
-0.6662239431
-0.6635723366
-0.6645548947
-0.6640748276
-0.7323951745
-0.740576123
-0.74763481
-0.7291986476
-0.7344895406
-0.7357232993
-0.6687962384
-0.6723429983
-0.6772222091
-0.5732586914
-0.5753971646
-0.5740172129
-0.6515930219
-0.6547950463
-0.6551096882
-0.6549204559
-0.6606862621
-0.6662178211
-0.5687762121
-0.5707969398
-0.5702368356
)
;

boundaryField
{
    inlet
    {
        type            zeroGradient;
    }
    outlet
    {
        type            fixedValue;
        value           nonuniform 0();
    }
    topAndBottom
    {
        type            symmetry;
    }
    frontAndBack
    {
        type            empty;
    }
    cylinder
    {
        type            zeroGradient;
    }
    procBoundary2to0
    {
        type            processor;
        value           nonuniform List<scalar> 
75
(
0.09702613016
0.09729658349
0.09796193931
0.09904489904
0.100541635
0.1024837881
0.1049369989
0.1079864945
0.1117377495
0.1163272483
0.1219351608
0.12880093
0.1372469804
0.1477178654
0.1608331831
0.1774875361
0.1989081833
0.2270830422
0.2640792712
0.3080638352
0.3631271406
0.4686383971
0.5859594449
0.5859285334
0.5603595487
0.4686142692
0.5603390188
0.5884495375
0.5972733462
0.5964076558
0.5884426023
0.5972503076
0.5964009505
0.4376879566
0.3631137452
0.437662603
0.4995280474
0.4729529904
0.5018153089
0.5615482386
0.5307697197
0.5321684875
0.4729498763
0.4995206236
0.5018132516
0.5615421581
0.5307572489
0.5321641861
0.3377409906
0.3080674764
0.3377430211
0.3731317796
0.3713836329
0.4124249061
0.4474138531
0.4045836424
0.4286181067
0.3713842401
0.3731299628
0.4124247716
0.4474084776
0.4045797945
0.4286156483
0.6228713133
0.6292300038
0.6349903352
0.6183737374
0.6222815927
0.62306365
0.6228488296
0.6292071018
0.6349669806
0.6183665843
0.6222743356
0.6230563956
)
;
    }
    procBoundary2to3
    {
        type            processor;
        value           nonuniform List<scalar> 
103
(
-0.2464547415
-0.2464547415
-0.2464547415
-0.2464547415
-0.2464547415
-0.2464547415
-0.1867510017
-0.1450122154
-0.111973618
-0.0881976747
-0.06964346896
-0.05544147228
-0.04433352811
-0.03545033488
-0.02837210023
-0.02269379995
-0.01811362385
-0.01441278088
-0.01143139915
-0.009049866415
-0.007178517313
-0.005750794288
-0.004718627231
-0.004047229728
-0.00371607877
-0.4439602135
-0.4495214852
-0.4443683715
-0.4511335799
-0.421981595
-0.4192199988
-0.4219949705
-0.4192234316
-0.4551300828
-0.4551300828
-0.4540592835
-0.4540592835
-0.4482211748
-0.4479561124
-0.4439557271
-0.4495098003
-0.4443569357
-0.4511307254
-0.4551269646
-0.4551269646
-0.4540423744
-0.4540423744
-0.4481290359
-0.4479487958
-0.4470201766
-0.4470948788
-0.448073963
-0.4481880327
-0.451958827
-0.4540374243
-0.4543294431
-0.4518403826
-0.4471417673
-0.4471022856
-0.4480701276
-0.448216738
-0.4519560864
-0.4540398716
-0.4543300638
-0.4518447187
-0.4499905453
-0.4506009851
-0.438965083
-0.4381898374
-0.3550183649
-0.3550183649
-0.3550183649
-0.3550183649
-0.3120192509
-0.3549904518
-0.3549904518
-0.3549904518
-0.3549904518
-0.311967587
-0.4202975464
-0.3902982094
-0.3979655613
-0.4183168188
-0.450114275
-0.4506273042
-0.4389811122
-0.4382411773
-0.420301977
-0.3902535559
-0.3979490957
-0.4183326224
-0.396391065
-0.3960409968
-0.3973002266
-0.3963972964
-0.3960473724
-0.3973067587
-0.3934367484
-0.3914909751
-0.3894923677
-0.3934406219
-0.3914949622
-0.3894964747
)
;
    }
}


// ************************************************************************* //
