/*--------------------------------*- C++ -*----------------------------------*\
| =========                 |                                                 |
| \\      /  F ield         | OpenFOAM: The Open Source CFD Toolbox           |
|  \\    /   O peration     | Version:                                        |
|   \\  /    A nd           | Website:  www.openfoam.com                      |
|    \\/     M anipulation  |                                                 |
\*---------------------------------------------------------------------------*/
FoamFile
{
    version     2.0;
    format      ascii;
    class       volScalarField;
    location    "5.9";
    object      p;
}
// * * * * * * * * * * * * * * * * * * * * * * * * * * * * * * * * * * * * * //

dimensions      [0 2 -2 0 0 0 0];


internalField   nonuniform List<scalar> 
2429
(
0.0904958987
0.09079566003
0.09153381847
0.09273463827
0.0943920106
0.09653841174
0.09924299129
0.102595011
0.1067039747
0.1117111982
0.1178034459
0.1252286695
0.1343180921
0.1455212981
0.1594533798
0.1769880333
0.1993083347
0.2283032167
0.2658347501
0.309689654
0.3639955726
0.4661116111
0.5779126337
0.09009791653
0.09038908598
0.09110511769
0.09226933629
0.0938746349
0.09595062093
0.09856155003
0.1017897172
0.1057347814
0.1105237166
0.116321925
0.1233449321
0.1318736056
0.1422767425
0.1550367719
0.1707966264
0.1903504389
0.2148506534
0.2450901781
0.2854267427
0.3286289536
0.3913054984
0.4072747006
0.08931238402
0.08958537145
0.09025835656
0.09135166518
0.09285605873
0.09479584541
0.09722619221
0.1002165056
0.1038484066
0.108222885
0.1134671413
0.1197397568
0.1272351113
0.1361876168
0.1468662853
0.1595695279
0.1745197982
0.1918485394
0.2107463263
0.2293424456
0.2552005294
0.2558699521
0.1874284832
-0.1767398133
-0.3701187392
0.08816223734
0.08840980591
0.08902183005
0.09001471781
0.09137665312
0.09312492813
0.0953026499
0.09796241891
0.1011627691
0.104972023
0.1094703336
0.1147482625
0.1208991873
0.1280089066
0.1361092852
0.1451600026
0.1548301377
0.1644265701
0.1720872972
0.174588743
0.1832036834
0.1533365175
0.06759481811
-0.1336689873
-0.3956576177
-0.4727568577
-0.410777185
-0.3666068796
0.08667855609
0.08689667085
0.08743334874
0.08830182728
0.08948835353
0.09100227271
0.09287298787
0.09513455695
0.09782071947
0.1009653785
0.1046000099
0.1087488452
0.1134058633
0.1185297791
0.123959621
0.1294114045
0.1342570955
0.1373752659
0.1366882535
0.1283997619
0.106290185
0.08066489402
0.002971489024
-0.1144067105
-0.233547895
-0.3136931236
-0.3343139937
-0.3364428102
0.08490303881
0.08508766992
0.08553853135
0.0862655872
0.08725366179
0.08850419039
0.09003274055
0.0918551728
0.09398166226
0.09641324477
0.09913534269
0.1021189485
0.1052803157
0.1084881941
0.111479229
0.1138288255
0.1148153496
0.1132377694
0.107313616
0.09417712474
0.07001141806
0.02928312786
-0.02941487589
-0.09162087242
-0.1628991397
-0.2200454156
-0.2520466936
0.08288318783
0.08303027699
0.08338889801
0.08396479841
0.08474155065
0.08571350877
0.08688351457
0.08825109446
0.08980571772
0.09151844902
0.09333972241
0.0952058631
0.09699113424
0.09850562814
0.09944531459
0.09933312627
0.09750320301
0.09294047741
0.08426850891
0.06959455635
0.04668828153
0.01333627652
-0.03094520391
-0.08094884607
-0.1290369973
-0.1688121528
-0.1972647048
0.08066734881
0.08077591363
0.08103993375
0.08146133861
0.08202322805
0.08271414523
0.08352601348
0.0844448266
0.08544279088
0.0864665469
0.08745052821
0.08831130375
0.08890219554
0.08899854619
0.08830670247
0.08639029684
0.08266704009
0.07635121399
0.06643414879
0.05167530319
0.03092248595
0.003251400952
-0.03080732919
-0.06841155077
-0.1055291906
-0.1374472567
-0.1620613208
0.07830673456
0.07837723581
0.07854771164
0.07881690105
0.07916848579
0.07958671174
0.08005463055
0.08054783319
0.08102525299
0.08141958996
0.08166200662
0.08165393217
0.08124718706
0.08022320715
0.07830378615
0.07511762081
0.07019114274
0.06293792008
0.05264657439
0.03856366202
0.02013598687
-0.002954784376
-0.0300265737
-0.05927553531
-0.08813420487
-0.1138288368
-0.1346778885
0.07585186607
0.07588586518
0.07596668041
0.07609051887
0.07624261136
0.0764040969
0.07655088453
0.07665193118
0.07665908326
0.07649933801
0.07610867616
0.07538539607
0.07417922847
0.07229299393
0.06948297333
0.0654478018
0.05982406376
0.05217480552
0.04202026625
0.02895652596
0.01269057357
-0.006716251756
-0.02864878938
-0.0518470304
-0.07477689416
-0.09570089787
-0.113267705
0.07335125151
0.07335117029
0.07334832355
0.0733368962
0.07330398829
0.07322843577
0.07308247833
0.07283288154
0.07242718528
0.07180294294
0.07089155476
0.06958915347
0.06775790758
0.06522958486
0.06180289329
0.05724147729
0.05126744197
0.04357424848
0.03385438046
0.02190655286
0.007592848026
-0.008879446072
-0.02694030423
-0.0457747245
-0.06440034067
-0.08162802019
-0.09642183527
0.07085020192
0.07081906002
0.07074002708
0.07060564116
0.07040516349
0.07011690155
0.06971027763
0.06915575391
0.06840578185
0.06739944357
0.06606266676
0.06430071551
0.06199663224
0.05901140348
0.05518461831
0.05033146118
0.04424703409
0.03671570309
0.02757068952
0.01669132237
0.004099271595
-0.009984159997
-0.02510264884
-0.04069890498
-0.056088502
-0.07042469986
-0.08293164867
0.06839002777
0.06833101211
0.06818383318
0.06793977926
0.0675910906
0.06711657628
0.0664902378
0.06568185331
0.0646454269
0.06332271449
0.06164509387
0.05953097335
0.05688298753
0.05358880278
0.04952093938
0.04454025854
0.03850046251
0.03125784545
0.02273284137
0.01286025308
0.001731890883
-0.01041514995
-0.02325831545
-0.03638481884
-0.04929295815
-0.06136673683
-0.07202304155
0.0660076649
0.06592396821
0.06571653938
0.06537656885
0.06489917109
0.06426845501
0.0634601482
0.06244071327
0.06116758327
0.05958990713
0.05764832133
0.05527342521
0.05238529716
0.04889526403
0.04470509118
0.03971003104
0.03380724098
0.02691577445
0.01898717646
0.01003712051
0.0001665521681
-0.01041885555
-0.02147675149
-0.03268631237
-0.04366892546
-0.05396559396
-0.06313210952
0.06373376273
0.06363027196
0.06337083988
0.06294836127
0.06236396847
0.06160439482
0.06064400484
0.05945059439
0.05798718561
0.05621059031
0.05407034791
0.05150818123
0.04846063585
0.04485788433
0.04062737898
0.03569388268
0.02998823414
0.02347199054
0.01611175711
0.007967116468
-0.0008425097804
-0.01016590331
-0.01980689195
-0.02950844832
-0.03897926263
-0.04787009617
-0.05583776863
0.06159907911
0.06147577891
0.06117410854
0.06068461841
0.06001171748
0.05914449839
0.05805879018
0.05672566694
0.05511336173
0.05318544155
0.05089947149
0.04820807648
0.04506120475
0.04140638447
0.03718979262
0.03236147603
0.02687676762
0.02072507718
0.01389722564
0.006461888945
-0.001464705044
-0.009764042185
-0.0182707857
-0.02677551825
-0.03505005129
-0.04282374194
-0.04982770259
0.05962227907
0.05948458488
0.05914877211
0.05860472034
0.05785909855
0.05690396644
0.0557178626
0.05427517058
0.05254874594
0.05050811881
0.04811817661
0.0453421394
0.04214165288
0.03847754912
0.03431076701
0.02960882885
0.02435070487
0.01853303872
0.01218216808
0.005360063691
-0.001833979056
-0.009296637417
-0.01688781207
-0.02443575084
-0.03175801601
-0.0386406816
-0.04486981067
0.0578263464
0.0576772437
0.05731326689
0.05672473779
0.05592062099
0.0548955823
0.05363074431
0.05210364767
0.05029141555
0.04816878014
0.04570771198
0.04287997205
0.03965705421
0.03601076427
0.03191537956
0.02735139839
0.02231458958
0.01680393025
0.01086329588
0.004560625885
-0.002027414978
-0.008808373142
-0.01566138682
-0.02244384185
-0.02900703233
-0.03517868621
-0.04078591071
0.05622689775
0.05606898724
0.05568236806
0.05505824512
0.0542079549
0.05312836544
0.05180288146
0.05021205571
0.04833655227
0.04615544283
0.04364772011
0.04079223028
0.03756754919
0.03395454603
0.02993873785
0.02550977055
0.02067494587
0.01544233473
0.009857943645
0.003987879234
-0.002103881371
-0.00833317525
-0.01459384588
-0.02076551866
-0.02672477903
-0.03233048322
-0.03744066173
0.05483665714
0.054672168
0.05426788515
0.05361588694
0.05272976884
0.0516083568
0.05023704763
0.04859894011
0.04667750894
0.04445632455
0.0419201937
0.03905300891
0.03583978101
0.03226789659
0.02833053674
0.02402714238
0.0193672657
0.01437485725
0.009091518366
0.003575672674
-0.002113308501
-0.007898734871
-0.01368686185
-0.01937419072
-0.02485595743
-0.03001425892
-0.03473047627
0.05366563942
0.05349631641
0.05307862724
0.05240536737
0.05149210233
0.05033938623
0.04893433234
0.04726188751
0.04530753925
0.04305993892
0.04050765091
0.03763863064
0.03444320917
0.03091425064
0.02705108655
0.02285940819
0.01835018869
0.01355472006
0.008516650614
0.003284818935
-0.00208410164
-0.007519242902
-0.01293692881
-0.01824642317
-0.02335651292
-0.02816656312
-0.03257557952
0.05272147684
0.0525487377
0.05212123158
0.05143231209
0.0504991565
0.04932377668
0.04789445786
0.04619696228
0.04422022519
0.04195607547
0.03939543542
0.03652994031
0.03335380147
0.02986414859
0.02606465983
0.02196512087
0.01758079575
0.01294413142
0.00809749332
0.003085096981
-0.002038160776
-0.007205745882
-0.01234168869
-0.01736475561
-0.02219341587
-0.02673970257
-0.03091582337
0.05200957199
0.05183478869
0.05140052182
0.05070067871
0.04975369433
0.04856267092
0.04711646619
0.04540167695
0.04341063156
0.04113641652
0.03857201811
0.03571183849
0.03255281501
0.02909508245
0.02534511381
0.02131533278
0.01702548984
0.01250830554
0.007802422328
0.002950802753
-0.001993299926
-0.006966834636
-0.01189933791
-0.01671615164
-0.02134221976
-0.02569852243
-0.02970693349
0.05153427051
0.05135817664
0.05091975294
0.05021311469
0.04925745687
0.04805649308
0.04659886228
0.04487370516
0.04287414201
0.04059419331
0.03802847478
0.03517308025
0.03202665028
0.02859123428
0.02487504883
0.02089221817
0.01666515103
0.01222766949
0.00761440644
0.002868210222
-0.001958798744
-0.006806045707
-0.01160660426
-0.01628983495
-0.02078438596
-0.02501704129
-0.02891646302
0.05129959738
0.05112300694
0.05068293693
0.04997340901
0.04901375264
0.04780713515
0.04634341985
0.04461300028
0.04260897087
0.04032594576
0.03775934886
0.03490610308
0.03176571079
0.02834101783
0.02464085455
0.0206823812
0.01648871404
0.01209010112
0.007521710417
0.002827023009
-0.00194255971
-0.006727856003
-0.01146375085
-0.01608149421
-0.0205110093
-0.02468170546
-0.0285261899
0.4742713346
0.5778816806
0.4742903567
0.2348160171
-0.001759269014
0.4072535377
0.2347661644
-0.001725225442
-0.1038597389
-0.1038373146
-0.3728603563
-0.3728587132
-0.3661892219
-0.3662250966
-0.1440785069
-0.3807766623
-0.1767812469
-0.1441226313
-0.3807348431
-0.4671823154
-0.5106036914
-0.4671431379
-0.5105811746
-0.5127158976
-0.4325993489
-0.5126918685
-0.4326310769
-0.3769919977
-0.4188019954
-0.3763829345
-0.3769176658
-0.418747572
-0.3762682315
0.5536450451
0.4194705486
0.4670968226
0.4660868728
0.5536242998
0.4194077537
0.4671448685
0.5604888847
0.5803185532
0.5886703389
0.5584382408
0.5878091856
0.5612460652
0.5606596669
-0.3622010642
-0.3603777995
-0.03620680952
0.08913238769
-0.06932760027
0.1873915364
-0.03621585949
0.08910028768
-0.0693389804
-0.2454436826
-0.1818584937
-0.1941663337
-0.180065034
-0.187054701
-0.1822408526
-0.2465887797
-0.551204074
-0.5545914584
-0.4017476226
-0.3996704581
-0.4231216425
-0.3979215183
-0.4238687374
-0.4015788503
-0.3672568869
-0.3701002319
-0.3671826144
-0.467060126
-0.260028932
-0.3332275949
-0.39553836
-0.4670520174
-0.2599697234
-0.3332179974
-0.4234707452
-0.3468305734
-0.358204613
-0.472750845
-0.4235755437
-0.3468513847
-0.358307979
0.5013792421
0.4764843449
0.5193934265
0.4579975995
0.521414545
0.460444022
0.5030729154
0.4390441608
0.4399202631
0.5604835618
0.5803115312
0.5886473409
0.5584115987
0.5878024177
0.5612413765
0.5606434539
0.5013751656
0.4764826897
0.519369834
0.4579858333
0.5214124653
0.4604412292
0.5030605733
0.4390432646
0.439918945
0.2468142081
0.2962483861
0.1813323213
0.2914357148
0.1825762199
0.2442661805
0.169857432
-0.0004650155788
0.02553144417
0.1177473001
0.01806430769
0.1192889119
0.1687623509
0.2468115635
0.2962390883
0.1813314705
0.2914348043
0.1825729985
0.2442617306
0.1698546752
-0.0004637771095
0.02553306567
0.1177504432
0.01805622272
0.1192940456
0.1687601466
-0.1044840804
-0.1044564605
-0.3719788503
-0.3719730852
-0.3664700947
-0.3692656602
-0.3616324379
-0.3700062265
-0.3617195948
-0.3622003433
-0.3603751844
-0.3664683812
-0.3692516455
-0.3616114045
-0.370001806
-0.3617145544
-0.4043364879
-0.3733134681
-0.4016382578
-0.3762705187
-0.3960917718
-0.3979600724
-0.245441098
-0.1818394914
-0.1941668277
-0.180093577
-0.1870588762
-0.1822312661
-0.2465845436
-0.4043423817
-0.3733354294
-0.4016409178
-0.37627683
-0.3960962867
-0.3979758394
-0.4685328621
-0.4705513851
-0.5243431262
-0.4834030632
-0.5295110508
-0.4851957711
-0.4732068281
-0.519224009
-0.511934813
-0.5254909599
-0.5059657408
-0.5239583911
-0.509100803
-0.5182998756
-0.5511986089
-0.5545871002
-0.4685244452
-0.4705314574
-0.5243105656
-0.4833619071
-0.5294998184
-0.4851882137
-0.4731813096
-0.5192155252
-0.5119293097
-0.5254678844
-0.5059385342
-0.5239514113
-0.5090940624
-0.5182761803
-0.434814422
-0.4323125845
-0.5040127977
-0.5151569333
-0.5384586807
-0.4874143337
-0.5395496481
-0.4882764271
-0.5047097947
-0.4801363083
-0.4323339935
-0.4343130313
-0.4598981799
-0.4335636171
-0.4607521755
-0.4785440574
-0.4348094334
-0.4323079384
-0.5040083367
-0.5151499644
-0.5384379888
-0.4873941693
-0.5395428194
-0.4882725764
-0.5046958835
-0.4801294378
-0.432335912
-0.4342922982
-0.4598769758
-0.433557497
-0.4607467985
-0.478525304
-0.3940334183
-0.3774826457
-0.3876914145
-0.3790818651
-0.3875027375
-0.3792612156
-0.3930105934
-0.4017328401
-0.399632859
-0.4230863308
-0.3979061033
-0.4238555732
-0.4015391504
-0.3940221328
-0.377470538
-0.3876369052
-0.3790640845
-0.3874894953
-0.3792522417
-0.3929775008
0.4363312818
0.3420248744
0.3981191019
0.3639811767
0.4363052273
0.3420590014
0.398046483
0.487723249
0.4957063704
0.4578268784
0.4702521668
0.4978992555
0.4620513015
0.4854924217
0.3747999139
0.2949490915
0.2790450555
0.3285623242
0.3748741431
0.2949229477
0.2790109832
0.4163140237
0.2878388213
0.2653675275
0.3913840934
0.4163088591
0.2878020667
0.2653914333
0.3157405897
0.4078897333
0.3737204499
0.346036242
0.3751935279
0.3469971055
0.313534022
0.221567812
0.1767671815
0.1194701503
0.2559114137
0.2215050439
0.1768316195
0.1194842169
0.1892040782
0.1338925587
0.1347557943
0.09721790801
0.1460203098
0.1484939093
0.09579314534
-0.3707470102
-0.3617757277
-0.3684852134
-0.3620426654
-0.3686504623
-0.3611289063
-0.3611365771
0.09646630985
0.108915054
0.03249502117
0.1533530485
0.09644517881
0.1089207838
0.03248798542
-0.07075639959
0.0145665423
-0.07196644309
0.06754428462
-0.07080121316
0.01455351726
-0.07201654825
-0.3322636115
-0.1105913534
-0.2246238734
-0.1337951666
-0.3321193229
-0.1106440332
-0.2244936467
-0.3962317811
-0.4301307574
-0.4298796782
-0.3732390168
-0.3378328259
-0.3376620559
-0.3735652511
-0.4735021252
-0.4604862085
-0.4608120088
-0.426662814
-0.4285951006
-0.4288295662
-0.4265198131
-0.3732126495
-0.3567120476
-0.3492513437
-0.4105933968
-0.3732670604
-0.3566811741
-0.3492332799
-0.3465399445
-0.3664780526
-0.3466283753
-0.2025301491
-0.09961832396
-0.1903754338
-0.1144404016
-0.202509352
-0.09963698223
-0.1903525821
-0.2997428252
-0.1965002392
-0.2291344378
-0.2334941424
-0.2997389816
-0.1965269665
-0.229128413
-0.3329337187
-0.2418217542
-0.2701841959
-0.313712294
-0.3329627313
-0.2418302992
-0.2702282569
-0.336272179
-0.2754452661
-0.2938084752
-0.3344265678
-0.3362290351
-0.2754203915
-0.293819537
0.2439334202
0.2362053786
0.2874636961
0.1848228566
0.2885040065
0.1853127843
0.2434514517
0.315737225
0.407882078
0.3737418048
0.3460113451
0.3751962235
0.3469940204
0.3135266726
0.2439319066
0.2361940195
0.2874870481
0.1847970086
0.2885097833
0.1853096635
0.2434482889
-0.2408573129
-0.1438957987
-0.1590648787
-0.2195655656
-0.1592140703
-0.2189292396
-0.24186195
-0.3578853543
-0.3803531731
-0.4082090544
-0.308103609
-0.4070725275
-0.308641787
-0.355538613
-0.2408685708
-0.1439202507
-0.1590702886
-0.2196648631
-0.1592197531
-0.2189587638
-0.2418938655
-0.3578967131
-0.3803388623
-0.4082297701
-0.3081560668
-0.4070740693
-0.3086599797
-0.3555710715
-0.4087537399
-0.4191292657
-0.4330981427
-0.4029654365
-0.4353006255
-0.4028544927
-0.408598337
-0.3913226319
-0.3762645212
-0.3781082385
-0.3875933731
-0.3781078169
-0.3875174629
-0.3911830084
-0.4087326968
-0.4191075682
-0.4330889223
-0.4028179708
-0.4352909134
-0.4028182326
-0.4085413424
-0.3913075315
-0.3762474259
-0.3780311863
-0.3875449916
-0.3780891682
-0.3875048748
-0.3911325513
0.5547920833
0.5381003706
0.5392519085
0.5142774371
0.5255194001
0.5268618786
0.5129327596
0.4680361498
0.4416960705
0.4386236396
0.4239385707
0.446052599
0.4410940685
0.4657738099
0.4681540833
0.5075606767
0.5083523496
0.4897736041
0.4553884285
0.4569002842
0.48848305
0.4877198674
0.4702488075
0.4956984238
0.4578146568
0.4978970014
0.4620474513
0.4854822383
0.5547859189
0.5380706728
0.5392470734
0.5142725257
0.5255066017
0.5268574572
0.5129117523
0.4680356575
0.4239353677
0.441719911
0.4385924993
0.4460542017
0.4410934093
0.4657716685
0.4681559013
0.5075423626
0.5083482339
0.4897734161
0.4553876423
0.4569007569
0.4884894297
-0.03471002952
0.0607717041
-0.06111538846
0.06125912682
-0.06032316228
0.02737076524
0.02664869784
0.07107918885
0.1143450246
0.04730740282
0.09438951941
0.1182264233
0.05028960993
0.06882805513
-0.06835614636
-0.06698055793
-0.06604087466
0.009326142166
-0.006142832899
-0.004680256859
0.008085506945
0.1891906771
0.1339465794
0.1347674799
0.09721679445
0.1460553218
0.1485030363
0.09580452033
-0.03474019794
0.06080590468
-0.06116412009
0.0612609743
-0.06035003974
0.0273587883
0.02663207645
0.07106982327
0.09437918955
0.1143467495
0.04728611791
0.1182233901
0.05028140465
0.06880796412
-0.06836369062
-0.06702570918
-0.06605094697
0.009314233003
-0.006165265683
-0.004687088592
0.008056270056
-0.3672324648
-0.3671173907
-0.3673070065
-0.3600751675
-0.3590922824
-0.3590308928
-0.3600548475
-0.3707415073
-0.3618354876
-0.3685272429
-0.3620417371
-0.3686514085
-0.3611208775
-0.3611109235
-0.367217073
-0.3672385151
-0.3673176693
-0.3600741217
-0.3591567225
-0.3590410526
-0.3600818563
-0.4671387989
-0.453608446
-0.4536966135
-0.3996283601
-0.4185489716
-0.4185072561
-0.3998511654
-0.327212631
-0.2943144804
-0.2897343
-0.2585701119
-0.2937702717
-0.2884973776
-0.3276544034
-0.353407339
-0.3732762693
-0.3141409259
-0.3326696977
-0.3730745391
-0.3132720313
-0.3537478739
-0.3961940192
-0.4301044167
-0.4298748035
-0.3732630252
-0.3374690274
-0.3375833911
-0.3736225161
-0.467136578
-0.4535995597
-0.4536968
-0.3996364446
-0.41853868
-0.4185045899
-0.3998664764
-0.3272722686
-0.2585793623
-0.2940335425
-0.2898522926
-0.2937402644
-0.2885411032
-0.3278028854
-0.3534215235
-0.3326714594
-0.3732602018
-0.3141678668
-0.3730712943
-0.3132857163
-0.3537779299
-0.4235382042
-0.4419814407
-0.4422814669
-0.4173255681
-0.4065552953
-0.4066275333
-0.4172322279
-0.3898245048
-0.3856249564
-0.3547019616
-0.3465090697
-0.3855858219
-0.3545303089
-0.3898229079
-0.387786291
-0.3835682221
-0.3576324438
-0.3580230378
-0.3835907566
-0.3575054325
-0.3878210459
-0.4735003871
-0.4604889624
-0.4608164634
-0.4266832928
-0.4286073667
-0.4288342996
-0.4265760888
-0.4235392212
-0.4420060536
-0.4422834194
-0.4173560832
-0.4068521112
-0.4066379304
-0.4173784423
-0.3898611069
-0.3465207291
-0.3856504411
-0.3547736233
-0.3855968003
-0.3545569618
-0.3899211755
-0.387851109
-0.3580330501
-0.3841013686
-0.3577557131
-0.3836535788
-0.3575390274
-0.3880498138
0.3391025332
0.3017635782
0.3278512054
0.3096917151
0.3391022919
0.3017596357
0.3278426377
0.4076911649
0.3737966316
0.3605231454
0.3720892106
0.4119077651
0.3688889809
0.3691047167
0.3075284396
0.2641210902
0.2823382106
0.2854154411
0.3075219028
0.2640191739
0.2822413971
0.3503831214
0.3315736515
0.31141749
0.3365393431
0.3702075224
0.3206206612
0.3159689949
0.4048098955
0.3969102565
0.408045806
0.3722442204
0.3595074133
0.3678373235
0.3679400949
0.2510860543
0.2181860285
0.2100825055
0.2551761569
0.2511483878
0.218156167
0.2100903341
0.2331311927
0.2548643676
0.2304226198
0.2789602696
0.2646380613
0.2440131185
0.2209448878
0.1704136437
0.1500356931
0.140093777
0.1832078697
0.1704437166
0.1500217466
0.140097388
0.1584288143
0.1208606376
0.1280834324
0.165574904
0.1780108497
0.1443423512
0.1050742094
0.02951720145
0.07462828691
0.03345192984
0.02106625236
0.04836090463
0.05894246261
0.01615605359
-0.1333162404
-0.1983035913
-0.197712688
-0.1771069307
-0.1237444051
-0.1226314535
-0.1781471738
-0.4111126979
-0.397638911
-0.3977668069
-0.397334446
-0.3974673201
-0.3873043604
-0.3874228326
-0.3665824679
-0.3589338184
-0.3587868784
-0.3580277334
-0.3632132931
-0.3632187976
-0.3581743345
0.05042560132
0.05803503906
0.03514587674
0.08067145981
0.05042423531
0.05802749252
0.03514556989
-0.09077142905
-0.008233212184
-0.04443187328
0.002957447817
-0.09080866424
-0.008234045388
-0.04443604757
-0.1171570332
-0.1375888361
-0.1120547876
-0.08409901035
-0.1294406331
-0.07440727219
-0.1249860214
-0.2595390614
-0.2292476045
-0.2563701601
-0.2295982234
-0.2142654217
-0.2036504225
-0.2356521915
-0.3233885453
-0.3130555539
-0.3230059392
-0.2957329517
-0.2858355933
-0.2847220211
-0.2964346618
-0.3341637545
-0.3147883166
-0.3351838009
-0.3128033334
-0.3348548796
-0.3122214418
-0.3152775414
-0.3008116628
-0.3365212669
-0.3007295266
-0.1292656619
-0.08584904158
-0.1120050949
-0.09163982742
-0.129268716
-0.08585671249
-0.1120029745
-0.1943783843
-0.1431539397
-0.1691945286
-0.1629001979
-0.1943833799
-0.1431555809
-0.1692002599
-0.2392172716
-0.1936848134
-0.2122502087
-0.2200555735
-0.2392338301
-0.1936927355
-0.2122582771
-0.2595637948
-0.2269309947
-0.2415556103
-0.2520799699
-0.2596114825
-0.2269378093
-0.2415774057
0.4296257899
0.4456793487
0.4390946326
0.4221534387
0.4043336909
0.4275219304
0.3987358894
0.3994440188
0.3532754687
0.346757993
0.3500705954
0.3617741016
0.3863729643
0.3600928735
0.4163841563
0.4075500713
0.4259364247
0.4114852771
0.3727071506
0.3961657851
0.387867823
0.4076896315
0.3720893566
0.3737938015
0.3605617964
0.4119071384
0.3688912647
0.3691116266
0.4456737119
0.4296246514
0.4390895666
0.4221518881
0.4043289561
0.4275191159
0.3987568464
0.3994380997
0.3500661076
0.3532585534
0.3467762364
0.3617691357
0.3863652052
0.3600802075
0.4075446282
0.4163786583
0.4259349954
0.4114789392
0.3726560503
0.3961552477
0.3878339596
0.3846429974
0.3496270228
0.3537866739
0.3480232924
0.3756566897
0.3602173219
0.3347807033
0.3207547485
0.311672089
0.2892282173
0.3198463174
0.3443804343
0.2960073707
0.3157065682
0.3503754501
0.3365227183
0.3315208568
0.3114277594
0.3701995224
0.3206129621
0.3159585551
0.3846525809
0.349623191
0.3537831849
0.3480188612
0.3756553815
0.3602138499
0.3347766215
0.320745655
0.3198465929
0.3116940989
0.2891919915
0.344379409
0.2959965962
0.3156961088
0.4170944555
0.3647293095
0.3660350404
0.414535136
0.4163065018
0.373104869
0.3708565713
0.3358400141
0.3222412274
0.2906459833
0.3111766168
0.3410196005
0.2994737961
0.3286850746
0.2678057176
0.3138758483
0.3157246099
0.3295493962
0.2831975608
0.2874710688
0.3263011244
0.3969202955
0.4049041232
0.4080565525
0.372237786
0.3594997943
0.3678324701
0.3679249551
0.417090927
0.3646854539
0.3660253508
0.4145782911
0.4163080418
0.3730974215
0.3708356142
0.3358392886
0.3111751762
0.3222570911
0.2906533949
0.3410199554
0.2994770508
0.3286838267
0.2678069954
0.3138716787
0.315720454
0.3295496455
0.2832219685
0.2874742068
0.3262964729
0.224818107
0.1812844559
0.1860897704
0.214916036
0.2435096196
0.2492985431
0.20572153
0.2175191368
0.2078167392
0.1454222255
0.1842973137
0.2093624322
0.1963108411
0.1797128023
0.1468882103
0.130684492
0.1555733159
0.1894658156
0.1364290885
0.1661257523
0.1667600192
0.2331318316
0.2789669771
0.2548893351
0.2304449853
0.2646427213
0.2440140607
0.2209490976
0.2248083019
0.1812902589
0.186092641
0.2149149777
0.2434905964
0.2492952181
0.2057024247
0.2175227626
0.1843095566
0.2078102037
0.1454705465
0.2093628295
0.1963192748
0.1797216222
0.1306817214
0.1469189222
0.1555759114
0.1894672907
0.1364991191
0.1661354566
0.1667765101
0.1087971016
0.1165538668
0.1130047054
0.07572100101
0.1429904217
0.0904732458
0.09798402207
0.08756259493
0.04610011137
0.06191694002
0.0846944139
0.09161957596
0.07480473507
0.08579726355
0.1584248439
0.1655844048
0.1208458129
0.1280908569
0.1780252799
0.1443482344
0.1050562973
0.1087976974
0.1165491258
0.1129464283
0.07583988846
0.1430049423
0.09051837468
0.09797994853
0.08755981332
0.08468932018
0.04612529105
0.06190917813
0.09162880733
0.07480239605
0.08579193666
-0.06983938135
-0.01663977711
-0.0148665161
-0.02206741189
-0.07072742628
-0.06981342589
-0.02361018567
0.01252455705
0.02703442563
0.002228328198
0.04270634192
0.05327380055
0.007303709122
0.005871026325
-0.0293176739
-0.07099580763
-0.02722100283
-0.06728963899
-0.06953541859
-0.04187865285
-0.02814353529
0.07461902246
0.02950196199
0.03344797711
0.02106025888
0.04837974626
0.0589545486
0.01613647742
-0.06986362511
-0.01665402738
-0.01487332452
-0.02208215688
-0.07080600294
-0.0698442261
-0.02364191998
0.01251159549
0.04269488231
0.02702501112
0.002204935183
0.05326738021
0.007294443238
0.005847063069
-0.02933202937
-0.06730635425
-0.0710651989
-0.02725974239
-0.06956060471
-0.04188984474
-0.02818115529
-0.3316980132
-0.2683245507
-0.2682553621
-0.2881218754
-0.2875370694
-0.2342946718
-0.2346572453
-0.1589371877
-0.1158220408
-0.1475557235
-0.1023238076
-0.1125355516
-0.1436338583
-0.1612133638
-0.2529581487
-0.2238289223
-0.2522546054
-0.207047188
-0.1864914781
-0.1854862896
-0.2079920689
-0.133356361
-0.1984378251
-0.1977471607
-0.1771568101
-0.1238858738
-0.1226813318
-0.1783772665
-0.3316359126
-0.2683875581
-0.2682606494
-0.2876307682
-0.2873764694
-0.2343002692
-0.2351465282
-0.1589684671
-0.1023409686
-0.1159270943
-0.1476432092
-0.1125724331
-0.1436442911
-0.1613826639
-0.2237874957
-0.2520781637
-0.2520333249
-0.2069540265
-0.1863647817
-0.185438616
-0.207958557
-0.3732133669
-0.3844566866
-0.3845374871
-0.3776994846
-0.3682450549
-0.3681822623
-0.3776116446
-0.378371843
-0.3566621047
-0.3785238908
-0.3726250193
-0.3547743622
-0.3545815779
-0.3727347105
-0.3667045873
-0.3603587197
-0.3520868004
-0.3487272657
-0.3602214501
-0.3517773183
-0.3666749653
-0.4110505897
-0.3974339955
-0.3977560194
-0.3970562536
-0.3973242135
-0.3871852138
-0.3863391549
-0.3732313264
-0.3843732121
-0.3845413186
-0.3777531584
-0.368353264
-0.3682172014
-0.3776298621
-0.3565963557
-0.3787605033
-0.3784452364
-0.3724867471
-0.3545310832
-0.3544983831
-0.3720784321
-0.3667662845
-0.348747834
-0.3605036038
-0.3519266175
-0.360280472
-0.3517600159
-0.3667706712
-0.3534967764
-0.3561765506
-0.3447173406
-0.3459314466
-0.3560119379
-0.3439630872
-0.3536561578
-0.3665563733
-0.3589587125
-0.3587953817
-0.3580215395
-0.363147547
-0.3631986711
-0.3581281329
-0.3534998739
-0.3459598397
-0.3562253736
-0.3447359821
-0.3560274271
-0.3439653585
-0.3536577428
-0.2005434706
-0.1628631505
-0.1683779053
-0.1871281685
-0.1693269565
-0.1802495824
-0.1491340174
-0.1552320249
-0.1968548079
-0.1484757558
-0.1147546175
-0.1380324712
-0.1351425667
-0.1452358491
-0.1171624048
-0.08410445308
-0.1376049542
-0.1120692971
-0.1294348381
-0.07441315376
-0.1249992981
-0.2005306561
-0.1628388536
-0.1682710243
-0.1870864397
-0.1693016791
-0.1802346192
-0.1491166175
-0.1552189174
-0.1147533025
-0.1968134736
-0.148471407
-0.1380326649
-0.1351439492
-0.1452166912
-0.2816456093
-0.2986849615
-0.2798537371
-0.2519403115
-0.2720293902
-0.2702141274
-0.2550039898
-0.2041386319
-0.2084788513
-0.2016951411
-0.1496534421
-0.1700638208
-0.183882549
-0.2185635734
-0.2278217498
-0.2491855019
-0.2151880666
-0.2256857683
-0.2458903329
-0.207955313
-0.2336852521
-0.2292408857
-0.259574753
-0.2563852863
-0.2296026426
-0.2142142958
-0.203636929
-0.2356556543
-0.2986868137
-0.281666353
-0.2798610034
-0.2519509598
-0.2720365258
-0.2702171594
-0.2550387653
-0.2041402131
-0.1496632332
-0.2084915351
-0.2016875284
-0.1700706001
-0.1838813823
-0.2185642297
-0.2278259963
-0.2256871218
-0.2491910903
-0.2152090863
-0.2458928473
-0.2079594387
-0.2336976848
-0.3292597031
-0.3326177757
-0.3289367169
-0.3034082207
-0.3094367668
-0.3088969387
-0.3040158418
-0.2720093777
-0.2623689401
-0.2533122587
-0.2397194838
-0.260271362
-0.2523300801
-0.2734861952
-0.2804267364
-0.2885651785
-0.2616366903
-0.2695946968
-0.2873321685
-0.2605935588
-0.2817117191
-0.3130653293
-0.3234424362
-0.3230249519
-0.2957462286
-0.2858566314
-0.2847295649
-0.296479355
-0.332631433
-0.329307631
-0.3289551143
-0.303417097
-0.3094701761
-0.308910855
-0.3040314214
-0.2720196801
-0.2397252174
-0.2623833496
-0.2533554133
-0.2602770563
-0.2523419753
-0.2735152281
-0.2804368116
-0.2696053101
-0.2886129762
-0.2616500232
-0.2873442587
-0.2606011866
-0.2817402441
-0.3158347409
-0.3352567114
-0.3206547977
-0.3350817056
-0.3344035074
-0.3199831365
-0.3166234945
-0.2943761278
-0.2931142737
-0.2830169879
-0.2740320018
-0.2912996136
-0.2825392455
-0.2956870823
-0.3341705989
-0.314780189
-0.3351775046
-0.3128278735
-0.3348182104
-0.3122314263
-0.3152646254
-0.3158264469
-0.3350784041
-0.3351502593
-0.3206386885
-0.3343658245
-0.3199808056
-0.3166026897
-0.2944007715
-0.274036576
-0.2930927034
-0.2830529091
-0.2913035306
-0.2825586036
-0.2957047752
-0.3420445524
-0.3199342324
-0.3347170858
-0.3415682751
-0.3184608508
-0.3186576824
-0.3201554135
0.2646546168
0.2286820699
0.2944605719
0.2739210827
0.2687877116
0.24961888
0.2374041624
0.2944726248
0.2647149675
0.2287387126
0.273934146
0.2687952975
0.2496307582
0.2374533551
-0.03752005466
-0.09357128605
-0.04192330742
-0.04683826513
-0.02825301922
-0.03903468182
-0.05250331546
-0.04193540662
-0.03755060333
-0.0935959922
-0.04684730514
-0.02826195597
-0.03904267922
-0.05252613373
-0.3347389773
-0.3420935458
-0.3199851978
-0.3415677118
-0.31845911
-0.3186431657
-0.3201696783
-0.1089414095
-0.1089766044
-0.1083519145
-0.1089594494
-0.1090004394
-0.1083759752
-0.3767711997
-0.3779799227
-0.3796526987
-0.3767654268
-0.3779735458
-0.3796465155
0.5916075044
0.5963956675
0.5974566898
0.6134231286
0.6195960357
0.6252117742
0.608960955
0.6127177389
0.6134300109
0.5952563595
0.6023851537
0.6082192439
-0.3618137494
-0.3617613184
-0.3605343972
-0.2370241515
-0.2406328245
-0.2418711277
-0.2341026716
-0.2367116695
-0.2357787615
0.5386558289
0.5429264115
0.5435520615
0.5427617484
0.5490845642
0.5540868949
0.5916018064
0.5963899631
0.5974510979
0.6134005592
0.6195730323
0.6251883144
0.6089537195
0.6127103991
0.613422678
0.5952390432
0.6023674796
0.6082013825
0.5386521387
0.5429227715
0.5435485426
0.5427502666
0.5490730003
0.5540753247
0.4432277409
0.4456791878
0.4497371552
-0.3496096914
-0.3505214346
-0.3518780106
-0.3496157712
-0.3505269784
-0.3518834302
0.05353022342
0.05789731109
0.06024018311
0.05019460753
0.05454113386
0.05625574903
0.1731561704
0.1713239391
0.1713231442
0.05352900777
0.05789595461
0.06023920248
0.05019144277
0.05453810934
0.05625269774
-0.1087556383
-0.1083498121
-0.1068698423
-0.1087615891
-0.1083605716
-0.1068805198
-0.3733562928
-0.3730241543
-0.3715632373
-0.3733510643
-0.3730190541
-0.3715581882
-0.3600473385
-0.3608391156
-0.3625730366
-0.3655125365
-0.3669309073
-0.3686980806
-0.5496440764
-0.550521559
-0.5547982422
-0.4045604403
-0.4063754897
-0.4084099189
-0.4390852445
-0.4422632708
-0.4451262624
0.4432294327
0.4456805038
0.449736952
0.3317036988
0.3378258062
0.3418991677
0.173981562
0.172917498
0.1741751895
0.3316950359
0.3378187781
0.3418940241
0.1739787821
0.1729151338
0.1741739098
-0.3600380314
-0.3608305626
-0.3625643591
-0.3655082495
-0.366925345
-0.3686922358
-0.4618832384
-0.4686716929
-0.4716247695
-0.4618833085
-0.4686738917
-0.4716289812
-0.5496386456
-0.5505160209
-0.5547935896
-0.4460332856
-0.4492560098
-0.4518644606
-0.4460235241
-0.4492451134
-0.4518538218
-0.4390503633
-0.4422286405
-0.4450913421
-0.3575718781
-0.3569393921
-0.3556960345
-0.548576376
-0.5472136701
-0.5472238765
-0.5195929186
-0.5223913434
-0.5201043393
-0.5240180649
-0.5287523409
-0.5310383557
-0.5107618285
-0.5120679408
-0.5119887733
-0.5664322973
-0.5732772986
-0.5790839615
-0.5637672292
-0.5683733799
-0.569675983
-0.5149496559
-0.5182355535
-0.5222817632
-0.4004969133
-0.4006841472
-0.3994481328
-0.4365234595
-0.4379476298
-0.4372785485
0.4408190401
0.4414649519
0.4421131722
0.4408171943
0.4414639042
0.4421133835
-0.3458959222
-0.3454611334
-0.3439187408
-0.3458972222
-0.3454623837
-0.3439199236
0.3277030169
0.3326747431
0.3339935534
0.17315997
0.1713271873
0.1713255464
0.3276998541
0.3326718829
0.3339918635
-0.367749817
-0.3666732838
-0.3682062181
-0.2370292825
-0.2406394335
-0.2418781793
-0.2341046981
-0.23671377
-0.2357809081
-0.3677687626
-0.3666923332
-0.3682269272
-0.3673088224
-0.3647073063
-0.3634199133
-0.3721494462
-0.3730690333
-0.3747508527
-0.3962457578
-0.3979296066
-0.3999375889
-0.3694421106
-0.3689235275
-0.3675163747
-0.3931460112
-0.3932937749
-0.3920056756
-0.4045212551
-0.4063353598
-0.4083692315
-0.4004816825
-0.4006689659
-0.3994330158
-0.3721320602
-0.373052375
-0.3747347991
-0.3962030223
-0.3978874209
-0.3998943159
-0.3694367638
-0.3689181406
-0.3675111036
-0.3931337994
-0.393281443
-0.3919931548
-0.3575694656
-0.3569368611
-0.3556932411
-0.3618106146
-0.3617579926
-0.3605309172
-0.3673039274
-0.3647019006
-0.3634134448
-0.457648837
-0.4627481456
-0.4616991468
-0.4576497987
-0.4627494499
-0.4617018911
-0.5705739237
-0.5769874733
-0.5775264631
-0.5380887347
-0.5414376967
-0.545123799
-0.5335274861
-0.5348418122
-0.5342264006
-0.5725671492
-0.5812530197
-0.5863874104
-0.5485723946
-0.5472105049
-0.5472216982
-0.5195820507
-0.5223799995
-0.520092908
-0.5239885307
-0.5287214036
-0.5310066178
-0.5705653489
-0.5769789044
-0.5775180294
-0.5380667551
-0.5414155903
-0.5451014588
-0.5335201239
-0.5348344073
-0.5342190728
-0.5725429964
-0.5812285441
-0.5863627142
-0.4413277944
-0.442782261
-0.4417717
-0.4988662117
-0.5015176333
-0.5018033249
-0.5016329423
-0.5062571549
-0.5105428562
-0.5107570937
-0.5120632405
-0.5119841914
-0.5664135589
-0.5732584864
-0.5790649062
-0.5637608771
-0.5683670495
-0.5696696657
-0.5149355082
-0.5182213174
-0.5222675055
-0.4413219916
-0.4427764215
-0.4417661695
-0.4988607816
-0.5015124168
-0.5017983042
-0.5016177847
-0.5062423579
-0.5105282313
-0.4365110322
-0.4379350084
-0.4372657983
)
;

boundaryField
{
    inlet
    {
        type            zeroGradient;
    }
    outlet
    {
        type            fixedValue;
        value           nonuniform 0();
    }
    topAndBottom
    {
        type            symmetry;
    }
    frontAndBack
    {
        type            empty;
    }
    cylinder
    {
        type            zeroGradient;
    }
    procBoundary2to0
    {
        type            processor;
        value           nonuniform List<scalar> 
75
(
0.09049345322
0.09079359488
0.09153163335
0.09273237483
0.09438975032
0.09653618724
0.09924082977
0.1025929525
0.10670208
0.1117095609
0.1178022101
0.1252280447
0.1343183296
0.1455225216
0.1594549736
0.1769865127
0.1992931219
0.2282607598
0.2658016802
0.3096888188
0.3639931846
0.4661074198
0.5779024738
0.5778717339
0.5536373422
0.4660833792
0.5536169068
0.5803084134
0.5886559259
0.5877949223
0.5803015153
0.5886330378
0.5877882521
0.4363276585
0.3639798952
0.4363025183
0.4957015836
0.4702481614
0.4978946199
0.5547844294
0.525513513
0.5268561144
0.4702450756
0.4956941353
0.4978925529
0.5547783981
0.5255010956
0.5268518419
0.3391011539
0.3096926925
0.3391033695
0.3737935344
0.3720872203
0.4119057754
0.4456761191
0.4043304999
0.4275195258
0.3720878892
0.373791902
0.4119057065
0.445670805
0.4043268195
0.4275170999
0.6134093074
0.6195820272
0.6251975441
0.6089474661
0.6127041601
0.6134163554
0.6133869615
0.619559272
0.6251743458
0.6089403513
0.6126969466
0.6134091517
)
;
    }
    procBoundary2to3
    {
        type            processor;
        value           nonuniform List<scalar> 
103
(
-0.2621464002
-0.2621464002
-0.2621464002
-0.2621464002
-0.2621464002
-0.2621464002
-0.2159134523
-0.1796668419
-0.1503523285
-0.126969558
-0.1082749226
-0.0931665949
-0.08089319686
-0.07086820731
-0.06263967084
-0.05586582205
-0.05028592169
-0.0456977683
-0.04194641418
-0.03891249542
-0.03650405746
-0.03465152106
-0.03330368001
-0.03242316963
-0.03198758132
-0.3568368811
-0.3592318636
-0.3568975683
-0.3600342299
-0.3466959276
-0.3448031428
-0.3467039665
-0.3448045883
-0.3631680652
-0.3631680652
-0.3624696782
-0.3624696782
-0.35851548
-0.3583673005
-0.3568327226
-0.359220396
-0.3568868133
-0.3600311398
-0.3631652186
-0.3631652186
-0.3624554289
-0.3624554289
-0.3584184478
-0.3583600812
-0.3573681533
-0.3575708847
-0.3564176405
-0.3564281401
-0.3560223578
-0.3556415283
-0.355605602
-0.3560051183
-0.3574637502
-0.3575761771
-0.3564145888
-0.3564519863
-0.3560228787
-0.3556536165
-0.355607849
-0.356015471
-0.3550692746
-0.355035992
-0.3538318786
-0.3542243308
-0.3342553553
-0.3342553553
-0.3342553553
-0.3342553553
-0.3102239509
-0.3342323361
-0.3342323361
-0.3342323361
-0.3342323361
-0.3101701253
-0.3512273437
-0.3423672461
-0.3414123076
-0.3519223805
-0.3551716994
-0.3550561054
-0.3538447806
-0.3542646842
-0.3512322384
-0.3423329986
-0.3413980548
-0.3519374158
-0.3376483691
-0.3376885252
-0.3388493696
-0.3376491699
-0.3376894154
-0.3388503529
-0.3350087082
-0.3336958914
-0.3320616926
-0.3350102374
-0.3336974942
-0.332063407
)
;
    }
}


// ************************************************************************* //
