/*--------------------------------*- C++ -*----------------------------------*\
| =========                 |                                                 |
| \\      /  F ield         | OpenFOAM: The Open Source CFD Toolbox           |
|  \\    /   O peration     | Version:                                        |
|   \\  /    A nd           | Website:  www.openfoam.com                      |
|    \\/     M anipulation  |                                                 |
\*---------------------------------------------------------------------------*/
FoamFile
{
    version     2.0;
    format      ascii;
    class       surfaceScalarField;
    location    "2.9";
    object      phi;
}
// * * * * * * * * * * * * * * * * * * * * * * * * * * * * * * * * * * * * * //

dimensions      [0 3 -1 0 0 0 0];
oriented        oriented;


internalField   nonuniform List<scalar> 
5126
(
0.0001671760346
-1.396400567e-07
9.564989334e-05
-0.0002626110884
0.0004995757758
5.337156017e-05
-1.710582606e-06
-0.0005511879049
0.0005952117522
-0.002226390595
-0.0001587522751
1.200742202e-08
0.0005591702431
0.0006345430356
0.0005961839271
-0.003015841359
-0.003507178501
0.001841755868
0.001419300636
0.001841773964
0.001419361127
0.0009666461692
-0.003983313871
0.0048430819
-0.0038770433
0.008264034987
-0.003421300213
0.01110560705
-0.00284171011
0.01337626444
-0.002270664083
0.01514028941
-0.001763973801
0.01647554529
-0.001335195653
0.01745751387
-0.000981922362
0.01815631157
-0.0006987696721
0.01863736254
-0.000481036355
0.01896078257
-0.0003234125983
0.01917842695
-0.0002176390067
0.01933076725
-0.0001523353338
0.01944428123
-0.0001135083527
0.01953607093
-9.178357194e-05
0.01961451207
-7.84346398e-05
0.01968335161
-6.883238603e-05
0.01974407834
-6.071866302e-05
0.01979730588
-5.321855766e-05
0.01984347335
-4.615774837e-05
0.0198831423
-3.965867538e-05
0.01991704955
-3.389666293e-05
0.01994602305
-2.896277748e-05
0.01997086167
-2.482788489e-05
0.01999225228
-2.138003365e-05
0.02001074655
-1.848408338e-05
0.02002678017
-1.602404775e-05
0.02004070478
-1.391582678e-05
0.02005281355
-1.210084602e-05
0.02006335595
-1.05353434e-05
0.02007254557
-9.183360606e-06
0.02008056514
-8.014129113e-06
0.02008538102
-4.810966479e-06
0.0200880055
-2.619631369e-06
0.02008981518
-1.805237643e-06
0.02009091363
-1.094230789e-06
0.02009139035
-4.727006988e-07
0.02009132305
7.112771437e-08
0.02009077925
5.474462328e-07
0.02008981773
9.649825312e-07
0.02008848976
1.331278058e-06
0.02008684003
1.652885191e-06
0.02008490769
1.935340956e-06
0.02008272698
2.183584707e-06
0.02008032791
2.401829581e-06
0.02007773676
2.593796183e-06
0.02007497662
2.762660216e-06
0.02007206777
2.911272516e-06
0.02006902798
3.042085554e-06
0.02006587291
3.157260002e-06
0.02006261632
3.258675386e-06
0.02005927032
3.348002983e-06
0.02005584559
3.42666681e-06
0.02005235151
3.495952115e-06
0.02004879637
3.556959832e-06
0.02004518748
3.610656989e-06
0.02004153127
3.657923167e-06
0.02003783344
3.699494139e-06
0.020034099
3.736053678e-06
0.02003033239
3.768164139e-06
0.02002653754
3.796345883e-06
0.02002271794
3.821056342e-06
0.02001887667
3.84266506e-06
0.02001501649
3.861542926e-06
0.02001113989
3.877911578e-06
0.02000724767
3.893485549e-06
0.02000333103
3.917881937e-06
3.903918985e-06
8.634404575e-05
-0.0002815930914
7.340164217e-08
0.000295181488
-0.0001000058438
-0.0001726486111
0.0001458095987
-2.42762307e-07
-0.0001546547242
0.0001817364999
0.0001132611837
0.0002410339852
-3.256272646e-05
-0.0004626332534
4.523981028e-08
1.064037384e-05
0.0001169195408
1.329564964e-05
0.005493779571
-0.005558337003
-0.0003676845455
-0.001353328872
-0.0003676668749
-0.001353940783
0.007832679504
-0.006322213807
0.01011107792
-0.006155441721
0.01210996313
-0.005420185437
0.0137657691
-0.004497516096
0.01509017354
-0.00359506853
0.01613270058
-0.002806500848
0.01694883903
-0.002151334118
0.01758681331
-0.001619896648
0.01808432172
-0.001196278073
0.01847013812
-0.0008668527489
0.01876704575
-0.0006203202189
0.0189942256
-0.0004448188517
0.01916810656
-0.0003262162804
0.01930373433
-0.0002491361238
0.01941142189
-0.0001994711363
0.01949929242
-0.0001663051671
0.01957280931
-0.0001423492811
0.01963540579
-0.0001233151464
0.0196891825
-0.0001069952819
0.01973549923
-9.247448839e-05
0.01977577887
-7.993831657e-05
0.01980949091
-6.760870754e-05
0.01983848398
-5.795585009e-05
0.01986347507
-4.98189694e-05
0.0198850786
-4.298356251e-05
0.01990380461
-3.721009457e-05
0.01992007202
-3.229146101e-05
0.01993422743
-2.807123186e-05
0.01994656171
-2.443512485e-05
0.01995732194
-2.129558487e-05
0.01996671922
-1.858064214e-05
0.01997462137
-1.591628369e-05
0.01997978635
-9.975947899e-06
0.01998530082
-8.134106427e-06
0.01999002318
-6.527593533e-06
0.01999405341
-5.124470297e-06
0.01999747827
-3.897557387e-06
0.02000037305
-2.823652489e-06
0.02000280326
-1.882760662e-06
0.020004826
-1.057757576e-06
0.02000649119
-3.339081088e-07
0.02000784227
3.018123002e-07
0.02000891737
8.602433815e-07
0.02000974989
1.351074928e-06
0.02001036899
1.782730667e-06
0.02001080041
2.162381211e-06
0.0200110666
2.496472683e-06
0.02001118733
2.790541181e-06
0.02001117997
3.049437617e-06
0.02001105979
3.277442406e-06
0.02001084021
3.478249158e-06
0.02001053309
3.655124315e-06
0.02001014884
3.810912035e-06
0.02000969667
3.948126832e-06
0.02000918466
4.068968762e-06
0.02000861996
4.175361531e-06
0.02000800887
4.26902458e-06
0.02000735696
4.351420563e-06
0.02000666912
4.423899823e-06
0.02000594972
4.487572546e-06
0.0200052026
4.543467235e-06
0.02000443119
4.592468852e-06
0.02000363851
4.635347846e-06
0.02000282725
4.672798617e-06
0.02000199985
4.705308465e-06
0.02000115943
4.733898272e-06
0.02000031908
4.758233971e-06
4.785688615e-06
-0.0001747614954
-0.0002073034093
-1.988336162e-07
0.0001455438717
0.0002367198662
-0.0001239008401
-0.000392988327
0.0004496529842
6.80695001e-05
-8.333153393e-07
0.01459990762
-0.004702285188
0.0006945496826
0.0009065784904
0.0006930584222
0.0009077566095
-0.002726428206
-0.003823215672
-0.002726519391
-0.003823402373
0.01537739892
-0.006335828274
0.01584011998
-0.006784934869
0.01622676872
-0.006542090447
0.01656667334
-0.005760090051
0.0169066511
-0.004837493847
0.01722272596
-0.003911143391
0.01751801806
-0.003101792958
0.0177944174
-0.002427733471
0.01805767498
-0.001883154222
0.01831050919
-0.001449112287
0.01855112021
-0.001107463781
0.01877386637
-0.0008430663891
0.01897211938
-0.0006430718711
0.01914138983
-0.0004954867262
0.01928098218
-0.0003887284759
0.01939367201
-0.0003121609792
0.01948417186
-0.00025680501
0.01955750011
-0.0002156775331
0.01961793823
-0.0001837532643
0.01966867574
-0.0001577327907
0.01971190613
-0.0001357048774
0.01974869149
-0.0001167236734
0.01978144875
-0.0001003659769
0.01980987536
-8.638246275e-05
0.01983457152
-7.451513031e-05
0.01985604951
-6.446156005e-05
0.01987475433
-5.591491642e-05
0.01989107018
-4.860731567e-05
0.01990532496
-4.23260046e-05
0.01991825158
-3.736175037e-05
0.01992872136
-3.176537113e-05
0.01993788017
-2.773945268e-05
0.01994398763
-2.202375151e-05
0.01995099862
-1.698693973e-05
0.01995714205
-1.427753862e-05
0.01996252743
-1.191297246e-05
0.01996724974
-9.846785343e-06
0.01997139145
-8.039270696e-06
0.01997502426
-6.456458676e-06
0.01997821073
-5.069226009e-06
0.01998100542
-3.852448917e-06
0.01998345594
-2.784424647e-06
0.01998560417
-1.846405211e-06
0.01998748656
-1.022149464e-06
0.01998913524
-2.975963134e-07
0.01999057812
3.398515567e-07
0.01999183993
9.005757069e-07
0.01999294225
1.394144604e-06
0.01999390419
1.828604632e-06
0.01999474244
2.211189458e-06
0.01999547172
2.548156454e-06
0.01999610502
2.844945469e-06
0.01999665375
3.106392639e-06
0.01999712797
3.33669468e-06
0.01999753652
3.539581057e-06
0.01999788722
3.718269598e-06
0.01999818697
3.875623422e-06
0.01999844185
4.014148887e-06
0.01999865722
4.136057722e-06
0.01999883785
4.243283719e-06
0.01999898792
4.337504435e-06
0.01999911117
4.420229015e-06
0.01999921088
4.492754315e-06
0.01999928999
4.556238233e-06
0.01999935111
4.611676445e-06
0.0199993966
4.659813548e-06
0.01999942834
4.702160192e-06
0.01999945111
4.735456706e-06
4.781610192e-06
8.693722258e-06
-0.001042202069
1.866455662e-07
0.001055385001
-2.206329146e-05
-0.001167772277
0.0003321089066
0.005251160097
-0.0005997481842
3.080949505e-08
-0.001315120767
-0.001168859219
-0.001331799343
0.02289905029
-0.004366327911
-0.005434915116
-0.006182916626
-0.00543421993
-0.006182955869
0.02204048265
-0.00547726066
0.02113595851
-0.00588041071
0.02023550076
-0.005641632702
0.01947189092
-0.004996480215
0.01897875609
-0.004344359019
0.01868035504
-0.003612742359
0.01855477459
-0.002976212513
0.01853263296
-0.002405591837
0.01858240171
-0.00193292298
0.01867843946
-0.001545150042
0.01880411738
-0.001233141717
0.01894482893
-0.0009837779422
0.01908739904
-0.0007856419874
0.01922108372
-0.0006291714047
0.01933902217
-0.0005066669347
0.01943860783
-0.0004117466416
0.01952060388
-0.0003388010553
0.01958765216
-0.0002827258123
0.0196429065
-0.0002390076041
0.01968917172
-0.0002039980132
0.01972856635
-0.0001750995027
0.01976253944
-0.000150696757
0.01979204768
-0.0001298742219
0.01981775082
-0.0001120856021
0.01984015429
-9.691860745e-05
0.01985968683
-8.399410613e-05
0.01987672836
-7.295645339e-05
0.01989161421
-6.349316457e-05
0.01990463475
-5.534654566e-05
0.01991558306
-4.83100652e-05
0.01992603492
-4.221723912e-05
0.01993522655
-3.693108188e-05
0.0199439608
-3.075800718e-05
0.01995065476
-2.368089979e-05
0.01995653677
-2.01595524e-05
0.01996170814
-1.708434384e-05
0.01996625683
-1.439547217e-05
0.01997025947
-1.204191022e-05
0.01997378292
-9.97990749e-06
0.01997688555
-8.171853899e-06
0.01997961842
-6.585316671e-06
0.01998202624
-5.192244987e-06
0.0199841482
-3.968353367e-06
0.0199860186
-2.89254615e-06
0.01998766749
-1.946491461e-06
0.01998912151
-1.114160543e-06
0.0199904039
-3.818102761e-07
0.01999153498
2.630634391e-07
0.01999253285
8.307252874e-07
0.01999341325
1.330795614e-06
0.01999419019
1.771209719e-06
0.01999487596
2.159174239e-06
0.01999548137
2.500980781e-06
0.01999601595
2.802118911e-06
0.01999648813
3.067407053e-06
0.01999690529
3.301113661e-06
0.01999727399
3.506931284e-06
0.01999759999
3.688150447e-06
0.0199978884
3.84765489e-06
0.01999814376
3.987939112e-06
0.01999837003
4.111240229e-06
0.01999857075
4.219513224e-06
0.01999874906
4.314445349e-06
0.01999890775
4.397543085e-06
0.01999904931
4.470116688e-06
0.01999917594
4.533176024e-06
0.0199992895
4.588597573e-06
0.01999939273
4.632227642e-06
4.692678117e-06
3.812374423e-05
-0.006903012897
0.006798903958
-8.789820913e-05
6.529711831e-08
5.517969249e-05
4.11321199e-05
5.750628783e-05
0.0262814839
-0.002041164406
0.0006082502191
0.0007619568134
0.0006080168826
0.0007616874173
-0.00673749193
-0.006752875286
-0.006737135478
-0.006752728152
0.02522073434
-0.00330557836
0.02394103384
-0.004197560154
0.022643401
-0.004582777848
0.02148396568
-0.004482197393
0.02065421626
-0.004166730802
0.02000240814
-0.003692550902
0.01951609855
-0.003126432779
0.01924003038
-0.00270014434
0.01908583231
-0.002251393775
0.01904089136
-0.00188798204
0.01905381662
-0.001558075311
0.01910569264
-0.001285017733
0.01917979887
-0.001057884179
0.0192648112
-0.0008706543268
0.01935210721
-0.000716467414
0.01943524262
-0.000589802344
0.01951025927
-0.0004867632938
0.01957555194
-0.0004040937308
0.01963127706
-0.0003384509275
0.01967857821
-0.0002863087541
0.01971890952
-0.0002443293188
0.01975360763
-0.0002097976149
0.01978371747
-0.0001808065891
0.01980999518
-0.0001561519417
0.01983298907
-0.0001350794931
0.01985312435
-0.0001170538921
0.01987075965
-0.0001016294043
0.01988621114
-8.840794574e-05
0.01989975922
-7.70412526e-05
0.01991164894
-6.723626382e-05
0.01992209185
-5.875298357e-05
0.0199312699
-5.139528873e-05
0.01993934055
-4.500173124e-05
0.019947877
-3.929446136e-05
0.01995405415
-2.985805127e-05
0.01995949018
-2.559558476e-05
0.01996427609
-2.187025611e-05
0.01996849101
-1.861039207e-05
0.01997220408
-1.575497717e-05
0.01997547602
-1.325184657e-05
0.01997835985
-1.105568622e-05
0.01998090238
-9.127838096e-06
0.01998314431
-7.434176545e-06
0.0199851216
-5.945633182e-06
0.01998686582
-4.636768649e-06
0.01998840468
-3.485342586e-06
0.01998976275
-2.472230416e-06
0.01999096121
-1.580276335e-06
0.01999201919
-7.949139496e-07
0.01999295349
-1.035791839e-07
0.01999377844
5.058469488e-07
0.01999450706
1.042587576e-06
0.0199951507
1.515535849e-06
0.01999571957
1.932106853e-06
0.01999622241
2.299285279e-06
0.01999666698
2.622837661e-06
0.01999706038
2.907721279e-06
0.01999740845
3.158867087e-06
0.01999771675
3.379855495e-06
0.01999798993
3.574484497e-06
0.01999823235
3.745527519e-06
0.01999844751
3.896083697e-06
0.0199986388
4.028222164e-06
0.01999880923
4.144022219e-06
0.01999896128
4.245494919e-06
0.01999909732
4.334073301e-06
0.01999921947
4.411026719e-06
0.01999932924
4.478816558e-06
0.01999942947
4.532001556e-06
4.605833949e-06
0.0262281816
0.0006330502775
-7.605549503e-05
-7.622576108e-05
0.02601040878
-0.0004313893574
8.03309756e-05
0.0002442026983
8.088545219e-05
0.0002437430449
0.02548889749
-0.001519653097
0.02464136798
-0.002458048843
0.02362057812
-0.003176770282
0.0226094355
-0.003571635235
0.02174468652
-0.003617448413
0.02103155881
-0.003453603097
0.02045878141
-0.00311977351
0.02011399186
-0.002781643232
0.01982597028
-0.002412122764
0.01958739107
-0.002012814559
0.01946231921
-0.001762910192
0.0193923785
-0.001488134609
0.01938205972
-0.001274698953
0.01940632381
-0.001082148265
0.0194458451
-0.0009101756228
0.01949318929
-0.0007638116048
0.01954356777
-0.0006401808199
0.01959343422
-0.0005366297495
0.019640374
-0.000451033511
0.01968302697
-0.0003811039059
0.01972092051
-0.0003242022876
0.01975420349
-0.000277612294
0.01978334961
-0.0002389437354
0.01980891731
-0.0002063742891
0.01983141086
-0.0001786454993
0.0198512378
-0.0001549064346
0.0198687231
-0.0001345392023
0.0198841377
-0.000117044001
0.01989772097
-0.0001019912156
0.01990968883
-8.900911643e-05
0.01992023566
-7.778308858e-05
0.01992953288
-6.805020803e-05
0.01993773086
-5.959327294e-05
0.01994496056
-5.223143674e-05
0.01995148004
-4.581393568e-05
0.01995830297
-3.668098521e-05
0.01996319874
-3.04913528e-05
0.01996751615
-2.61876744e-05
0.0199713243
-2.241853859e-05
0.0199746836
-1.911427793e-05
0.01997764748
-1.621571915e-05
0.01998026276
-1.367096655e-05
0.01998257059
-1.143566722e-05
0.0199846075
-9.471074851e-06
0.01998640546
-7.743596883e-06
0.01998799258
-6.22388956e-06
0.019989394
-4.886758811e-06
0.01999063142
-3.70964575e-06
0.01999172424
-2.673100261e-06
0.01999268954
-1.760206836e-06
0.01999354217
-9.562106477e-07
0.01999429567
-2.476635821e-07
0.01999496153
3.767323567e-07
0.01999555021
9.268512228e-07
0.01999607049
1.411822237e-06
0.01999653082
1.83896488e-06
0.01999693807
2.21559182e-06
0.0199972985
2.547295411e-06
0.01999761773
2.83963651e-06
0.01999790056
3.097039162e-06
0.01999815148
3.323567016e-06
0.01999837412
3.522891355e-06
0.01999857206
3.698149108e-06
0.0199987482
3.852094189e-06
0.01999890518
3.987044123e-06
0.01999904537
4.105304906e-06
0.01999917096
4.20847583e-06
0.01999928367
4.298316934e-06
0.01999938541
4.377076535e-06
0.01999947804
4.43936699e-06
4.525287328e-06
0.02519178695
0.0005118771971
0.02507538235
-0.0003149847302
0.0246576372
-0.001101907951
0.02405497619
-0.001855387818
0.02327171004
-0.002393504134
0.02248064478
-0.002780569975
0.02177886813
-0.002915671771
0.02118784848
-0.002862583443
0.02074664872
-0.00267857376
0.02040667016
-0.00244166467
0.02013150455
-0.002136957159
0.02000028115
-0.001881591159
0.01986189389
-0.001624522945
0.01971454025
-0.001340780963
0.01961846743
-0.001178626134
0.0195981393
-0.001061820135
0.0196056802
-0.0009177165261
0.01962451787
-0.0007826492726
0.01965012945
-0.0006657923998
0.01967948791
-0.0005659882158
0.01971010666
-0.0004816522644
0.01974007193
-0.0004110691748
0.01976813955
-0.0003522699042
0.0197937131
-0.0003031858405
0.0198166806
-0.0002619112387
0.01983719679
-0.0002268904818
0.01985550475
-0.0001969534649
0.01987183862
-0.0001712403103
0.0198863967
-0.0001490972874
0.01989934896
-0.0001299962571
0.01991085064
-0.0001134928948
0.01992104948
-9.920795797e-05
0.01993008517
-8.681878179e-05
0.01993808701
-7.605204375e-05
0.01994517161
-6.667787672e-05
0.01995144289
-5.850271983e-05
0.01995699249
-5.136353547e-05
0.01996321529
-4.290378383e-05
0.0199674917
-3.47677614e-05
0.01997127144
-2.996741523e-05
0.01997461163
-2.575873314e-05
0.01997756357
-2.206620981e-05
0.01998017183
-1.882397847e-05
0.01998247666
-1.5975791e-05
0.0199845131
-1.347211136e-05
0.01998631255
-1.127052156e-05
0.01998790258
-9.333623869e-06
0.01998930768
-7.628981513e-06
0.01999054929
-6.128373575e-06
0.01999164649
-4.806839703e-06
0.0199926164
-3.643014313e-06
0.01999347371
-2.617519608e-06
0.01999423142
-1.713924961e-06
0.01999490149
-9.177285278e-07
0.01999549428
-2.160639707e-07
0.01999601842
4.0270961e-07
0.01999648231
9.479377823e-07
0.01999689281
1.428466212e-06
0.01999725627
1.852128584e-06
0.01999757823
2.225338722e-06
0.01999786367
2.554203838e-06
0.0199981168
2.843914699e-06
0.01999834145
3.098932785e-06
0.01999854107
3.323268365e-06
0.01999871858
3.52064505e-06
0.01999887673
3.693956174e-06
0.01999901785
3.845918341e-06
0.01999914416
3.978998112e-06
0.01999925721
4.095430519e-06
0.01999935918
4.196343897e-06
0.01999945082
4.285429779e-06
0.01999953484
4.355348557e-06
4.452301864e-06
0.02437663349
0.0004025114068
0.02424852384
-0.0001868750762
0.02394085082
-0.000794234912
0.023488045
-0.001402581991
0.02293626457
-0.001841723713
0.02233284503
-0.002177150436
0.02176636444
-0.002349191182
0.02126870859
-0.002364927606
0.02086856495
-0.002278430122
0.02055613679
-0.002129236504
0.02034865314
-0.001929473515
0.0201931912
-0.00172612922
0.02005260401
-0.001483935754
0.01998626411
-0.001274441066
0.01983766118
-0.0010300232
0.01976504756
-0.0009892065165
0.01974608305
-0.0008987520167
0.01974406916
-0.0007806353914
0.01975129017
-0.0006730134115
0.01976445894
-0.000579156987
0.01978118481
-0.000498378137
0.01979951632
-0.0004294006775
0.01981801874
-0.0003707723201
0.01983579353
-0.0003209606384
0.01985238986
-0.0002785075648
0.01986765428
-0.0002421549141
0.01988158609
-0.000210885276
0.01989424261
-0.000183896834
0.01990569463
-0.0001605493065
0.01991601535
-0.0001403169773
0.01992528075
-0.0001227582916
0.01993357159
-0.000107498797
0.01994097161
-9.421880944e-05
0.01994756566
-8.264609318e-05
0.01995343482
-7.254702624e-05
0.01995865494
-6.372283982e-05
0.01996329438
-5.600298065e-05
0.01996869543
-4.830483093e-05
0.01997228687
-3.835920309e-05
0.01997547068
-3.315122614e-05
0.01997829199
-2.85800443e-05
0.01998079064
-2.456486021e-05
0.01998300325
-2.103658596e-05
0.0199849618
-1.79343388e-05
0.01998669546
-1.520575944e-05
0.01998822949
-1.280455501e-05
0.01998958696
-1.069108811e-05
0.01999078796
-8.829984998e-06
0.01999185045
-7.190857543e-06
0.01999279063
-5.747020966e-06
0.01999362232
-4.474703104e-06
0.01999435821
-3.353417212e-06
0.01999500948
-2.365192971e-06
0.01999558581
-1.494065482e-06
0.01999609589
-7.261442668e-07
0.01999654781
-4.921033506e-08
0.01999694791
5.478442955e-07
0.01999730225
1.074120733e-06
0.01999761645
1.537938675e-06
0.019997895
1.946791009e-06
0.01999814207
2.307134216e-06
0.01999836155
2.624441327e-06
0.0199985566
2.903896702e-06
0.01999872999
3.149882694e-06
0.01999888459
3.36605207e-06
0.01999902246
3.556087475e-06
0.01999914562
3.722759703e-06
0.01999925596
3.86865797e-06
0.01999935507
3.996318138e-06
0.0199994443
4.10711261e-06
0.019999525
4.204726545e-06
0.01999959878
4.281574813e-06
4.387836761e-06
0.02367626949
0.0003350800763
0.02361903812
-0.0001296437087
0.0234351791
-0.0006103758896
0.02307778403
-0.001045186922
0.02268088298
-0.001444822675
0.02219975311
-0.001696020562
0.02174018536
-0.001889623432
0.02132895773
-0.001953699986
0.02097434655
-0.001923818941
0.0206812396
-0.001836129549
0.02046185477
-0.001710088692
0.02029936199
-0.001563636448
0.0202079766
-0.001392550357
0.02013996295
-0.00120642741
0.02003521123
-0.00092527148
0.01992408212
-0.0008780774114
0.01987820659
-0.0008528764847
0.01985394894
-0.0007563777482
0.01984569793
-0.0006647624055
0.01984573493
-0.0005791939855
0.01985071752
-0.0005033607265
0.01985878617
-0.0004374693283
0.01986851368
-0.0003804998263
0.01987889921
-0.0003313461716
0.01988931104
-0.0002889194062
0.01989938738
-0.0002522312518
0.01990893862
-0.0002204365272
0.01991787156
-0.0001928297711
0.01992614517
-0.0001688229188
0.01993374737
-0.0001479191806
0.01994068477
-0.0001296956875
0.01994697797
-0.000113791996
0.01995265891
-9.989974423e-05
0.01995776785
-8.775503498e-05
0.01996235037
-7.712954087e-05
0.01996645295
-6.782541261e-05
0.01997012092
-5.967095095e-05
0.0199746382
-5.282211489e-05
0.01997749404
-4.121503816e-05
0.01998003668
-3.569387133e-05
0.01998229787
-3.084122827e-05
0.0199843072
-2.657419277e-05
0.01998609131
-2.28206941e-05
0.01998767483
-1.95178547e-05
0.01998907937
-1.661030201e-05
0.01999032512
-1.405030194e-05
0.0199914294
-1.179536786e-05
0.01999240818
-9.80876501e-06
0.01999327565
-8.058317128e-06
0.01999404415
-6.515520677e-06
0.01999472517
-5.155726993e-06
0.01999532857
-3.956817294e-06
0.01999586319
-2.899814329e-06
0.01999633709
-1.967964971e-06
0.019996757
-1.146061646e-06
0.01999712931
-4.215240556e-07
0.01999745956
2.175996961e-07
0.01999775248
7.812023491e-07
0.01999801245
1.277967448e-06
0.01999824329
1.715952427e-06
0.01999844849
2.101947753e-06
0.01999863092
2.442014016e-06
0.01999879335
2.741477497e-06
0.01999893811
3.005121821e-06
0.0199990673
3.236865534e-06
0.01999918277
3.440625833e-06
0.01999928615
3.619380231e-06
0.01999937891
3.775898166e-06
0.01999946255
3.912679329e-06
0.01999953795
4.031713036e-06
0.01999960635
4.136324222e-06
0.01999966903
4.218898674e-06
4.332900067e-06
0.02316178474
0.0002793901513
0.02314021359
-0.0001080725541
0.02297694862
-0.0004471109282
0.022717983
-0.0007862213061
0.02240063034
-0.001127470012
0.022051945
-0.001347335227
0.02168614839
-0.001523826827
0.02134855063
-0.001616102226
0.02104750283
-0.001622771138
0.02078770541
-0.001576332132
0.0205730361
-0.001495419389
0.02040195631
-0.001392556651
0.0202849116
-0.001275505645
0.0202229585
-0.001144474314
0.02024947364
-0.000951786621
0.02013951198
-0.0007681157499
0.0200520883
-0.0007654528082
0.01997093315
-0.0006752226034
0.0199343802
-0.0006282094549
0.01992191063
-0.0005667244195
0.01991705032
-0.0004985004115
0.01991626612
-0.0004366851255
0.01991819781
-0.000382431514
0.01992183243
-0.0003349807958
0.01992645353
-0.000293540511
0.01993157589
-0.000257353617
0.01993687977
-0.0002257404098
0.01994215827
-0.0001981082719
0.01994727788
-0.0001739425332
0.01995215403
-0.0001527953261
0.01995673474
-0.0001342763987
0.0199609904
-0.000118047652
0.01996490831
-0.0001038176561
0.0199684889
-9.133561938e-05
0.01997174273
-8.038336672e-05
0.01997468735
-7.077002667e-05
0.01997734407
-6.232766823e-05
0.01997943098
-5.490903147e-05
0.01998301866
-4.480271447e-05
0.01998488717
-3.756238285e-05
0.01998655843
-3.251248544e-05
0.01998805098
-2.806674421e-05
0.01998938231
-2.415202037e-05
0.01999056842
-2.070396028e-05
0.01999162437
-1.766625308e-05
0.01999256366
-1.498959424e-05
0.01999339895
-1.263065104e-05
0.01999414119
-1.055100488e-05
0.01999480065
-8.717777933e-06
0.01999538638
-7.101249816e-06
0.0199959065
-5.675844274e-06
0.01999636837
-4.418690489e-06
0.0199967785
-3.309940361e-06
0.01999714267
-2.332136799e-06
0.01999746613
-1.469529672e-06
0.01999775334
-7.087321781e-07
0.01999800886
-3.792545997e-08
0.01999823594
5.541293938e-07
0.01999843782
1.076089747e-06
0.01999861763
1.536143863e-06
0.01999877771
1.941871985e-06
0.01999892052
2.299214208e-06
0.01999904795
2.614050876e-06
0.01999916188
2.891192063e-06
0.0199992637
3.135054774e-06
0.0199993551
3.349232158e-06
0.01999943732
3.537157253e-06
0.01999951129
3.701935617e-06
0.01999957808
3.845890323e-06
0.01999963859
3.971198902e-06
0.01999969365
4.08126858e-06
0.01999974437
4.168181103e-06
4.288234136e-06
0.02274300212
0.0002408501651
0.02271303712
-7.81075522e-05
0.02261678584
-0.0003508596485
0.02245741125
-0.0006268467024
0.02219517931
-0.0008652380732
0.02193736645
-0.001089522365
0.02162896473
-0.001215425119
0.02134297448
-0.00133011197
0.02108832647
-0.001368123135
0.02086286349
-0.001350869152
0.02066848655
-0.001301042443
0.02050553147
-0.001229601573
0.02037458015
-0.001144554329
0.02028161777
-0.001051511932
0.02027409141
-0.0009442602622
0.02032587542
-0.0008198997683
0.02028403464
-0.0007236120323
0.02014590541
-0.0005370933726
0.02003583515
-0.0005181392013
0.01999413867
-0.000525027932
0.01997938271
-0.0004837444518
0.01997085459
-0.0004281570055
0.01996601902
-0.0003775959438
0.01996364364
-0.0003326054174
0.01996298695
-0.0002928838261
0.01996350204
-0.0002578687099
0.01996479278
-0.0002270311434
0.0199665744
-0.0001998898975
0.01996864382
-0.0001760119482
0.0199708568
-0.0001550083054
0.01997311189
-0.0001365314898
0.01997533856
-0.0001202743224
0.01997748804
-0.0001059671377
0.01997952763
-9.337519823e-05
0.01998143705
-8.229278126e-05
0.01998320619
-7.253916067e-05
0.01998483297
-6.395444778e-05
0.01998632042
-5.63964854e-05
0.01998876358
-4.724586969e-05
0.01998993762
-3.873642205e-05
0.01999099984
-3.357470737e-05
0.01999195793
-2.902483474e-05
0.01999281989
-2.501397157e-05
0.01999359367
-2.147774191e-05
0.01999428721
-1.835979586e-05
0.01999490775
-1.561013455e-05
0.0199954625
-1.318539455e-05
0.01999595815
-1.104665165e-05
0.01999640037
-9.160003097e-06
0.01999679493
-7.495811181e-06
0.0199971468
-6.027712567e-06
0.01999746049
-4.732373867e-06
0.01999774016
-3.589614474e-06
0.0199979894
-2.581375772e-06
0.0199982116
-1.691734248e-06
0.01999840983
-9.069646429e-07
0.01999858664
-2.147359668e-07
0.01999874448
3.962948404e-07
0.0199988856
9.349644884e-07
0.01999901152
1.410225872e-06
0.01999912442
1.828984756e-06
0.01999922537
2.198265602e-06
0.01999931601
2.523415143e-06
0.01999939742
2.809790636e-06
0.01999947064
3.061838926e-06
0.01999953671
3.28316859e-06
0.01999959635
3.477514463e-06
0.01999965052
3.647772088e-06
0.01999969966
3.796746034e-06
0.01999974459
3.926272272e-06
0.01999978558
4.040279849e-06
0.01999982358
4.130177459e-06
4.254404542e-06
0.02241524478
0.0002086936353
0.02239319205
-5.605482284e-05
0.02233533981
-0.0002930074054
0.02219156468
-0.0004830715693
0.02199795225
-0.0006716256436
0.02178073799
-0.0008723081055
0.02155455819
-0.0009892453265
0.02131887112
-0.001094424893
0.02110319105
-0.001152443068
0.02090846914
-0.001156147245
0.02073597022
-0.001128543528
0.02058686412
-0.001080495467
0.02046081273
-0.001018502939
0.02035723831
-0.0009479375203
0.02028536847
-0.0008723904202
0.02025768072
-0.0007922120284
0.02024297608
-0.0007089073875
0.02027548652
-0.0005696038143
0.0201799193
-0.0004225719798
0.02008008753
-0.0004251961655
0.02004393343
-0.0004475903484
0.02002285631
-0.0004070798841
0.02001127433
-0.0003660139671
0.02000364711
-0.0003249781939
0.01999827452
-0.0002875112368
0.01999459144
-0.000254185627
0.01999216523
-0.0002246049368
0.01999066607
-0.0001983907384
0.01998984313
-0.0001751890116
0.01998950723
-0.0001546724083
0.01998951692
-0.0001365411736
0.01998976687
-0.0001205242783
0.01999017888
-0.0001063791351
0.0199906933
-9.388961514e-05
0.01999126505
-8.286452896e-05
0.0199918606
-7.313471136e-05
0.01999245627
-6.455010922e-05
0.01999303654
-5.697675815e-05
0.01999462905
-4.883837306e-05
0.01999510204
-3.920941573e-05
0.01999554711
-3.401977217e-05
0.01999596228
-2.944000124e-05
0.01999634664
-2.539832842e-05
0.0199967001
-2.183120671e-05
0.01999702349
-1.868318578e-05
0.01999731832
-1.590495933e-05
0.01999758615
-1.345322302e-05
0.01999782882
-1.128932212e-05
0.01999804841
-9.379599169e-06
0.0199982468
-7.694197534e-06
0.01999842568
-6.206590264e-06
0.01999858707
-4.893764922e-06
0.0199987325
-3.735042924e-06
0.01999886348
-2.712356345e-06
0.01999898151
-1.809766617e-06
0.01999908788
-1.013333311e-06
0.01999918368
-3.105414879e-07
0.01999927022
3.097539998e-07
0.01999934827
8.569204731e-07
0.0199994189
1.339597601e-06
0.01999948279
1.765094102e-06
0.01999954075
2.140309734e-06
0.01999959321
2.470963098e-06
0.01999964103
2.761978414e-06
0.01999968471
3.018162162e-06
0.01999972451
3.243375703e-06
0.01999976103
3.441001382e-06
0.01999979452
3.614276832e-06
0.01999982543
3.765845255e-06
0.01999985403
3.897670307e-06
0.01999988057
4.013740639e-06
0.01999990542
4.105327655e-06
4.231790989e-06
0.0221494887
0.000182022691
0.02212846832
-3.503442294e-05
0.02207079799
-0.0002353370812
0.02198074188
-0.0003930154638
0.02185996882
-0.0005508525858
0.02167058599
-0.0006829252743
0.02150104836
-0.0008197076888
0.02129193449
-0.000885311025
0.02110286752
-0.0009633761009
0.02093399161
-0.0009872713475
0.02078172518
-0.0009762770889
0.02064678011
-0.0009455503952
0.02052953119
-0.0009012540253
0.02042937613
-0.0008477824611
0.02034579367
-0.0007888079706
0.02028069455
-0.0007271129068
0.02023600799
-0.0006642208313
0.02025388022
-0.0005874760374
0.0202986884
-0.0004673801623
0.02021823275
-0.0003447405128
0.02015344805
-0.000382805647
0.02008693534
-0.0003405671759
0.02005511748
-0.0003341961057
0.02004132023
-0.0003111809512
0.02003181195
-0.0002780029564
0.02002437594
-0.0002467496072
0.02001857036
-0.0002187993535
0.02001404603
-0.0001938664136
0.02001052638
-0.00017166936
0.02000779211
-0.0001519381382
0.02000567185
-0.0001344209184
0.02000403247
-0.0001188849006
0.0200027703
-0.0001051169525
0.02000180356
-9.29228773e-05
0.0200010674
-8.21283671e-05
0.02000050946
-7.257675957e-05
0.0200000882
-6.412884727e-05
0.01999977198
-5.666053863e-05
0.02000051697
-4.958335723e-05
0.02000029456
-3.898701013e-05
0.0200001255
-3.38507059e-05
0.0199999989
-2.931339977e-05
0.01999990512
-2.530454589e-05
0.01999983722
-2.176330674e-05
0.0199997891
-1.863506736e-05
0.01999975625
-1.587210608e-05
0.01999973508
-1.343205986e-05
0.01999972304
-1.127728086e-05
0.01999971807
-9.374625024e-06
0.01999971827
-7.694399758e-06
0.01999972263
-6.210944089e-06
0.01999972989
-4.901027987e-06
0.01999973945
-3.744599222e-06
0.01999975065
-2.723566064e-06
0.01999976312
-1.822229772e-06
0.01999977633
-1.02655311e-06
0.01999979019
-3.243970492e-07
0.01999980427
2.956774884e-07
0.01999981845
8.427357829e-07
0.0199998329
1.325154782e-06
0.01999984708
1.750912936e-06
0.01999986111
2.126283512e-06
0.01999987522
2.456865732e-06
0.01999988883
2.748367302e-06
0.01999990232
3.004682705e-06
0.01999991553
3.230163689e-06
0.01999992835
3.428185089e-06
0.01999994096
3.601678655e-06
0.01999995332
3.753482969e-06
0.01999996544
3.885558173e-06
0.01999997719
4.00198978e-06
0.01999998857
4.093949338e-06
4.22058188e-06
0.02193359704
0.0001589521026
0.02191813926
-1.957663405e-05
0.0218724342
-0.0001896320324
0.02181288505
-0.0003334663087
0.02169537514
-0.0004333426752
0.02154588609
-0.000533436227
0.02140098347
-0.0006748050696
0.02124396223
-0.0007282897893
0.02108988436
-0.0008092982343
0.02094510387
-0.0008424908582
0.02081110212
-0.0008422753378
0.02068968089
-0.0008241291623
0.02058173256
-0.0007933057002
0.02048727821
-0.0007533281191
0.02040572897
-0.0007072587255
0.02033628297
-0.0006576669115
0.0202786713
-0.0006066091617
0.02024565879
-0.0005544635184
0.02027147885
-0.0004932002246
0.02034315167
-0.0004164133295
0.02032403324
-0.0003636872164
0.0202097034
-0.0002262373396
0.02011477446
-0.0002392671702
0.02007816156
-0.0002745680477
0.02006344647
-0.0002632878663
0.02005247762
-0.0002357807535
0.02004365194
-0.0002099736712
0.02003638604
-0.0001866005073
0.02003039238
-0.0001656757107
0.02002543614
-0.0001469818912
0.02002132651
-0.0001303112907
0.02001790957
-0.0001154679615
0.02001506152
-0.0001022688952
0.02001268247
-9.054382422e-05
0.02001069036
-8.013625426e-05
0.02000901825
-7.090464937e-05
0.02000761071
-6.272130386e-05
0.02000642183
-5.547165361e-05
0.02000633363
-4.949515652e-05
0.02000543175
-3.808512241e-05
0.02000466169
-3.308064754e-05
0.02000400277
-2.865448175e-05
0.02000343849
-2.474026174e-05
0.02000295458
-2.12793981e-05
0.02000253923
-1.821972117e-05
0.02000218215
-1.551502665e-05
0.02000187493
-1.312483707e-05
0.02000161033
-1.101267244e-05
0.02000138224
-9.146539688e-06
0.02000118573
-7.497891937e-06
0.02000101633
-6.041540983e-06
0.0200008704
-4.755095173e-06
0.02000074473
-3.618934048e-06
0.02000063668
-2.615516327e-06
0.02000054387
-1.729425217e-06
0.02000046427
-9.469474274e-07
0.0200003961
-2.562329072e-07
0.02000033801
3.53767657e-07
0.02000028859
8.921558856e-07
0.02000024667
1.367077948e-06
0.02000021134
1.786249398e-06
0.02000018181
2.155816779e-06
0.02000015702
2.481667215e-06
0.02000013668
2.768713088e-06
0.02000012
3.021365379e-06
0.02000010656
3.243604513e-06
0.02000009591
3.438843424e-06
0.02000008753
3.610059983e-06
0.02000008127
3.759745145e-06
0.02000007671
3.890124691e-06
0.02000007368
4.005018236e-06
0.0200000718
4.095835045e-06
4.220871375e-06
0.02175659759
0.0001387288438
0.02174520011
-8.179159324e-06
0.02170486332
-0.0001492952426
0.02164383214
-0.0002724351311
0.02155545411
-0.0003449646404
0.02145631958
-0.0004343016961
0.02132982052
-0.0005483060212
0.02120882107
-0.0006072903373
0.02107384383
-0.0006743209998
0.02094692227
-0.0007155692937
0.0208288462
-0.0007241992735
0.02071990072
-0.0007151836804
0.02062106399
-0.0006944689807
0.02053274232
-0.0006650064486
0.02045480874
-0.0006293251483
0.02038676552
-0.0005896236883
0.02032788739
-0.0005477310207
0.02027853498
-0.0005051111078
0.02024757065
-0.0004622358991
0.02024838249
-0.0004172251741
0.02025444894
-0.0003697536715
0.02029791075
-0.0002696991463
0.02021849052
-0.0001598469392
0.02013088377
-0.0001869613003
0.02009930772
-0.0002317118091
0.02007954715
-0.0002160201781
0.0200671443
-0.0001975708176
0.02005743048
-0.0001768866867
0.02004920075
-0.000157445983
0.02004221443
-0.0001399955775
0.02003627125
-0.0001243681094
0.02003120459
-0.0001104012908
0.02002687576
-9.794006627e-05
0.02002316994
-8.6838005e-05
0.02001999168
-7.695798787e-05
0.02001726131
-6.817427775e-05
0.02001491175
-6.037174618e-05
0.02001288642
-5.344631806e-05
0.02001069515
-4.730388183e-05
0.02001043416
-3.782413201e-05
0.02000908415
-3.173062948e-05
0.02000791113
-2.748146538e-05
0.02000689114
-2.372026848e-05
0.02000600359
-2.039185365e-05
0.02000523104
-1.744717004e-05
0.02000455826
-1.484224862e-05
0.02000397198
-1.253854882e-05
0.02000346082
-1.050151314e-05
0.02000301494
-8.700656933e-06
0.02000262597
-7.108920205e-06
0.02000228651
-5.70207933e-06
0.02000199053
-4.459115472e-06
0.02000173233
-3.360736886e-06
0.02000150722
-2.390408137e-06
0.02000131112
-1.53333066e-06
0.02000114047
-7.763023701e-07
0.02000099204
-1.077988164e-07
0.02000086293
4.828798963e-07
0.02000075097
1.004113641e-06
0.0200006538
1.464247727e-06
0.02000056974
1.870312698e-06
0.02000049704
2.228529546e-06
0.02000043442
2.544285462e-06
0.02000038052
2.822617231e-06
0.02000033411
3.067784527e-06
0.02000029449
3.283235542e-06
0.02000026057
3.472767859e-06
0.02000023177
3.638859187e-06
0.02000020721
3.784310672e-06
0.02000018635
3.910983692e-06
0.0200001687
4.02266998e-06
0.02000015359
4.110952547e-06
4.232359861e-06
0.0216109835
0.0001207065251
0.0216031747
-3.703523345e-07
0.02157064241
-0.000116762957
0.02151878426
-0.0002205769821
0.02146474413
-0.0002909245155
0.02139851241
-0.0003680699755
0.02128233034
-0.0004321239573
0.02118651598
-0.0005114759782
0.02105904334
-0.0005468483553
0.02094338288
-0.000599908837
0.02083842938
-0.0006192457816
0.02074066173
-0.0006174160348
0.02065039117
-0.0006041984221
0.02056820133
-0.0005828166076
0.02049427076
-0.0005553945763
0.02042844374
-0.0005237966611
0.02037033239
-0.0004896196731
0.02031940338
-0.0004541820972
0.02027570397
-0.0004185364906
0.02024182
-0.0003833412146
0.02022058589
-0.0003485195639
0.02025200206
-0.0003011153114
0.02030434346
-0.000212188341
0.02023630189
-0.0001189197211
0.0201801907
-0.0001756006184
0.02011979404
-0.000155623514
0.02009043147
-0.000168208254
0.02007697336
-0.0001634285679
0.02006675034
-0.0001472229664
0.02005793635
-0.0001311815816
0.0200503277
-0.0001167594585
0.02004375071
-0.0001038243035
0.02003805788
-9.224722976e-05
0.02003312354
-8.190366723e-05
0.02002884166
-7.267611315e-05
0.02002512199
-6.445460588e-05
0.02002188767
-5.713741488e-05
0.02001907277
-5.063141525e-05
0.02001662042
-4.485153346e-05
0.02001522702
-3.643072658e-05
0.020013326
-2.982960691e-05
0.02001166382
-2.581928305e-05
0.02001020956
-2.226600991e-05
0.02000893685
-1.911914397e-05
0.02000782286
-1.633317469e-05
0.02000684755
-1.386694317e-05
0.02000599351
-1.168450675e-05
0.02000524552
-9.753522674e-06
0.02000459015
-8.045285047e-06
0.02000401591
-6.534677528e-06
0.02000351291
-5.199082636e-06
0.02000307227
-4.018474904e-06
0.0200026864
-2.974865382e-06
0.02000234856
-2.052575621e-06
0.02000205287
-1.237644955e-06
0.0200017943
-5.177270015e-07
0.02000156802
1.1847878e-07
0.02000137053
6.80370594e-07
0.02000119801
1.176631073e-06
0.02000104751
1.614758803e-06
0.02000091639
2.001433317e-06
0.02000080217
2.342755454e-06
0.02000070273
2.643728522e-06
0.02000061641
2.908940396e-06
0.02000054147
3.142733838e-06
0.02000047634
3.348366748e-06
0.02000042005
3.529069813e-06
0.02000037123
3.687676137e-06
0.02000032899
3.82655626e-06
0.0200002923
3.947678123e-06
0.02000026073
4.054246458e-06
0.02000023283
4.138848756e-06
4.254757278e-06
0.02149101023
0.0001043467339
0.02148593007
4.709815609e-06
0.02146073678
-9.156967102e-05
0.02142133809
-0.0001811782942
0.02138233344
-0.0002519198772
0.02130699589
-0.0002927324194
0.02121381795
-0.0003389460194
0.02112603017
-0.0004236882003
0.02103036169
-0.0004511798756
0.02093445261
-0.0005039997618
0.02084234606
-0.0005271392439
0.02075455823
-0.0005296282033
0.02067212187
-0.0005217620609
0.02059577853
-0.0005064732657
0.02052590765
-0.000485523689
0.02046259982
-0.0004604888374
0.02040572743
-0.0004327472834
0.02035500594
-0.0004034606118
0.02031004695
-0.0003735775057
0.02027055536
-0.00034384962
0.02023688527
-0.0003148494769
0.0202216313
-0.0002858613436
0.02025784118
-0.0002483982122
0.02033442331
-0.0001955018532
0.02032325269
-0.0001644299967
0.02021846373
-5.08345494e-05
0.02013027042
-8.001494848e-05
0.02009664318
-0.000129801319
0.02008287041
-0.0001334502014
0.02007243546
-0.0001207466234
0.02006333713
-0.0001076611263
0.02005539918
-9.588634989e-05
0.02004846886
-8.531691421e-05
0.02004241415
-7.58489547e-05
0.02003712119
-6.738315562e-05
0.02003249156
-5.982497612e-05
0.02002844053
-5.308638461e-05
0.02002489399
-4.708486893e-05
0.02002178779
-4.174532339e-05
0.02001974188
-3.438481914e-05
0.02001732613
-2.741385263e-05
0.02001520606
-2.36992113e-05
0.02001334478
-2.040472515e-05
0.02001171048
-1.74848487e-05
0.02001027528
-1.489797674e-05
0.02000901509
-1.260675086e-05
0.02000790847
-1.057788239e-05
0.02000693664
-8.781688431e-06
0.02000608349
-7.192132432e-06
0.02000533423
-5.785424645e-06
0.0200046764
-4.541249965e-06
0.02000409888
-3.440958838e-06
0.02000359195
-2.467934591e-06
0.02000314726
-1.607886501e-06
0.0200027572
-8.475866338e-07
0.02000241516
-1.756938123e-07
0.02000211532
4.183211185e-07
0.0200018527
9.429865987e-07
0.02000162283
1.406505803e-06
0.02000142162
1.815969402e-06
0.02000124567
2.177392517e-06
0.02000109207
2.496361219e-06
0.02000095779
2.778014095e-06
0.02000084061
3.0261204e-06
0.02000073841
3.244943594e-06
0.02000064929
3.437496513e-06
0.02000057157
3.606794874e-06
0.02000050386
3.75538447e-06
0.02000044476
3.885667278e-06
0.02000039325
3.999190252e-06
0.02000034818
4.099314597e-06
0.02000030828
4.17875737e-06
4.287589699e-06
0.02139229505
8.92471299e-05
0.02138923072
7.774149735e-06
0.02136885373
-7.119268876e-05
0.02133326797
-0.0001455925348
0.02128855248
-0.0002072043895
0.02123031207
-0.0002344920026
0.02116817613
-0.0002768100839
0.02108784545
-0.0003433575205
0.02101284888
-0.000376183311
0.02092609153
-0.0004172424173
0.02084294604
-0.0004439937591
0.02076370293
-0.0004503850888
0.02068824732
-0.0004463064479
0.02061726765
-0.0004354935906
0.02055127613
-0.0004195321687
0.02049054265
-0.0003997553664
0.02043513611
-0.0003773407516
0.0203849684
-0.0003532928982
0.02033983413
-0.0003284432432
0.02029944564
-0.0003034611263
0.02026346608
-0.0002788699159
0.02023266879
-0.0002550640459
0.02021596375
-0.0002316931775
0.02022676365
-0.0002063017482
0.02024039726
-0.0001780636057
0.02028757143
-9.800872358e-05
0.02021470746
-7.150978924e-06
0.02013219165
-4.72855069e-05
0.0200992258
-0.0001004843415
0.02008558909
-0.0001071099135
0.02007517644
-9.724847518e-05
0.02006603027
-8.6740182e-05
0.02005799517
-7.728181015e-05
0.02005093514
-6.8788932e-05
0.02004473103
-6.117904244e-05
0.02003927831
-5.437224666e-05
0.0200344854
-4.829347262e-05
0.02003027214
-4.287160739e-05
0.02002656822
-3.804140077e-05
0.02002391524
-3.173183205e-05
0.02002102722
-2.452583462e-05
0.02001848638
-2.115837054e-05
0.02001625065
-1.816899606e-05
0.02001428303
-1.551721955e-05
0.0200125515
-1.316645111e-05
0.02001102792
-1.108316644e-05
0.02000968752
-9.23747934e-06
0.02000850873
-7.602900064e-06
0.02000747191
-6.155317888e-06
0.02000656029
-4.87380256e-06
0.02000575871
-3.739675115e-06
0.02000505406
-2.736310773e-06
0.02000443482
-1.848694365e-06
0.02000389066
-1.063729405e-06
0.02000341279
-3.6972115e-07
0.02000299308
2.440152656e-07
0.02000262476
7.866452552e-07
0.02000230171
1.266040885e-06
0.0200020183
1.689911614e-06
0.02000177004
2.064236517e-06
0.02000155257
2.39486638e-06
0.02000136195
2.686988277e-06
0.02000119526
2.944704409e-06
0.02000104939
3.172000908e-06
0.02000092183
3.372504848e-06
0.0200008103
3.549032681e-06
0.02000071276
3.704340564e-06
0.02000062741
3.840747757e-06
0.02000055273
3.960351955e-06
0.02000048717
4.064754025e-06
0.02000042966
4.156818856e-06
0.02000037841
4.230009477e-06
4.329908445e-06
0.02131145753
7.512224638e-05
0.0213100368
9.194879456e-06
0.02129368083
-5.483671247e-05
0.02126345487
-0.0001153665758
0.02122324748
-0.0001669969995
0.02118555949
-0.0001968040074
0.02114201937
-0.0002332699666
0.02106566148
-0.0002669996297
0.02100467953
-0.0003152013692
0.02092030269
-0.0003328655728
0.02084220038
-0.000365891444
0.02076975945
-0.0003779441552
0.02070033719
-0.0003768841907
0.02063410706
-0.0003692634659
0.02057164411
-0.0003570692243
0.02051335145
-0.0003414627099
0.02045944809
-0.0003234373966
0.020409998
-0.0003038428121
0.02036494227
-0.0002833875106
0.02032412967
-0.0002626485235
0.0202873446
-0.0002420848472
0.02025433006
-0.0002220495048
0.02022544232
-0.0002028054292
0.02020352429
-0.0001843837222
0.02019170018
-0.0001662395014
0.0202290217
-0.0001353302379
0.02028427283
-6.240211218e-05
0.02021297666
2.401067084e-05
0.02013148013
-1.898780505e-05
0.02009906466
-7.469444334e-05
0.02008574356
-8.392737609e-05
0.020075544
-7.654062332e-05
0.02006654055
-6.827835927e-05
0.02005859514
-6.084351613e-05
0.02005158492
-5.416882803e-05
0.02004540132
-4.818864576e-05
0.02003994766
-4.283980607e-05
0.02003513878
-3.80627246e-05
0.02003089904
-3.38016586e-05
0.02002769019
-2.85229776e-05
0.02002437755
-2.121319717e-05
0.0200214578
-1.823861233e-05
0.02001888454
-1.559574016e-05
0.02001661642
-1.324908978e-05
0.02001461747
-1.116749951e-05
0.02001285601
-9.321706302e-06
0.02001130429
-7.685761807e-06
0.02000993762
-6.236231104e-06
0.0200087344
-4.952095945e-06
0.02000767538
-3.814782808e-06
0.02000674333
-2.807632561e-06
0.02000592316
-1.91613717e-06
0.02000520176
-1.12729887e-06
0.0200045673
-4.292768351e-07
0.02000400948
1.881020002e-07
0.02000351921
7.342875338e-07
0.02000308864
1.217215289e-06
0.02000271036
1.644321726e-06
0.02000237848
2.021790993e-06
0.02000208715
2.355574689e-06
0.02000183165
2.650369702e-06
0.02000160775
2.910891929e-06
0.02000141142
3.141042553e-06
0.02000123936
3.344066119e-06
0.02000108877
3.523100345e-06
0.02000095679
3.681020272e-06
0.02000084115
3.819981554e-06
0.02000073986
3.942041628e-06
0.02000065096
4.04926156e-06
0.02000057284
4.14287278e-06
0.02000050407
4.225596478e-06
0.02000044263
4.291447675e-06
4.38110195e-06
0.02124596764
6.171807725e-05
0.02124582731
9.33521885e-06
0.0212326188
-4.16282029e-05
0.0212074212
-9.016896907e-05
0.02117435749
-0.0001339332886
0.02114375951
-0.0001662060268
0.02109087795
-0.0001803884114
0.02102808759
-0.0002042092698
0.02096996727
-0.0002570810476
0.02090537556
-0.0002682738586
0.02083944054
-0.0002999564197
0.0207739478
-0.0003124514072
0.02070967843
-0.0003126148235
0.02064748866
-0.0003070737047
0.02058807294
-0.0002976535146
0.02053194188
-0.0002853316513
0.0204794314
-0.0002709269206
0.0204307234
-0.0002551348124
0.02038587337
-0.0002385374803
0.02034483706
-0.0002216122109
0.0203074944
-0.0002047421777
0.02027367173
-0.0001882268335
0.02024316005
-0.0001722937534
0.02021588404
-0.0001571077154
0.02019242384
-0.0001427793063
0.02018518369
-0.0001280900791
0.02022374517
-0.0001009635944
0.02027937714
-3.162129564e-05
0.02020899446
5.139487985e-05
0.02012848343
5.816587052e-06
0.02009671604
-5.215998025e-05
0.0200838548
-6.367938381e-05
0.0200740209
-5.844445918e-05
0.02006531317
-5.213578893e-05
0.02005760651
-4.646216896e-05
0.02005078899
-4.13711173e-05
0.02004476068
-3.681149574e-05
0.02003943234
-3.273438547e-05
0.02003472465
-2.909396497e-05
0.0200310172
-2.481552737e-05
0.02002733261
-1.752860098e-05
0.02002408051
-1.498650911e-05
0.02002121038
-1.272560568e-05
0.02001867787
-1.071657584e-05
0.0200164434
-8.933031075e-06
0.02001447232
-7.350627428e-06
0.02001273425
-5.947684951e-06
0.02001120207
-4.704053127e-06
0.02000985185
-3.601883675e-06
0.02000866233
-2.625262604e-06
0.02000761488
-1.76019023e-06
0.02000669255
-9.938098824e-07
0.02000588078
-3.155314454e-07
0.02000516631
2.851966629e-07
0.02000453772
8.166899465e-07
0.02000398503
1.286979895e-06
0.02000349922
1.703021679e-06
0.02000307226
2.071287065e-06
0.02000269721
2.396845766e-06
0.02000236795
2.684833593e-06
0.0200020789
2.939425038e-06
0.0200018252
3.164601035e-06
0.02000160284
3.363403173e-06
0.02000140773
3.539182262e-06
0.0200012366
3.694241373e-06
0.02000108665
3.8309735e-06
0.02000095504
3.951598004e-06
0.02000083951
4.057578991e-06
0.02000073796
4.150812293e-06
0.0200006486
4.23223966e-06
0.0200005698
4.304395867e-06
0.02000049931
4.361942615e-06
4.439810333e-06
0.02119390367
4.883603659e-05
0.02119473672
8.502179188e-06
0.02118388609
-3.077756639e-05
0.02116198901
-6.82718855e-05
0.02113066811
-0.0001026123958
0.02109410102
-0.0001296389374
0.02105019751
-0.0001364848963
0.02100268756
-0.0001566993168
0.02095054193
-0.0002049354103
0.0208965428
-0.0002142747187
0.02083784538
-0.0002412590012
0.02077748957
-0.0002520955959
0.02071732778
-0.0002524530475
0.02065838039
-0.0002481263171
0.02060142882
-0.0002407019559
0.02054707245
-0.000230975281
0.02049573542
-0.0002195898932
0.02044768698
-0.0002070863645
0.02040306643
-0.0001939169261
0.02036190823
-0.0001804540106
0.0203241655
-0.0001669994432
0.02028973045
-0.0001537917915
0.02025845147
-0.000141014774
0.02023014768
-0.0001288039294
0.02020462179
-0.0001172534083
0.02018295298
-0.0001064212732
0.02017704641
-9.505702188e-05
0.02021651387
-7.108875285e-05
0.02027272389
-4.815141542e-06
0.02020323615
7.530433624e-05
0.02012368959
2.738657574e-05
0.02009265403
-3.264382244e-05
0.02008037074
-4.616116463e-05
0.02007102448
-4.278953001e-05
0.02006273298
-3.8170661e-05
0.02005538187
-3.402000353e-05
0.0200488687
-3.029833085e-05
0.02004310141
-2.696709312e-05
0.02003799735
-2.39899003e-05
0.02003385291
-2.067108413e-05
0.02002985319
-1.352888025e-05
0.02002631844
-1.145175879e-05
0.02002319587
-9.603029593e-06
0.02002043829
-7.958991614e-06
0.02001800322
-6.49795675e-06
0.02001585371
-5.201123461e-06
0.02001395655
-4.050516411e-06
0.02001228295
-3.030460428e-06
0.0200108072
-2.126133083e-06
0.02000950639
-1.324455304e-06
0.02000836019
-6.139948706e-07
0.02000735059
1.57796303e-08
0.0200064613
5.737597673e-07
0.02000567852
1.067973221e-06
0.0200049896
1.505614124e-06
0.02000438338
1.893199685e-06
0.02000385017
2.236230101e-06
0.02000338152
2.539941289e-06
0.02000296967
2.80870142e-06
0.02000260784
3.04666477e-06
0.02000229004
3.257225668e-06
0.02000201108
3.44357469e-06
0.02000176614
3.608343575e-06
0.02000155138
3.75394575e-06
0.02000136292
3.882710669e-06
0.02000119739
3.996514548e-06
0.02000105218
4.096809966e-06
0.02000092463
4.185140615e-06
0.02000081243
4.263013003e-06
0.02000071351
4.331161454e-06
0.02000062631
4.391598034e-06
0.02000054815
4.440112367e-06
4.505141493e-06
0.02115379702
3.632913165e-05
0.02115535201
6.947198538e-06
0.02114625744
-2.168300039e-05
0.02112702571
-4.904015055e-05
0.02109860867
-7.419535384e-05
0.02106357402
-9.46042865e-05
0.02102865951
-0.000101570383
0.02098684162
-0.0001148814188
0.02093986141
-0.0001579552001
0.02089182954
-0.0001662428423
0.02083783846
-0.0001872679209
0.02078124823
-0.0001955053775
0.02072409114
-0.000195295958
0.02066750484
-0.0001915400264
0.02061235648
-0.0001855535908
0.02055931115
-0.0001779299567
0.02050885088
-0.0001691296144
0.02046130163
-0.0001595371185
0.02041685821
-0.0001494735007
0.02037560997
-0.0001392057753
0.02033756205
-0.0001289515169
0.02030265533
-0.0001188850798
0.02027078225
-0.0001091416865
0.02024180062
-9.98223019e-05
0.02021554475
-9.099753758e-05
0.02019183546
-8.271198381e-05
0.02017176732
-7.49888803e-05
0.02016723418
-6.655561009e-05
0.02020775592
-4.533687944e-05
0.02026472307
1.833718202e-05
0.02019612672
9.59829329e-05
0.02011752787
4.595503173e-05
0.02008728893
-1.592222579e-05
0.02007589579
-3.139638526e-05
0.02006691381
-2.918868153e-05
0.02005913186
-2.623804229e-05
0.0200522265
-2.339297242e-05
0.02004610329
-2.084388495e-05
0.02004067727
-1.856388087e-05
0.0200361612
-1.615500663e-05
0.02003190571
-9.273396327e-06
0.02002814169
-7.687730004e-06
0.02002481382
-6.275156326e-06
0.02002187288
-5.018053165e-06
0.02001927464
-3.899711868e-06
0.02001697978
-2.906259005e-06
0.02001495336
-2.024096897e-06
0.02001316461
-1.241715502e-06
0.02001158638
-5.479098285e-07
0.02001019468
6.723880429e-08
0.02000896785
6.12838323e-07
0.02000788678
1.096843626e-06
0.02000693456
1.52597123e-06
0.02000609589
1.906649347e-06
0.02000535752
2.243976516e-06
0.02000470777
2.542955523e-06
0.0200041361
2.807898385e-06
0.0200036334
3.042648275e-06
0.02000319129
3.25081517e-06
0.02000280294
3.435016146e-06
0.02000246176
3.598416603e-06
0.02000216216
3.743172261e-06
0.02000189915
3.871365569e-06
0.02000166816
3.984936564e-06
0.02000146537
4.085509113e-06
0.02000128748
4.174414543e-06
0.02000113128
4.2530136e-06
0.02000099382
4.322607809e-06
0.02000087294
4.383893876e-06
0.02000076642
4.437684995e-06
0.02000067229
4.48573977e-06
0.02000058806
4.524344596e-06
4.575790836e-06
0.02112457308
2.407890511e-05
0.02112663074
4.889524709e-06
0.02111876884
-1.382109438e-05
0.02110144408
-3.171538983e-05
0.02107556113
-4.831239835e-05
0.02104369297
-6.2736118e-05
0.02101318624
-7.106364945e-05
0.02097776529
-7.946046858e-05
0.020935552
-0.0001157419187
0.02089127038
-0.0001219612219
0.02084020622
-0.0001362037691
0.02078588984
-0.0001411890009
0.02073051866
-0.0001399247766
0.02067534751
-0.000136368876
0.02062129518
-0.00013150126
0.02056905272
-0.000125687488
0.02051912595
-0.0001192028429
0.02047186682
-0.0001122779898
0.02042750054
-0.0001051072232
0.02038614881
-9.785404859e-05
0.02034784987
-9.065257129e-05
0.02031257594
-8.361115383e-05
0.0202802487
-7.681444174e-05
0.02025075135
-7.032495022e-05
0.02022394061
-6.418680402e-05
0.02019965539
-5.842676544e-05
0.02017772545
-5.305893905e-05
0.0201592556
-4.808575813e-05
0.02015614005
-4.222133284e-05
0.02019785606
-2.337882474e-05
0.02025574395
3.80950428e-05
0.02018803893
0.0001136600643
0.0201109691
6.114760092e-05
0.02008592247
-6.349742168e-06
0.02007081076
-1.407696771e-05
0.02006200102
-1.742830033e-05
0.02005479792
-1.61898788e-05
0.02004840417
-1.445013463e-05
0.02004273318
-1.289289123e-05
0.02003791366
-1.133548251e-05
0.02003346444
-4.824175323e-06
0.02002952599
-3.749269143e-06
0.02002604211
-2.791275196e-06
0.02002296156
-1.937499142e-06
0.0200202391
-1.177252219e-06
0.02001783367
-5.008269399e-07
0.02001570919
1.003826732e-07
0.02001383316
6.343054929e-07
0.0200121774
1.107852316e-06
0.02001071664
1.527985662e-06
0.02000942854
1.900935926e-06
0.02000829332
2.232061985e-06
0.02000729298
2.526310257e-06
0.02000641188
2.787743214e-06
0.02000563604
3.019822336e-06
0.02000495308
3.225919706e-06
0.02000435207
3.408903987e-06
0.02000382347
3.571257835e-06
0.0200033588
3.715484101e-06
0.0200029502
3.843622767e-06
0.02000259125
3.957373903e-06
0.020002276
4.058425532e-06
0.02000199919
4.148179889e-06
0.02000175616
4.227975955e-06
0.02000154277
4.298907911e-06
0.02000135545
4.361740346e-06
0.02000119074
4.417723161e-06
0.02000104606
4.467299054e-06
0.02000091872
4.5112395e-06
0.02000080628
4.550126602e-06
0.02000070718
4.584840163e-06
0.02000061821
4.613320759e-06
4.650155737e-06
0.02110547751
1.19925561e-05
0.0211078502
2.516813671e-06
0.02110076215
-6.733042073e-06
0.0210846253
-1.557853498e-05
0.02106011226
-2.379935816e-05
0.02102844127
-3.10651203e-05
0.02099314105
-3.57634329e-05
0.02097108288
-5.740230512e-05
0.02093859411
-8.325315652e-05
0.02089612147
-7.948858767e-05
0.02084557497
-8.565726634e-05
0.02079175456
-8.736859768e-05
0.02073687448
-8.50446849e-05
0.0206821609
-8.165529172e-05
0.0206284965
-7.783685674e-05
0.02057654347
-7.373446161e-05
0.02052679228
-6.945164738e-05
0.02047959256
-6.507826998e-05
0.02043517636
-6.069102675e-05
0.02039367764
-5.635533498e-05
0.02035515021
-5.212513712e-05
0.02031958276
-4.804370268e-05
0.02028691242
-4.414410459e-05
0.02025703771
-4.045023655e-05
0.02022982779
-3.697688735e-05
0.02020513323
-3.373220692e-05
0.02018279271
-3.071841844e-05
0.0201626398
-2.793284428e-05
0.02014578803
-2.536956558e-05
0.02014414499
-2.17357791e-05
0.02018716837
-4.928339791e-06
0.02024646423
5.436421826e-05
0.02018712543
0.0001204864014
0.02013862065
4.215504451e-05
0.02008445179
4.009188915e-05
0.02006475801
2.265481485e-06
0.02005655414
-7.986001513e-06
0.02004997672
-7.872720856e-06
0.02004413954
-7.055706304e-06
0.02003908686
-6.282801642e-06
0.02003450783
-2.451386464e-07
0.02003045264
3.059223246e-07
0.02002686357
7.9779937e-07
0.02002368906
1.237012448e-06
0.02002088264
1.629165103e-06
0.02001840284
1.978972595e-06
0.02001621242
2.290809252e-06
0.02001427824
2.568478909e-06
0.02001257086
2.815229017e-06
0.02001106423
3.034611824e-06
0.02000973536
3.229798014e-06
0.02000856367
3.403749987e-06
0.02000753124
3.558733753e-06
0.02000662168
3.69730315e-06
0.02000582061
3.820898266e-06
0.02000511548
3.931051917e-06
0.02000449492
4.029459771e-06
0.02000394898
4.117201545e-06
0.02000346903
4.195436161e-06
0.02000304717
4.265495839e-06
0.02000267646
4.32808931e-06
0.02000235087
4.384014358e-06
0.02000206488
4.434173337e-06
0.02000181388
4.478986209e-06
0.02000159349
4.519300874e-06
0.02000139984
4.555400774e-06
0.02000122986
4.587711957e-06
0.02000108046
4.616707138e-06
0.02000094888
4.642821634e-06
0.02000083291
4.666101382e-06
0.02000073043
4.687323313e-06
0.02000063859
4.705157674e-06
4.72704041e-06
0.02109600735
0.02109852417
0.02109179113
0.0210762126
0.02105241324
0.02102134812
0.02098558468
0.02092818237
0.02084492921
0.02076544062
0.02067978336
0.02059241476
0.02050737008
0.02042571479
0.02034787794
0.02027414347
0.02020469182
0.02013961355
0.02007892253
0.02002256719
0.01997044206
0.01992239836
0.01987825425
0.01983780401
0.01980082713
0.01976709492
0.0197363765
0.01970844365
0.01968307409
0.01966133831
0.01965640998
0.0197107742
0.0198312606
0.01987341565
0.01991350754
0.01991577302
0.01990778702
0.0198999143
0.01989285859
0.01988657579
0.01988633065
0.01988663658
0.01988743438
0.01988867139
0.01989030056
0.01989227953
0.01989457034
0.01989713881
0.01989995404
0.01990298865
0.01990621845
0.01990962219
0.01991318093
0.01991687823
0.01992069913
0.01992463018
0.01992865964
0.01993277685
0.01993697229
0.01994123779
0.01994556588
0.01994994989
0.01995438407
0.01995886306
0.01996338237
0.01996793777
0.01997252548
0.01997714219
0.01998178502
0.01998645112
0.01999113844
0.0199958436
-1.111640558e-07
7.326394465e-05
9.409683055e-05
0.0002692367465
-0.0001244966776
1.940313385e-08
-0.000236217809
9.145833675e-05
-0.0001671790819
-1.076778701e-07
7.327118188e-05
9.409372925e-05
0.0002691842734
-0.0001244416922
6.937598784e-09
-0.0002361531721
9.14036531e-05
1.329815014e-07
7.708532764e-05
0.0002783624814
0.0001963036334
8.489649421e-05
-1.075585546e-07
-0.000241280884
-3.981168526e-05
-8.634665081e-05
1.389677502e-07
7.707572742e-05
0.0002783162271
0.0001962110435
8.491411477e-05
-6.159518019e-08
-0.0002412012915
-3.98622718e-05
0.0004318189661
6.858927507e-05
-7.714993846e-07
7.075346995e-09
-0.000242545878
-0.0001635509691
-0.0002759028606
0.0002132815125
-0.0001788041483
0.0002418929004
-4.674030136e-07
-1.391953345e-07
9.56551506e-05
-0.0002626101356
-0.0004995599396
-7.678474271e-07
0.0004318412285
6.855748187e-05
0.0002816007507
-2.638382563e-08
-0.0002425433285
-0.0001634727321
-0.0002759390943
0.0002132236614
-4.695163013e-07
-0.0001788315354
0.0002420164856
-0.0001710826132
1.446240821e-07
0.0001530256313
-2.483939541e-09
-4.357050877e-05
4.81724386e-07
0.000170717141
-0.0001043528042
-6.429799015e-05
-0.0001037002784
-8.841133577e-10
-6.466387363e-05
0.0001536083334
-4.323152824e-05
-1.077157292e-07
-0.0001105513999
0.0001322012428
0.0007426103995
1.377806846e-06
-2.660680384e-05
-0.0007173692016
-1.219131722e-08
0.0001746212592
-7.28688152e-08
-0.0001105610875
0.0001322237388
0.0007426278634
1.252276158e-06
1.026231944e-08
-2.656417365e-05
-0.0007173262185
-6.59410199e-05
-7.597842627e-05
8.187641213e-08
0.000136126162
1.472738183e-09
5.709935037e-06
7.37285163e-05
9.384072199e-05
1.016970576e-09
-0.0001676074743
-8.500150955e-08
6.614440447e-05
7.255637368e-06
-1.317818067e-07
7.572304691e-05
0.0001777596125
-0.000159254045
8.302699405e-10
7.752676032e-06
0.0001773670245
1.948298342e-09
-0.0001596384612
0.000136717198
5.232126251e-06
-4.88940566e-07
-0.0001027062927
-0.0001039487689
4.94547807e-10
-8.942069962e-05
0.0002239999449
-4.218055242e-07
1.724382519e-09
1.966999803e-06
-0.0002359567941
9.201034029e-05
1.816730414e-09
0.0002687257819
-0.0001247617351
7.596122523e-08
8.892434198e-05
-0.0001474584983
-2.335093431e-07
-0.0002236121215
0.0002125976752
1.535568441e-09
-0.0001479360334
1.243518119e-09
0.0002118267754
1.607621436e-06
-6.594369311e-05
-7.597527386e-05
8.234060031e-08
0.0001361285498
5.709549879e-06
7.372783849e-05
9.384279355e-05
-0.0001676015698
-8.406508918e-08
6.615183541e-05
7.256076732e-06
-1.283066672e-07
7.572043238e-05
0.0001777496534
-0.0001592480459
7.752464465e-06
0.0001773718752
-0.0001596307168
0.0001367227058
5.231913326e-06
-4.907329992e-07
-0.0001027128334
0.000104362664
-0.0001039465909
0.0001036980775
-8.941712627e-05
0.0002240025848
-4.21632288e-07
1.966454989e-06
-0.0002359551312
9.199624938e-05
0.0002687126068
-0.0001247449642
8.065482237e-08
8.891986e-05
-0.000147404033
-2.311598901e-07
-0.0002236140306
0.0002125360052
-0.0001479181966
0.0002118223285
1.606911503e-06
-3.997849133e-07
-1.118275674e-09
-2.864691406e-05
-2.847562302e-05
-0.0001710801366
1.411707444e-07
0.0001530219881
-4.357772044e-05
4.848643998e-07
0.0001707113514
-6.428548957e-05
-6.466242794e-05
0.0001535969624
-4.324950519e-05
-4.055681241e-07
-2.865406892e-05
-2.849848941e-05
9.546116207e-05
-0.0002631341335
1.892920812e-09
-1.295010953e-07
-0.0002437903245
0.0001803156754
-0.0002442471181
0.0001799376572
2.66110236e-09
-8.952056708e-05
2.15732679e-07
-0.0003242538625
0.0001693073849
4.190235184e-09
-2.376909811e-07
8.967374587e-05
-0.0003519728872
-0.0003528199657
2.763803009e-09
-0.0003234766053
0.0001695757485
0.0005970618426
1.543800638e-06
-3.378813033e-06
-0.0001425871057
-9.292795428e-07
-0.000305035097
3.22432955e-05
-0.0003573800515
-1.284278182e-05
0.0003401260576
-2.146520129e-06
-1.705924475e-06
5.336236426e-05
-0.0005511624371
-0.0005951486474
-3.393260101e-06
0.0005970392762
1.517648058e-06
0.0001724725486
-9.001002462e-07
-0.0001425605746
-0.0003049509767
3.226446064e-05
-0.0003574244111
-2.157747118e-06
-1.283989119e-05
0.0003401575887
0.0001324243297
-8.586813231e-08
0.0002267526405
-1.683142728e-08
-0.0002555325857
0.0001331424911
0.0002577585737
0.000162119397
-0.0002002238739
-0.0002192200971
-4.339983804e-07
7.7052934e-08
0.0002950940568
-9.991701513e-05
-0.0001458660746
-1.405395581e-07
0.000132695745
0.000226534521
0.0002074274157
-3.407615998e-08
-0.0002556111116
0.0001331318846
0.0002577596114
0.0001620802875
-4.186301462e-07
-0.0002001735027
-0.0002192477649
0.0001390415513
6.155994848e-06
3.069328353e-07
-0.0001516795708
0.0002866844849
-1.1471832e-06
-5.108817853e-09
0.001141418151
-3.526640844e-05
-5.146735038e-05
-1.380590352e-05
-9.384612898e-06
-5.437332385e-05
-0.0001909118647
-0.0002982315519
-0.0002943032699
-0.0001936687501
-2.75906234e-07
-0.0001546992326
0.0001815816107
-0.0001131993527
3.043071567e-07
0.0001390024836
6.157021982e-06
0.0001238523593
-1.129965562e-06
-0.0001517059911
0.0002867432067
0.001141346316
-3.521563058e-05
-5.146510267e-05
-1.377834778e-05
-9.38301818e-06
-5.438437878e-05
-0.0001909088791
-0.0002982926747
-0.0002942717795
-0.0001936516051
-0.0003394056555
0.0001086239629
-8.723727363e-08
-2.501611005e-05
-1.051793721e-09
0.0007763212947
-4.829341782e-05
0.000894400282
1.952985016e-05
-0.0008645151044
-1.121606012e-06
-1.421949124e-07
0.0001454925073
0.0002366983489
0.0003930857439
-1.112816207e-07
-0.0003395074922
0.000108613316
-8.646310337e-06
-1.759368992e-08
-2.504315798e-05
0.0007763349091
-4.83187477e-05
0.0008945975475
-1.142810229e-06
1.939819167e-05
-0.0008645341774
-0.001019572031
7.209766242e-08
-2.132432765e-05
0.00162474644
-5.544392692e-06
1.739693311e-05
-0.001637682181
1.083202615e-06
0.001042052232
8.851755582e-08
-0.001019651566
-2.123689771e-05
0.001624684271
-5.285244244e-06
1.053878538e-06
1.738103459e-05
-0.001637833938
-0.001114691317
-0.0001014597599
8.537684159e-08
4.58501593e-05
0.001616203546
8.164886206e-07
1.394814523e-08
0.00628204021
-0.0003412568067
7.86104255e-05
0.0001015336444
0.0001050718739
7.455174527e-05
-0.001539254344
-0.001606955122
-0.001616120781
-0.001538234798
2.008257707e-07
0.001055386064
-2.21809717e-05
0.001167795688
8.053071005e-08
-0.001114762444
-0.000101432534
-3.815739127e-05
8.134377918e-07
4.578960282e-05
0.001616238636
0.006282562334
-0.00034165187
7.861762028e-05
0.0001014953718
0.0001050440945
7.457566696e-05
-0.001539269736
-0.001606954795
-0.00161614319
-0.001538261556
-0.0002250369063
-4.298167306e-05
-3.593163502e-08
0.0002244872201
-3.222390507e-09
7.743744045e-05
0.0002781962745
-7.457319126e-11
-8.677487937e-05
4.36874714e-07
0.0002249481416
-5.400284227e-08
4.300742485e-05
0.0002696545572
-3.424549595e-05
3.180435044e-10
0.0002694930283
-4.757673861e-09
-3.432766802e-05
0.0002246881077
-7.978713096e-06
0.0002039037091
-8.341487566e-08
-1.275168968e-09
-0.0002411628307
-4.003824168e-05
-5.614852546e-09
0.0001964463378
8.465278668e-05
1.517825937e-08
7.82826096e-06
2.053023175e-05
-8.060386958e-08
-0.0002039573202
0.0001617280895
-1.022929424e-09
2.036767461e-05
-2.696041663e-09
0.0001613379314
-0.0002250210802
-4.299849985e-05
-4.194068593e-08
0.0002244805848
7.743161272e-05
0.000278170796
-8.675091872e-05
4.292507828e-07
0.0002248969946
-2.849012005e-08
4.306667917e-05
0.0002695704575
-3.429242382e-05
0.0002694968241
-3.435778782e-05
0.0002246722211
-7.983821706e-06
0.0002039014126
-9.235666969e-08
-0.0002411472131
-3.999789657e-05
0.0001963777092
8.470017778e-05
1.48161045e-08
7.829901654e-06
2.052444391e-05
-4.842620239e-08
-0.0002039112725
0.0001615567415
2.037957091e-05
0.0001613763343
-8.022659894e-05
-0.0003965336198
3.574164938e-07
0.0001521435691
5.367407196e-09
-4.025965964e-07
8.032108952e-05
-6.812834498e-07
0.000395126008
0.0001298410309
-0.0004556964767
0.0004333797256
6.852619452e-05
2.74582778e-09
-0.0005026191369
3.885079565e-09
0.0001296478061
3.853929266e-09
-0.000458340371
0.0001523279154
-0.0002420731217
-0.0001640310245
1.893293429e-09
0.0002813475946
-1.616260873e-08
-0.0002096725348
-0.0002100896605
1.996250491e-09
0.0002298323602
1.149308408e-07
-0.0002707336532
4.080419348e-09
-1.243828608e-07
-0.000230171972
-0.0002039505717
0.000270695963
-0.0002045441123
2.665928671e-09
0.0002702184038
-0.0002701538176
-0.0003266737508
0.0002078396502
2.383858226e-07
5.637616261e-09
-4.400086514e-07
0.0003257528632
-0.0003742759803
-2.628055729e-07
-0.0002081653392
0.0002463704696
-0.0001787329703
0.0002427870817
3.362685697e-09
-0.000277436292
0.0002129113973
5.637119015e-09
-0.000376204568
2.585396209e-09
0.0002458172175
9.547170266e-05
-0.0002631307564
-1.263645265e-07
-0.0002437648766
0.0001802983496
-0.0002442325049
0.000179949787
-8.953301945e-05
2.185387387e-07
-0.000324250614
0.0001693367693
-2.4030559e-07
8.970069781e-05
-0.0003519810443
-0.000352820086
-0.0003234655981
0.0001696199575
-8.023965841e-05
-0.0003965377921
3.648736689e-07
0.0001521673378
0.0004333828193
6.85153486e-05
-0.0005025983053
-4.064522194e-07
8.035459156e-05
-6.854861761e-07
0.0003951399503
0.0001297819333
-0.0004556789146
0.0001296261133
-0.0004583301814
0.0001523938217
-0.0002420992603
-0.0001639973112
0.000281327116
-1.823208078e-08
-0.000209630785
-0.0002100839049
0.0002298486638
1.352633793e-07
-0.000270726971
-1.853122718e-07
-0.0002302678659
-0.0002038766939
0.0002708571383
-0.0002044928292
0.000270161528
-0.0002701434317
-0.0003266919177
0.0002078772822
2.606414853e-07
-0.0001787452773
0.0002427911707
-0.0002774253463
0.0002129132854
-4.622597753e-07
0.0003257956242
-0.0003743829731
-3.426382851e-07
-0.0002083066444
0.0002467890688
-0.0003762677079
0.0002458355662
-0.0001105304201
0.0001322312868
-3.895555651e-09
0.0001746416416
5.427710045e-08
0.0001082390021
0.000108173221
2.991061665e-09
0.0002345620642
5.12873734e-08
5.915998546e-05
-1.443727857e-09
-3.133530804e-08
-0.0002346689539
7.215257093e-05
0.0002947489521
7.203865451e-05
9.504175463e-10
0.0002947224188
5.917004737e-05
0.000437735965
2.38722942e-05
-6.098458213e-09
-5.361286454e-10
-1.027170649e-09
-0.0004377500109
0.0004832968107
2.973081631e-08
-2.358684588e-05
-4.494474146e-06
-2.653345733e-05
-0.0007176324972
-6.925158066e-09
0.0007424225041
1.738184894e-06
-4.533747257e-11
0.0004832401801
3.76291021e-10
-4.487337579e-06
-0.0001105404175
0.0001322965794
0.0001745447673
7.318808034e-09
0.0001082144581
0.000108181185
0.0002345634887
6.415082672e-08
5.915014354e-05
-5.56857708e-08
-0.000234685888
7.21328762e-05
0.0002948324322
7.20634298e-05
0.0002947418865
5.914571149e-05
0.0004377447994
2.386200988e-05
-2.143758306e-09
-2.650913173e-05
-0.0007175675654
0.0007424735712
1.606482731e-06
-1.672483819e-08
-0.0004377808992
0.0004833663271
2.533886058e-08
-2.356269794e-05
-4.443331316e-06
0.0004832823369
-4.424116215e-06
-1.498023116e-06
-0.0005006913139
9.986441841e-05
5.370251842e-05
-0.0005579842659
6.065676554e-10
-0.0005064138796
0.0001002772726
7.373519702e-10
-3.951001032e-05
4.077010896e-06
-0.0005469500414
7.596652163e-05
2.642606223e-09
-4.632173303e-06
3.868266628e-05
-0.0005852028061
-0.0006020921634
9.45603557e-10
-0.0005322989024
7.436727256e-05
-0.0003847618069
8.764029719e-09
-0.001560590838
1.950522689e-08
0.0004432704117
0.0003760821839
0.0004661203945
1.624825901e-08
-0.0005260682422
-0.002226415856
-0.0001587609388
0.0006344823126
0.0005592544879
0.0005962804007
-0.0003847520724
-0.00156063299
-0.0002409324206
0.0003761212479
0.0004432111204
0.0004660672024
-0.0005260076795
0.0002949862458
-0.0001003420943
1.964291367e-09
-9.901928392e-09
-2.663971045e-05
0.0002875856072
-2.688278848e-05
0.0002875346451
-3.191166137e-09
5.331693718e-08
0.0002869876261
-0.0001163508235
0.0002866326854
-0.0001167087122
5.644117049e-09
-1.058041366e-07
-2.044813593e-05
0.0002803118821
-8.048682121e-09
-2.011271878e-05
0.0002803548174
-0.0001558981371
0.0001815642456
-0.0001725435647
0.0001466274163
7.268727947e-09
-0.0001273929936
1.055758816e-05
7.205575953e-07
-1.222403039e-05
0.0001283456094
-6.728266193e-09
-6.256463734e-07
0.0001266528932
-0.0001238708999
-0.0001568110751
-5.769049489e-07
-9.536499374e-06
1.161278155e-05
0.0001802371218
-0.0001248853674
-0.0001590303437
-1.071719001e-09
1.238650827e-05
0.0001791638936
-5.481497735e-09
-1.119675459e-05
0.0001290336952
-0.0009263142253
-1.289805006e-09
0.001373180539
1.54035678e-07
1.159493213e-07
-3.261256345e-05
-0.0004622021375
0.00011688068
1.056434908e-05
1.328314084e-05
-0.0009262884266
0.001372356636
0.0001453584089
0.000236688791
-0.0002075999706
-4.437198934e-09
-1.516518044e-07
0.0003599296659
8.051480274e-05
0.0003594969076
8.043299744e-05
-7.209425835e-10
-0.0001554656998
1.970129839e-07
0.0004284268204
8.634135222e-05
-2.588103031e-09
-5.219692767e-08
0.0001549866969
-0.0002067876894
0.0002885730471
-0.0002069694564
0.0002881422714
-1.928962919e-09
0.000428516859
8.659652311e-05
-0.0004915099554
-5.093955478e-08
-0.0005143663901
-0.0005118977397
-0.0006206772281
-0.0006231923563
0.003628683548
-5.864886692e-08
-0.0007592573936
-0.0008906791502
-0.0007578773179
-1.865296261e-05
-1.615050676e-05
2.1747997e-05
1.875361602e-05
-8.970435988e-08
-0.0006859523494
-8.626751774e-07
0.0004497495434
6.805122167e-05
-0.0004914647957
-0.0005144624837
-0.0005118906702
-0.0006207076938
-0.0006232603208
0.003629145717
-0.0003327903407
-0.0008907847905
-0.0007591058724
-0.0007576507309
-1.871354283e-05
-1.619871153e-05
2.179412107e-05
1.884303697e-05
-0.0006858111726
0.001055683379
-2.131629946e-05
8.392389739e-06
-0.001042572793
-2.772535318e-11
4.344071476e-05
-0.001322105453
-1.747675351e-06
0.001322439623
-4.203189153e-05
4.684822106e-09
4.757933811e-07
-4.522497599e-05
2.214690272e-05
0.001077987264
3.274909774e-07
0.001319596404
-0.001304639714
-3.734744856e-05
2.147990571e-05
0.001078112932
7.05654819e-09
-0.00130506169
-3.80313689e-05
-1.217593856e-09
0.001313640387
-4.101664103e-05
-0.0008696695692
-3.777392075e-08
0.006290568903
-2.664422811e-08
-6.048367665e-08
0.005251128759
-0.000600283494
-0.001168850315
-0.001315147694
-0.001331811113
-0.0008689401506
0.006290269074
5.659248824e-05
-3.223916879e-08
-4.744160699e-05
8.474506296e-06
-4.61875862e-05
-5.702813045e-08
0.006796119481
5.700161495e-05
0.006902470184
8.261944394e-06
-4.715826909e-05
-4.584535991e-05
0.006796250022
-0.0002798863754
4.158657148e-08
0.006788525369
2.685387273e-08
-3.356913599e-08
0.006798699666
-8.809756824e-05
4.115907201e-05
5.512563374e-05
5.749132024e-05
-0.0002800460899
0.006789064751
-2.127205054e-05
-0.0005800895727
7.992039261e-06
4.641714648e-05
2.400649714e-09
-8.962986477e-06
2.084748497e-05
-3.067744885e-06
0.0005485252789
1.525651574e-05
0.0006323026644
-1.121624828e-06
-1.443600104e-09
6.539411966e-10
1.189607349e-05
8.903621305e-09
4.506590051e-05
-9.980414828e-07
-0.0004160006246
-0.000143014471
-0.000307897521
2.851735818e-09
-0.000419943817
4.011097711e-09
0.0001032324533
2.758950123e-06
-0.0004499702541
1.557093532e-09
-2.123813905e-06
-0.0001018262967
-0.0003249558885
-0.0003316714576
-2.792139684e-09
-0.0004407006894
-0.0004669758942
5.800778111e-05
5.414120187e-06
8.896209058e-10
-1.035109119e-06
0.0004467192594
-4.272689725e-06
-5.649858122e-05
7.594144425e-05
-1.000312427e-05
0.0003547304648
3.069903658e-09
2.920525322e-05
2.333539531e-09
1.26263047e-09
7.679282703e-05
5.372275764e-05
-0.0005579757494
-1.505445969e-06
-0.0005007487705
9.993767287e-05
-0.0005064622801
0.0001003501424
-3.950972517e-05
4.090763981e-06
-0.0005469525621
7.591189443e-05
-4.635056514e-06
3.869545745e-05
-0.0005851851476
-0.0006020835249
-0.0005323147784
7.435222527e-05
-2.127307245e-05
-0.0005800978139
7.996237329e-06
4.642449845e-05
0.0006322980774
-1.195224792e-06
-8.967564559e-06
2.084775865e-05
-3.066904463e-06
0.0005485487646
1.529027728e-05
1.192935699e-05
4.507797425e-05
-0.0001429965514
-0.0003078633967
0.0001725373672
-1.002679157e-06
-0.0004160031929
-0.0004199127789
0.0001032205495
2.751201533e-06
-0.0004499710751
-2.103340124e-06
-0.0001017892006
-0.0003249383137
0.0001238798747
-0.0003316841709
0.0001249352008
-0.0004406889583
-0.0004669674336
5.800634297e-05
5.415398894e-06
-9.993170298e-06
0.0003547504313
2.920930623e-05
-1.038295088e-06
0.0004466997932
-4.284089363e-06
-5.650420625e-05
7.600756992e-05
7.678976939e-05
-3.099270882e-08
0.0002624749591
0.0001329517843
0.0002264965858
4.56051358e-09
0.0002620264011
2.894256198e-09
-1.562593829e-05
-8.346675322e-09
0.000257234729
-2.218384275e-08
-1.778291059e-07
1.495222386e-05
0.0002235910152
0.0002230878281
-8.49516102e-09
0.0002573061194
-0.0002556395004
0.000132673736
1.739293818e-09
1.577000804e-08
5.256746909e-05
5.227665335e-05
1.922312094e-09
0.0002510755097
-2.808296282e-08
8.153105997e-05
1.003892204e-08
-2.435647628e-08
-0.000251010317
0.0001773894745
0.00017675356
1.871810563e-09
8.188388438e-05
0.0001075993835
0.000231185614
-2.256046264e-08
3.353463443e-09
2.904040379e-08
-0.000107988949
0.0001313270551
-1.606582861e-07
-0.0002311784942
0.0001895085293
-0.0002003129786
-0.0002182797918
-1.604174336e-09
0.0002562068876
0.0001619534867
5.02351524e-09
0.0001303982453
1.152929754e-09
0.0001894975731
0.00029497136
-0.0001003161543
4.251074548e-08
-2.685357668e-05
0.0002876126901
-2.686111827e-05
0.0002875140018
-4.753568599e-09
0.0002876800292
-0.0001167351581
0.0002865653109
-0.0001167190567
-2.921332975e-07
-2.038131521e-05
0.0002803695798
-2.022501049e-05
0.0002807593233
0.0001329882819
0.0002264562446
-0.0001466672286
-2.154803028e-07
0.0002629651308
0.0002618921954
-1.556860933e-05
-1.322507687e-07
0.0002571895655
-1.499815908e-07
1.474595178e-05
0.0002234602032
-1.152164941e-05
0.0002231104141
-1.23812727e-05
0.0002573538148
-0.0002556512315
0.0001327078052
0.0002076112604
3.217260666e-08
5.249383548e-05
5.227643159e-05
0.0002511048079
-6.036955865e-08
8.161161062e-05
-3.909828937e-08
-0.000251122502
0.0001774233771
0.0002068700988
0.0001767828153
0.0002069925676
8.20702829e-05
0.0001076522447
0.0002311919361
-3.965225006e-08
-0.000200297836
-0.0002182720135
0.0002561739646
0.0001619756534
-6.479777136e-09
-0.000108180684
0.0001314738603
-1.624041824e-07
-0.0002312037532
0.0001895417681
0.0001304633552
0.0001895414806
-5.909389399e-05
-6.138186572e-06
1.54088525e-06
-1.901852493e-10
-1.949001043e-06
6.0120927e-05
-9.178228545e-07
3.908282708e-06
0.0001432811753
3.146992518e-06
3.552968084e-09
7.530382688e-10
2.001060325e-09
-0.0001572279707
9.520654647e-05
-5.415986447e-07
-3.236640851e-09
-4.213844372e-07
0.0001603059938
-1.488901218e-06
-9.51293444e-05
8.507118036e-05
-0.0001519110988
0.0002842385707
-1.270650691e-09
0.0001227334957
1.680846585e-09
-3.027070241e-09
8.365596203e-05
-0.000155936685
0.000181538175
-0.0001273866213
1.055579507e-05
7.118182483e-07
-1.220509082e-05
0.0001283173621
-6.263398996e-07
0.0001266292711
-0.0001568222853
-5.448159165e-07
-9.511268747e-06
0.0001801160425
-0.0001590155216
0.0001791623975
-1.115097016e-05
0.0001289807801
-5.909278149e-05
-6.119167359e-06
1.541555152e-06
0.0001432566231
3.141219522e-06
-1.938839087e-06
6.012660261e-05
-9.241719433e-07
3.867195947e-06
-0.0001572482363
9.519865573e-05
-5.451629633e-07
-0.0001519364954
0.0002842130453
0.0001227661629
-4.427108478e-07
0.0001603266119
-1.473547701e-06
-9.511062293e-05
8.503470088e-05
8.366335327e-05
-0.000138729316
0.0004805338061
3.282705919e-07
8.629196568e-05
2.09587932e-09
-4.454011084e-08
0.0001387204614
-4.127711952e-07
-0.000481337466
5.785476252e-05
0.0005325194283
-0.0003388643905
0.0001089040478
2.149536612e-09
0.0003918244447
1.585649268e-09
5.72989765e-05
-4.659845045e-10
0.0005317265766
8.622813684e-05
3.206622484e-08
0.0005387634604
-2.510161562e-05
0.0007759119179
3.552199941e-09
0.0005386003058
3.312044059e-09
2.030969291e-05
4.51748661e-08
0.0006045888036
-2.011113211e-09
-1.021505238e-07
-2.005447817e-05
0.0008186248254
0.0008175974682
1.880800182e-09
0.0006053506916
0.0006805439379
9.950914986e-06
3.849541599e-07
9.644666512e-10
5.900356772e-07
-0.0006824627992
-4.435460015e-07
-9.500947097e-06
-3.594577215e-05
1.944638865e-05
-0.0008626728742
-5.689256132e-09
-4.856858442e-05
2.008006014e-09
-9.806274932e-10
-3.556709804e-05
0.0001453440422
0.0002366653504
-1.424396195e-07
0.0003599517044
8.051567981e-05
0.0003594539078
8.048885585e-05
-0.000155454572
1.72384941e-07
0.0004284424805
8.629102869e-05
-3.689721597e-08
0.0001549611073
0.0002886442347
0.0002881645196
0.0004285816671
8.65035191e-05
-0.0001387435386
0.0004805533818
3.307165777e-07
8.630401337e-05
-0.0003389051444
0.000108916396
0.0003918552672
-5.891215834e-08
0.0001387374114
-4.230985157e-07
-0.0004813883834
5.786441837e-05
0.0005325603691
5.725253119e-05
0.0005317936813
8.62614016e-05
-2.512406542e-05
0.0007759462227
-8.362623341e-06
-1.918558691e-09
0.0005388407614
0.0005386485196
2.032446666e-05
4.847974516e-08
0.0006045645824
-1.1362421e-07
-2.008975016e-05
0.0008186313237
-2.209303577e-05
0.0008175899365
-2.143100219e-05
0.000605303023
0.0006805167414
9.963800101e-06
3.889818468e-07
1.930240254e-05
-0.0008626381087
-4.85975914e-05
5.77051508e-07
-0.0006824203038
-4.484780585e-07
-9.533092099e-06
-3.592128914e-05
-3.553383797e-05
5.835272978e-08
-1.643364801e-05
-0.001019652068
-2.1107403e-05
-3.050405248e-09
-1.643185482e-05
8.949113448e-09
0.001297849358
3.371464172e-08
-1.930180616e-06
5.631738303e-09
7.137466745e-08
-0.00129808003
-2.795541349e-05
-2.825262169e-05
4.265953211e-09
-1.73941732e-06
0.001516061647
2.977727284e-05
1.62199174e-07
1.444032816e-09
-3.948370038e-08
-0.001515993634
0.001505474638
1.216115776e-07
-2.944194879e-05
1.807714835e-05
-0.001639524559
3.178430905e-09
0.00163100196
4.420292001e-09
0.001505842269
-8.257397735e-09
-0.00101972118
-2.101287041e-05
0.001042426001
2.162129678e-08
-1.631685286e-05
-1.63433892e-05
0.001297864696
4.703210318e-08
-1.972194678e-06
5.58143042e-08
-0.001298127101
-2.790626932e-05
0.001304740661
-2.820182711e-05
0.001305113765
-1.822735548e-06
0.001516067233
2.97341261e-05
1.667792716e-07
1.810925007e-05
-0.001639730333
0.00163094005
-5.564674843e-08
-0.001516014864
0.001505545296
1.292822637e-07
-2.935660729e-05
0.001505923418
7.151661472e-05
0.001331424001
-1.896145708e-06
5.586445847e-09
-1.24044379e-07
-7.252577369e-05
-1.276671155e-06
-0.001313770205
-0.001113934239
-0.0001034124328
4.222588585e-09
4.169203578e-09
7.427554421e-09
-0.001513819999
-6.727960003e-05
-1.895823824e-07
2.957964545e-09
-2.927665702e-07
0.001514270111
-7.427941493e-07
6.517092059e-05
4.630315859e-05
0.00162664191
5.510840903e-09
1.291393558e-09
5.040190828e-09
0.001055667264
-2.140306881e-05
4.342819091e-05
-0.001322084573
-1.741633212e-06
0.00132243077
-4.202806091e-05
4.631235924e-07
-4.520149753e-05
0.001078031406
3.324657489e-07
0.001319561804
-3.733458309e-05
0.001078134614
-3.804261233e-05
0.001313625348
-4.10066526e-05
7.151006522e-05
0.001331431749
-1.887868296e-06
-0.001113979027
-0.0001033841213
-1.359813154e-07
-7.251634981e-05
-1.288028934e-06
-0.001313796815
-0.001513835563
-6.727191841e-05
-1.873689421e-07
4.625316272e-05
0.001626664888
-2.996920275e-07
0.001514299975
-7.461346918e-07
6.515561289e-05
-2.066351572e-07
2.056441566e-05
-7.299626303e-07
0.0005826659323
0.000446688765
6.703448722e-05
1.372045403e-09
1.824647172e-05
-6.126426106e-09
0.0005818825127
-1.932111175e-09
1.20840121e-06
-8.654174282e-09
0.0004467301923
6.702994732e-05
-2.347956318e-07
2.055655481e-05
-7.472058276e-07
0.000582645247
1.826194363e-05
0.0005818757671
1.215480751e-06
2.242147435e-06
-4.644074776e-06
1.042360691e-07
8.007536248e-06
9.174909301e-11
5.248689966e-07
-2.24647583e-06
7.82011074e-08
3.885499884e-06
4.676240474e-11
-6.197515051e-07
5.816541926e-08
1.086433558e-06
2.191847553e-11
2.722980037e-06
-1.072862891e-07
4.644013522e-06
5.595651732e-07
-8.140262955e-08
2.246791008e-06
-6.013658528e-08
6.202526003e-07
3.005307629e-06
5.780997957e-11
6.793569826e-07
2.993326671e-11
1.434659688e-11
1.971126381e-06
8.009246679e-06
4.089478725e-07
3.887172538e-06
1.087367701e-06
7.689327843e-07
7.999694968e-08
9.65911675e-11
1.815202589e-07
6.315483888e-08
4.944491976e-11
5.096047258e-08
2.348307618e-11
5.536339558e-07
8.330195922e-08
2.241976282e-06
-4.644172732e-06
1.042601906e-07
8.007576833e-06
5.248176746e-07
-2.24652476e-06
7.821116885e-08
3.885516678e-06
-6.197644705e-07
5.816929113e-08
1.086436381e-06
2.723167059e-06
-1.072383061e-07
4.644337758e-06
5.596126615e-07
-8.137762308e-08
2.246960365e-06
-6.012395327e-08
6.203052977e-07
3.005204046e-06
6.793192447e-07
1.971042812e-06
8.009465429e-06
4.089288351e-07
3.887290066e-06
1.08740442e-06
7.687190883e-07
8.003553441e-08
1.814637209e-07
6.317431648e-08
5.096913963e-08
5.53355351e-07
8.324113663e-08
)
;

boundaryField
{
    inlet
    {
        type            calculated;
        value           nonuniform 0();
    }
    outlet
    {
        type            calculated;
        value           nonuniform List<scalar> 
25
(
0.0199994283
0.01999943731
0.01999945519
0.01999948166
0.01999951631
0.01999955859
0.01999960782
0.01999966324
0.01999972396
0.01999978903
0.01999985741
0.01999992803
0.01999999978
0.02000007151
0.0200001421
0.02000021044
0.02000027544
0.0200003361
0.02000039144
0.0200004406
0.02000048281
0.02000051741
0.02000054384
0.02000056171
0.02000057064
)
;
    }
    topAndBottom
    {
        type            symmetry;
        value           uniform 0;
    }
    frontAndBack
    {
        type            empty;
        value           nonuniform 0();
    }
    cylinder
    {
        type            calculated;
        value           uniform 0;
    }
    procBoundary3to1
    {
        type            processor;
        value           nonuniform List<scalar> 
125
(
8.282865288e-07
8.263632462e-07
6.075777608e-07
3.471474376e-07
1.380455352e-07
6.711035081e-09
-5.113093308e-08
-6.018909768e-08
-4.620894569e-08
-2.803748325e-08
-1.462682174e-08
-7.475232694e-09
-5.467853506e-09
-5.063344837e-09
-5.699160085e-09
-6.156648167e-09
-6.516289021e-09
-7.167087015e-09
-8.060237474e-09
-8.951380507e-09
-9.671109338e-09
-1.024325948e-08
-1.058004684e-08
-1.073792347e-08
-1.077453185e-08
-1.062435428e-08
-1.022797988e-08
-9.593889534e-09
-8.794150748e-09
-7.923928268e-09
-7.055543279e-09
-6.25736251e-09
-5.441074381e-09
-4.918953414e-09
-4.852685563e-09
-4.45369002e-09
-4.22996023e-09
-4.029554809e-09
-3.837912948e-09
-3.650389581e-09
-3.467974458e-09
-3.295236855e-09
-3.137101398e-09
-2.994545883e-09
-2.86631493e-09
-2.750376448e-09
-2.640907913e-09
-2.530704546e-09
-2.416264821e-09
-2.299583399e-09
-2.187338501e-09
-2.086607864e-09
-2.00086384e-09
-1.928789351e-09
-1.866098327e-09
-1.808322299e-09
-1.75268648e-09
-1.698232713e-09
-1.644934223e-09
-1.592945253e-09
-1.542329845e-09
-1.493175063e-09
-1.44571915e-09
-1.400306687e-09
-1.357176308e-09
-1.316501634e-09
-1.277478393e-09
-1.245957228e-09
-1.186750425e-09
-7.519463981e-08
-4.885843538e-08
2.191582882e-08
-7.35766946e-08
-7.81533448e-08
-6.096167769e-08
-8.489295625e-08
-7.092215692e-08
-7.39412789e-08
-5.109974274e-08
-5.101478966e-08
-7.571555712e-08
-5.266230017e-08
-5.154400665e-08
-1.508126469e-08
-5.39377429e-08
-1.501304553e-08
-7.603700137e-08
-7.425121501e-08
-7.519366747e-08
-7.239896426e-08
-6.102046597e-08
-7.331316691e-08
-7.981875305e-08
-8.947641564e-08
-8.122366959e-08
-6.495747847e-08
-8.795182533e-08
-7.948715761e-08
1.183498624e-07
2.294458783e-08
1.189725848e-07
-4.858001961e-08
-3.560096591e-08
-3.522959029e-08
-2.545906557e-08
-1.537322673e-08
-2.51964884e-08
-5.062904665e-08
-3.768904219e-08
-3.606045871e-08
-1.525353245e-08
-2.606971998e-08
-2.544481703e-08
-4.069329797e-09
-1.974471264e-09
-5.508525817e-10
-4.050776711e-09
-1.962396739e-09
-5.460461835e-10
-4.183698606e-09
-2.034246875e-09
-5.694183825e-10
-4.095284617e-09
-1.985834692e-09
-5.533080512e-10
)
;
    }
    procBoundary3to2
    {
        type            processor;
        value           nonuniform List<scalar> 
103
(
-0.0002061682832
-0.0002066320713
-0.006599222836
-0.006549215333
-0.006599915484
-0.006547796664
-0.02507061388
-0.02426726768
-0.0236088382
-0.0231060948
-0.02270446214
-0.02238308828
-0.02212281774
-0.02191052643
-0.02173637436
-0.02159296122
-0.02147465046
-0.02137719546
-0.02129733267
-0.02123256348
-0.02118102162
-0.02114129009
-0.02111232282
-0.02109339112
-0.02108401475
6.148535326e-05
-2.548071773e-06
6.048495244e-05
-2.23586537e-06
-1.157531091e-06
-2.409596267e-07
-1.159106384e-06
-2.417313e-07
3.459334027e-05
0.0001474801121
3.422217796e-05
0.0001474620107
2.498150768e-06
2.449616302e-06
6.149220553e-05
-2.548062877e-06
6.050507274e-05
-2.235663374e-06
3.459619271e-05
0.0001474843194
3.423110578e-05
0.0001474587868
2.540691146e-06
2.476047895e-06
-5.711658668e-05
-5.7314415e-05
-0.0001855986562
-0.0001855487217
-0.0004024416357
-0.0006893176238
-0.00068924351
-0.0004021728939
-5.722611812e-05
-5.733495482e-05
-0.0001855980562
-0.0001855530028
-0.0004024550709
-0.0006893455077
-0.0006892557301
-0.0004022000552
-0.001007691207
-0.001007658123
-0.001312390369
-0.001312740549
-0.001717233267
-0.00171639695
-0.001722411953
-0.001723920684
-0.006815525474
-0.001717368261
-0.001716478211
-0.00172236112
-0.00172383997
-0.006815531194
-0.001547932756
-0.001655803439
-0.001655804988
-0.001547012782
-0.00100779968
-0.00100777134
-0.001312277312
-0.001312574214
-0.00154793888
-0.001655764861
-0.001655720551
-0.00154702741
9.143232875e-06
4.42066486e-06
1.221630177e-06
9.14305322e-06
4.420582883e-06
1.221614358e-06
9.125511162e-06
4.409711204e-06
1.216973878e-06
9.125374288e-06
4.409650843e-06
1.216958971e-06
)
;
    }
}


// ************************************************************************* //
