/*--------------------------------*- C++ -*----------------------------------*\
| =========                 |                                                 |
| \\      /  F ield         | OpenFOAM: The Open Source CFD Toolbox           |
|  \\    /   O peration     | Version:                                        |
|   \\  /    A nd           | Website:  www.openfoam.com                      |
|    \\/     M anipulation  |                                                 |
\*---------------------------------------------------------------------------*/
FoamFile
{
    version     2.0;
    format      ascii;
    class       volScalarField;
    location    "4.4";
    object      p;
}
// * * * * * * * * * * * * * * * * * * * * * * * * * * * * * * * * * * * * * //

dimensions      [0 2 -2 0 0 0 0];


internalField   nonuniform List<scalar> 
2429
(
-0.02233242438
-0.02489124988
-0.02700910821
-0.02867090369
-0.02987492348
-0.03063265791
-0.03096703863
-0.03091038431
-0.03050283952
-0.02979006031
-0.02882056585
-0.02764357235
-0.02630713206
-0.02485549588
-0.02332798257
-0.02176153578
-0.02018903296
-0.01863723654
-0.01712713353
-0.01567484742
-0.01429233351
-0.0129878493
-0.01176645786
-0.01063057307
-0.009580475485
-0.008614765319
-0.007730764498
-0.006924865611
-0.006192830762
-0.005530037339
-0.004931666135
-0.004392836532
-0.003908713781
-0.003474603889
-0.003086028026
-0.002738765366
-0.002428867719
-0.002152662136
-0.00190675447
-0.001688033188
-0.001493664723
-0.001321081825
-0.001167949843
-0.001032251769
-0.0009120743359
-0.0008055969835
-0.000711298919
-0.0006278277162
-0.0005539620919
-0.0004886106003
-0.0004308045183
-0.0003796802274
-0.0003344672206
-0.0002944817416
-0.000259117362
-0.0002278319266
-0.0002001409227
-0.0001756113057
-0.0001538582002
-0.0001345417855
-0.0001173626138
-0.0001020532285
-8.837377962e-05
-7.610939482e-05
-6.506719892e-05
-5.50712012e-05
-4.596072279e-05
-3.758686292e-05
-2.982310974e-05
-2.251624245e-05
-1.566940719e-05
-8.774286423e-06
-3.836512968e-06
-0.0227457644
-0.02532874776
-0.02745886134
-0.02912094661
-0.03031389746
-0.03105065667
-0.0313555826
-0.0312625114
-0.03081357729
-0.0300564964
-0.02904156837
-0.02781925227
-0.02643916563
-0.0249471723
-0.02338418241
-0.02178760732
-0.02018962468
-0.01861655232
-0.01708926058
-0.01562369775
-0.01423145622
-0.01292033628
-0.01169493469
-0.01055721782
-0.00950704774
-0.008542644059
-0.007660994333
-0.006858208374
-0.006129814064
-0.005470992823
-0.004876759542
-0.004342100914
-0.003862087171
-0.003431960887
-0.003047198673
-0.002703544795
-0.00239702447
-0.002123950458
-0.001880928035
-0.001664853533
-0.001472904338
-0.00130252524
-0.001151398388
-0.00101752605
-0.0008989326604
-0.0007938739745
-0.0007008631202
-0.0006185482747
-0.0005457141676
-0.0004812849982
-0.0004243068104
-0.0003739231824
-0.0003293692301
-0.0002899700305
-0.0002551285906
-0.0002243086748
-0.0001970327127
-0.0001728730739
-0.0001514489878
-0.0001324262609
-0.0001155103015
-0.0001004367096
-8.696890107e-05
-7.48950622e-05
-6.402507633e-05
-5.418612043e-05
-4.521950781e-05
-3.69791579e-05
-2.934033507e-05
-2.215129983e-05
-1.541676361e-05
-8.630349072e-06
-3.78373686e-06
-0.02358375282
-0.02621452545
-0.0283686315
-0.03003085896
-0.03120135275
-0.03189530497
-0.03213989307
-0.03197247107
-0.03143927648
-0.03059209062
-0.02948496896
-0.02817149334
-0.02670460793
-0.02513261025
-0.02349823425
-0.0218397114
-0.02018914063
-0.0185725217
-0.01701034036
-0.01551794312
-0.01410608851
-0.01278163798
-0.01154823863
-0.0104069381
-0.009356739823
-0.008395097355
-0.007518334446
-0.00672198745
-0.006001088371
-0.005350403765
-0.004764621465
-0.00423848275
-0.003766875275
-0.003344901885
-0.002967932753
-0.002631638322
-0.002332000523
-0.002065315337
-0.001828188542
-0.001617523962
-0.00143051416
-0.001264629163
-0.00111758116
-0.0009873835874
-0.0008720640753
-0.000769944479
-0.0006795895117
-0.0005996499686
-0.0005289309854
-0.0004663926611
-0.0004111105717
-0.0003622414208
-0.0003190330387
-0.0002808322001
-0.0002470578218
-0.0002171834557
-0.0001907455358
-0.0001673298477
-0.000146569271
-0.0001281446483
-0.0001117665538
-9.717391037e-05
-8.413690372e-05
-7.244964559e-05
-6.192598898e-05
-5.239931042e-05
-4.372090148e-05
-3.574947694e-05
-2.836193394e-05
-2.141035199e-05
-1.489969886e-05
-8.33987677e-06
-3.659494962e-06
-0.02486939241
-0.02757378145
-0.02976447736
-0.0314259282
-0.0325602873
-0.03318644647
-0.03333612015
-0.03305232564
-0.0323877556
-0.03140024714
-0.03014995748
-0.02869696702
-0.02709795916
-0.02540396952
-0.02366095331
-0.02190830127
-0.02017820992
-0.01849633525
-0.0168823823
-0.01535054784
-0.01391020967
-0.01256674877
-0.01132232687
-0.01017657802
-0.009127208888
-0.008170512762
-0.00730179124
-0.006515697678
-0.005806525875
-0.005168447442
-0.004595682247
-0.004082608245
-0.003623834365
-0.003214253434
-0.002849088036
-0.00252391554
-0.002234663651
-0.00197760944
-0.001749357999
-0.001546817781
-0.001367209036
-0.001208057092
-0.001067116699
-0.0009424116189
-0.0008320150385
-0.0007342931397
-0.000647906053
-0.0005715091465
-0.00050395233
-0.0004442432856
-0.0003914857577
-0.0003448511415
-0.0003036295648
-0.0002672163088
-0.0002350378267
-0.0002065763175
-0.0001813800833
-0.0001590496117
-0.0001392717572
-0.0001217433677
-0.000106170256
-9.229616206e-05
-7.990381703e-05
-6.879767025e-05
-5.879650767e-05
-4.973673551e-05
-4.149317218e-05
-3.392617875e-05
-2.691357117e-05
-2.031485182e-05
-1.413599511e-05
-7.91112141e-06
-3.47445177e-06
-0.02664155066
-0.02944748472
-0.03168750607
-0.03334554071
-0.03442620643
-0.03495454975
-0.03496870957
-0.03452010405
-0.03367016505
-0.03248535637
-0.03103718929
-0.0293921924
-0.02761078722
-0.0257504518
-0.02386049263
-0.02198112912
-0.02014470081
-0.01837639181
-0.01669464324
-0.0151118514
-0.01363535799
-0.01226844714
-0.01101121855
-0.009861348467
-0.008814745626
-0.007866105441
-0.007009351276
-0.006237976397
-0.00554531906
-0.004924778358
-0.004369957869
-0.003874757775
-0.003433430463
-0.003040609483
-0.002691349137
-0.002381120716
-0.002105779285
-0.001861596894
-0.00164518755
-0.00145345541
-0.001283666671
-0.001133442559
-0.00100057292
-0.0008831096917
-0.0007791802783
-0.0006873483756
-0.0006061608329
-0.00053440025
-0.0004710210989
-0.0004150627184
-0.000365611576
-0.0003218412352
-0.0002832196865
-0.000249189217
-0.0002191280711
-0.0001925448034
-0.0001690038736
-0.0001481100545
-0.0001296573512
-0.000113332631
-9.882762453e-05
-8.590141325e-05
-7.435657366e-05
-6.401294507e-05
-5.470324521e-05
-4.627554382e-05
-3.860365649e-05
-3.155937934e-05
-2.503200533e-05
-1.889166394e-05
-1.314406249e-05
-7.353830219e-06
-3.233236862e-06
-0.02895390867
-0.03189221191
-0.03419471935
-0.03584584327
-0.03684945565
-0.03724205069
-0.03707132766
-0.0364002168
-0.03530050442
-0.03385459983
-0.03214746799
-0.0302492575
-0.02823103858
-0.02615735082
-0.02408008826
-0.02204046538
-0.02007102655
-0.01819598561
-0.01643175787
-0.01478813804
-0.01326965097
-0.01187673152
-0.01060671619
-0.009454699021
-0.008414260375
-0.0074780653
-0.006638313918
-0.005887061054
-0.005216468651
-0.004618994173
-0.004087496529
-0.00361531991
-0.00319630929
-0.002824791958
-0.002495658706
-0.002204272466
-0.001946383938
-0.001718305455
-0.0015166594
-0.001338358395
-0.001180782018
-0.001041655215
-0.0009186779442
-0.0008100697356
-0.0007141749676
-0.0006295227796
-0.0005545381803
-0.0004884230146
-0.0004302901905
-0.0003790294638
-0.000333675584
-0.0002934345859
-0.0002580868457
-0.0002270219524
-0.0001996119616
-0.0001753557341
-0.0001538900219
-0.00013487727
-0.0001180672965
-0.0001031790517
-8.995029811e-05
-7.816622131e-05
-6.764452812e-05
-5.821981558e-05
-4.974054569e-05
-4.206949878e-05
-3.508510831e-05
-2.867344643e-05
-2.27362307e-05
-1.715467542e-05
-1.193300159e-05
-6.673050258e-06
-2.938287412e-06
-0.03187969358
-0.03498467057
-0.03736214544
-0.03900235868
-0.03989528332
-0.0401040562
-0.03968736325
-0.03872379557
-0.03730067253
-0.0355216748
-0.03347887282
-0.0312576925
-0.02894275906
-0.02660431374
-0.02429670492
-0.02206249832
-0.01993398585
-0.01793340587
-0.01607407009
-0.01436214058
-0.01279833432
-0.01137931679
-0.01009885267
-0.008948773613
-0.00791977405
-0.007002043654
-0.006185708448
-0.005461106777
-0.004819032275
-0.00425086281
-0.003748595074
-0.003304991888
-0.002913469236
-0.002567984211
-0.002263313435
-0.001994691381
-0.001757774217
-0.001549030578
-0.001364886946
-0.001202435479
-0.00105938246
-0.0009333555124
-0.0008217909358
-0.0007235421087
-0.0006372651834
-0.0005611681564
-0.0004935413952
-0.0004342952878
-0.0003824397239
-0.0003367422512
-0.0002963631575
-0.0002606399092
-0.0002292099367
-0.000201542764
-0.00017711585
-0.0001555170616
-0.0001364224733
-0.000119537807
-0.0001045976337
-9.135800793e-05
-7.960321052e-05
-6.914670338e-05
-5.981688504e-05
-5.146271904e-05
-4.395019704e-05
-3.715816912e-05
-3.097738442e-05
-2.530701447e-05
-2.006022985e-05
-1.513108092e-05
-1.052268002e-05
-5.880759623e-06
-2.594710295e-06
-0.03551630393
-0.03882649424
-0.04128652948
-0.04288095477
-0.04364193855
-0.04361040767
-0.04287182719
-0.04152811352
-0.0396933194
-0.0374908739
-0.03502380842
-0.03240175991
-0.02972301651
-0.0270632338
-0.02447986421
-0.02201659511
-0.01970424293
-0.01756158197
-0.0155973995
-0.01381288812
-0.01220371431
-0.01076167403
-0.009476037002
-0.008334620542
-0.007324631081
-0.006433341539
-0.005648465547
-0.00495834183
-0.004352272652
-0.003820464566
-0.00335391905
-0.002944868757
-0.002586257201
-0.002271681912
-0.001995969295
-0.001753866243
-0.00154121319
-0.001354842042
-0.001190427141
-0.001046132299
-0.000919994266
-0.0008091629247
-0.0007106043927
-0.0006245886611
-0.0005496053992
-0.0004836872218
-0.0004253492294
-0.0003741156502
-0.0003291709586
-0.000289588919
-0.0002546654084
-0.000223856206
-0.0001967175634
-0.0001728158061
-0.0001517406769
-0.0001331396668
-0.0001167160859
-0.0001022086765
-8.938060111e-05
-7.802110035e-05
-6.794552948e-05
-5.898551827e-05
-5.099862124e-05
-4.385253011e-05
-3.743041956e-05
-3.162873049e-05
-2.635399498e-05
-2.151933325e-05
-1.70500547e-05
-1.28550077e-05
-8.936517476e-06
-4.989886414e-06
-2.208228927e-06
-0.03999214525
-0.04355361092
-0.04610934198
-0.04764899717
-0.04820839673
-0.04785213563
-0.04669297819
-0.04486558464
-0.04251057169
-0.03976334414
-0.03676718844
-0.03365634575
-0.03053862981
-0.02749591069
-0.02458962075
-0.02186348249
-0.01934484799
-0.01704700896
-0.01497234886
-0.01311534635
-0.01146506982
-0.01000714336
-0.00872529922
-0.00760250395
-0.006621813894
-0.005767212606
-0.005023711434
-0.004377342069
-0.00381591048
-0.003328321436
-0.002904553031
-0.002536554682
-0.002216245643
-0.001937304184
-0.00169496146
-0.001482509533
-0.001297364822
-0.00113643211
-0.0009944381457
-0.0008713303611
-0.0007646631753
-0.0006713619274
-0.0005890904568
-0.0005171487312
-0.0004543394904
-0.0003992217144
-0.0003506853188
-0.0003080266496
-0.0002705946262
-0.0002377125507
-0.0002087852334
-0.0001833266893
-0.0001609236005
-0.000141212415
-0.0001238600738
-0.0001085702083
-9.508798899e-05
-8.319201535e-05
-7.268564663e-05
-6.339472741e-05
-5.516446638e-05
-4.784356551e-05
-4.132802926e-05
-3.550663213e-05
-3.028080638e-05
-2.55655361e-05
-2.128470329e-05
-1.73668468e-05
-1.375037645e-05
-1.036026423e-05
-7.198048311e-06
-4.013417847e-06
-1.784663151e-06
-0.04547441336
-0.04933981192
-0.05199909898
-0.05344705647
-0.05373011494
-0.05294831621
-0.05125647211
-0.04880661048
-0.04577055667
-0.04233769608
-0.0386930519
-0.03498968147
-0.03134642917
-0.02785365516
-0.02457608793
-0.02155494747
-0.01881124543
-0.01635006265
-0.01416484073
-0.01224108054
-0.01055936656
-0.009097633823
-0.007832958134
-0.006742539412
-0.005804533301
-0.004999398851
-0.004309091535
-0.003717204857
-0.0032103642
-0.002775280826
-0.002401483894
-0.002081234554
-0.001803965046
-0.001565442215
-0.00136079601
-0.001182054523
-0.001028852398
-0.0008976592573
-0.0007834034746
-0.000684314445
-0.0005984729177
-0.0005237245134
-0.0004583938587
-0.0004013172823
-0.0003515399908
-0.0003080585551
-0.0002699874016
-0.0002366330909
-0.0002074340416
-0.0001818625813
-0.0001594355759
-0.0001397458443
-0.0001224536233
-0.0001072669435
-9.39242757e-05
-8.21924805e-05
-7.186910753e-05
-6.27783826e-05
-5.476504087e-05
-4.76907008e-05
-4.142906923e-05
-3.588419119e-05
-3.095187052e-05
-2.655282058e-05
-2.261167334e-05
-1.906308693e-05
-1.584916291e-05
-1.291515308e-05
-1.021355553e-05
-7.686592604e-06
-5.335060479e-06
-2.967089703e-06
-1.33081226e-06
-0.0521826793
-0.05641192256
-0.05917724364
-0.06048215705
-0.0603928308
-0.05905992243
-0.05666152941
-0.05339844373
-0.04949779885
-0.04521427183
-0.04077396796
-0.03635292487
-0.03208574552
-0.02807137592
-0.02437462939
-0.02103015049
-0.01804864531
-0.01542326247
-0.01313508493
-0.01115775274
-0.009461125674
-0.008013705867
-0.006784790366
-0.005744741639
-0.004866268952
-0.004126448439
-0.003502705956
-0.00297698991
-0.002535622512
-0.002160873294
-0.001844651899
-0.001578914573
-0.001351086949
-0.001159773488
-0.0009992863865
-0.0008618227409
-0.000744614362
-0.0006448104607
-0.0005590715291
-0.0004851818116
-0.0004215631103
-0.0003666995216
-0.0003192711082
-0.0002781178493
-0.0002424434084
-0.0002114991527
-0.0001845914592
-0.0001611499855
-0.0001407216923
-0.0001229107149
-0.0001073604529
-9.376646806e-05
-8.187580265e-05
-7.147321774e-05
-6.236924767e-05
-5.439637081e-05
-4.740862237e-05
-4.12791126e-05
-3.589628209e-05
-3.116152566e-05
-2.698811031e-05
-2.330282771e-05
-2.003555265e-05
-1.713291806e-05
-1.454427307e-05
-1.222413799e-05
-1.01331499e-05
-8.234285626e-06
-6.494995781e-06
-4.87569215e-06
-3.37647839e-06
-1.867047224e-06
-8.53626651e-07
-0.0604041478
-0.06506518975
-0.06792952472
-0.06900999422
-0.06841551292
-0.06636163646
-0.06304419171
-0.0587214671
-0.05372219387
-0.04837887318
-0.0429621156
-0.03767723952
-0.03267732597
-0.02806711292
-0.02390612836
-0.02021662624
-0.01699350903
-0.01421300696
-0.01183938191
-0.009830947093
-0.008144265033
-0.006736428606
-0.005567783023
-0.00459970344
-0.003800296162
-0.003144061639
-0.002600501232
-0.002154042043
-0.001789809425
-0.001485790609
-0.001238009844
-0.001037160625
-0.0008704944012
-0.0007327232665
-0.0006190251697
-0.0005242079374
-0.0004448382577
-0.0003784558405
-0.00032274423
-0.0002757526595
-0.0002360573546
-0.0002024655009
-0.0001739359781
-0.0001495997848
-0.0001288062832
-0.0001110305456
-9.57937461e-05
-8.269608542e-05
-7.14216119e-05
-6.170751474e-05
-5.332480131e-05
-4.607893946e-05
-3.980966387e-05
-3.438350878e-05
-2.968592258e-05
-2.561714432e-05
-2.209063259e-05
-1.903152451e-05
-1.63746875e-05
-1.406337054e-05
-1.204869988e-05
-1.028917005e-05
-8.746970515e-06
-7.394289022e-06
-6.204888827e-06
-5.155471448e-06
-4.225994179e-06
-3.397410078e-06
-2.652756801e-06
-1.971418017e-06
-1.352867904e-06
-7.30494283e-07
-3.605752544e-07
-0.07051913507
-0.07568573406
-0.07863210788
-0.07939314395
-0.07813695391
-0.0750976363
-0.07055244259
-0.06485564518
-0.05846197795
-0.05179470775
-0.04518105205
-0.03886319625
-0.03301206343
-0.02773192652
-0.02306894302
-0.01902426948
-0.01556913255
-0.0126562664
-0.01022765577
-0.00822247487
-0.006581045952
-0.005246744808
-0.00416923537
-0.003297377018
-0.002600354841
-0.002047963157
-0.001602657315
-0.001254210832
-0.0009844983293
-0.0007689591102
-0.0005994474439
-0.0004683915164
-0.0003657523547
-0.0002846973763
-0.0002210703542
-0.0001713093527
-0.0001323250768
-0.0001018275383
-7.800716789e-05
-5.937592983e-05
-4.48100643e-05
-3.345086081e-05
-2.456898113e-05
-1.763986981e-05
-1.225198819e-05
-8.091242724e-06
-4.893509485e-06
-2.446101686e-06
-5.88011385e-07
8.044669191e-07
1.831049893e-06
2.571397022e-06
3.08643536e-06
3.422430214e-06
3.615990932e-06
3.697288796e-06
3.691359144e-06
3.61878471e-06
3.496421094e-06
3.337983566e-06
3.154499581e-06
2.953017022e-06
2.737166276e-06
2.510503927e-06
2.275194744e-06
2.031427411e-06
1.779269807e-06
1.519396542e-06
1.252776383e-06
9.806148067e-07
7.039956241e-07
4.24721443e-07
1.405921301e-07
-0.08303563398
-0.08877797811
-0.09175268169
-0.09205074127
-0.08992407535
-0.08558826276
-0.0794008429
-0.07190902631
-0.06373412022
-0.0554069487
-0.04732755413
-0.03978162344
-0.0329522998
-0.02693193015
-0.02174155983
-0.0173484582
-0.01368902121
-0.01068335245
-0.008246246617
-0.006293304971
-0.004744864108
-0.003527496132
-0.002576709757
-0.001832699702
-0.001271279176
-0.0008515927659
-0.0005347768848
-0.000303029253
-0.0001378300971
-1.532785099e-05
7.050366608e-05
0.000125671155
0.0001598409692
0.0001799508643
0.0001896070806
0.0001914435116
0.0001878764195
0.0001807590373
0.0001713837135
0.0001606899878
0.000149359266
0.0001378668236
0.0001266107457
0.0001157487172
0.0001054210882
9.571786211e-05
8.668468236e-05
7.833631595e-05
7.066457403e-05
6.364523282e-05
5.724484455e-05
5.142459832e-05
4.614210039e-05
4.135346247e-05
3.701570454e-05
3.308830089e-05
2.953359647e-05
2.631669329e-05
2.340520958e-05
2.076910471e-05
1.838028856e-05
1.621111138e-05
1.423307141e-05
1.242478428e-05
1.076253711e-05
9.223483016e-06
7.788200605e-06
6.43888978e-06
5.16031686e-06
3.934140236e-06
2.761911072e-06
1.580533184e-06
6.420373316e-07
-0.09863263584
-0.1050236969
-0.1079743095
-0.1076520809
-0.1042882722
-0.09818213738
-0.08981525548
-0.0799820221
-0.06951982093
-0.05910727437
-0.04923875653
-0.04024599426
-0.03231006461
-0.02549175482
-0.01976869056
-0.01505917341
-0.01124965961
-0.008214284863
-0.00583709898
-0.004003963473
-0.002610764332
-0.001564668918
-0.0007921437798
-0.0002312971097
0.0001583671991
0.0004271836969
0.0006019912892
0.0007033873782
0.0007533687142
0.0007735490971
0.0007659621184
0.0007377814172
0.000698509114
0.0006539200329
0.0006066530739
0.0005584515873
0.0005108708733
0.0004650534877
0.0004216644731
0.0003810587334
0.0003434133983
0.0003087837621
0.0002771980722
0.0002484316152
0.000222334394
0.0001987485189
0.0001774915944
0.0001583739185
0.0001412101208
0.0001258221493
0.0001120408412
9.970763824e-05
8.867546267e-05
7.880902027e-05
6.998493e-05
6.209150999e-05
5.502809924e-05
4.870404095e-05
4.303758864e-05
3.795468699e-05
3.338714083e-05
2.927478547e-05
2.555954863e-05
2.219230052e-05
1.91229287e-05
1.630703311e-05
1.370608888e-05
1.12836668e-05
9.008442654e-06
6.842766356e-06
4.788567583e-06
2.718800254e-06
1.135871408e-06
-0.1181733654
-0.1252456999
-0.1281014317
-0.1269809645
-0.1219981308
-0.1134613306
-0.1021487311
-0.08921074013
-0.07577450463
-0.0627271752
-0.05067674023
-0.03999215195
-0.03082899614
-0.02318481446
-0.01696057582
-0.01200733651
-0.00814377529
-0.005182449332
-0.002959610111
-0.001330979754
-0.0001684439289
0.0006459777006
0.001188872791
0.001525899845
0.001713867021
0.001804279585
0.001813367531
0.001764871198
0.001682461254
0.001583391497
0.001472987875
0.001356828082
0.001240988676
0.001129219389
0.0010231728
0.0009236827944
0.0008313122971
0.0007463241735
0.0006686597231
0.000598048485
0.0005341249464
0.0004764979255
0.0004247216191
0.0003782383486
0.0003365857625
0.0002993326655
0.0002660611142
0.0002363757072
0.0002099115879
0.0001863344723
0.0001653387452
0.0001466464204
0.0001300060873
0.000115191286
0.0001019986279
9.024590019e-05
7.977013872e-05
7.042565084e-05
6.208225458e-05
5.46228828e-05
4.793998777e-05
4.193975716e-05
3.653897327e-05
3.165867663e-05
2.722397091e-05
2.317026566e-05
1.943965758e-05
1.597740187e-05
1.273659889e-05
9.660783797e-06
6.752157474e-06
3.821687794e-06
1.614353952e-06
-0.1429600445
-0.1506296465
-0.1532717562
-0.1510389923
-0.1439012447
-0.1321134065
-0.1168425166
-0.09976067357
-0.08243004329
-0.0660387093
-0.05132966146
-0.03868232063
-0.02819118594
-0.01974399437
-0.01311781207
-0.00804912475
-0.004265717205
-0.001508570586
0.0004412799315
0.001757944831
0.002598097178
0.0031025305
0.00335203254
0.003418583401
0.003363674631
0.003234274402
0.00305366233
0.002842701672
0.002619540029
0.002396432427
0.002179435149
0.001972161654
0.001777499488
0.001597164365
0.001431609109
0.001280559079
0.001143451248
0.001019559888
0.0009080196119
0.0008078830769
0.0007182119279
0.0006381398258
0.0005666915019
0.0005029924637
0.0004462654794
0.0003957960693
0.0003509262232
0.0003110554115
0.0002756406132
0.000244192445
0.0002162705047
0.0001914795737
0.0001694660797
0.0001499143425
0.0001325428283
0.0001171006536
0.0001033643283
9.113478859e-05
8.023498008e-05
7.050642221e-05
6.180731678e-05
5.400655643e-05
4.699721212e-05
4.067301686e-05
3.493714789e-05
2.970456995e-05
2.489828802e-05
2.044605847e-05
1.628608417e-05
1.234388996e-05
8.621859722e-06
4.871919914e-06
2.069978653e-06
-0.1746197107
-0.1828681774
-0.1852829549
-0.1815466015
-0.1713630664
-0.1550486698
-0.1343034822
-0.1115871431
-0.089132446
-0.0685291425
-0.05065568384
-0.03583731791
-0.02400839353
-0.01486204425
-0.007995403563
-0.002999315383
0.0005017171211
0.002856494618
0.004366876044
0.00523624452
0.0056450513
0.005745875589
0.0056366813
0.005390013014
0.005061868502
0.004692540594
0.004307080334
0.003922276865
0.003550311863
0.003199070422
0.002872497389
0.002571890369
0.00229741132
0.002048531147
0.001824035684
0.001622260082
0.001441403149
0.001279681443
0.001135360183
0.001006772051
0.0008923900181
0.0007908360524
0.0007006292378
0.0006205431954
0.0005494969049
0.0004864999795
0.0004306561924
0.0003811630092
0.0003373039078
0.0002984392383
0.0002639984439
0.0002334735021
0.0002064127465
0.0001824149366
0.000161123733
0.0001422227946
0.0001254311285
0.0001104991113
9.720516648e-05
8.535072481e-05
7.475927329e-05
6.527848409e-05
5.676627187e-05
4.909201569e-05
4.214020169e-05
3.580648325e-05
2.999566304e-05
2.461908568e-05
1.960095921e-05
1.484987355e-05
1.036830777e-05
5.853032857e-06
2.495584141e-06
-0.214197437
-0.2230099168
-0.2261114786
-0.2211114844
-0.2071577444
-0.1845271386
-0.155945289
-0.1252591938
-0.09579109451
-0.06972791474
-0.04803760877
-0.03081337435
-0.0177053228
-0.008107559514
-0.001332795408
0.003273941516
0.006210064366
0.007923322409
0.008786183197
0.00905499628
0.008924200423
0.008543427775
0.008016088725
0.007411966834
0.006779354795
0.00615089307
0.005546791234
0.004978454118
0.004452182829
0.003970848068
0.003534534859
0.003141372857
0.002788609597
0.002473197057
0.002191934701
0.001941590179
0.001719066024
0.001521494496
0.001346246745
0.001190920814
0.001053402944
0.0009317772494
0.0008240961912
0.000728786411
0.0006444606247
0.0005698647168
0.0005038765958
0.0004455013064
0.0003938575513
0.0003481637624
0.0003077268711
0.0002719328454
0.0002402379801
0.000212160918
0.0001872753834
0.0001652039625
0.0001456131569
0.0001282059123
0.0001127172889
9.891502389e-05
8.659598941e-05
7.557732755e-05
6.568917667e-05
5.678100235e-05
4.87185302e-05
4.137907608e-05
3.465096266e-05
2.843050146e-05
2.262894294e-05
1.713929593e-05
1.196406866e-05
6.749650984e-06
2.884485076e-06
-0.2658685348
-0.273121655
-0.2746145972
-0.2699461036
-0.2521667451
-0.221030334
-0.1814894609
-0.1400351373
-0.1015210343
-0.0687146713
-0.04262191833
-0.02297164624
-0.008845430408
0.0007939042982
0.007030487898
0.01080963015
0.01283093354
0.01363985666
0.01365270354
0.01316287552
0.01237429832
0.01143015804
0.01042703155
0.009425930192
0.008464002859
0.007562816213
0.006733221036
0.005978805361
0.005298856433
0.004690154275
0.004147855545
0.003666204245
0.003239246126
0.002861282781
0.002527015515
0.002231576618
0.001970557769
0.001740016032
0.001536440001
0.00135673303
0.001198214491
0.00105832523
0.0009348120545
0.0008257525479
0.0007294540673
0.0006444152515
0.0005693070774
0.0005029575274
0.0004443333922
0.0003925228057
0.0003467206447
0.0003062160856
0.0002703813555
0.0002386620656
0.0002105686094
0.0001856682949
0.0001635798848
0.0001439639224
0.0001265183599
0.0001109832541
9.712719647e-05
8.47368902e-05
7.36231149e-05
6.361750469e-05
5.456742953e-05
4.63337835e-05
3.879039398e-05
3.182003859e-05
2.532225473e-05
1.917609682e-05
1.338403745e-05
7.547676443e-06
3.230545092e-06
-0.3206768658
-0.3515493863
-0.3428492833
-0.3174287098
-0.2719798863
-0.2145676107
-0.1563739057
-0.1048759749
-0.06357638854
-0.03268353226
-0.01102876274
0.003333751196
0.01224581779
0.01728854946
0.01969854262
0.02037294028
0.01994914336
0.01887514447
0.01745565458
0.01589000249
0.01430549538
0.01277979779
0.01135555106
0.01005232837
0.008875832733
0.007823753431
0.006889220722
0.006063006538
0.00533489992
0.004694502673
0.004131758093
0.003637350391
0.003202924831
0.002821108775
0.002485427765
0.002190208347
0.001930489222
0.001701931305
0.001500807675
0.001323865695
0.001168020169
0.001030683827
0.0009096366939
0.000802919313
0.0007088068607
0.0006257848435
0.0005525240088
0.0004878566985
0.000430755901
0.0003803175523
0.0003357457178
0.0002963390522
0.0002614787333
0.0002306190946
0.0002032795953
0.000179035712
0.0001575124127
0.0001383855117
0.0001213622606
0.0001061801984
9.260836883e-05
8.04410414e-05
6.949221435e-05
5.959341567e-05
5.059170383e-05
4.234829269e-05
3.473409035e-05
2.763841302e-05
2.092822191e-05
1.460590027e-05
8.234588534e-06
3.528316222e-06
-0.3664031844
-0.3855963252
-0.4237955244
-0.3918044072
-0.3319810737
-0.2540553386
-0.1745453547
-0.1059237723
-0.05394070122
-0.0178698833
0.005323593899
0.0191034106
0.02639055694
0.02942196669
0.02980589538
0.0286350603
0.0266217808
0.02422164932
0.02171938479
0.01928454919
0.0170109801
0.01494355431
0.01309554168
0.01146115987
0.01002502526
0.008768185235
0.007671111682
0.006714947066
0.005882076736
0.005156453227
0.00452377107
0.003971517383
0.003488901899
0.003066682337
0.002696941644
0.002372877934
0.002088630701
0.001839138631
0.001620122318
0.001427794134
0.001258659126
0.001109836259
0.000978838859
0.0008634839723
0.0007618590083
0.0006722922031
0.0005933213685
0.0005236659364
0.0004622025441
0.0004079440049
0.00036002207
0.0003176741012
0.0002802290508
0.0002470936036
0.000217745795
0.0001917284685
0.0001686421843
0.0001481317851
0.0001298800627
0.000113607135
9.906570154e-05
8.603375196e-05
7.431092037e-05
6.37161835e-05
5.408509615e-05
4.526823984e-05
3.712658809e-05
2.954091724e-05
2.236814314e-05
1.561050855e-05
8.799650978e-06
3.773121918e-06
-0.3848400183
-0.42196491
-0.4873684189
-0.4429310231
-0.3666426035
-0.2732070675
-0.1776697892
-0.09608660987
-0.03601985574
0.003329765384
0.02647527443
0.03831007474
0.04283357042
0.04296470407
0.0406761944
0.03721223146
0.03331383533
0.02940486744
0.02571673026
0.02236375364
0.01938888485
0.01679164439
0.01454591564
0.01261291718
0.01095097107
0.009521334473
0.008290212063
0.007228605622
0.006311652145
0.005518101968
0.00482991983
0.004231898568
0.0037112582
0.003257248875
0.002860788381
0.00251416005
0.00221077287
0.001945018185
0.001712145141
0.001507846365
0.001328409623
0.001170705075
0.001032022868
0.0009100030687
0.0008025873494
0.0007079809651
0.0006246170451
0.0005511270034
0.0004863120648
0.0004291210862
0.0003786301585
0.0003340259509
0.0002945956742
0.0002597128353
0.0002288268896
0.0002014531538
0.0001771666132
0.000155591613
0.0001363968091
0.0001192883931
0.0001040045249
9.031074639e-05
7.799607852e-05
6.686975027e-05
5.675823483e-05
4.75037856e-05
3.895960181e-05
3.099972524e-05
2.347321414e-05
1.638211884e-05
9.234045373e-06
3.961104277e-06
-0.387880867
-0.4316778198
-0.4656318063
-0.4467465385
-0.3629538371
-0.2629614201
-0.1601905646
-0.0739794552
-0.01154383067
0.02764416007
0.04872437597
0.05748600921
0.05866784004
0.05564320308
0.0506019816
0.04485436785
0.03912472348
0.03378185098
0.02899129222
0.02480534275
0.02121252576
0.01816474148
0.01559444644
0.01342818144
0.01159704648
0.01004239456
0.008716703646
0.007581822491
0.006606841394
0.005766497153
0.005040056232
0.004410449869
0.003863557163
0.003387614332
0.00297274411
0.002610595578
0.002294065136
0.002017195865
0.001774835608
0.001562357384
0.00137588013
0.001212107243
0.001068180119
0.0009416152933
0.000830253581
0.0007322164806
0.0006458632606
0.0005697671599
0.0005026757
0.0004434923231
0.0003912557096
0.00034512175
0.0003043466702
0.0002682790316
0.0002363470257
0.0002080484234
0.0001829432294
0.0001606441237
0.0001408087019
0.0001231327784
0.0001073453092
9.320369042e-05
8.048941292e-05
6.900468303e-05
5.856953998e-05
4.902038782e-05
4.020496053e-05
3.199253197e-05
2.422666357e-05
1.6909138e-05
9.53137853e-06
4.089440118e-06
-0.3736318269
-0.4171847034
-0.4474903529
-0.4066470418
-0.3287854933
-0.2308063294
-0.1320587327
-0.04939891339
0.00998593661
0.04645068873
0.06473600809
0.07071626921
0.06933971511
0.06408596933
0.05716706945
0.04987788627
0.04290975247
0.03659130846
0.0310478386
0.02629523578
0.02228838035
0.01894678126
0.01617242829
0.01386551321
0.01193660107
0.0103124705
0.008935902349
0.00776252099
0.006757491462
0.005893091082
0.005147037738
0.004501257419
0.00394093428
0.003453786841
0.003029528868
0.00265947783
0.002336274918
0.002053785364
0.001806590559
0.001589954054
0.001399908548
0.001233062134
0.001086480146
0.0009576147405
0.000844253816
0.0007444754153
0.0006566106492
0.0005791955979
0.0005109541707
0.0004507674939
0.0003976533036
0.0003507482968
0.0003092941386
0.0002726265298
0.0002401635645
0.000211394683
0.0001858721272
0.0001632023326
0.0001430379357
0.0001250709634
0.000109026826
9.465899731e-05
8.174473723e-05
7.008202067e-05
5.948690734e-05
4.979217617e-05
4.084223481e-05
3.250352452e-05
2.461662441e-05
1.71831263e-05
9.686650245e-06
4.155735048e-06
-0.3841618408
-0.3780887512
-0.3840964116
-0.3780904974
-0.3680532708
-0.3449125213
-0.3680833725
-0.3449028623
-0.3818501488
-0.3826902394
-0.3817825305
-0.3826324861
-0.3896464633
-0.3887033018
-0.3693256645
-0.3671504615
-0.4038517561
-0.351684615
-0.3837137924
-0.3736847142
-0.4037898144
-0.3516815739
-0.383702311
-0.3821028228
-0.3857622082
-0.386806561
-0.3822228624
-0.3896583464
-0.3887629003
-0.3821167701
-0.385782599
-0.3868157525
-0.3822624622
-0.3617509932
-0.368128429
-0.3649273435
-0.3600253958
-0.3646804856
-0.3602387744
-0.3609990318
-0.348495423
-0.3448706106
-0.3504866409
-0.341470817
-0.350381369
-0.3412429223
-0.3486769652
-0.369349409
-0.3671578803
-0.3617541588
-0.3681326825
-0.3649328293
-0.3600132119
-0.3646852503
-0.3602405565
-0.361002406
-0.3484971427
-0.3448713828
-0.3504766205
-0.3414669038
-0.3503832457
-0.3412436255
-0.3486774087
-0.366891616
-0.3822971789
-0.3669763933
-0.3823971338
-0.384609626
-0.3864410602
-0.426667574
-0.366394244
-0.3846437737
-0.386192276
-0.4266745743
-0.3848734838
-0.3848060875
-0.3949571187
-0.3866594346
-0.4190151369
-0.3846503251
-0.3950360796
-0.3865500538
-0.4190759346
-0.4194604385
-0.3820426798
-0.4122621745
-0.387946032
-0.419396074
-0.3820577719
-0.4123532924
-0.4624738835
-0.4264904538
-0.4782332518
-0.4316335964
-0.4624753125
-0.4265800872
-0.4781894017
-0.3736632839
-0.3649533712
-0.3649370416
-0.3725653666
-0.3814789933
-0.3812613112
-0.3728101285
-0.4428285713
-0.3974709808
-0.4317804826
-0.4171126839
-0.442876529
-0.3974555918
-0.4317732879
-0.3846507764
-0.3839932229
-0.3837916651
-0.3842879862
-0.3837747333
-0.384356001
-0.3843936109
-0.382187296
-0.378358387
-0.3825831021
-0.3795483182
-0.3824836328
-0.3804672114
-0.3820565349
-0.3846623247
-0.383993795
-0.3837982455
-0.3843321235
-0.3837845914
-0.3843667735
-0.3844237225
-0.3821962155
-0.3783629238
-0.3825683496
-0.3795888534
-0.3824884606
-0.38047681
-0.3820801348
-0.3811673757
-0.381238801
-0.3810914696
-0.3816040383
-0.3811545515
-0.3810560096
-0.381193597
-0.3825181536
-0.3823502386
-0.3825851245
-0.3815201264
-0.3809044832
-0.3808691384
-0.3814995623
-0.3849611318
-0.3848240476
-0.3811736036
-0.3815892045
-0.3812872588
-0.3811020956
-0.3811617832
-0.3810555224
-0.3812149507
-0.3825162392
-0.3824876455
-0.3825987091
-0.3815265093
-0.380970192
-0.3808755166
-0.3815423655
-0.3825676557
-0.3917332454
-0.3952762759
-0.4027085022
-0.3912021459
-0.3941267646
-0.3831411458
-0.3515007487
-0.3565877562
-0.35639914
-0.3646073733
-0.3604483988
-0.3600201974
-0.3650134735
-0.3748576402
-0.3878664929
-0.371272723
-0.3820725274
-0.3863729209
-0.3704655004
-0.3756007308
-0.3736678494
-0.3649465537
-0.3649387992
-0.3725696382
-0.3814860045
-0.3812640776
-0.372823324
-0.382571902
-0.4027080592
-0.3917080587
-0.3953045651
-0.3912044661
-0.3941329814
-0.3831468677
-0.3515024491
-0.3565748754
-0.3564011107
-0.3646088172
-0.3604509326
-0.3600223468
-0.365007349
-0.3748592142
-0.3820747481
-0.3878640878
-0.371277861
-0.3863736259
-0.3704687858
-0.3756021945
-0.3212064845
-0.3509382112
-0.3211553248
-0.350906114
-0.327497306
-0.3522488538
-0.362195994
-0.3206870109
-0.3274617825
-0.3522865164
-0.3622015007
-0.378003335
-0.3781886234
-0.3990707753
-0.3615762656
-0.3830522416
-0.36453775
-0.3589792739
-0.3808817425
-0.3990025112
-0.3847858294
-0.4272143665
-0.4562365664
-0.3856556841
-0.3847527628
-0.4272329541
-0.4561787909
-0.3840591082
-0.384362832
-0.3840061889
-0.39107982
-0.3894046905
-0.3884476491
-0.3914259767
-0.4302184799
-0.4359156548
-0.4867154536
-0.4219436021
-0.4301846818
-0.4359891692
-0.4866494905
-0.3878555846
-0.3886242638
-0.388610545
-0.3965230603
-0.3958020897
-0.3957029743
-0.3965904454
-0.4554249739
-0.438285013
-0.4365048501
-0.4289959481
-0.4349449677
-0.4353185393
-0.454798846
-0.4516487773
-0.4839257211
-0.5005145806
-0.4656744233
-0.4516737738
-0.4839217844
-0.5005169352
-0.4089997034
-0.4147324935
-0.4063009065
-0.4164233179
-0.4311758584
-0.425182473
-0.4237101366
-0.4330497326
-0.4395522038
-0.4445092002
-0.4474960079
-0.4330514895
-0.4395525464
-0.4445056492
-0.3758641554
-0.3646235038
-0.3779794101
-0.366071814
-0.363663604
-0.3767840554
-0.37663583
-0.3854937196
-0.3853198358
-0.384180588
-0.3843345718
-0.3815790363
-0.3822094245
-0.3815771022
-0.3801824669
-0.3806157741
-0.3800962052
-0.3805392771
-0.3780099979
-0.3666124863
-0.365874589
-0.3782072015
-0.3758723128
-0.3660756143
-0.3645924338
-0.378060864
-0.3636485875
-0.3767890617
-0.3766760966
-0.3855284528
-0.3853367048
-0.3841916646
-0.3843338
-0.382207524
-0.3817331672
-0.3816066642
-0.3802163271
-0.3808757553
-0.3801165129
-0.3806723803
-0.3861036153
-0.3847976109
-0.3836375896
-0.3922638429
-0.3825131291
-0.3919790319
-0.386158236
-0.3857722165
-0.3853180479
-0.4030543621
-0.4271995309
-0.3819634167
-0.4011489653
-0.3877402647
-0.3990850284
-0.3645282877
-0.3615956912
-0.3829441263
-0.3589869031
-0.3808255773
-0.3990122515
-0.3859943285
-0.3848687127
-0.3833377527
-0.392409295
-0.382370285
-0.3920569673
-0.3862930172
-0.3858217752
-0.4271995692
-0.3853911197
-0.4031306574
-0.3819891063
-0.4011808654
-0.3878604516
-0.4018329733
-0.395304222
-0.4190638455
-0.3920686033
-0.3932920365
-0.4200705202
-0.4027855437
-0.3862859764
-0.3845254299
-0.3842485094
-0.3920645082
-0.3945755503
-0.3944143139
-0.3925030794
-0.4020786277
-0.4152837498
-0.4052619551
-0.4184836148
-0.414166667
-0.4050223521
-0.4028346739
-0.3843169033
-0.384121941
-0.384009286
-0.3910823268
-0.3892606778
-0.3884633425
-0.3914111913
-0.4018433756
-0.3920764386
-0.3953192165
-0.4190731073
-0.3933135877
-0.4200706574
-0.4028019399
-0.3862813942
-0.3845322629
-0.3842505341
-0.3920591731
-0.394549167
-0.3944137211
-0.3924473673
-0.4020842332
-0.4184916036
-0.4153212351
-0.405304432
-0.4141679447
-0.4050300981
-0.4028469092
-0.407370395
-0.4065494283
-0.4210829378
-0.4183099514
-0.4061061624
-0.4207370343
-0.4075280501
-0.3821489812
-0.3868921358
-0.386786714
-0.389435991
-0.3895064933
-0.3945192276
-0.3945854501
-0.3996341972
-0.4118751524
-0.3995950126
-0.4048986745
-0.4179123651
-0.4173863513
-0.4051137178
-0.3878647204
-0.3886436028
-0.3886154879
-0.39652752
-0.3958473339
-0.3957071465
-0.3965981634
-0.4073749904
-0.4183076305
-0.4065569
-0.4211045516
-0.4061101721
-0.4207410061
-0.4075372424
-0.3821537975
-0.3868625206
-0.3867881638
-0.389500025
-0.3895136827
-0.3945204824
-0.3945893908
-0.4118858453
-0.3997454657
-0.3996077754
-0.404898524
-0.4179130472
-0.417383272
-0.4051177919
-0.4254385723
-0.4442472615
-0.4319420881
-0.4421587979
-0.4306586012
-0.4393243474
-0.4463776513
-0.4528820049
-0.4663776949
-0.4587967701
-0.4762997141
-0.46351896
-0.4524569563
-0.4570403001
-0.4554260471
-0.4289986834
-0.4382498671
-0.4365492146
-0.4349415477
-0.4353270665
-0.4548003225
-0.4254504752
-0.444245093
-0.4319486626
-0.4421520757
-0.4306581444
-0.4393209933
-0.4463746416
-0.4528845081
-0.4762971828
-0.4663806794
-0.4587534991
-0.4635261563
-0.4524543335
-0.4570378629
-0.4251350551
-0.4427884503
-0.4501364938
-0.4363769011
-0.4303970487
-0.4470575303
-0.4392247934
-0.401469316
-0.3937389522
-0.3980819398
-0.4070187993
-0.4125703124
-0.4025760028
-0.4162582987
-0.4130045574
-0.4353365706
-0.4272449725
-0.4253882212
-0.4298438129
-0.4080752286
-0.4310299468
-0.4147314503
-0.408998027
-0.406302135
-0.4164208387
-0.4311295232
-0.4251738777
-0.4236837131
-0.4251317518
-0.4363828676
-0.442823013
-0.4501286328
-0.4303981509
-0.4470548771
-0.439220626
-0.3937376364
-0.4014766263
-0.398079793
-0.4070213154
-0.4125737668
-0.4025756742
-0.4162876911
-0.4130053877
-0.4253882239
-0.4353757452
-0.4272480785
-0.4298484468
-0.4080751696
-0.4310406376
-0.3590858734
-0.3583375382
-0.3368943131
-0.33816714
-0.3591243476
-0.3583301327
-0.3368764189
-0.3381758068
-0.4279069888
-0.4576359745
-0.4339002142
-0.426020891
-0.4570547023
-0.4354712182
-0.4382738585
-0.4339063877
-0.4279745824
-0.457695054
-0.4260156956
-0.4570416393
-0.4354507714
-0.4382935405
-0.3536800771
-0.3522105262
-0.3504787946
-0.3564105331
-0.3563725414
-0.3575856537
-0.3379761078
-0.3355148349
-0.3330829314
-0.3352401589
-0.3341417715
-0.3342535546
-0.3321149937
-0.3296074181
-0.3270568605
-0.3411476731
-0.3400974361
-0.3403942792
-0.3536821703
-0.3522125158
-0.3504807664
-0.3564126103
-0.3563742509
-0.357587085
-0.3379768348
-0.3355154512
-0.3330835273
-0.3352363229
-0.3341377656
-0.334249316
-0.3321151298
-0.3296074939
-0.3270569869
-0.3411460009
-0.3400953266
-0.3403919134
)
;

boundaryField
{
    inlet
    {
        type            zeroGradient;
    }
    outlet
    {
        type            fixedValue;
        value           uniform 0;
    }
    topAndBottom
    {
        type            symmetry;
    }
    frontAndBack
    {
        type            empty;
    }
    cylinder
    {
        type            zeroGradient;
    }
    procBoundary1to0
    {
        type            processor;
        value           nonuniform List<scalar> 
116
(
-0.01936029839
-0.01973790595
-0.02050513979
-0.02168182838
-0.02330275313
-0.02541580697
-0.02808634599
-0.031401453
-0.035475491
-0.04045838505
-0.04654826283
-0.05400562086
-0.06318176527
-0.07455331307
-0.0887649275
-0.1066899553
-0.1297074764
-0.1595017262
-0.198173291
-0.3121870131
-0.2471342174
-0.2664869457
-0.2469831819
-0.2663679841
-0.3121350985
-0.3121870131
-0.3121870131
-0.3121870131
-0.3938765044
-0.3938117888
-0.3872932804
-0.3973481435
-0.3868733127
-0.3868733127
-0.3963669672
-0.3872932804
-0.3732036264
-0.3693836147
-0.3868512368
-0.3887837796
-0.3876790849
-0.3851369813
-0.3873099607
-0.3973625257
-0.3870405553
-0.3870405553
-0.39644155
-0.3873099607
-0.3868728531
-0.3888517909
-0.3877032243
-0.3851470901
-0.3732250517
-0.3693906345
-0.3936066504
-0.368395642
-0.3934764779
-0.3938500513
-0.3847993477
-0.3847993477
-0.3848757076
-0.3848757076
-0.3870216638
-0.3871851622
-0.3857912439
-0.3858542204
-0.3938429262
-0.3848041467
-0.3848041467
-0.3849170828
-0.3849170828
-0.3870116574
-0.3871800808
-0.385791446
-0.3858374114
-0.3548284854
-0.3121350985
-0.3121350985
-0.3121350985
-0.3548958704
-0.3658747197
-0.3805338226
-0.3665938402
-0.3665938402
-0.3665938402
-0.380703794
-0.3658747197
-0.3658747197
-0.3658747197
-0.393573213
-0.3895598034
-0.3895445976
-0.3805384679
-0.3677355147
-0.3807350681
-0.3935503247
-0.3895498615
-0.3895056402
-0.3361946988
-0.3529659545
-0.3346388093
-0.3529755969
-0.3362376093
-0.3346327202
-0.3732036264
-0.3743923657
-0.3758881775
-0.3732250517
-0.3744127751
-0.3759082956
-0.3693836147
-0.3690443341
-0.3674167257
-0.3693906345
-0.3690512326
-0.3674233731
)
;
    }
    procBoundary1to3
    {
        type            processor;
        value           nonuniform List<scalar> 
125
(
-0.4066680171
-0.3288081711
-0.2308265039
-0.1320718173
-0.04940414919
0.009985462896
0.04645336088
0.06473984855
0.0707194918
0.06934117003
0.06408471213
0.05716315622
0.04987174878
0.04290264766
0.03658406004
0.03104110963
0.02628939868
0.02228355576
0.01894293328
0.01616943481
0.01386320893
0.01193483979
0.01031114739
0.008934920605
0.007761779247
0.006756921674
0.005892652033
0.005146702073
0.004501004598
0.003940746802
0.003453648324
0.003029427177
0.002659408117
0.002336309721
0.002053892107
0.001806697787
0.001590047174
0.001399990332
0.001233133351
0.001086543675
0.0009576760335
0.0008443179269
0.0007445440664
0.0006566813785
0.0005792647366
0.000511018961
0.0004508269003
0.0003977069685
0.0003507952905
0.0003093332217
0.0002726573197
0.0002401874604
0.0002114147743
0.0001858920254
0.0001632245751
0.0001430630465
0.000125097691
0.0001090530605
9.468277755e-05
8.176493015e-05
7.009847349e-05
5.950017904e-05
4.980310806e-05
4.08515665e-05
3.251166893e-05
2.462364403e-05
1.71888224e-05
9.690646201e-06
4.157418687e-06
-0.3516868993
-0.3974761052
-0.4395614961
-0.3449161028
-0.3449077344
-0.383717525
-0.3516865383
-0.3837105923
-0.3448736101
-0.3414759616
-0.3412476646
-0.3448748949
-0.3414726869
-0.3412486479
-0.4317875532
-0.3974634663
-0.4317805072
-0.3515020326
-0.360449956
-0.3600200742
-0.3712758458
-0.3820747357
-0.3704672193
-0.3515046365
-0.3604572953
-0.360023922
-0.3820786878
-0.3712870404
-0.3704727807
-0.4445300443
-0.4395617381
-0.4445263356
-0.393743106
-0.4125755946
-0.4025808246
-0.4272509953
-0.4253954076
-0.4080814921
-0.3937428882
-0.4125804367
-0.4025810516
-0.4253954779
-0.4272546866
-0.4080816707
-0.3352457148
-0.3341475189
-0.3342594664
-0.3321201807
-0.3296127909
-0.3270623601
-0.3352429962
-0.3341447427
-0.3342565381
-0.3321207803
-0.3296133846
-0.3270630393
)
;
    }
}


// ************************************************************************* //
