/*--------------------------------*- C++ -*----------------------------------*\
| =========                 |                                                 |
| \\      /  F ield         | OpenFOAM: The Open Source CFD Toolbox           |
|  \\    /   O peration     | Version:                                        |
|   \\  /    A nd           | Website:  www.openfoam.com                      |
|    \\/     M anipulation  |                                                 |
\*---------------------------------------------------------------------------*/
FoamFile
{
    version     2.0;
    format      ascii;
    class       volScalarField;
    location    "6.6";
    object      p;
}
// * * * * * * * * * * * * * * * * * * * * * * * * * * * * * * * * * * * * * //

dimensions      [0 2 -2 0 0 0 0];


internalField   nonuniform List<scalar> 
2429
(
-0.03581722699
-0.03907499531
-0.04185860266
-0.0441371674
-0.04589253624
-0.04711995772
-0.04782762925
-0.04803658248
-0.04777742278
-0.04708922285
-0.04601828027
-0.04461602102
-0.04293678998
-0.04103446519
-0.03895997804
-0.03676459906
-0.03449763316
-0.03220223967
-0.02991485638
-0.02766592954
-0.02548042379
-0.02337808968
-0.02137380115
-0.01947807541
-0.01769763931
-0.01603598819
-0.01449392856
-0.01307007726
-0.01176134981
-0.01056338637
-0.009470886966
-0.008477896391
-0.007578064273
-0.006764862486
-0.006031749445
-0.005372295195
-0.004780276973
-0.004249752202
-0.003775104474
-0.003351063937
-0.002972718369
-0.002635531815
-0.002335322007
-0.002068445302
-0.001831400477
-0.001620822614
-0.001433887305
-0.001268036144
-0.001120950267
-0.0009905559288
-0.0008749957115
-0.0007725984872
-0.000681867142
-0.0006014693752
-0.0005302210767
-0.0004670630047
-0.0004110477713
-0.0003613271788
-0.0003171456362
-0.0002778338932
-0.0002428001175
-0.0002115137249
-0.0001834964314
-0.0001583167575
-0.0001355849403
-0.0001149447916
-9.607314274e-05
-7.867314566e-05
-6.249547863e-05
-4.723091887e-05
-3.290002488e-05
-1.843335752e-05
-8.082668473e-06
-0.03625400091
-0.03955017605
-0.04236069517
-0.04465416467
-0.04641246129
-0.04763120069
-0.04831902113
-0.04849876166
-0.04820247383
-0.0474708809
-0.04635203427
-0.04489874674
-0.04316744274
-0.04121412734
-0.03909218871
-0.0368541847
-0.03454890779
-0.03221936304
-0.02990235359
-0.02762857612
-0.02542291428
-0.02330480877
-0.02128872904
-0.01938474889
-0.01759913559
-0.01593491783
-0.01439245194
-0.01296994941
-0.01166395878
-0.01046978259
-0.009381821304
-0.008393871782
-0.007499385103
-0.006691670324
-0.005964053538
-0.005310002612
-0.004723219994
-0.004197707411
-0.003727804579
-0.003308211149
-0.002934004021
-0.002600652316
-0.002303992762
-0.002040403691
-0.001806236339
-0.001598248266
-0.001413689863
-0.001249998989
-0.001104858259
-0.0009762224454
-0.0008622522572
-0.0007612804205
-0.0006718198406
-0.0005925566661
-0.0005223252855
-0.0004600762986
-0.0004048740501
-0.0003558803816
-0.0003123474307
-0.0002736164943
-0.0002391050475
-0.0002082883725
-0.0001806937127
-0.0001558942483
-0.0001335050424
-0.0001131769238
-9.459189632e-05
-7.745940719e-05
-6.153313645e-05
-4.650548556e-05
-3.239915115e-05
-1.814860795e-05
-7.977469782e-06
-0.03713786017
-0.04051039659
-0.04337458766
-0.04569785659
-0.04746178046
-0.04866266301
-0.04931106394
-0.04943170094
-0.04905985093
-0.04824004359
-0.04702415174
-0.04546853201
-0.04363388725
-0.04157949463
-0.0393620236
-0.03703624105
-0.03465177465
-0.0322521729
-0.02987480588
-0.02755054037
-0.0253039492
-0.02315383547
-0.02111386381
-0.01919320105
-0.01739715846
-0.01572782748
-0.014184665
-0.01276503368
-0.01146470403
-0.01027829645
-0.009199630937
-0.008222013182
-0.007338482116
-0.006542008399
-0.005825650677
-0.00518266945
-0.004606603481
-0.004091332265
-0.003631115128
-0.003220604179
-0.002854855732
-0.002529338702
-0.002239898672
-0.001982895674
-0.001754695497
-0.001552159255
-0.001372526056
-0.001213266765
-0.001072118241
-0.0009470768802
-0.000836353988
-0.0007383003186
-0.0006514417995
-0.000574501756
-0.0005063485789
-0.0004459490402
-0.000392391151
-0.0003448614578
-0.0003026374931
-0.0002650893631
-0.0002316439508
-0.0002017825664
-0.0001750445632
-0.0001510139079
-0.0001293138079
-0.0001096083363
-9.159984994e-05
-7.5006577e-05
-5.958394943e-05
-4.503114151e-05
-3.137095429e-05
-1.757277672e-05
-7.727269281e-06
-0.03849015825
-0.04198025589
-0.04492690306
-0.04729558822
-0.04906742032
-0.05023975956
-0.05082586239
-0.05085409022
-0.05036452443
-0.04940718906
-0.04804030056
-0.04632787884
-0.0443354308
-0.04212605954
-0.03976221673
-0.03730188314
-0.03479642693
-0.03229057992
-0.02982231827
-0.02742244219
-0.02511489787
-0.0229174585
-0.02084249819
-0.01889775533
-0.0170870604
-0.01541103884
-0.01386774656
-0.01245325758
-0.01116218941
-0.009988143223
-0.008924053187
-0.007962477345
-0.0070958399
-0.006316614544
-0.005617463698
-0.004991336218
-0.004431531458
-0.003931769977
-0.00348620244
-0.003089398788
-0.002736385335
-0.002422659826
-0.002144083272
-0.001896982415
-0.001677731246
-0.001483329088
-0.001311084063
-0.001158489368
-0.00102335312
-0.0009037067962
-0.0007978058985
-0.0007040519512
-0.0006210420359
-0.0005475747262
-0.0004825408168
-0.0004249084869
-0.0003737876393
-0.0003283957976
-0.0002881133821
-0.0002523394815
-0.0002204893813
-0.0001920538914
-0.0001665962773
-0.0001437208464
-0.0001230624252
-0.0001042897616
-8.715171584e-05
-7.136867765e-05
-5.669656149e-05
-4.284899843e-05
-2.985042417e-05
-1.672177452e-05
-7.353869299e-06
-0.04034740536
-0.04399976715
-0.04705935164
-0.04948902829
-0.0512693901
-0.05239935394
-0.05289627687
-0.05279382544
-0.05213834671
-0.05098751628
-0.04941202841
-0.04748339719
-0.04527114824
-0.04284856589
-0.04028482263
-0.0376411652
-0.03497149349
-0.03232237744
-0.02973241849
-0.02723205358
-0.02484417233
-0.02258501636
-0.020465103
-0.01849012242
-0.01666180135
-0.01497871834
-0.01343701173
-0.01203100098
-0.01075373529
-0.009597441119
-0.008553872932
-0.00761460743
-0.006771265186
-0.006015658744
-0.005339936733
-0.004736655165
-0.004198803662
-0.003719929959
-0.003294045115
-0.002915588203
-0.002579566863
-0.002281569764
-0.002017447621
-0.001783472536
-0.001576112144
-0.00139252019
-0.001230001196
-0.001086139634
-0.000958953641
-0.0008464728905
-0.0007469252718
-0.0006586879963
-0.0005807050427
-0.0005118675852
-0.0004509951497
-0.0003970552962
-0.0003491878269
-0.0003066289574
-0.0002689667637
-0.0002355756689
-0.0002058454952
-0.0001792930683
-0.0001555213368
-0.0001341613558
-0.0001148818689
-9.737411658e-05
-8.138202095e-05
-6.664594435e-05
-5.294417673e-05
-4.001250886e-05
-2.787433066e-05
-1.561514665e-05
-6.866737689e-06
-0.04275958111
-0.04662391948
-0.0498295801
-0.05233614902
-0.05412375203
-0.05519361956
-0.05556872324
-0.05528992275
-0.05441068189
-0.053004269
-0.05115613585
-0.04893971118
-0.04643927922
-0.04374046858
-0.0409185891
-0.03803917805
-0.03515981784
-0.03232930276
-0.02958664409
-0.02696145355
-0.02447497982
-0.0221412399
-0.01996814194
-0.01795858116
-0.01611147844
-0.01442272013
-0.01288595071
-0.0114932257
-0.01023559316
-0.009103555349
-0.008087398307
-0.007177491277
-0.006364466863
-0.005639317451
-0.004993621964
-0.004419484875
-0.003909478185
-0.003457001661
-0.003055871153
-0.002700404664
-0.002385669066
-0.002107331286
-0.001861025078
-0.001643163595
-0.001450601888
-0.001280362974
-0.001129509925
-0.0009963533287
-0.0008791151895
-0.0007756482619
-0.0006840147421
-0.000602605087
-0.0005309980029
-0.000467992956
-0.0004122737244
-0.0003628927017
-0.0003191260072
-0.0002802872363
-0.0002458807454
-0.0002153397491
-0.0001881396745
-0.0001638520254
-0.0001421110265
-0.0001225876794
-0.0001049659679
-8.896959249e-05
-7.435376145e-05
-6.088472306e-05
-4.836311589e-05
-3.654806044e-05
-2.545976225e-05
-1.426218445e-05
-6.271182951e-06
-0.0457944472
-0.04992713234
-0.05331540982
-0.05591497034
-0.05770562758
-0.05869171623
-0.05890370082
-0.05839284779
-0.05722514686
-0.05549490933
-0.05329022247
-0.05070295061
-0.04783807574
-0.04479207065
-0.0416471465
-0.03847514315
-0.03533819468
-0.03228713832
-0.0293609019
-0.02658758876
-0.0239859666
-0.02156690106
-0.01933475024
-0.01728871782
-0.01542408746
-0.01373330536
-0.01220687844
-0.01083406548
-0.009603497245
-0.008503600549
-0.007522869331
-0.006650293555
-0.005875374654
-0.005188096838
-0.00457947575
-0.004041067859
-0.003564961165
-0.003144550968
-0.002772984408
-0.002444944277
-0.002155781582
-0.001900867433
-0.001675125155
-0.001476223634
-0.001301483756
-0.001147425847
-0.001010397007
-0.0008903226215
-0.0007851205845
-0.0006923700833
-0.0006103533983
-0.0005377423149
-0.0004737887808
-0.0004174233846
-0.0003675807917
-0.000323443905
-0.000284358968
-0.0002497283094
-0.0002190231119
-0.0001917565907
-0.0001674891838
-0.0001458384407
-0.000126469358
-0.0001090805113
-9.339311344e-05
-7.915563281e-05
-6.61446173e-05
-5.415842778e-05
-4.301881676e-05
-3.250891244e-05
-2.264583388e-05
-1.26860785e-05
-5.577954638e-06
-0.04954115758
-0.0540068605
-0.05761834356
-0.06032702094
-0.06211271236
-0.06298353968
-0.0629794919
-0.0621672658
-0.0606342684
-0.05849106154
-0.05583185064
-0.05278038366
-0.04946323879
-0.04598843926
-0.04244792392
-0.03892163492
-0.03547649713
-0.03216480458
-0.02902461916
-0.02608153948
-0.02335065696
-0.02083844243
-0.01854451246
-0.01646327308
-0.01458538036
-0.01289903756
-0.01139093308
-0.01004691096
-0.008852785836
-0.007794569175
-0.006858590287
-0.006032399694
-0.005304180774
-0.004662752121
-0.004098749709
-0.003602624633
-0.003166311734
-0.002783728552
-0.002445590149
-0.002149285709
-0.001890277134
-0.001662696249
-0.001460728553
-0.00128457437
-0.001131027363
-0.0009960925139
-0.0008768507655
-0.0007721190059
-0.0006802256167
-0.0005992993584
-0.0005278896952
-0.0004648704078
-0.0004093192739
-0.0003603449956
-0.0003171082742
-0.0002788921644
-0.000245092572
-0.0002151751898
-0.0001886595801
-0.0001651232435
-0.000144190125
-0.0001255268894
-0.000108839036
-9.386276094e-05
-8.035750776e-05
-6.810298031e-05
-5.690358172e-05
-4.658599904e-05
-3.700312927e-05
-2.796347529e-05
-1.947986802e-05
-1.09131053e-05
-4.798299862e-06
-0.05411526461
-0.05898890126
-0.0628688354
-0.0657022467
-0.06746903762
-0.06818158812
-0.06789552648
-0.06670428025
-0.0647137494
-0.0620318657
-0.05879994572
-0.05517636445
-0.05130451631
-0.04730706356
-0.0432898399
-0.03934223562
-0.03553558767
-0.03192269773
-0.02853951117
-0.02540763204
-0.02253684956
-0.01992760925
-0.01757329731
-0.0154621856
-0.01357910682
-0.01190715962
-0.0104284774
-0.009124746361
-0.007978689876
-0.006973498547
-0.006092980607
-0.005323467188
-0.004651009267
-0.00406356203
-0.003551823955
-0.003103638087
-0.002712990187
-0.002373121783
-0.002075013745
-0.001816325747
-0.001592393584
-0.001397035087
-0.001225316357
-0.001075537658
-0.0009449897344
-0.0008306255008
-0.000730122512
-0.0006419032101
-0.0005645589183
-0.0004966608764
-0.0004369542691
-0.0003844121523
-0.0003381634369
-0.0002974466147
-0.0002615679751
-0.0002299117658
-0.0002019487805
-0.0001772198511
-0.0001553195732
-0.0001358924213
-0.0001186254198
-0.0001032419696
-8.949641241e-05
-7.716763442e-05
-6.605510134e-05
-5.597673935e-05
-4.676828874e-05
-3.828342895e-05
-3.040628763e-05
-2.297864159e-05
-1.600819732e-05
-8.969108028e-06
-3.943115896e-06
-0.05966611531
-0.06503456288
-0.06923282142
-0.0722039917
-0.07392723094
-0.07443077845
-0.07380116603
-0.07212766131
-0.06952785664
-0.06616214485
-0.06222340838
-0.05789692735
-0.05334687464
-0.04871764297
-0.04413238655
-0.03969026568
-0.03546603686
-0.03151157258
-0.02785878793
-0.0245230242
-0.02150651805
-0.01880159974
-0.01639363296
-0.01426309005
-0.01238747677
-0.01074398576
-0.009309325053
-0.008060235384
-0.006976459628
-0.006037100428
-0.005223600025
-0.004521704583
-0.003913378901
-0.003388854116
-0.002937923766
-0.002545412368
-0.002209136754
-0.001921522854
-0.001672430936
-0.001457214359
-0.001271516271
-0.001110609598
-0.0009706839607
-0.0008489905576
-0.0007432581236
-0.0006512203145
-0.0005709022366
-0.0005007295112
-0.0004394262383
-0.0003858245508
-0.0003388724945
-0.0002976860042
-0.0002615278026
-0.000229766541
-0.0002018406521
-0.0001772524378
-0.0001555713079
-0.000136425801
-0.0001194920859
-0.0001044877206
-9.116643137e-05
-7.931164108e-05
-6.873012085e-05
-5.924722569e-05
-5.070481401e-05
-4.296145327e-05
-3.589218481e-05
-2.938197246e-05
-2.333261812e-05
-1.763250757e-05
-1.228588866e-05
-6.885403505e-06
-3.025902502e-06
-0.06638755312
-0.07235110817
-0.07692206488
-0.080041523
-0.0816951638
-0.08193430114
-0.08084221542
-0.07853505824
-0.07516239265
-0.07094874236
-0.06613530298
-0.06094174957
-0.0555648068
-0.05017721657
-0.04492111313
-0.03990496137
-0.03520532533
-0.03087069496
-0.02692594094
-0.02337693014
-0.02021538286
-0.0174228469
-0.01497460771
-0.01284127808
-0.01099115292
-0.009395021986
-0.008022268363
-0.006844479623
-0.005839120469
-0.004978323912
-0.004245305819
-0.003623961625
-0.003091249178
-0.002642233396
-0.002264686167
-0.001942808516
-0.001669566836
-0.001437979616
-0.001240473289
-0.00107159447
-0.0009272724639
-0.0008037560512
-0.0006978040182
-0.0006065689685
-0.0005280070932
-0.0004602676668
-0.0004016839289
-0.0003508893282
-0.0003067960706
-0.0002684720946
-0.0002350960028
-0.0002059728158
-0.0001805264259
-0.0001582691068
-0.000138775711
-0.0001216738992
-0.0001066418917
-9.340361737e-05
-8.172182403e-05
-7.139257583e-05
-6.224007049e-05
-5.411042661e-05
-4.686608481e-05
-4.038264047e-05
-3.454829145e-05
-2.926444693e-05
-2.444520184e-05
-2.001044667e-05
-1.589020984e-05
-1.200970077e-05
-8.370262867e-06
-4.693339473e-06
-2.060503836e-06
-0.07452917897
-0.08120300244
-0.08620592026
-0.08947610911
-0.09101506887
-0.09090791082
-0.08922629648
-0.08609423809
-0.08174150727
-0.07646696686
-0.0705641963
-0.06430103821
-0.05791942781
-0.05162617667
-0.04558339337
-0.03990752592
-0.03467423119
-0.02992492993
-0.02567272012
-0.02190948737
-0.01861258044
-0.01574919638
-0.0132818768
-0.01116862671
-0.009367123443
-0.007841499606
-0.006549850931
-0.005464149222
-0.0045576615
-0.003793047719
-0.003159635467
-0.002638217836
-0.002203910371
-0.001843949371
-0.001546443039
-0.001299246378
-0.001093583492
-0.0009227607067
-0.0007806771587
-0.0006621211355
-0.000563079803
-0.000480214209
-0.0004106704329
-0.0003520479416
-0.0003024982408
-0.0002605464645
-0.0002249030722
-0.0001945060924
-0.0001685150678
-0.0001462416149
-0.0001271021412
-0.0001106091084
-9.636279366e-05
-8.403196276e-05
-7.333574237e-05
-6.403350135e-05
-5.592029787e-05
-4.882334943e-05
-4.259791987e-05
-3.712294214e-05
-3.22961808e-05
-2.80290667e-05
-2.424258127e-05
-2.086556287e-05
-1.783502214e-05
-1.509672203e-05
-1.260418681e-05
-1.031565699e-05
-8.192979682e-06
-6.195657178e-06
-4.321451035e-06
-2.426385292e-06
-1.061982815e-06
-0.08441671367
-0.09192665306
-0.09742113812
-0.1008514723
-0.102246717
-0.1016540867
-0.09918524095
-0.09499737625
-0.08940867764
-0.08279998023
-0.07553644061
-0.06795486711
-0.06035566128
-0.05298514316
-0.0460262908
-0.03960026483
-0.03377651021
-0.02858448379
-0.02401889897
-0.02005189649
-0.01664142656
-0.01373514054
-0.01127782942
-0.009210949832
-0.007488803027
-0.006064623861
-0.0048812176
-0.003917788594
-0.003140732549
-0.002505579622
-0.001992383723
-0.001582872403
-0.001255025712
-0.000992172288
-0.0007826316701
-0.000616370735
-0.0004846865993
-0.0003807280178
-0.0002989010773
-0.0002345492537
-0.0001840055243
-0.0001443902949
-0.0001133018172
-8.891045502e-05
-6.977339848e-05
-5.478629141e-05
-4.304953395e-05
-3.384654132e-05
-2.662763378e-05
-2.096912434e-05
-1.65353255e-05
-1.305998236e-05
-1.033576778e-05
-8.201725482e-06
-6.530691976e-06
-5.220570753e-06
-4.189693952e-06
-3.374296643e-06
-2.72620968e-06
-2.209931307e-06
-1.798983993e-06
-1.47220793e-06
-1.211270402e-06
-1.000251622e-06
-8.264282421e-07
-6.810273151e-07
-5.581986327e-07
-4.535774546e-07
-3.636154938e-07
-2.815405963e-07
-2.023110501e-07
-1.19534101e-07
-4.588853964e-08
-0.09647869982
-0.1049569318
-0.1109937513
-0.1145762249
-0.1157788095
-0.11456808
-0.1110552848
-0.1055052672
-0.09834400688
-0.09004429697
-0.08107117296
-0.07185948972
-0.06278367778
-0.05413416384
-0.04611609088
-0.03884835311
-0.03238404277
-0.02673198241
-0.02186145798
-0.01771763016
-0.01423261874
-0.01132914699
-0.008926420223
-0.006944940416
-0.005347804659
-0.004070519867
-0.003046917817
-0.002240776131
-0.001613970835
-0.001120215979
-0.0007402022609
-0.0004566384815
-0.0002465036187
-9.153956376e-05
2.003247664e-05
9.743591485e-05
0.0001488189853
0.0001807521754
0.000198265504
0.0002052687483
0.0002047906002
0.0001991198816
0.0001901343093
0.0001790131203
0.0001667054915
0.0001539024382
0.0001410902906
0.0001286040577
0.0001166628194
0.0001053994386
9.488749382e-05
8.515950047e-05
7.621754838e-05
6.804180067e-05
6.059855853e-05
5.384648759e-05
4.774001064e-05
4.223058328e-05
3.726735358e-05
3.279847742e-05
2.877315597e-05
2.514370777e-05
2.186642329e-05
1.890095235e-05
1.620916689e-05
1.375431777e-05
1.150149875e-05
9.417895433e-06
7.473485489e-06
5.639495505e-06
3.922631423e-06
2.191048512e-06
9.718013924e-07
-0.11126659
-0.1208392025
-0.1274786574
-0.1312472972
-0.132132672
-0.1300991306
-0.1252512889
-0.117961491
-0.1087861775
-0.09833052264
-0.08720265332
-0.07597277446
-0.06510618969
-0.05493934227
-0.04569893717
-0.03749450503
-0.03034980847
-0.02423644993
-0.01909024799
-0.01481776057
-0.01131527378
-0.008474136888
-0.006192477236
-0.004378482886
-0.002965414871
-0.001869183125
-0.001033518199
-0.0004135068867
3.858741565e-05
0.0003698066644
0.0005941849266
0.000733092043
0.0008114975526
0.0008472523113
0.000851561147
0.0008329110982
0.000798536716
0.0007541670181
0.0007039921651
0.0006510516504
0.0005975714882
0.0005451314838
0.0004949654813
0.0004475322129
0.0004032218688
0.0003622411145
0.0003246223338
0.0002902881684
0.0002590980433
0.0002308723608
0.0002054094439
0.000182498674
0.0001619285327
0.000143491567
0.0001269885414
0.0001122316865
9.904609659e-05
8.726934394e-05
7.675051484e-05
6.734970386e-05
5.893828412e-05
5.13992143e-05
4.462642131e-05
3.85234674e-05
3.300180978e-05
2.797977433e-05
2.338255349e-05
1.914140857e-05
1.519495927e-05
1.147411677e-05
7.987605298e-06
4.468182619e-06
1.974769384e-06
-0.1294838583
-0.1402282667
-0.1474968973
-0.1514792619
-0.1519909919
-0.1488844749
-0.142303627
-0.1327618934
-0.1209679641
-0.1077284493
-0.09386109121
-0.08011948117
-0.06708255195
-0.05513661012
-0.04451514238
-0.03530204291
-0.0274712331
-0.02093811355
-0.01558150497
-0.01125718651
-0.007819131004
-0.005116515213
-0.00302973902
-0.001450256699
-0.0002763236462
0.000588998235
0.001190069976
0.001582047832
0.001820495527
0.001949709881
0.001992592026
0.001970695987
0.001905122653
0.001811561961
0.001700507303
0.001579605804
0.001454852974
0.001330732769
0.00121032734
0.001095647091
0.0009879675296
0.0008880482153
0.0007962091451
0.0007122448092
0.0006359047474
0.0005668285953
0.0005045544519
0.0004485708866
0.0003983587559
0.0003534102601
0.0003132382291
0.0002773824916
0.0002454132143
0.000216931927
0.0001915719485
0.0001689984302
0.0001489072279
0.0001310224977
0.0001150938577
0.0001008939765
8.821697925e-05
7.687703237e-05
6.670665956e-05
5.755473503e-05
4.928427247e-05
4.177016906e-05
3.489656219e-05
2.856290668e-05
2.26771534e-05
1.712921431e-05
1.192774712e-05
6.675285019e-06
2.946880216e-06
-0.1521653703
-0.1640380007
-0.1719837309
-0.1761167449
-0.1761608041
-0.1717712126
-0.1630790441
-0.1506687008
-0.1354486998
-0.1185633857
-0.1011625249
-0.0842520924
-0.06855317062
-0.05450340026
-0.04232817304
-0.03205059153
-0.02355231037
-0.01665986695
-0.01118309439
-0.006918666815
-0.003660471198
-0.0012049071
0.0005870150201
0.00184928521
0.002704717396
0.003254879639
0.003563906903
0.003690427921
0.003686782053
0.003593218194
0.003437298749
0.003239900969
0.003018489353
0.00278651391
0.002553319916
0.002325253875
0.002106695946
0.001900548027
0.001708501339
0.001531325528
0.001369185522
0.001221892617
0.001088659162
0.000968594823
0.0008607597344
0.000764169704
0.0006778317724
0.0006007815846
0.0005321094656
0.0004709706126
0.0004165871115
0.0003682470632
0.0003253018969
0.0002871627693
0.000253297126
0.000223225309
0.0001965165286
0.0001727840821
0.0001516803731
0.0001328926429
0.0001161396021
0.0001011686483
8.775322187e-05
7.569003329e-05
6.479629872e-05
5.490579872e-05
4.586825239e-05
3.753762404e-05
2.980364415e-05
2.251424034e-05
1.567917457e-05
8.776450138e-06
3.872352675e-06
-0.1804810502
-0.1932452551
-0.2018712501
-0.2063637572
-0.2057737504
-0.1997044221
-0.1882415102
-0.1720406654
-0.1523074289
-0.1306702047
-0.1087420756
-0.08789743265
-0.06903391212
-0.05259032942
-0.03872155061
-0.02736842501
-0.01829893718
-0.01121066116
-0.005780345105
-0.00174141424
0.001178785206
0.00323292274
0.004608685051
0.005462671234
0.005926543024
0.006104938591
0.00607536332
0.005897991345
0.005621304079
0.005282734262
0.004909632318
0.004521539556
0.004133083713
0.003755047733
0.003394628465
0.003056133125
0.002741888711
0.002452879413
0.002189109909
0.001949877622
0.001734080406
0.001540413452
0.001366935702
0.001211932373
0.001073750881
0.0009507603787
0.0008414126895
0.0007442775896
0.0006580507722
0.000581550249
0.0005137092267
0.0004535674979
0.0004002621971
0.00035301916
0.0003111452778
0.0002740214154
0.000241095217
0.0002118736591
0.0001859158921
0.0001628272689
0.0001422544852
0.0001238816972
0.0001074269058
9.263815106e-05
7.928945194e-05
6.717482131e-05
5.610807708e-05
4.591893248e-05
3.645958654e-05
2.754277372e-05
1.918163343e-05
1.073776168e-05
4.736255411e-06
-0.2154473493
-0.2287777021
-0.2380092114
-0.2432590844
-0.243103177
-0.2356630732
-0.2206801536
-0.1991369753
-0.1730071474
-0.1447967481
-0.116829188
-0.09087980668
-0.06808129848
-0.04887266827
-0.03324307583
-0.02089167353
-0.01143215312
-0.004381090883
0.0007428631126
0.004331658016
0.006729457698
0.00822879504
0.009058510074
0.009396287486
0.009381822233
0.009123271607
0.008701841933
0.008177384281
0.007594874
0.006987940186
0.006380688147
0.005789616507
0.005225903887
0.004696856839
0.004206580738
0.003756644962
0.003346873849
0.002975994005
0.002642039732
0.002342616292
0.002075213874
0.001837226134
0.001625540045
0.001437557447
0.001270854534
0.001123141514
0.0009923154997
0.0008764836689
0.0007739539369
0.0006832164688
0.0006029256479
0.0005318830346
0.0004690215269
0.0004133914301
0.0003641483427
0.0003205420869
0.0002819062044
0.0002476479011
0.0002172389438
0.0001902082025
0.0001661355182
0.0001446466691
0.0001254093657
0.0001081265703
9.253051463e-05
7.838115043e-05
6.546382811e-05
5.357555141e-05
4.253800312e-05
3.213387219e-05
2.237873275e-05
1.252747509e-05
5.524603884e-06
-0.2594135971
-0.271624339
-0.2828306678
-0.2870522829
-0.2868813138
-0.2791003901
-0.2603429862
-0.2320016817
-0.1974379564
-0.1605798934
-0.1248016403
-0.09253707277
-0.06504827025
-0.04277886906
-0.02542363354
-0.01232417124
-0.002774070924
0.003945031799
0.008479575656
0.01135937362
0.01301091016
0.0137730649
0.01390683504
0.01360778704
0.01302173792
0.01225670861
0.01139109282
0.01048048533
0.009564173451
0.008669699238
0.007815604524
0.007013538413
0.006270156158
0.005588494223
0.004968811651
0.004409285901
0.003906737159
0.003457258622
0.003056630481
0.002700619665
0.002385177837
0.002106009659
0.001859114044
0.001640929119
0.001448210995
0.001278017788
0.001127715581
0.0009949711454
0.0008777250292
0.0007741593548
0.0006826683671
0.0006018326816
0.0005303969111
0.0004672503794
0.0004114103209
0.0003620068176
0.00031826916
0.0002795135202
0.0002451320933
0.0002145845774
0.0001873910113
0.0001631249427
0.0001414078852
0.0001219036801
0.000104307287
8.8350632e-05
7.37880662e-05
6.038487725e-05
4.794164741e-05
3.621424941e-05
2.521918022e-05
1.411675712e-05
6.224711126e-06
-0.3057803697
-0.3390475946
-0.3494395177
-0.350045218
-0.3380549635
-0.3126322176
-0.2743736312
-0.2272912453
-0.178137646
-0.1317872548
-0.09158844499
-0.05875602476
-0.03333251841
-0.01448882672
-0.001062275715
0.008099453183
0.01402272291
0.01756022687
0.0193845134
0.02000803317
0.01981448442
0.01908600312
0.01802538616
0.01677619502
0.01543892013
0.01408258933
0.01275335816
0.01148128246
0.01028526236
0.009176283604
0.008159586904
0.007236233114
0.006404208054
0.005659203689
0.004995319661
0.004405794458
0.003883654306
0.003422126347
0.003014987383
0.00265645868
0.002340683053
0.002062612576
0.001817793274
0.00160221772
0.001412329214
0.001245002752
0.001097504291
0.0009674424755
0.0008527225646
0.0007515062581
0.0006621776782
0.0005833146772
0.0005136643641
0.0004521218706
0.0003977115714
0.0003495707151
0.0003069357675
0.0002691299105
0.0002355522905
0.0002056702728
0.0001790134248
0.0001551626782
0.0001337447276
0.0001144326603
9.692428265e-05
8.094392651e-05
6.623633638e-05
5.258397771e-05
3.971825328e-05
2.76569956e-05
1.547987547e-05
6.825262261e-06
-0.3343422996
-0.3482775626
-0.3951144437
-0.4007717383
-0.3925919095
-0.3656924878
-0.3187837819
-0.2584622021
-0.195417266
-0.1370333789
-0.08774089845
-0.04899812542
-0.02037301237
-0.0003481386139
0.01291735608
0.02113973471
0.02574221444
0.02783285412
0.02823711387
0.02754939562
0.02618841403
0.02444400049
0.02251263879
0.02052457858
0.01856417754
0.01668432286
0.01491644118
0.01327761414
0.01177557256
0.01041196886
0.009184355055
0.00808730524
0.007113070581
0.006252112266
0.005493772703
0.004827101743
0.004241610485
0.00372771362
0.003277080392
0.002882094864
0.002535536757
0.002231363594
0.001964289218
0.001729646483
0.001523354203
0.001341868376
0.001182114626
0.001041420725
0.000917457945
0.0008081919072
0.0007118414839
0.0006268443671
0.0005518278987
0.0004855843492
0.0004270495701
0.0003752835316
0.0003294550392
0.0002888313089
0.0002527632707
0.0002206723974
0.0001920500007
0.000166447931
0.0001434663683
0.0001227460164
0.0001039603776
8.681498711e-05
7.103634278e-05
5.63904168e-05
4.258930408e-05
2.965293999e-05
1.659505428e-05
7.31669043e-06
-0.3460130362
-0.3646294958
-0.4145841014
-0.4220027621
-0.4148130331
-0.3869789792
-0.335560556
-0.268955837
-0.1980739666
-0.1321769819
-0.07684712592
-0.03423934951
-0.003842117905
0.01633037958
0.02867131283
0.03537537011
0.03821857022
0.03853758199
0.03728744005
0.03512409342
0.03248489842
0.02965390381
0.02681002315
0.02406149949
0.02147017298
0.01906804386
0.01686828857
0.01487265208
0.01307630951
0.01147087176
0.01004589768
0.008789341608
0.007687542839
0.006725377298
0.005886930128
0.005156568207
0.004519930962
0.003964548778
0.003479852152
0.003056362917
0.002685889078
0.002361495106
0.002077188389
0.001827781932
0.001608793199
0.001416356055
0.001247132348
0.001098230856
0.0009671397821
0.0008516715098
0.0007499161795
0.0006602022343
0.0005810631375
0.0005112100417
0.000449509512
0.0003949631304
0.0003466874877
0.0003039040535
0.000265925533
0.0002321449859
0.0002020237942
0.0001750853224
0.0001509059206
0.0001291056844
0.000109342134
9.130508211e-05
7.470563891e-05
5.929779198e-05
4.477996357e-05
3.117424396e-05
1.744406983e-05
7.69095351e-06
-0.3487435856
-0.3694796727
-0.4016140033
-0.4247012075
-0.4147379217
-0.3859064261
-0.3293364274
-0.260873167
-0.1870670121
-0.1185733237
-0.06119104745
-0.01763918463
0.01266990866
0.03195797065
0.04290037198
0.0479475906
0.04907576873
0.04775512333
0.04501533484
0.0415445006
0.03778465341
0.03400851893
0.03037599653
0.02697385806
0.02384287228
0.02099586634
0.01842945083
0.01613178066
0.01408719324
0.01227893876
0.01069007269
0.00930311178
0.008099316628
0.007058486688
0.006159729594
0.005382909316
0.004709969655
0.004125834845
0.003617776055
0.003174907479
0.002788201325
0.00245007214
0.002154042809
0.001894573789
0.001666918456
0.001467001323
0.001291311055
0.001136809367
0.001000858848
0.0008811658794
0.0007757319438
0.0006828105737
0.0006008708458
0.0005285679062
0.0004647186723
0.0004082831493
0.0003583476306
0.0003141033163
0.0002748348623
0.000239912037
0.0002087761118
0.0001809320595
0.0001559409796
0.0001334100421
0.0001129841643
9.434175314e-05
7.718425697e-05
6.125851766e-05
4.62545129e-05
3.219633801e-05
1.801366663e-05
7.942491205e-06
-0.339737998
-0.3613253189
-0.3875648833
-0.4031095326
-0.3931529924
-0.3624285547
-0.3095142148
-0.2423033051
-0.1706086983
-0.1040920392
-0.0476559495
-0.005512201295
0.02360804558
0.04173424584
0.05151007808
0.05541923776
0.05547661581
0.05317986412
0.04957341321
0.0453487432
0.04094315544
0.03661988194
0.03252713499
0.02873950811
0.02528614544
0.02216945439
0.01937702995
0.01689038589
0.01468873863
0.0127515902
0.01105899669
0.009590566317
0.008324352915
0.007236637057
0.006302984631
0.005500083582
0.004807377446
0.00420798719
0.003687717096
0.003234869465
0.00283990517
0.002494831989
0.002192891826
0.00192834822
0.00169631321
0.001492605912
0.001313632458
0.001156285668
0.001017867655
0.0008960314424
0.0007887327486
0.0006941866426
0.0006108298347
0.0005372896927
0.0004723598913
0.0004149795094
0.0003642139108
0.000319237152
0.0002793207473
0.0002438229885
0.0002121768962
0.0001838793019
0.0001584824975
0.0001355853432
0.0001148252762
9.587484855e-05
7.843136131e-05
6.223946256e-05
4.698675941e-05
3.269983804e-05
1.829219017e-05
8.066238611e-06
-0.3482817999
-0.3433711265
-0.3482257592
-0.3433738649
-0.3371163181
-0.3248009141
-0.3371443333
-0.3247909695
-0.3454966137
-0.3475056956
-0.3454322496
-0.3474549774
-0.353880966
-0.3531266331
-0.3384937957
-0.3367073632
-0.3541609638
-0.3284428157
-0.3445916765
-0.3397872572
-0.354105417
-0.3284393647
-0.3445812058
-0.347874307
-0.3497488628
-0.3504947936
-0.3478619916
-0.3538919621
-0.3531822124
-0.3478871575
-0.3497676806
-0.3505033143
-0.3478984598
-0.3343559234
-0.3372299359
-0.3357767798
-0.3328269779
-0.3357335063
-0.3330705129
-0.3338255827
-0.3266316407
-0.3249437368
-0.3277036302
-0.3228305554
-0.3277779428
-0.3225942865
-0.3267892689
-0.3385153864
-0.3367140288
-0.3343586708
-0.3372338966
-0.3357816998
-0.3328151194
-0.3357377775
-0.3330718723
-0.3338282211
-0.3266329815
-0.3249441866
-0.3276933376
-0.3228258319
-0.327779381
-0.3225946179
-0.3267888916
-0.3349442727
-0.3452082596
-0.3350208763
-0.3453010074
-0.3470762868
-0.3470686087
-0.3740815928
-0.3343327705
-0.3471077899
-0.3468523668
-0.3741035959
-0.3503981577
-0.3503480937
-0.3472824456
-0.3482607699
-0.3635862194
-0.345835528
-0.3473468006
-0.3481611359
-0.3636386171
-0.3631019209
-0.3446204063
-0.3583646668
-0.3488040455
-0.3630462696
-0.3446356073
-0.3584458127
-0.3888329937
-0.365937599
-0.3991114243
-0.3694390156
-0.3888498066
-0.3660175887
-0.3990702591
-0.3398128405
-0.335193045
-0.3352348444
-0.3387331934
-0.3432826736
-0.343149275
-0.3388570462
-0.3791981499
-0.3521866941
-0.3761264891
-0.3612625661
-0.37924608
-0.352174348
-0.3761189713
-0.349536692
-0.3481648485
-0.3494710822
-0.3479173064
-0.3494916716
-0.348015565
-0.3492938546
-0.3471101489
-0.3435958589
-0.3463850374
-0.345097008
-0.3463305193
-0.3458023177
-0.3469753163
-0.349547555
-0.3481662548
-0.3494782277
-0.3479584963
-0.3495009481
-0.3480252584
-0.3493225265
-0.347118553
-0.3436005411
-0.3463725836
-0.3451344357
-0.3463352575
-0.3458111575
-0.3469974907
-0.3473621345
-0.3464297729
-0.3457239689
-0.3452760531
-0.3463666927
-0.3457243177
-0.3473510049
-0.3473999382
-0.3487978088
-0.3490651659
-0.3482120698
-0.3460570387
-0.3460795246
-0.3481475031
-0.350474696
-0.3503623524
-0.3473675492
-0.3452623995
-0.3464724027
-0.3457319283
-0.3463721357
-0.3457234611
-0.3473703155
-0.3473991437
-0.348928628
-0.3490767275
-0.3482168912
-0.3461167029
-0.3460847278
-0.3481868399
-0.3434863503
-0.3481057708
-0.3499453975
-0.3533747646
-0.3477444676
-0.3492495666
-0.3438264433
-0.328421158
-0.3309018338
-0.3308537618
-0.3347937241
-0.3327835686
-0.3325760841
-0.3350062845
-0.3397838583
-0.3464846575
-0.3381560025
-0.3436458177
-0.3456120877
-0.3377167983
-0.3401992664
-0.3398170439
-0.3351865279
-0.3352364932
-0.3387370731
-0.3432886641
-0.3431514419
-0.338868958
-0.3434902462
-0.3533744141
-0.3480822105
-0.349971345
-0.3477461209
-0.3492551737
-0.343831773
-0.3284225963
-0.3308892171
-0.3308555304
-0.3347951741
-0.3327854717
-0.3325779608
-0.3350005044
-0.3397853765
-0.3436479576
-0.3464834819
-0.3381601242
-0.3456129834
-0.3377196291
-0.3402008107
-0.3046512113
-0.3270328466
-0.3046035983
-0.3270020657
-0.3082876644
-0.3299786072
-0.3452019465
-0.3057898166
-0.3082591487
-0.330011816
-0.34520548
-0.3448852069
-0.3450378407
-0.362506216
-0.3265304103
-0.3473091935
-0.332541715
-0.3236306195
-0.3454427228
-0.3620314038
-0.343310278
-0.3729538596
-0.4039121501
-0.3483075663
-0.3432853046
-0.3729858403
-0.4038753992
-0.3459351093
-0.3455826552
-0.3459200954
-0.348971498
-0.3474128384
-0.3465486872
-0.349264195
-0.3702032123
-0.3737173182
-0.4078592382
-0.3646057475
-0.3701578089
-0.3737812661
-0.4078015076
-0.3487522072
-0.3489524833
-0.3489534236
-0.351985836
-0.3517919266
-0.3517216389
-0.3520375362
-0.3847722204
-0.3724306414
-0.372323434
-0.367166642
-0.3696902865
-0.3711991083
-0.3843942802
-0.3986766002
-0.4077006542
-0.4267323091
-0.4016738666
-0.398617583
-0.4077097038
-0.4267283618
-0.357444536
-0.3596442915
-0.3557413435
-0.3617531018
-0.3696877792
-0.3656130924
-0.3663802179
-0.3908068753
-0.3851604714
-0.4006593885
-0.3875692192
-0.3908022407
-0.3851610958
-0.4006572005
-0.3423610327
-0.3339517037
-0.3432347294
-0.3340194515
-0.3329949453
-0.3421594838
-0.3430348802
-0.35020169
-0.3500229764
-0.3491493685
-0.3493015019
-0.3459239839
-0.3451113521
-0.3459082551
-0.3447338987
-0.3439828316
-0.3434544651
-0.3450932536
-0.344891563
-0.336681702
-0.3359006863
-0.3450555242
-0.3423668255
-0.3340227467
-0.3339209176
-0.3433088228
-0.3329793869
-0.3421623984
-0.3430692108
-0.350226994
-0.3500363082
-0.3491589789
-0.3492980376
-0.3451082236
-0.3460589189
-0.3459320548
-0.3447622807
-0.3442207629
-0.3434706636
-0.3452096802
-0.346751552
-0.345150005
-0.3454372607
-0.3499010029
-0.3443272976
-0.3496531966
-0.3465331742
-0.3445152327
-0.3427520257
-0.3567898821
-0.3747182586
-0.339817326
-0.3552097007
-0.3463531388
-0.3625249528
-0.332532444
-0.3265504775
-0.3472119921
-0.3236382945
-0.3453898706
-0.3620550425
-0.3466546899
-0.3452124406
-0.3451761772
-0.3500511916
-0.3441975319
-0.3497304137
-0.346650918
-0.3445567581
-0.374726049
-0.3428126292
-0.3568750241
-0.3398394014
-0.3552443027
-0.3464536243
-0.3547999684
-0.3497367777
-0.3658428846
-0.3446764878
-0.3478623397
-0.3667176343
-0.3556132533
-0.3479653384
-0.3466255657
-0.3464238525
-0.3497176972
-0.3514133392
-0.3512892189
-0.3500833503
-0.3543827312
-0.3616773929
-0.3563073283
-0.3630938497
-0.3607047222
-0.3561013231
-0.3550421457
-0.3455417028
-0.3459905742
-0.3459225442
-0.348974005
-0.3472706272
-0.3465621198
-0.3492483005
-0.3548083272
-0.3446796249
-0.3497393848
-0.3658433323
-0.3478793432
-0.3667151382
-0.3556229973
-0.3479617894
-0.346631576
-0.3464257348
-0.3497128852
-0.3513878853
-0.3512883502
-0.3500317922
-0.3543867292
-0.3631002641
-0.3617087933
-0.3563432357
-0.36070471
-0.3561072171
-0.3550500733
-0.3568184299
-0.3566066833
-0.3638543844
-0.362115923
-0.3562302666
-0.3635992633
-0.3569649149
-0.3447153224
-0.3476131458
-0.3475198715
-0.3475773947
-0.3476448008
-0.350520706
-0.3505871344
-0.3521441281
-0.3580792969
-0.3521344979
-0.3550816751
-0.3615533737
-0.3611098426
-0.3552745781
-0.3487606447
-0.3489701604
-0.3489583515
-0.3519899677
-0.35183305
-0.3517254328
-0.3520455984
-0.3568230889
-0.3621146462
-0.3566140592
-0.3638781729
-0.3562340228
-0.3636036076
-0.3569748912
-0.3447201573
-0.3475874392
-0.3475219972
-0.3476359807
-0.3476513532
-0.3505225628
-0.3505927703
-0.3580886984
-0.3522434767
-0.3521452622
-0.3550817651
-0.3615568843
-0.3611077335
-0.3552803597
-0.3650992735
-0.3757753747
-0.3689915002
-0.3752977696
-0.3678759699
-0.3729320282
-0.3777140718
-0.3812040093
-0.3906436193
-0.3863449859
-0.396985343
-0.3876516143
-0.3809105012
-0.3849774765
-0.3847763815
-0.3671694976
-0.3723996994
-0.3723631919
-0.3696902429
-0.3712086459
-0.3843964471
-0.365109903
-0.3757753613
-0.3689993163
-0.3752961373
-0.367876281
-0.3729316259
-0.3777145495
-0.3812091922
-0.3969839739
-0.3906535442
-0.3863077136
-0.3876606821
-0.3809096928
-0.3849796409
-0.3673549683
-0.3776878055
-0.3842259392
-0.3744455878
-0.3690185413
-0.3819472355
-0.376677477
-0.3539415739
-0.3500113468
-0.3519307049
-0.3573833249
-0.361386414
-0.3555153405
-0.3629140207
-0.3615718396
-0.3768814937
-0.3715497723
-0.3724210189
-0.3732355584
-0.3597905707
-0.3728971279
-0.3596438742
-0.3574446784
-0.3557433614
-0.3617517599
-0.3696513651
-0.3656084069
-0.3663585811
-0.3673527471
-0.3744512611
-0.3777229651
-0.3842192373
-0.3690206036
-0.3819449523
-0.3766764245
-0.3500110274
-0.3539508178
-0.351930069
-0.3573858802
-0.3613908832
-0.3555155888
-0.3629422356
-0.3615732838
-0.372421235
-0.3769205519
-0.3715533371
-0.3732401695
-0.3597910535
-0.3729091625
-0.3351900443
-0.3347940807
-0.3114467822
-0.3130048654
-0.3352263456
-0.3347877615
-0.3114301902
-0.3130123766
-0.3687757577
-0.3878302266
-0.371968795
-0.3672650292
-0.3873340982
-0.3715967493
-0.3739341324
-0.3719738642
-0.3688361948
-0.3878830261
-0.3672595836
-0.3873236437
-0.3715797956
-0.3739546292
-0.3280083746
-0.3267549396
-0.3251583249
-0.3306066194
-0.3306778442
-0.3318233631
-0.3192740885
-0.3174526464
-0.3154558463
-0.3192900905
-0.3188080427
-0.3193216058
-0.3163968302
-0.3145858063
-0.3125336053
-0.3221743511
-0.3216775749
-0.3222887625
-0.3280101265
-0.3267565944
-0.3251599628
-0.3306081354
-0.3306790199
-0.3318242953
-0.3192745356
-0.3174530018
-0.3154561933
-0.3192857021
-0.3188035204
-0.3193168534
-0.3163966797
-0.3145856001
-0.3125334258
-0.3221721904
-0.3216750175
-0.3222859435
)
;

boundaryField
{
    inlet
    {
        type            zeroGradient;
    }
    outlet
    {
        type            fixedValue;
        value           uniform 0;
    }
    topAndBottom
    {
        type            symmetry;
    }
    frontAndBack
    {
        type            empty;
    }
    cylinder
    {
        type            zeroGradient;
    }
    procBoundary1to0
    {
        type            processor;
        value           nonuniform List<scalar> 
116
(
-0.03212708822
-0.0325148352
-0.03330133306
-0.03450395416
-0.03615404268
-0.03829426953
-0.04098255861
-0.04429542525
-0.0483322033
-0.05322226431
-0.05913542713
-0.0662929339
-0.07499189121
-0.08563242416
-0.09874813479
-0.1150717893
-0.1357601521
-0.1621799372
-0.1961836931
-0.2954983575
-0.2389026779
-0.256409043
-0.2387622891
-0.2562961006
-0.2954500721
-0.2954983575
-0.2954983575
-0.2954983575
-0.3585603932
-0.3584959522
-0.3529404969
-0.3604762123
-0.3525182004
-0.3525182004
-0.3596463112
-0.3529404969
-0.3410480986
-0.3374278684
-0.3510475696
-0.3527505774
-0.3501796692
-0.3477586578
-0.3529556766
-0.3604881868
-0.3526772519
-0.3526772519
-0.3597141796
-0.3529556766
-0.3510670367
-0.3528123573
-0.3502015386
-0.3477677685
-0.3410676859
-0.3374342314
-0.3577547493
-0.3387390888
-0.3576346943
-0.3585261849
-0.3512589743
-0.3512589743
-0.3512914896
-0.3512914896
-0.3534449292
-0.3536767977
-0.3525742932
-0.3525880496
-0.3585182624
-0.3512629658
-0.3512629658
-0.3513291821
-0.3513291821
-0.3534688786
-0.3536736177
-0.3525742132
-0.3525760938
-0.3294029876
-0.2954500721
-0.2954500721
-0.2954500721
-0.3294652086
-0.3359001794
-0.3475416011
-0.3366631733
-0.3366631733
-0.3366631733
-0.3477099749
-0.3359001794
-0.3359001794
-0.3359001794
-0.3577075844
-0.3543624485
-0.3543632337
-0.3475459166
-0.3380809381
-0.3477388177
-0.3576868425
-0.3543535629
-0.3543281584
-0.3134342323
-0.3277229429
-0.3119682448
-0.3277318365
-0.313474373
-0.3119626145
-0.3410480986
-0.3418764533
-0.3431935985
-0.3410676859
-0.3418951747
-0.3432121296
-0.3374278684
-0.3369576278
-0.3354454043
-0.3374342314
-0.3369639087
-0.335451522
)
;
    }
    procBoundary1to3
    {
        type            processor;
        value           nonuniform List<scalar> 
125
(
-0.403047895
-0.3930549691
-0.3623037854
-0.3095826207
-0.2423540716
-0.170639427
-0.1041101986
-0.04767141703
-0.005517725669
0.02361008636
0.04173744902
0.05151291084
0.05542059328
0.05547637591
0.05317744418
0.04956908653
0.04534339971
0.04093749993
0.03661439839
0.03252211479
0.02873502966
0.02528221713
0.02216594931
0.01937426009
0.01688813964
0.01468689786
0.01275006416
0.01105772487
0.009589535533
0.008323547392
0.00723600715
0.006302469276
0.005499640638
0.00480720187
0.004208021199
0.003687776229
0.003234898214
0.002839907198
0.002494803947
0.002192832743
0.001928270791
0.001696238638
0.00149255042
0.001313599808
0.001156270864
0.001017865541
0.0008960410902
0.0007887548763
0.0006942186857
0.0006108645564
0.0005373186137
0.0004723779122
0.0004149874907
0.0003642168255
0.0003192387674
0.0002793215243
0.0002438208776
0.0002121692885
0.0001838651885
0.0001584634848
0.0001355649064
0.0001148071889
9.586171756e-05
7.842395821e-05
6.223689516e-05
4.698715927e-05
3.270115699e-05
1.82928893e-05
8.065995208e-06
-0.3284392136
-0.352182985
-0.3851455509
-0.3247976389
-0.3247887419
-0.3445877408
-0.3284380392
-0.3445811545
-0.3249397436
-0.3228271112
-0.3225902702
-0.3249406114
-0.3228227919
-0.3225907728
-0.3761175106
-0.3521730185
-0.3761102249
-0.3284165212
-0.3327793931
-0.3325703404
-0.338152425
-0.3436403619
-0.3377118517
-0.3284187451
-0.3327853786
-0.3325736726
-0.3436439766
-0.3381617362
-0.3377166779
-0.4006352478
-0.3851461536
-0.4006329974
-0.3500064716
-0.3613819152
-0.3555096304
-0.3715441143
-0.3724111502
-0.3597834746
-0.3500070959
-0.3613876416
-0.3555103826
-0.3724114559
-0.37154827
-0.3597842214
-0.3192854968
-0.318803214
-0.3193166065
-0.3163917592
-0.3145805239
-0.3125281964
-0.3192818751
-0.3187995442
-0.3193127763
-0.316391927
-0.31458068
-0.312528405
)
;
    }
}


// ************************************************************************* //
