/*--------------------------------*- C++ -*----------------------------------*\
| =========                 |                                                 |
| \\      /  F ield         | OpenFOAM: The Open Source CFD Toolbox           |
|  \\    /   O peration     | Version:                                        |
|   \\  /    A nd           | Website:  www.openfoam.com                      |
|    \\/     M anipulation  |                                                 |
\*---------------------------------------------------------------------------*/
FoamFile
{
    version     2.0;
    format      ascii;
    class       volScalarField;
    location    "5.2";
    object      p;
}
// * * * * * * * * * * * * * * * * * * * * * * * * * * * * * * * * * * * * * //

dimensions      [0 2 -2 0 0 0 0];


internalField   nonuniform List<scalar> 
2403
(
0.05259795141
0.05242376386
0.05199010949
0.05129097074
0.05034555311
0.04915813638
0.04771961783
0.04602010902
0.04405307084
0.04181399253
0.03929924157
0.03650660527
0.03343843451
0.0301002403
0.02650039384
0.02265378385
0.01858274979
0.01431695458
0.009893597023
0.005357700834
0.0007618838056
-0.00383457746
-0.008367305998
-0.01276895129
-0.01697156346
-0.02090789516
-0.02451619565
0.05282744389
0.0526547329
0.05222374888
0.05152844463
0.05058780974
0.04940574575
0.04797272538
0.04627839121
0.04431570957
0.04207969888
0.0395660628
0.03677023589
0.03369227941
0.03034016794
0.0267220128
0.02285110369
0.01874872538
0.01444438892
0.009975565332
0.005387799986
0.0007346274851
-0.003923263137
-0.008519642878
-0.01298519206
-0.0172503249
-0.02124461046
-0.02490378924
0.05329250872
0.05312192713
0.05269568549
0.05200752451
0.05107580297
0.04990370572
0.04848094595
0.04679630812
0.04484182243
0.04261144963
0.04009917416
0.03729716031
0.03420219952
0.03082216644
0.02716651803
0.02324699971
0.01908226523
0.0147006441
0.01013996254
0.005447021908
0.0006773454487
-0.004105525604
-0.008831630648
-0.01342742995
-0.01781910728
-0.02192989517
-0.02569054351
0.05398871993
0.05382129087
0.05340230153
0.05272524011
0.05180746207
0.05065107041
0.04924467469
0.04757575514
0.0456346905
0.04341328314
0.04090309419
0.03809475071
0.03498156182
0.03156261536
0.02784903072
0.02385497604
0.01959673144
0.01509916579
0.01039934785
0.005545890697
0.0005975983972
-0.004377540073
-0.009303800507
-0.01410088672
-0.01868786321
-0.02297836243
-0.02689534652
0.05491236651
0.05474919995
0.0543402946
0.05367887204
0.05278094288
0.05164712677
0.05026456398
0.04861894633
0.04669832645
0.04449159152
0.0419872282
0.03917374904
0.03604159406
0.03258211156
0.02879514176
0.02469858088
0.02031316687
0.0156594478
0.01077122894
0.005698432396
0.0005043853072
-0.004736533906
-0.009940492823
-0.01501757877
-0.01987643484
-0.02441721093
-0.02855167216
0.05605892028
0.05590051908
0.05550505002
0.05486472986
0.05399367974
0.05289071506
0.05154128121
0.04992884037
0.04803847753
0.04585547175
0.04336429578
0.04054952135
0.03739735133
0.03389526821
0.03003140129
0.0258102808
0.02126328183
0.01641095211
0.01128256609
0.005927427483
0.0004136459085
-0.005175709222
-0.01074551727
-0.01619264547
-0.02141133829
-0.02628350098
-0.03070548689
0.05742205173
0.05726923669
0.05689018205
0.05627754922
0.05544197247
0.05437999144
0.05307515521
0.05150852761
0.04966160719
0.04751530448
0.04504906372
0.04224190564
0.03907432822
0.03552785767
0.03158077648
0.0272246675
0.02248469849
0.01738832564
0.01196429022
0.006259819202
0.0003454996934
-0.005685755023
-0.01172347626
-0.01764618618
-0.02332838342
-0.02862758149
-0.03341933557
0.05899150636
0.05884696249
0.05848926064
0.05791040639
0.05711990464
0.05611153484
0.05486580804
0.05336104704
0.05157468284
0.0494827647
0.04705865395
0.0442741929
0.04110174229
0.0375149239
0.03348698332
0.02899877583
0.0240438768
0.01865398134
0.01286647687
0.006733453715
0.0003263787957
-0.006254306042
-0.01287997223
-0.01940439644
-0.02567490684
-0.03151629129
-0.03677620862
0.06075495165
0.06062108189
0.06029090133
0.05975557416
0.05902112473
0.05807955767
0.05691069272
0.05548811089
0.05378448855
0.05177039915
0.04941234842
0.0466736871
0.04351673942
0.03990440022
0.03580148111
0.03117881975
0.02601272646
0.02029774033
0.01407551163
0.00741558207
0.0004018783334
-0.006858389092
-0.01421759251
-0.02149831942
-0.02851106923
-0.03503641235
-0.04088455744
0.06269710968
0.06257654647
0.06228044815
0.0617993918
0.06113591309
0.06027908794
0.05920596433
0.05788892129
0.05629608422
0.05439048971
0.0521307031
0.04947034001
0.04636015679
0.04274924808
0.03858806819
0.03383133099
0.02843842413
0.02237936001
0.01567271515
0.008385913709
0.0006317121418
-0.007466404324
-0.01573815147
-0.02396736117
-0.03191506986
-0.03930153915
-0.0458863313
0.0647991407
0.06469487002
0.06444017852
0.06402511111
0.06344862395
0.06269729611
0.06174577577
0.06056273524
0.05911227322
0.05735305425
0.05523352308
0.05269554526
0.04967616037
0.0461074449
0.04191976535
0.03704589912
0.03142429668
0.02500386627
0.01775493024
0.009742390283
0.001093770198
-0.008034949189
-0.01744230947
-0.02686274238
-0.03599028854
-0.04446205044
-0.05196844875
0.0670382345
0.06695360625
0.0667483273
0.06641209004
0.0659402497
0.0653171494
0.06451584109
0.06350199424
0.06223508054
0.06066666641
0.05873817961
0.05638020956
0.05351205029
0.05004521323
0.04588507782
0.04093559262
0.03510449986
0.02830558169
0.02047550658
0.01163987524
0.001914529939
-0.008487760974
-0.01931801858
-0.030244877
-0.04087025828
-0.05071528908
-0.05937555304
0.06938740976
0.06932615493
0.06917877852
0.06893499312
0.06858680904
0.06811689688
0.06749728771
0.0666910122
0.06565486532
0.06433442171
0.06266099189
0.06055303732
0.05791531345
0.05463396857
0.05058273207
0.04562804899
0.03963457374
0.03247382669
0.02403783048
0.01426289687
0.003259795721
-0.008721386611
-0.02134946664
-0.03419857268
-0.04674101424
-0.05833233227
-0.06843678356
0.07181536624
0.07178141131
0.07170073589
0.07156347961
0.07135891407
0.07106884053
0.07066504184
0.0701087776
0.0693559292
0.06834801101
0.06700643936
0.06523884113
0.06293168713
0.05994617413
0.05612050974
0.05127283309
0.04520981198
0.03773730851
0.02867063528
0.01787128937
0.005377461379
-0.008567241128
-0.0234939081
-0.03882923196
-0.05385475042
-0.06768366064
-0.07959673543
0.0742850972
0.07428202863
0.07427624248
0.07425879139
0.07421713103
0.07413336855
0.07398071239
0.07372200834
0.07331192684
0.07268943382
0.07176810707
0.07044863327
0.06860106549
0.06605404993
0.06261059675
0.05803374319
0.05205226377
0.04437717924
0.03472235481
0.02283995934
0.008592166081
-0.007782614836
-0.02569068776
-0.04429695472
-0.06257594954
-0.07928342258
-0.09345113325
0.07675465279
0.0767870294
0.07686385876
0.07697944119
0.07711977432
0.07726832829
0.07740047803
0.07748232398
0.07747358705
0.07731461488
0.07691730515
0.07617480823
0.07494340404
0.07302034213
0.07017131268
0.0660927687
0.06042743509
0.05275511843
0.04263226568
0.02961944165
0.01338553396
-0.00598082328
-0.02782267046
-0.05085138451
-0.07347793649
-0.09388904739
-0.1108115888
0.0791821662
0.0792484573
0.07941375599
0.07967468011
0.08001410183
0.0804169316
0.08086434449
0.08133242795
0.08178647521
0.0821685772
0.08239472446
0.08236471425
0.08192918815
0.08086553945
0.07889621571
0.07564061218
0.07063960524
0.06330448664
0.05296968411
0.03891676517
0.02049717402
-0.002616891044
-0.0296897642
-0.05886865633
-0.08751578773
-0.1127502699
-0.1329575239
0.08151079789
0.08161672947
0.08187560933
0.08228859599
0.08283832705
0.08351347319
0.0843038093
0.08519501696
0.08616225842
0.08715753136
0.08811647764
0.08894927597
0.08950330374
0.08955074858
0.08880064234
0.08681423184
0.08300357239
0.07655671785
0.06651598723
0.05170375257
0.03091574562
0.003158390784
-0.03102600036
-0.06871305885
-0.1057862753
-0.1373909305
-0.161412241
0.08369873775
0.08384332367
0.08419597241
0.08476224567
0.08552578021
0.08648085773
0.08762876194
0.08896862704
0.09049057602
0.09216452709
0.09394909112
0.0957774165
0.09751612522
0.09897273099
0.09984540782
0.0996548261
0.09773214521
0.09304816436
0.08421739292
0.06933492919
0.0462749962
0.01277740826
-0.03180062919
-0.0821268105
-0.1304199215
-0.1701553166
-0.198156232
0.08569386343
0.08587571455
0.0863197341
0.08703577734
0.08800882129
0.08924021007
0.09074493751
0.09253849168
0.09463059441
0.0970196638
0.09969694934
0.1026328144
0.1057384463
0.1088806448
0.1117964463
0.1140593295
0.1149452459
0.113242253
0.107154037
0.09376575578
0.06924896133
0.02825661175
-0.0309841693
-0.08778802307
-0.1455958867
-0.1964427882
-0.2297025791
0.08744873387
0.08766349559
0.08819257567
0.08904885611
0.09021869111
0.09171135778
0.09355589813
0.09578589614
0.09843466371
0.1015352556
0.1051204126
0.1092142167
0.1138087648
0.1188613361
0.1242104608
0.1295702351
0.1343095553
0.1372982312
0.1364510274
0.1279325331
0.1054826844
0.05676932968
-0.01002153405
-0.1025085641
-0.2004677608
-0.2465880054
-0.2806785141
-0.3063356541
0.08891540903
0.08915962915
0.08976349217
0.09074315257
0.09208700326
0.09381229271
0.09596177646
0.09858761236
0.1017479852
0.105510867
0.1099562834
0.1151747956
0.1212592251
0.1282945965
0.1363122932
0.1452708171
0.1548376055
0.1643144422
0.1718468786
0.1741785797
0.1493242803
0.1076570869
0.01261888437
-0.1143033464
-0.2662046199
-0.3552194076
-0.3658571781
-0.3560384088
0.0900533285
0.09032255878
0.090986903
0.09206617869
0.09355136351
0.09546675966
0.09786718668
0.1008216193
0.1044113133
0.1087369305
0.1139254232
0.1201353331
0.1275609801
0.1364368627
0.1470326432
0.1596472247
0.1745020527
0.1917198291
0.2105283216
0.2290642106
0.2177237418
0.1758419559
0.08669884279
-0.1487094615
-0.4782522686
-0.5273426503
-0.4314687136
-0.3783439044
0.09083137173
0.09111841087
0.09182528458
0.0929747982
0.09456004041
0.09661058566
0.0991903152
0.1023810694
0.1062820957
0.1110199875
0.1167598134
0.1237168885
0.1321720515
0.1424945682
0.1551688082
0.1708424602
0.1903181094
0.2147450059
0.2449594514
0.2639055086
0.2947497769
0.2875274946
0.2338545831
-0.1098965437
-0.3768615401
0.09122674126
0.09152317234
0.09225214435
0.09343817434
0.09507552076
0.09719658924
0.09987016688
0.1031851261
0.1072506588
0.1122078444
0.1182433233
0.125605148
0.1346250217
0.1457535591
0.1596074884
0.1770622054
0.1993015971
0.2282265229
0.2657698385
0.3017770808
0.3421370521
0.4199522166
0.4750991994
-0.3898252854
-0.1838999494
-0.1487537804
-0.3897799346
-0.1839203455
-0.5246379145
-0.4782074069
-0.5246002453
-0.4456493455
-0.5272987737
-0.44565999
-0.3878191094
-0.3884456463
-0.4314269652
-0.387700057
-0.3882419966
-0.005885259123
0.4076490781
0.2338088001
-0.005892200884
0.4076294002
-0.1099005197
-0.3839931958
-0.3840566015
-0.3771242051
0.5794841313
0.4751196526
0.5794533366
-0.3411644764
-0.4050189601
-0.479493797
-0.2661322548
-0.3411223304
-0.4048907705
-0.4794647547
-0.3673911332
-0.4858312532
-0.4361432139
-0.3551882724
-0.3673285846
-0.4857945183
-0.4361839812
-0.0729945826
0.1861282857
-0.04041067106
0.08667091437
-0.07300261028
0.1860897906
-0.04043818967
-0.4808816218
-0.4816462233
-0.4954516119
-0.5370306726
-0.497265251
-0.5422940134
-0.485602195
-0.5188302091
-0.529841442
-0.5017580417
-0.553815444
-0.5026478407
-0.5549436265
-0.5195343364
-0.3811906088
-0.3782789247
-0.3811354675
-0.1106778874
-0.3775520577
-0.3722682889
-0.3807586428
-0.3726870933
-0.3816732159
0.4678843495
0.466894398
0.5550330686
0.4198934212
0.4679341483
0.4668702505
0.5550125976
0.5024310991
0.4773225788
0.4586782588
0.5205551041
0.4611340208
0.5225875822
0.5041292665
-0.2518980212
-0.1890028022
-0.1865283485
-0.1999040609
-0.1886186509
-0.1926995879
-0.2530652359
-0.4136212098
-0.4116881619
-0.3816290773
-0.4061003681
-0.384599572
-0.4071477861
-0.2519031431
-0.1890020265
-0.1865355457
-0.1999090878
-0.1886225531
-0.1927050419
-0.2530784999
-0.4136285934
-0.4116890951
-0.3816526915
-0.4061047117
-0.3846067227
-0.4071667356
-0.5330414351
-0.5260042762
-0.5191947666
-0.5400037118
-0.5223826469
-0.5384532764
-0.5320918323
-0.5639209429
-0.5673342125
-0.4808707325
-0.4816241407
-0.4954020797
-0.5369935519
-0.4972542358
-0.5422811339
-0.4855701005
-0.5330292968
-0.5259928044
-0.519156296
-0.5399681692
-0.5223713304
-0.5384415125
-0.5320586423
-0.563912593
-0.567328828
-0.4945185602
-0.4453823399
-0.4736721807
-0.4472648597
-0.4745453094
-0.4464818018
-0.4928606833
-0.4477894029
-0.4451891423
-0.5188193264
-0.5298270076
-0.5017148074
-0.5537788557
-0.5026348901
-0.5549308595
-0.5195034413
-0.4945056283
-0.4453789287
-0.4736281711
-0.4472290309
-0.474532056
-0.4464698729
-0.4928256328
-0.4477689697
-0.445178725
-0.4137838856
-0.4361498955
-0.411675899
-0.4369168772
-0.4098564787
-0.4136576689
-0.405941578
-0.3886576495
-0.390661612
-0.3994930114
-0.390505135
-0.3992154481
-0.4049658826
-0.4137669361
-0.4361015644
-0.4116184305
-0.4369003111
-0.4098358003
-0.413609748
-0.405933968
-0.388639783
-0.3904941987
-0.3994050561
-0.3904902158
-0.3992008662
-0.4049100469
0.1683136611
-0.004651515398
0.1152551569
0.02280005647
0.1168260125
0.01528235562
0.1671782428
0.2457519285
0.1796607883
0.2957592046
0.1809022611
0.2909272878
0.2432003792
0.1683124252
-0.00465907789
0.1152605989
0.02279399945
0.1168285091
0.01527921876
0.1671765522
0.2457499656
0.1796565573
0.2957509042
0.1808989147
0.2909269838
0.2431961812
-0.1106723768
-0.3831651433
-0.3831693892
-0.3735519935
-0.3717166004
-0.3775754568
-0.3724304629
-0.380830428
-0.3727030151
-0.381686629
-0.3736172951
-0.3717372541
0.4395566856
0.4404461302
0.5619363538
0.581902629
0.5598679395
0.5903153819
0.5626902861
0.5894534663
0.5621048292
0.5024274721
0.4773215253
0.4586676708
0.520532669
0.4611317795
0.5225860181
0.5041179835
0.439556976
0.4404453726
0.5619313264
0.5818957178
0.5598420382
0.5902924461
0.5626859657
0.5894467803
0.5620893428
-0.1941577271
-0.1179505298
-0.2075147991
-0.1025183472
-0.1941267866
-0.1179843773
-0.2074751643
-0.2337835137
-0.2390503321
-0.3066505496
-0.2004803701
-0.2337576202
-0.2389792143
-0.3066188489
-0.2754577031
-0.3209704903
-0.3409200711
-0.2465733256
-0.2754643674
-0.320949925
-0.3408609324
-0.2994839392
-0.3423886228
-0.3445462314
-0.2806123733
-0.2994427924
-0.3424528082
-0.3444927519
0.03068184014
0.1523270041
0.09448206675
0.1076557688
0.03067652643
0.1523451247
0.09445575927
-0.07519665386
0.06465970606
-0.0742565259
0.01260781688
-0.07525386903
0.06465498598
-0.07430434217
-0.2301292542
-0.1381614122
-0.3401989337
-0.1143620225
-0.2299841857
-0.13828942
-0.3400483559
-0.3349974819
-0.296542548
-0.3013295588
-0.2647106613
-0.2952772334
-0.3007664724
-0.3354556835
-0.3999315852
-0.3634495996
-0.395361749
-0.3548747695
-0.3632509701
-0.3953017562
-0.3999592288
-0.3586478513
-0.4231592227
-0.3846066541
-0.3659275488
-0.3585905412
-0.4231352019
-0.3846472014
-0.3778621231
-0.356096774
-0.3777363357
0.1179352455
0.2553761124
0.2206279459
0.1758929484
0.1179191311
0.2554094926
0.2205671688
0.06808435955
0.04371972911
0.1125442345
0.09192957712
0.04664477006
0.1164413771
0.06588045144
-0.2471186354
-0.1485153401
-0.2254634711
-0.1642426855
-0.224823
-0.1643294419
-0.2481338182
-0.4212026186
-0.4318279221
-0.4153368115
-0.4462701256
-0.4152500611
-0.4485257113
-0.4210694833
-0.3783110281
-0.3778857567
-0.3780298087
-0.3702023384
-0.3702604136
0.2786927852
0.3286670105
0.3749868917
0.2947524284
0.2786582498
0.3286152731
0.3750698603
0.2647355417
0.3916030304
0.4167594201
0.2874859896
0.2647607946
0.3916865307
0.4167560051
0.2430296098
0.2352708869
0.1832768647
0.2869430457
0.1838074026
0.2880018472
0.2425220341
0.3984770661
0.3642305354
0.436934286
0.3421869397
0.3984113833
0.3642170777
0.4369089999
0.4688295995
0.4392266443
0.4423195411
0.4244529795
0.441715755
0.4467056883
0.4665505572
-0.3662911247
-0.389390025
-0.3155727164
-0.4180915024
-0.3161101539
-0.4169458086
-0.3639198455
-0.2471353327
-0.148540429
-0.2255675268
-0.1642465222
-0.2248544425
-0.1643406585
-0.2481788675
-0.3663040353
-0.3893745403
-0.3156262004
-0.4181104671
-0.3161288202
-0.4169468467
-0.3639556323
-0.4031276258
-0.387657116
-0.3994158998
-0.3895683732
-0.3993233768
-0.3894188181
-0.4030469827
-0.4211869492
-0.4318130475
-0.4152678037
-0.4462697492
-0.4152300553
-0.4485186173
-0.4210291167
-0.403118433
-0.3876404961
-0.3994172171
-0.3894343868
-0.3993217621
-0.3893995367
-0.4029989642
0.3153754247
0.4082713197
0.3459528396
0.3738470943
0.3469224859
0.3753338691
0.313154396
0.2430287908
0.2352600046
0.1832621492
0.2869684199
0.183805004
0.2880082405
0.242521626
0.315372707
0.4082642531
0.345929575
0.3738698338
0.3469200492
0.3753372317
0.3131485963
-0.3619253322
-0.321544028
-0.3824694835
-0.3405847342
-0.3206509202
-0.3822502377
-0.3622822492
-0.4055905928
-0.4406452586
-0.4403862442
-0.3822421096
-0.3458701266
-0.3456880568
-0.3825803993
-0.4795675347
-0.46516988
-0.4652535772
-0.409524665
-0.4292553652
-0.4292007319
-0.4097604326
-0.3350533556
-0.2647156512
-0.2966502081
-0.3010311727
-0.2953169195
-0.3007314486
-0.3355943366
-0.3619322378
-0.34057276
-0.321551906
-0.3824190093
-0.3206572372
-0.3822333821
-0.3622935043
-0.4055494759
-0.4406088914
-0.4403770934
-0.3822622852
-0.3454901195
-0.3456040758
-0.3826278064
-0.4795574815
-0.4651469527
-0.4652481037
-0.4095265144
-0.4292156972
-0.4291871507
-0.4097591105
-0.3981403665
-0.3666403761
-0.3941710689
-0.3671712291
-0.366481872
-0.3940940278
-0.3982241018
-0.486581989
-0.4736928705
-0.4740235849
-0.4383263673
-0.4399264466
-0.4401487978
-0.4381985288
-0.4362165989
-0.4549844197
-0.4552921966
-0.4290738731
-0.4183010708
-0.4183301747
-0.4290029923
-0.3999252534
-0.3548660568
-0.3634366372
-0.3953270853
-0.3632463643
-0.3952894743
-0.399941291
-0.3981337714
-0.3671612004
-0.3666357874
-0.3941376179
-0.3664755414
-0.3940869668
-0.3982061163
-0.4865689905
-0.4736530217
-0.4740130326
-0.4383178818
-0.4398898206
-0.4401356103
-0.4381708211
-0.4362194792
-0.4549571644
-0.4552827572
-0.4290697396
-0.418293398
-0.4183271363
-0.4289987732
-0.07195516983
-0.07169910915
-0.07069951911
0.004681940217
-0.009738588716
-0.008224115353
0.003534896634
0.187923445
0.1320676433
0.1329478341
0.09518784007
0.1445013967
0.1469929075
0.09373527964
-0.03902145719
-0.0667338767
0.05807603836
-0.06606620491
0.05851446611
0.02374652905
0.02310962234
0.06807737075
0.09191992949
0.04370418385
0.1125420499
0.04663958335
0.1164387306
0.06586317786
-0.071961154
-0.07173294816
-0.07070390708
0.004673156483
-0.009761090807
-0.008229979253
0.003507630828
0.1879097875
0.1321197692
0.1329620293
0.09518948763
0.1445325428
0.1470017358
0.09374601634
-0.0390386096
-0.06677433971
0.05808966265
-0.06607660012
0.05851966886
0.0237365598
0.02308505496
-0.381774999
-0.3789705958
-0.3726566928
-0.37912245
-0.3728461311
-0.3714547043
-0.3714967257
-0.3783035095
-0.378008688
-0.3780504386
-0.3702066629
-0.3702999321
-0.381774856
-0.3790617695
-0.3726575449
-0.379142468
-0.3728412851
-0.3714546134
-0.3714812373
0.4689480231
0.5086279227
0.5094255798
0.4907140123
0.456098567
0.4576215364
0.4894135179
0.4886438401
0.458553209
0.4966816895
0.4710623566
0.4628060702
0.4988894747
0.4863972054
0.5561867158
0.5393759271
0.5405346662
0.5153799395
0.5267010608
0.528052446
0.5140256255
0.4688299369
0.4244512265
0.4391980218
0.442346275
0.4417161126
0.4467084559
0.4665505063
0.4689505547
0.5086109451
0.5094220932
0.4907145206
0.4560998629
0.4576228146
0.4894215618
0.4886409797
0.4710592445
0.4585427576
0.49667427
0.4628029432
0.4988874227
0.486388357
0.55618067
0.5393470679
0.5405302569
0.5153754941
0.5266886384
0.5280481713
0.5140056541
-0.1142335415
-0.0940383989
-0.1321283
-0.08775485029
-0.1142309461
-0.09402082504
-0.1321313536
-0.1719126334
-0.1661438081
-0.1979804269
-0.1455722782
-0.1718989956
-0.1661226755
-0.1979666118
-0.2151945301
-0.2239012898
-0.2432436915
-0.1964332995
-0.215174462
-0.2238921825
-0.2432297052
-0.2445087149
-0.2559896182
-0.2631107879
-0.2296466516
-0.2443622365
-0.2559639423
-0.2629941594
0.03369198407
0.07913753974
0.04880957319
0.05675857966
0.03369034368
0.07913193054
0.04880435789
-0.04670815038
0.0009549224533
-0.09395982346
-0.01002592001
-0.04671975362
0.0009395767006
-0.09400562681
-0.2086631336
-0.2058936554
-0.21296121
-0.1531607401
-0.1878646447
-0.1740802556
-0.2232933642
-0.2777195137
-0.2583340695
-0.2678886603
-0.2444350605
-0.2573309019
-0.2657435378
-0.2792337413
-0.30026865
-0.288588647
-0.2991357753
-0.2792325915
-0.2881443762
-0.2972750658
-0.3016149723
-0.3446766983
-0.3062849219
-0.3447417343
0.1391827923
0.182583646
0.1696155543
0.1493120518
0.1391981088
0.1825893192
0.1696433117
0.010104093
-7.834087286e-05
0.02525962439
0.04083741598
0.005055820797
0.05111777047
0.003669432286
-0.163539954
-0.1518391676
-0.1197902858
-0.1059425686
-0.1478506126
-0.1164678155
-0.1658507627
-0.3887164715
-0.3658329183
-0.3888476228
-0.3833279959
-0.3641274478
-0.3639717166
-0.383348135
-0.3543467034
-0.3666412947
-0.3554222308
-0.3536011572
-0.3664710316
0.2094566591
0.2548831335
0.2506368684
0.2176794724
0.2094509659
0.2548256868
0.2506865473
0.2167926677
0.1441857115
0.207039753
0.1834469649
0.1955269571
0.2086448079
0.1787002087
0.282059412
0.2853629396
0.3074776418
0.2639450366
0.2820819515
0.2853663533
0.3074815301
0.3358181602
0.2903201006
0.3220884042
0.311025211
0.2992228599
0.3409887335
0.3286002466
0.3279244511
0.3097442812
0.339237628
0.3017810276
0.3279293205
0.3097480476
0.3392396876
0.3998361021
0.3468787012
0.3534475289
0.3502085022
0.3866923856
0.361973064
0.3602875379
-0.1588800438
-0.1516963096
-0.2011154125
-0.1180071433
-0.1384496691
-0.1416523797
-0.1489340382
-0.1207188444
-0.1153330577
-0.1415943317
-0.08734659601
-0.07735151085
-0.1333510114
-0.128644751
-0.2054681859
-0.1668786522
-0.1916673135
-0.1728714959
-0.1846050053
-0.1737621286
-0.1532341771
-0.1588584225
-0.1180074245
-0.1516926699
-0.2010590182
-0.1384527743
-0.1416536804
-0.1489036218
-0.1207221528
-0.08734770638
-0.1153458181
-0.1415994794
-0.07735346884
-0.1333400053
-0.1286516135
-0.2054479232
-0.1668440536
-0.1916115186
-0.1727472118
-0.1845834373
-0.1737293473
-0.1532046297
-0.2327220458
-0.2195533489
-0.2544793845
-0.2302803377
-0.2122078902
-0.2511246914
-0.2386825342
-0.2655372052
-0.2346770951
-0.2623127694
-0.2348224819
-0.2191981533
-0.2084326445
-0.2409623483
-0.2881208946
-0.3055644862
-0.2862914746
-0.257572039
-0.2780683128
-0.2762161896
-0.2606870419
-0.2086588951
-0.1531643846
-0.2058705757
-0.2129574719
-0.1878558366
-0.1740834143
-0.2232793415
-0.2327192423
-0.2302714609
-0.2195578628
-0.254463702
-0.2122030652
-0.251118481
-0.238678225
-0.2346642206
-0.2655606119
-0.2623231572
-0.2348216139
-0.219126299
-0.2084123292
-0.2409520877
-0.305554635
-0.288123657
-0.2862913912
-0.2575755278
-0.2780517853
-0.2762098006
-0.2607054118
-0.2862718267
-0.2667012417
-0.2945806943
-0.2748588857
-0.2656227289
-0.2933112207
-0.2875960561
-0.3309674729
-0.3203078973
-0.3305605448
-0.3023029678
-0.2921752363
-0.2910312647
-0.3030301221
-0.3370687565
-0.340570711
-0.336719146
-0.3101698024
-0.3163790728
-0.3158084317
-0.3108058854
-0.2777159804
-0.2444298033
-0.2583497362
-0.2678763639
-0.2573287997
-0.2657384031
-0.2792294048
-0.2862656109
-0.2748499018
-0.2666804856
-0.2945843341
-0.2656142777
-0.2933045053
-0.2875842232
-0.3203019936
-0.3309655598
-0.3305579023
-0.3022986234
-0.2921644949
-0.2910261288
-0.3030327161
-0.3405617977
-0.3370442533
-0.3367118895
-0.3101577588
-0.3163453656
-0.3158009988
-0.3107665147
-0.3422125136
-0.3219216445
-0.3198205974
-0.3433534933
-0.3192298047
-0.3429824199
-0.3224080161
-0.3231583252
-0.3281866981
-0.3434233578
-0.343314869
-0.327505286
-0.3425648946
-0.3239656808
-0.3002591627
-0.2792126547
-0.288589116
-0.2990778069
-0.2881338594
-0.297259693
-0.3015986409
-0.3422229847
-0.3219130162
-0.3198163363
-0.343322251
-0.3192295539
-0.3429713708
-0.3223872148
-0.3231418603
-0.3433016804
-0.3281339249
-0.3434138238
-0.3274868641
-0.3425560134
-0.3239300797
0.08520575342
0.06016717152
0.04424913703
0.08305156526
0.07305481084
0.08942503393
0.08378520568
0.1572599302
0.1270399081
0.1195988108
0.164600907
0.1431879127
0.1770856621
0.1038658256
0.1067656106
0.1146663167
0.07357856938
0.1115796363
0.08808021903
0.1416405238
0.09637085687
0.08520275254
0.08304788257
0.06016357115
0.04424467016
0.07305255036
0.08942070323
0.08377858743
0.1572555103
0.1646056045
0.1270519332
0.1196073211
0.1431899632
0.177081761
0.1038669736
0.1067581778
0.1146630265
0.07357161446
0.1115695795
0.08807700384
0.1416368195
0.09636558816
-0.03213254605
-0.03004275311
-0.07437779006
-0.0704057815
-0.04450774534
-0.07289105759
-0.03097820912
0.02662584375
0.071685808
0.03061223896
0.0187550915
0.04607342291
0.05661881846
0.01380306008
-0.0733316438
-0.01950609005
-0.01769003215
-0.0248635907
-0.07422978939
-0.07331218864
-0.02641566107
0.01009281978
0.04082703902
-0.0001041006652
0.02524728152
0.005046676384
0.0511094029
0.003643399704
-0.0321490932
-0.07042466281
-0.03008796281
-0.07445400709
-0.04452040787
-0.0729186441
-0.03102339389
0.07168387825
0.026619711
0.03060992245
0.01874960795
0.04606754683
0.05661569479
0.01378728472
-0.07335682536
-0.01952678416
-0.01769925234
-0.02488085798
-0.07431526386
-0.07334532511
-0.02645536321
-0.2591412933
-0.2293003886
-0.2584159988
-0.2124065885
-0.1913594633
-0.1903167955
-0.2133737962
-0.1378122175
-0.2038133428
-0.2032129698
-0.1821455186
-0.1280026858
-0.1268759779
-0.1832041462
-0.3396195016
-0.2749961429
-0.2749177676
-0.2950917879
-0.294491171
-0.2402526104
-0.2406263102
-0.1635706834
-0.1059605248
-0.151925235
-0.1198994166
-0.1478590115
-0.1165060479
-0.1660212672
-0.2292542366
-0.258235411
-0.2581873304
-0.2123103289
-0.1912280598
-0.1902659975
-0.2133384032
-0.1378527359
-0.2039499537
-0.2032481373
-0.1821961347
-0.128147968
-0.126927145
-0.1834384935
-0.3395550202
-0.2750591716
-0.2749227211
-0.2945857044
-0.294325352
-0.2402576359
-0.2411251488
-0.377225464
-0.3614245201
-0.3707960793
-0.3581155721
-0.3611609113
-0.37062409
-0.3772338402
-0.4235547758
-0.4099228953
-0.4100873455
-0.4087321677
-0.408974091
-0.3990251736
-0.3989504912
-0.3845943971
-0.3961871068
-0.3962741343
-0.3889432056
-0.3793001793
-0.3792111132
-0.388883573
-0.365845282
-0.3888025993
-0.3888599577
-0.3833137632
-0.3640964766
-0.3639600342
-0.3833106073
-0.3772147059
-0.3581049245
-0.3614087698
-0.3707940838
-0.3611509536
-0.3706227131
-0.377207242
-0.423545736
-0.4098573852
-0.4100711148
-0.4087668383
-0.4089742938
-0.3990154968
-0.3989219585
-0.3846018047
-0.3961791787
-0.3962692706
-0.388934536
-0.379329979
-0.3792142875
-0.3888649778
-0.3778206209
-0.3742554161
-0.374262244
-0.3554346385
-0.3666716579
-0.366475559
-0.3777986954
-0.3742182275
-0.3742527598
0.1455011316
0.1291377612
0.1542371164
0.188457995
0.1351396427
0.1649787058
0.1655968099
0.2324803619
0.2297725499
0.2543081576
0.2786335925
0.2435116826
0.2641642013
0.2201803596
0.2239175453
0.1800821401
0.1849424019
0.2140612281
0.242810994
0.2486518208
0.2047861723
0.2167912881
0.1834491462
0.1442087637
0.2070219677
0.1955235128
0.2086375987
0.1786973837
0.1291338753
0.1455359489
0.1542426714
0.1884562512
0.1351481349
0.164975489
0.1656008014
0.2324777803
0.2786367813
0.229784796
0.254328924
0.2435077543
0.2641668346
0.2201772766
0.2239075893
0.1800946471
0.1849456354
0.2140577477
0.2427900206
0.2486472168
0.2047633773
0.3207555476
0.2890367806
0.3113738248
0.3197286834
0.2958452204
0.3442583762
0.3155848166
0.3505033665
0.3113922758
0.331616661
0.3365981885
0.3205931082
0.370435456
0.3159469616
0.3848940015
0.3498406257
0.3479820007
0.3539240019
0.3602247758
0.3759278708
0.334796606
0.3207540452
0.319730774
0.2890026372
0.3114034599
0.2958394047
0.3442629137
0.3155816886
0.3505029712
0.3365924412
0.3114052155
0.3315749606
0.3205936565
0.3704348242
0.3159458522
0.3849069442
0.3498397353
0.3479878368
0.3539274832
0.3602250065
0.3759306406
0.3347986299
0.2671991882
0.3135955579
0.3154628616
0.3294313731
0.2827606829
0.287071611
0.3261547148
0.4052038972
0.3972475954
0.4084635807
0.3724431333
0.3595903927
0.3679661796
0.3681056599
0.4175477203
0.3648095083
0.3661265996
0.4149788837
0.4167633995
0.3732752592
0.3710097473
0.3358184543
0.3110236158
0.290327051
0.3221006329
0.2992262687
0.3409899281
0.328600172
0.2672008543
0.3135927844
0.3154592015
0.3294322987
0.2827853702
0.2870748516
0.3261516528
0.3972590746
0.405300578
0.408475305
0.3724375526
0.3595834358
0.3679619863
0.3680921695
0.4175448473
0.3647672888
0.3661175986
0.4150241607
0.4167658268
0.3732686096
0.3709907253
0.4168600471
0.4079755861
0.426475519
0.4119512396
0.3729430996
0.3965445209
0.3881933275
0.4081289771
0.3607370788
0.3740724011
0.372347642
0.369127858
0.4123715565
0.369350925
0.430184156
0.4463420743
0.4397140484
0.4226809324
0.4047605206
0.4280831404
0.3991266492
0.3998328192
0.3502134201
0.3469080879
0.353439474
0.3866898883
0.3619730521
0.3602813453
0.4079724421
0.4168585886
0.4264757437
0.4119472573
0.372901255
0.3965375854
0.3881647141
0.4081286785
0.3723481844
0.3607787795
0.3740705303
0.3691314825
0.4123713883
0.3693609169
0.4463367452
0.430185285
0.439709834
0.4226805616
0.4047567227
0.4280806983
0.3991503955
-0.09653983437
-0.04019650456
-0.04469314697
-0.03080586384
-0.04946997528
-0.04154653813
-0.05498311402
-0.04470698581
-0.09657062537
-0.04023285805
-0.03081613849
-0.04948111876
-0.04155684796
-0.0550116715
-0.3273604863
-0.3428925499
-0.3258414769
-0.3429017609
-0.3274020955
-0.3258355034
0.2281238908
0.264350873
0.2942542461
0.2684407862
0.2736480069
0.2491918057
0.236973538
0.2942594191
0.2281663763
0.2643969179
0.2684405472
0.2736452453
0.2491885419
0.2370040168
-0.1137235961
-0.1135722288
-0.1129505721
-0.1137373219
-0.1135876266
-0.1129663301
-0.388126594
-0.389392324
-0.3911225559
-0.3881665831
-0.3894300843
-0.3911615639
-0.5324766563
-0.5352274624
-0.5328400415
-0.5369710146
-0.5417107224
-0.5440069394
-0.52553881
-0.5268307221
-0.5267176459
-0.5823393176
-0.5893121741
-0.5952397245
-0.5796033156
-0.584274542
-0.5855712504
-0.529839066
-0.5331680468
-0.5372999378
-0.1135772311
-0.11296496
-0.1114607252
-0.3841632358
-0.3851723571
-0.3869413281
-0.3814862422
-0.3810080315
-0.3795982041
0.5398911071
0.5441867275
0.5448249926
0.5440015999
0.5503534796
0.5553777941
-0.3598208808
-0.3608555533
-0.3622702348
-0.2432514083
-0.2468593242
-0.2480992647
-0.240183537
-0.2427878213
-0.2418025162
-0.3761142213
-0.375052532
-0.3766015801
-0.37569131
-0.3730477805
-0.371694622
-0.5851925625
-0.5916640731
-0.5921572446
-0.5526686572
-0.5560300446
-0.5597621774
-0.5479973794
-0.5492695597
-0.5485817342
-0.587241746
-0.5960439451
-0.6012516437
-0.532463046
-0.53521335
-0.5328258831
-0.536934403
-0.5416726148
-0.543968007
-0.585180028
-0.5916514942
-0.5921448273
-0.5526335867
-0.555994696
-0.559726496
-0.5479849601
-0.5492570616
-0.5485693551
-0.5872074669
-0.5960091938
-0.601216584
-0.5135795733
-0.5162761148
-0.5165549546
-0.5164209265
-0.5211484596
-0.5255452426
-0.5255268154
-0.5268185935
-0.5267056208
-0.5823035288
-0.5892759949
-0.5952030627
-0.5795904266
-0.5842615578
-0.5855582959
-0.5298060878
-0.533134486
-0.5372660438
-0.513567191
-0.5162637858
-0.5165427937
-0.5163873132
-0.5211147256
-0.5255113627
-0.4593515964
-0.4626718034
-0.4653519642
-0.408422435
-0.41017727
-0.4122572894
-0.405167942
-0.4053366933
-0.4040157318
-0.4167461827
-0.4186410434
-0.4207431169
-0.4083474781
-0.410100218
-0.4121760149
-0.4051489714
-0.4053166581
-0.403994887
0.1714681956
0.1696389189
0.1696541564
0.05056015771
0.05492959766
0.05729136635
0.04721603775
0.05157959718
0.05333616109
-0.1135809236
-0.1129700752
-0.11146589
-0.3846561471
-0.3843344433
-0.3828415163
-0.3846592925
-0.3843374258
-0.382844323
0.593215072
0.5980292612
0.5991015719
0.6151893814
0.621389274
0.6270269737
0.6107190459
0.6144963692
0.6152170363
0.5968678411
0.6040284648
0.6098862871
0.5398879298
0.5441836096
0.5448220004
0.5439912907
0.5503431154
0.5553674484
0.5932097049
0.5980238939
0.5990963164
0.6151669769
0.6213664603
0.6270037103
0.6107119157
0.6144891361
0.6152098153
0.5968513104
0.6040115859
0.6098692286
-0.3598413198
-0.3608750771
-0.3622894972
-0.4725084061
-0.4793457732
-0.4823315807
-0.3760933586
-0.3750313984
-0.3765786513
-0.4725076379
-0.4793473638
-0.4823353092
-0.5623754059
-0.5632623778
-0.5675942005
-0.5623672144
-0.5632540842
-0.567586831
-0.4593749294
-0.4626959576
-0.4653759017
-0.4524674715
-0.4557371618
-0.4587007246
-0.4524289267
-0.4557003848
-0.4586643202
0.1722824825
0.1712146132
0.1724750947
0.3313440838
0.3374946744
0.341589038
0.1722771376
0.1712098646
0.1724714537
0.3313361389
0.3374883915
0.3415847193
-0.3772397868
-0.3787926981
-0.3806632814
-0.3719378363
-0.3728473584
-0.3747008103
-0.3719607957
-0.3728711124
-0.3747242714
0.4437648919
0.4462269956
0.4503001197
0.4437643776
0.4462268704
0.4503015427
-0.2432469177
-0.2468540186
-0.2480936502
0.05056739794
0.05493714254
0.05729899394
-0.2401795371
-0.2427839041
-0.2417983967
0.04721897625
0.05158275908
0.05333933856
-0.4168062793
-0.4187022739
-0.4208050573
-0.4125935757
-0.4128086586
-0.4115413564
-0.3560776848
-0.3556799875
-0.3540986832
-0.4682148734
-0.4733218279
-0.4722126625
-0.3756850168
-0.3730409185
-0.3716866371
-0.4682159894
-0.47332337
-0.4722157339
-0.5612577908
-0.5598550929
-0.5598189382
-0.5612528275
-0.5598509864
-0.5598158648
-0.454518265
-0.4560194214
-0.4549692886
-0.4545075038
-0.4560087829
-0.454959018
-0.449817303
-0.4512804964
-0.450605934
-0.4498045771
-0.4512681018
-0.4505936801
-0.4125728179
-0.412788055
-0.4115209925
0.3273411715
0.332344325
0.333687006
0.1714646254
0.1696360147
0.1696521614
0.3273385956
0.3323420757
0.3336859481
-0.384220023
-0.385231911
-0.3870051782
-0.3815013566
-0.3810236603
-0.379614361
-0.377302144
-0.3788543326
-0.3807253031
-0.3734905585
-0.3735288608
-0.3723187027
-0.3734708934
-0.3735095288
-0.3722996829
-0.3694445611
-0.3688793218
-0.3676694268
-0.3694541187
-0.3688887072
-0.3676783071
0.4413617337
0.4420168168
0.4426783636
0.4413604476
0.4420163367
0.4426791552
-0.3560843209
-0.355686509
-0.3541049871
)
;

boundaryField
{
    inlet
    {
        type            zeroGradient;
    }
    outlet
    {
        type            fixedValue;
        value           nonuniform 0();
    }
    topAndBottom
    {
        type            symmetry;
    }
    frontAndBack
    {
        type            empty;
    }
    cylinder
    {
        type            zeroGradient;
    }
    procBoundary0to1
    {
        type            processor;
        value           nonuniform List<scalar> 
116
(
-0.02774268433
-0.02817151358
-0.02904017374
-0.03037115793
-0.03220262702
-0.03458714998
-0.03759620192
-0.04132432354
-0.04589511197
-0.05147001174
-0.05825971102
-0.06653782464
-0.07666413176
-0.08911665483
-0.1045207695
-0.1236726404
-0.1477657692
-0.1782010245
-0.2159624295
-0.2645188312
-0.2645188312
-0.2645188312
-0.2645188312
-0.2645188312
-0.2645188312
-0.3159093795
-0.3269294552
-0.3283483582
-0.3697938835
-0.3698762877
-0.3745360532
-0.3745360532
-0.373669502
-0.3692784108
-0.373669502
-0.3692700726
-0.3565085086
-0.3544997485
-0.367697196
-0.3677608371
-0.3706522198
-0.3715683022
-0.3745474716
-0.3745474716
-0.3737268948
-0.3692801952
-0.3737268948
-0.3692794726
-0.3677106149
-0.3677989127
-0.3706717659
-0.3715771365
-0.3565311927
-0.3545067983
-0.3700906225
-0.3543650967
-0.3701204606
-0.3697312568
-0.3697312568
-0.3665327153
-0.3697938835
-0.366544996
-0.3680666339
-0.368314075
-0.3672192709
-0.3671803018
-0.3697473481
-0.3697473481
-0.3665384782
-0.3698762877
-0.3665652039
-0.3681999303
-0.3683269175
-0.3672249735
-0.3672213035
-0.3499118381
-0.3158585653
-0.3269117165
-0.3283558728
-0.349948887
-0.3640378886
-0.3640378886
-0.3642086974
-0.3522514029
-0.3499118381
-0.3642086974
-0.3512889504
-0.3536011877
-0.3493264548
-0.3699099955
-0.369079428
-0.3692341363
-0.364044441
-0.3536011877
-0.3642270219
-0.3699250898
-0.3690898178
-0.3692320596
-0.3283483582
-0.3493264548
-0.3269294552
-0.3493191561
-0.3283558728
-0.3269117165
-0.3459203515
-0.3459254947
-0.3471078904
-0.3459221946
-0.3459269687
-0.3471090838
-0.3432425897
-0.3418600617
-0.3401819095
-0.3432445091
-0.3418618606
-0.3401836689
)
;
    }
    procBoundary0to2
    {
        type            processor;
        value           nonuniform List<scalar> 
75
(
0.09122728227
0.09152333922
0.09225239882
0.09343847549
0.09507577897
0.09719676155
0.09987021376
0.1031849936
0.1072502724
0.1122070974
0.1182420564
0.1256031324
0.1346219833
0.1457493493
0.1596026858
0.1770602346
0.1993129149
0.2282647075
0.2657981824
0.3097418744
0.3642308322
0.4668965543
0.579491706
0.5794607024
0.5550384282
0.4668718662
0.5550176523
0.5819101793
0.5903268127
0.5894647415
0.5819031452
0.5903037686
0.5894579582
0.4369360384
0.36421659
0.4369100413
0.496684335
0.4710644165
0.4988920004
0.5561920371
0.5267047652
0.5280560488
0.4710610711
0.4966763572
0.4988897324
0.5561858596
0.5266919434
0.528051618
0.3392357032
0.3097440232
0.3392356028
0.3740735103
0.3723475146
0.4123717617
0.4463435707
0.4047618894
0.4280838612
0.3723477912
0.3740708894
0.4123712481
0.4463379209
0.4047572271
0.4280810502
0.6151999578
0.6213999638
0.6270378188
0.6107293078
0.6145066638
0.6152273765
0.615177334
0.6213769041
0.6270142957
0.6107220526
0.6144993
0.6152200229
)
;
    }
}


// ************************************************************************* //
