/*--------------------------------*- C++ -*----------------------------------*\
| =========                 |                                                 |
| \\      /  F ield         | OpenFOAM: The Open Source CFD Toolbox           |
|  \\    /   O peration     | Version:                                        |
|   \\  /    A nd           | Website:  www.openfoam.com                      |
|    \\/     M anipulation  |                                                 |
\*---------------------------------------------------------------------------*/
FoamFile
{
    version     2.0;
    format      ascii;
    class       surfaceScalarField;
    location    "5.4";
    object      phi;
}
// * * * * * * * * * * * * * * * * * * * * * * * * * * * * * * * * * * * * * //

dimensions      [0 3 -1 0 0 0 0];
oriented        oriented;


internalField   nonuniform List<scalar> 
5126
(
0.0001008920664
-4.092455461e-08
6.2221145e-05
-0.0001630801481
0.000337241841
4.922788062e-05
-1.253451206e-06
-0.0003852014311
0.0004847789279
-0.002128454899
0.0001680783098
3.45896015e-10
0.0004649910518
0.000516069828
0.00049466808
-0.008135124294
-5.768046423e-05
0.002206037641
0.001890723854
0.002206031064
0.001890743528
-0.007292332459
-0.0008419602226
-0.005748123874
-0.001543398409
-0.003642096149
-0.002105460625
-0.001202909237
-0.002439001146
0.001347086836
-0.002550170046
0.003840872706
-0.00249421083
0.006164514991
-0.002324188506
0.008258569189
-0.002094621517
0.01010421845
-0.00184617386
0.01170758733
-0.001603814434
0.01308808328
-0.001380839178
0.01427068811
-0.001182854519
0.01528147247
-0.001010953917
0.01614341259
-0.0008620342093
0.01687841832
-0.000735040233
0.01750386957
-0.0006254477551
0.01803350127
-0.0005295965885
0.01847773513
-0.0004441869119
0.01884443855
-0.0003666555942
0.01914003232
-0.0002955514667
0.01937079617
-0.0002307289651
0.0195440165
-0.000173192572
0.01966856111
-0.0001245223048
0.01975465101
-8.607148052e-05
0.01981290698
-5.82406425e-05
0.01985307245
-4.015298012e-05
0.01988292929
-2.984700265e-05
0.01990777484
-2.48380169e-05
0.01993053672
-2.275601406e-05
0.01995234004
-2.179831019e-05
0.01997323289
-2.088793607e-05
0.01999282188
-1.958397526e-05
0.02000850457
-1.567706636e-05
0.02002092134
-1.241042164e-05
0.02003131014
-1.038195822e-05
0.02003981379
-8.496304812e-06
0.02004665773
-6.836319633e-06
0.02005208413
-5.418768912e-06
0.02005631124
-4.219675196e-06
0.02005951797
-3.199671323e-06
0.02006184558
-2.321035383e-06
0.02006340679
-1.555167516e-06
0.02006429526
-8.829632044e-07
0.02006459201
-2.917259663e-07
0.02006436885
2.277472635e-07
0.02006368945
6.836334705e-07
0.02006261003
1.083347361e-06
0.02006117982
1.433866573e-06
0.02005944164
1.741596889e-06
0.02005743309
2.01175251e-06
0.02005518701
2.249089118e-06
0.02005273213
2.457710348e-06
0.02005009375
2.641055736e-06
0.0200472941
2.802191899e-06
0.02004435273
2.943785875e-06
0.02004128689
3.068149656e-06
0.02003811178
3.177340183e-06
0.0200348408
3.273116007e-06
0.02003148582
3.35704802e-06
0.02002805735
3.430471187e-06
0.02002456469
3.494578995e-06
0.02002101613
3.550414677e-06
0.02001741907
3.598851796e-06
0.0200137801
3.640706356e-06
0.02001010526
3.676518755e-06
0.02000639833
3.708574208e-06
0.02000265453
3.745410514e-06
3.747314192e-06
7.285877342e-05
-0.0001933443625
4.497038279e-08
0.0002087350643
-8.829444513e-05
-0.0001749931282
0.0001485570423
-4.50749639e-07
-0.0001689195017
0.0001958063367
0.0001889065103
-0.0003594277641
-0.0006097169821
0.0003494740225
1.320047002e-09
0.0001150031286
0.0001959431996
0.0001198165595
-0.0003755041035
-0.0003419506495
0.0004958420153
-0.0001659339138
0.000495899792
-0.0001660335895
0.0004653399945
-0.001682804313
0.001849582615
-0.002927641021
0.003532404102
-0.003788282124
0.005373059101
-0.004279656147
0.007229309053
-0.004406420007
0.008989754708
-0.004254656498
0.01059361855
-0.003928052345
0.01201436979
-0.003515372752
0.01324839764
-0.0030802017
0.01430652709
-0.002661943876
0.0152069291
-0.002281241182
0.01597014723
-0.001946072639
0.01661599597
-0.001656802646
0.01716372445
-0.001409762693
0.01762813406
-0.00119944986
0.01802252101
-0.001019834714
0.01835788498
-0.0008649605668
0.01864307356
-0.0007293754991
0.01888498533
-0.000608567369
0.01908886748
-0.0004994336229
0.01925919392
-0.0004010553995
0.01939790253
-0.0003119011816
0.01950945323
-0.0002360729972
0.0195974998
-0.0001741180443
0.01966607425
-0.0001268150875
0.01971936592
-9.344465107e-05
0.01976133246
-7.181353177e-05
0.01979532514
-5.883069329e-05
0.01982386752
-5.129838827e-05
0.01984863445
-4.656522859e-05
0.01987059292
-4.284639279e-05
0.01988991037
-3.890141806e-05
0.01990539855
-3.116524488e-05
0.01992013851
-2.715038413e-05
0.01993299578
-2.323923256e-05
0.01994412776
-1.962828063e-05
0.01995372252
-1.643107874e-05
0.0199619767
-1.367294705e-05
0.01996907458
-1.131755796e-05
0.01997517637
-9.301451348e-06
0.01998041584
-7.560498833e-06
0.01998490395
-6.043273647e-06
0.01998873414
-4.713147282e-06
0.01999198697
-3.544552022e-06
0.0199947328
-2.518080263e-06
0.01999703368
-1.617247851e-06
0.01999894407
-8.270344293e-07
0.02000051203
-1.34092261e-07
0.02000177883
4.74799417e-07
0.02000278131
1.009270172e-06
0.02000355147
1.478926814e-06
0.0200041173
1.891875152e-06
0.02000450358
2.254774625e-06
0.02000473201
2.57375973e-06
0.0200048217
2.854095441e-06
0.02000478948
3.100359779e-06
0.02000465022
3.316598532e-06
0.02000441705
3.506294054e-06
0.02000410154
3.672554157e-06
0.02000371399
3.818021694e-06
0.02000326352
3.945056621e-06
0.02000275824
4.055699404e-06
0.02000220538
4.151712687e-06
0.02000161142
4.234667794e-06
0.02000098226
4.305679863e-06
0.02000032394
4.366900029e-06
0.0199996535
4.415854344e-06
4.474707389e-06
-8.381631144e-05
-0.0001725419999
-1.524282749e-07
0.0001380861948
0.0001184245461
-0.000190478175
-0.0002039420173
0.0002356214096
0.000159557164
-7.583815097e-07
0.008610803331
0.0001194171027
-0.0003825646236
-0.0001724099128
-0.0003830370335
-0.0001718258773
-0.001531779508
-0.002278314164
-0.001531848996
-0.002278440336
0.009523039299
-0.001254186637
0.01043650355
-0.002596268564
0.01138758983
-0.003878727305
0.01233317625
-0.004733868525
0.01324754222
-0.005194022104
0.01408801736
-0.005246895155
0.01484844124
-0.005015080383
0.01552281394
-0.004602425045
0.01611360754
-0.004106166355
0.01662652554
-0.003593119707
0.01706917835
-0.003104596685
0.01744978762
-0.002661850454
0.01777632391
-0.002272608926
0.01805604218
-0.001936520913
0.01829536226
-0.001649082781
0.0185000094
-0.001404097002
0.01867522414
-0.00119504945
0.01882603554
-0.001015771967
0.01895738056
-0.0008607205206
0.0190739675
-0.0007251543186
0.01917988889
-0.0006053550081
0.01927770042
-0.0004988669331
0.01937039441
-0.0004045951607
0.01945689977
-0.0003225783561
0.01953619992
-0.0002534181879
0.01960691194
-0.0001975271041
0.01966799354
-0.0001545262559
0.01971920921
-0.0001230291947
0.01976122525
-0.0001008467303
0.0197958379
-8.591104158e-05
0.01982329643
-7.402374774e-05
0.01984608881
-6.563876735e-05
0.01986351914
-5.633174666e-05
0.01988025381
-4.789990823e-05
0.01989492721
-4.182378633e-05
0.01990785519
-3.616720578e-05
0.0199192418
-3.101488739e-05
0.01992924692
-2.643619597e-05
0.01993801823
-2.244425673e-05
0.01994569895
-1.899827309e-05
0.01995242431
-1.602680989e-05
0.01995831664
-1.34528284e-05
0.01996348298
-1.120960018e-05
0.01996801531
-9.245474181e-06
0.01997199259
-7.521828222e-06
0.01997548302
-6.008512987e-06
0.01997854601
-4.680235166e-06
0.01998123352
-3.514543513e-06
0.01998359084
-2.491411341e-06
0.01998565847
-1.592821123e-06
0.01998747115
-8.034110262e-07
0.01998906007
-1.099937186e-07
0.01999045168
5.002605663e-07
0.01999167008
1.036370409e-06
0.01999273605
1.507790365e-06
0.01999366807
1.922067163e-06
0.01999448238
2.286049354e-06
0.0199951933
2.605683132e-06
0.01999581344
2.886152322e-06
0.01999635402
3.131975915e-06
0.01999682495
3.347092282e-06
0.01999723503
3.534974358e-06
0.01999759211
3.698621543e-06
0.01999790318
3.840653495e-06
0.01999817449
3.963358985e-06
0.01999841176
4.068409535e-06
0.01999861968
4.15898684e-06
0.01999880687
4.228667671e-06
4.321226949e-06
-6.015517547e-05
-0.0007331750978
-1.131912799e-07
0.0007276545113
6.578894838e-05
-0.0007918855057
-0.0003379299267
0.003674842189
0.0001331905259
1.924432419e-08
-0.0009449932838
-0.0007909254366
-0.0009423178405
0.01856136311
-0.0005891308551
-0.003912388739
-0.005014319047
-0.003911811166
-0.005014296192
0.01910524518
-0.001798068719
0.01951420153
-0.003005224921
0.01963549704
-0.004000022795
0.01953173376
-0.004630105244
0.01938607082
-0.005048359173
0.01920350052
-0.005064324859
0.01905564404
-0.004867223908
0.01893917064
-0.004485951646
0.0188642894
-0.004031285114
0.01882750899
-0.003556339307
0.0188238139
-0.003100901594
0.01884584244
-0.002683878995
0.01888608038
-0.002312846871
0.01893778499
-0.001988225525
0.01899545954
-0.00170675734
0.01905496463
-0.001463602088
0.01911349967
-0.001253584483
0.01916959695
-0.001071869249
0.01922311053
-0.0009142341019
0.01927505803
-0.0007771018243
0.01932718755
-0.0006574845244
0.0193812744
-0.0005529537795
0.01943834085
-0.0004616616038
0.01949810774
-0.0003823452437
0.01955892264
-0.0003142330871
0.01961821861
-0.0002568230728
0.01967328913
-0.0002095967706
0.019722044
-0.0001717840614
0.01976345983
-0.0001422625589
0.01979715896
-0.0001196101689
0.01982540317
-0.0001022679532
0.01984850906
-8.874466003e-05
0.01986838065
-7.620332609e-05
0.01988430859
-6.382785048e-05
0.0198981247
-5.563989531e-05
0.01991026521
-4.83077095e-05
0.01992098741
-4.173708829e-05
0.01993045525
-3.590402703e-05
0.01993879633
-3.078533295e-05
0.01994612884
-2.633078301e-05
0.01995256798
-2.246594595e-05
0.01995822306
-1.910790245e-05
0.01996319321
-1.617974086e-05
0.01996756527
-1.361753329e-05
0.01997141402
-1.137057969e-05
0.01997480377
-9.398253247e-06
0.01997779019
-7.666655854e-06
0.01998042194
-6.146289906e-06
0.01998274173
-4.81119912e-06
0.01998478726
-3.638353716e-06
0.01998659152
-2.607668011e-06
0.0199881832
-1.701678452e-06
0.0199895884
-9.049430395e-07
0.0199908294
-2.046251132e-07
0.01999192575
4.11437752e-07
0.01999289497
9.528456951e-07
0.01999375242
1.428597898e-06
0.01999451166
1.846438962e-06
0.01999518468
2.213135693e-06
0.0199957821
2.534551981e-06
0.01999631332
2.815870493e-06
0.0199967867
3.061603157e-06
0.01999720967
3.275655799e-06
0.01999758888
3.461440617e-06
0.01999793029
3.621955157e-06
0.01999823928
3.759419325e-06
0.01999852038
3.877893554e-06
0.01999877996
3.9690873e-06
4.090203115e-06
-0.00010121646
-0.006495591297
0.006372505267
0.0005051261131
5.878654671e-08
-9.21706626e-05
-9.911195498e-05
-8.959980085e-05
0.02585034345
0.0006729534033
-0.0001876058601
-4.966608319e-05
-0.0001878887922
-4.987570641e-05
-0.006368192693
-0.006656206401
-0.006367818453
-0.006656042855
0.02566397509
-0.0004027625249
0.02537684927
-0.001510942908
0.0248942171
-0.00252259274
0.02419599301
-0.003301798705
0.02347948692
-0.003913599157
0.02265610933
-0.004224981588
0.02182362678
-0.004231842312
0.0211392131
-0.004182810224
0.02057771912
-0.003924457678
0.02016551619
-0.003619082188
0.01986347249
-0.003254295602
0.01965351933
-0.002890948428
0.0195138324
-0.002544192074
0.01942694041
-0.002225954885
0.01937875257
-0.001940037693
0.01935804846
-0.001686053231
0.01935624719
-0.001461800815
0.01936700376
-0.001264341063
0.01938582636
-0.001090691844
0.01940979432
-0.0009382020626
0.01943733127
-0.0008046387781
0.01946792701
-0.0006880802611
0.01950171935
-0.0005867461183
0.01953895307
-0.0004988953157
0.01957945554
-0.0004228477148
0.01962232252
-0.0003571000594
0.01966594492
-0.0003004454779
0.01970835066
-0.000252002502
0.01974769313
-0.0002111265314
0.019782669
-0.0001772384244
0.0198127151
-0.0001496562669
0.01983795699
-0.0001275098366
0.01985898723
-0.0001097748937
0.01987803932
-9.525542105e-05
0.01989289585
-7.868437797e-05
0.01990570612
-6.845016404e-05
0.01991689936
-5.950093743e-05
0.01992675475
-5.159247767e-05
0.01993545435
-4.460362259e-05
0.01994312972
-3.846070167e-05
0.01994989103
-3.309209504e-05
0.01995584044
-2.841534862e-05
0.01996107365
-2.434110763e-05
0.01996567863
-2.07847163e-05
0.01996973356
-1.767245801e-05
0.01997330635
-1.494336893e-05
0.0199764559
-1.254779865e-05
0.019979233
-1.044375134e-05
0.01998168227
-8.595565198e-06
0.01998384282
-6.971747757e-06
0.01998574934
-5.544873745e-06
0.01998743211
-4.290432133e-06
0.01998891781
-3.187383434e-06
0.01999023031
-2.217442085e-06
0.01999138997
-1.364285841e-06
0.01999241538
-6.139727476e-07
0.01999332266
4.55623956e-08
0.01999412586
6.253975138e-07
0.01999483763
1.134661435e-06
0.01999546908
1.581687657e-06
0.01999603022
1.973412155e-06
0.01999652958
2.316513813e-06
0.01999697502
2.616168466e-06
0.01999737353
2.87715061e-06
0.01999773118
3.103787404e-06
0.01999805358
3.29956316e-06
0.01999834578
3.467217799e-06
0.01999861181
3.611872227e-06
0.01999885786
3.723039781e-06
3.87082766e-06
0.02631157034
0.002313962814
-0.000576342859
-0.0005765415163
0.0265094912
0.001552097758
-0.0005083117662
-0.0003667510482
-0.0005076918339
-0.0003672639465
0.02651587082
0.0006665737467
0.02634971711
-0.0002366087951
0.02598046787
-0.001141693673
0.02544756218
-0.001989687056
0.02479934157
-0.002653578098
0.02403473886
-0.003148996443
0.02320951429
-0.003399757015
0.02250743971
-0.003529767736
0.02181187807
-0.003487248591
0.02117238633
-0.003284965942
0.02068851457
-0.003135210422
0.02031091266
-0.002876693687
0.02004573487
-0.002625770641
0.01986260544
-0.002361062649
0.01973533725
-0.0020986867
0.01964989847
-0.001854598915
0.01959582033
-0.001631975097
0.01956494899
-0.001430929474
0.01955108708
-0.001250479153
0.01954959764
-0.001089202412
0.01955705626
-0.0009456606856
0.01957098761
-0.0008185701264
0.01958967113
-0.0007067637737
0.01961197153
-0.0006090465206
0.01963714505
-0.0005240688255
0.01966461459
-0.0004503172602
0.01969375767
-0.0003862431303
0.01972377568
-0.0003304634831
0.01975369605
-0.0002819228688
0.01978249242
-0.0002399228987
0.01980926244
-0.0002040084415
0.0198333796
-0.0001737734267
0.01985456538
-0.0001486956169
0.01987286459
-0.0001280741007
0.0198886969
-0.0001110877202
0.0199033608
-9.334827505e-05
0.01991491584
-8.000520842e-05
0.01992498356
-6.956864676e-05
0.0199338204
-6.042932262e-05
0.01994161083
-5.239404347e-05
0.01994848917
-4.533903804e-05
0.01995456046
-3.916338116e-05
0.01995991481
-3.376969428e-05
0.01996463433
-2.906062589e-05
0.01996879405
-2.494443814e-05
0.01997246147
-2.133987254e-05
0.01997569655
-1.817844388e-05
0.01997855114
-1.540238586e-05
0.01998107066
-1.29632678e-05
0.01998329475
-1.081965435e-05
0.01998525848
-8.935483373e-06
0.01998699227
-7.278656169e-06
0.0199885237
-5.82187067e-06
0.01998987681
-4.540487052e-06
0.01999107249
-3.413123906e-06
0.01999212982
-2.421619404e-06
0.01999306508
-1.549235778e-06
0.01999389282
-7.821814337e-07
0.01999462637
-1.081533164e-07
0.01999527643
4.846047971e-07
0.01999585356
1.004555456e-06
0.01999636649
1.460490169e-06
0.01999682333
1.859672136e-06
0.01999723104
2.208459451e-06
0.0199975959
2.512295677e-06
0.01999792352
2.77617334e-06
0.01999821901
3.004070477e-06
0.01999848678
3.19945193e-06
0.019998731
3.367656171e-06
0.01999895662
3.497420488e-06
3.669404922e-06
0.02551214479
0.001951466405
0.02575205891
0.001312183624
0.02577825072
0.0006403819304
0.02566119606
-0.0001195541305
0.02533069778
-0.0008111953911
0.02486788653
-0.001526875806
0.02432083828
-0.002106529847
0.02370694348
-0.00253510165
0.02310588456
-0.002798698091
0.02251228128
-0.00293616446
0.02193662328
-0.002911590595
0.02150122134
-0.002849564001
0.02107013661
-0.002704125688
0.0206588038
-0.002465360875
0.02033636328
-0.002303330119
0.02012777687
-0.002152476246
0.01998050138
-0.001951411211
0.01987325884
-0.001747356378
0.01979703459
-0.00155575085
0.01974503911
-0.001378933994
0.01971188213
-0.001217322179
0.01969333007
-0.001070650354
0.01968604064
-0.0009383712508
0.01968732826
-0.0008198577537
0.01969500169
-0.0007144371945
0.01970728368
-0.0006213285132
0.01972278138
-0.0005395665245
0.01974045598
-0.0004679918595
0.01975955553
-0.0004053426717
0.01977950858
-0.0003504165284
0.01979981272
-0.0003022270055
0.01981996134
-0.0002600715208
0.01983943359
-0.0002234806854
0.01985774301
-0.0001920828395
0.01987451041
-0.0001654630214
0.01988952136
-0.0001430850401
0.01990273927
-0.0001243056295
0.0199155978
-0.0001062068028
0.01992557095
-8.997835853e-05
0.01993428555
-7.828323685e-05
0.01994194019
-6.808396442e-05
0.01994869449
-5.91483413e-05
0.0199546684
-5.131294042e-05
0.01995995471
-4.44496921e-05
0.01996462923
-3.84442124e-05
0.01996875936
-3.319074998e-05
0.01997240666
-2.859173321e-05
0.01997562753
-2.456074425e-05
0.01997847244
-2.102335174e-05
0.01998098599
-1.791592925e-05
0.01998320748
-1.518475721e-05
0.01998517084
-1.278301787e-05
0.019986906
-1.067063426e-05
0.01998843987
-8.81253157e-06
0.0199897958
-7.177797672e-06
0.01999099454
-5.739229004e-06
0.01999205488
-4.473468384e-06
0.01999299297
-3.359710996e-06
0.01999382337
-2.379638317e-06
0.01999455889
-1.517702664e-06
0.01999521063
-7.598889931e-07
0.01999578919
-9.395677366e-08
0.01999630281
4.909332187e-07
0.0199967597
1.003602486e-06
0.01999716672
1.452655044e-06
0.0199975302
1.84497992e-06
0.0199978557
2.186799192e-06
0.01999814828
2.483596888e-06
0.01999841208
2.740275845e-06
0.01999865166
2.959873133e-06
0.01999886977
3.149550075e-06
0.01999907184
3.295354578e-06
3.489107309e-06
0.02483849157
0.001623124181
0.02498392445
0.001166750746
0.02500123777
0.0006230685998
0.02489997274
-1.828909988e-05
0.02467321654
-0.0005844391938
0.02431168724
-0.0011653465
0.02387058055
-0.001665423161
0.02337633105
-0.002040852154
0.02287790102
-0.00230026806
0.02239313569
-0.002451399135
0.02197121971
-0.002489674611
0.02158227466
-0.002460618943
0.02120923048
-0.002331081512
0.02092750938
-0.002183639772
0.02058310064
-0.001958921386
0.02034259053
-0.001911966144
0.02018219607
-0.001791016747
0.02006204465
-0.001627204964
0.01997150901
-0.001465215208
0.01990462802
-0.001312053006
0.01985680924
-0.001169503399
0.01982429522
-0.001038136343
0.01980400342
-0.0009180794527
0.01979335572
-0.0008092100492
0.019790149
-0.000711230475
0.01979249617
-0.0006236756772
0.01979882669
-0.0005458970429
0.01980791005
-0.0004770752194
0.01981885188
-0.0004162845025
0.01983103795
-0.0003626025997
0.01984403237
-0.0003152214204
0.01985746942
-0.0002735085608
0.01987098021
-0.0002369914788
0.01988418068
-0.0002052833034
0.01989670811
-0.0001779904433
0.01990827967
-0.0001546566017
0.01991873275
-0.000134758703
0.01992932738
-0.0001168014282
0.01993746071
-9.811169076e-05
0.01994462811
-8.545062719e-05
0.01995095877
-7.44146294e-05
0.01995656731
-6.47568791e-05
0.01996154658
-5.629220074e-05
0.0199659685
-4.887161111e-05
0.01996989244
-4.236815004e-05
0.01997336981
-3.666811757e-05
0.01997644857
-3.167048906e-05
0.01997917297
-2.728514327e-05
0.01998158365
-2.343403192e-05
0.01998371734
-2.004961567e-05
0.01998560587
-1.707328123e-05
0.01998727761
-1.445475727e-05
0.01998875743
-1.215046168e-05
0.01999006716
-1.012225622e-05
0.01999122626
-8.336897756e-06
0.01999225229
-6.765263827e-06
0.01999316062
-5.381798706e-06
0.01999396489
-4.163979183e-06
0.01999467758
-3.092333891e-06
0.0199953093
-2.149418927e-06
0.01999586954
-1.320131938e-06
0.01999636704
-5.914592126e-07
0.01999680938
4.859465129e-08
0.01999720295
6.100422442e-07
0.01999755406
1.101547938e-06
0.0199978678
1.531236058e-06
0.01999814892
1.905680939e-06
0.01999840176
2.230764393e-06
0.0199986301
2.511938176e-06
0.01999883732
2.752657294e-06
0.01999902647
2.960398848e-06
0.0199992015
3.120331962e-06
3.332585062e-06
0.02420263684
0.001374362993
0.0243671247
0.0010022629
0.02443585605
0.0005543372462
0.02433133491
8.62320383e-05
0.02417166185
-0.0004247661354
0.0238668435
-0.0008605281537
0.02350509216
-0.001303671827
0.02310752605
-0.001643286037
0.02269144527
-0.001884187278
0.02227952379
-0.002039477658
0.02190451324
-0.002114664055
0.02156656319
-0.002122668885
0.0212953706
-0.002059888924
0.02105302616
-0.001941295339
0.02078591075
-0.001691805979
0.02052857483
-0.00165463022
0.02035619441
-0.001618636334
0.02022345335
-0.0014944639
0.02012326385
-0.001365025707
0.02004624525
-0.001235034408
0.01998754998
-0.001110808134
0.0199439615
-0.000994547856
0.01991274839
-0.0008868663455
0.01989156579
-0.0007880274469
0.01987837491
-0.000698039603
0.01987139947
-0.0006167002335
0.01986912674
-0.0005436243105
0.01987032536
-0.0004782738407
0.01987405204
-0.0004200111821
0.01987962028
-0.0003681708327
0.01988653186
-0.000322132998
0.01989439241
-0.0002813691104
0.0199028429
-0.0002454419683
0.01991152989
-0.0002139702837
0.01992011742
-0.00018657797
0.01992832113
-0.0001628603101
0.01993594179
-0.000142379361
0.01994413727
-0.0001249969042
0.01995029461
-0.0001042690265
0.01995579476
-9.095077473e-05
0.01996070138
-7.932124242e-05
0.01996508177
-6.913727338e-05
0.01996899481
-6.020523371e-05
0.01997248931
-5.236611017e-05
0.01997560544
-4.548427278e-05
0.01997837951
-3.944219363e-05
0.01998084472
-3.413568666e-05
0.01998303308
-2.947350234e-05
0.01998497465
-2.537560086e-05
0.01998669676
-2.177172134e-05
0.01998822442
-1.860094591e-05
0.01998957945
-1.580978334e-05
0.01999078115
-1.335216383e-05
0.01999184682
-1.118792777e-05
0.01999279148
-9.281558555e-06
0.01999362894
-7.602727515e-06
0.0199943713
-6.124159584e-06
0.01999502957
-4.822244036e-06
0.01999561346
-3.676227836e-06
0.01999613163
-2.66759095e-06
0.01999659186
-1.780360383e-06
0.01999700084
-1.000439829e-06
0.01999736495
-3.155090415e-07
0.01999768937
2.856189892e-07
0.01999797899
8.119285552e-07
0.01999823811
1.27212055e-06
0.01999847057
1.673225718e-06
0.01999867982
2.021522967e-06
0.01999886913
2.322626261e-06
0.01999904104
2.580747229e-06
0.01999919818
2.803263721e-06
0.01999934372
2.974796442e-06
3.202293356e-06
0.02370968463
0.001167099423
0.0238707184
0.0008412291268
0.02389828995
0.0005267656936
0.02383126702
0.0001532549679
0.02368901987
-0.0002825189848
0.02347641565
-0.0006479239385
0.02318988501
-0.00101714119
0.02287164957
-0.001325050589
0.02253407337
-0.001546611068
0.02219234326
-0.001697747546
0.02186355779
-0.001785878586
0.021559044
-0.001818155098
0.02130079044
-0.001801635369
0.02109837793
-0.001738882829
0.02099247259
-0.001585900636
0.02075718145
-0.001419339084
0.02055724
-0.001418694882
0.02037706047
-0.00131428437
0.02025517727
-0.00124314251
0.0201698434
-0.001149700534
0.02010345515
-0.001044419889
0.0200515018
-0.0009425945027
0.02001162241
-0.0008469869535
0.01998174944
-0.000758154476
0.01996005973
-0.0006763498998
0.01994495042
-0.0006015909194
0.01993503886
-0.0005337127479
0.01992917259
-0.0004724075777
0.01992642785
-0.0004172664376
0.01992608838
-0.0003678313648
0.01992760078
-0.000323645393
0.01993051848
-0.0002842868017
0.01993445371
-0.0002493771986
0.01993905099
-0.0002185675624
0.0199439865
-0.0001915134717
0.01994898427
-0.0001678580716
0.0199538344
-0.0001472294912
0.01995809151
-0.0001292540145
0.01996376319
-0.0001099407
0.01996754437
-9.473195293e-05
0.01997097318
-8.275004905e-05
0.01997407405
-7.223814092e-05
0.01997687372
-6.300490197e-05
0.01997939657
-5.488896237e-05
0.01998166468
-4.775237385e-05
0.01998369812
-4.147563091e-05
0.01998551669
-3.595425693e-05
0.01998713943
-3.109624258e-05
0.01998858541
-2.682157127e-05
0.01998987267
-2.305898663e-05
0.01999101807
-1.974634624e-05
0.01999203702
-1.682873405e-05
0.01999294325
-1.425838728e-05
0.01999374896
-1.199364078e-05
0.01999446515
-9.997750241e-06
0.01999510148
-8.239055892e-06
0.01999566682
-6.689501244e-06
0.01999616928
-5.324704383e-06
0.01999661567
-4.122617077e-06
0.01999701266
-3.064585374e-06
0.01999736576
-2.133453235e-06
0.01999768023
-1.314913539e-06
0.01999796053
-5.958103884e-07
0.01999821091
3.524794138e-08
0.01999843459
5.882476511e-07
0.0199986352
1.071517308e-06
0.01999881561
1.492812031e-06
0.01999897824
1.858901337e-06
0.0199991255
2.175363415e-06
0.01999925955
2.446702893e-06
0.01999938224
2.680576864e-06
0.01999949613
2.860905156e-06
3.100154201e-06
0.02329013356
0.001002024167
0.02340503622
0.0007263264672
0.02346316511
0.0004686367985
0.02345531972
0.0001611003552
0.0233250852
-0.0001522844586
0.02317327417
-0.0004961129057
0.02292808744
-0.0007719544546
0.02266224455
-0.001059207694
0.02238651498
-0.001270881501
0.02210442948
-0.00141566204
0.02182639757
-0.00150784668
0.02156182389
-0.001553581419
0.0213196939
-0.001559505381
0.02111308431
-0.00153227324
0.02099526484
-0.001468081168
0.0209434139
-0.001367488147
0.02080415513
-0.001279436112
0.02057703145
-0.001087160692
0.02038820228
-0.001054313346
0.02027845124
-0.001039949492
0.02020523895
-0.0009712075934
0.02014701245
-0.0008843679985
0.02010051338
-0.0008004878835
0.02006372231
-0.0007213634037
0.02003505573
-0.0006476833212
0.02001310359
-0.0005796387854
0.01999663327
-0.0005172424294
0.01998459381
-0.0004603681089
0.01997611335
-0.000408785977
0.01997048235
-0.0003622003669
0.01996712494
-0.0003202879831
0.01996556415
-0.0002827260022
0.01996538994
-0.0002492029888
0.0199662398
-0.000219417415
0.01996779375
-0.0001930674213
0.01996978008
-0.0001698443943
0.01997198337
-0.0001494327771
0.01997424694
-0.0001315175882
0.01997757187
-0.0001132656244
0.0199796329
-9.679297949e-05
0.01998157046
-8.468760205e-05
0.01998337261
-7.404029364e-05
0.01998503703
-6.466931997e-05
0.01998656571
-5.641763862e-05
0.01998796281
-4.914947325e-05
0.01998923336
-4.274617612e-05
0.0199903838
-3.710469401e-05
0.01999142151
-3.213395017e-05
0.01999235415
-2.775421637e-05
0.01999319052
-2.389535491e-05
0.01999393928
-2.049510442e-05
0.0199946089
-1.749835113e-05
0.01999520744
-1.485693234e-05
0.01999574211
-1.252830464e-05
0.01999621956
-1.047519997e-05
0.01999664578
-8.665281006e-06
0.0199970261
-7.069817972e-06
0.01999736523
-5.663839528e-06
0.01999766789
-4.425271395e-06
0.01999793767
-3.334364211e-06
0.0199981787
-2.374486608e-06
0.01999839386
-1.530068379e-06
0.01999858633
-7.882855605e-07
0.01999875888
-1.372960543e-07
0.01999891355
4.335819235e-07
0.01999905271
9.323593164e-07
0.01999917816
1.367367612e-06
0.0199992918
1.745260866e-06
0.01999939498
2.072183855e-06
0.01999948932
2.352362999e-06
0.0199995758
2.594106765e-06
0.01999965631
2.780394075e-06
3.027627705e-06
0.02294682851
0.0008633406127
0.0230431157
0.0006300392806
0.02311114799
0.0004006045054
0.02308423394
0.0001880144041
0.02299540968
-6.346018899e-05
0.02286139326
-0.0003620964849
0.02268970679
-0.0006002679732
0.02247478383
-0.0008442847301
0.0222482241
-0.001044321775
0.02201449674
-0.001181934687
0.02178043421
-0.001273784148
0.02155360911
-0.001326756328
0.0213399042
-0.001345800478
0.02114422776
-0.001336596793
0.0209803361
-0.001304189514
0.02086386579
-0.001251017845
0.02076537713
-0.00118094745
0.02072130876
-0.001043092321
0.02055497229
-0.000887976882
0.02039180818
-0.0008767853785
0.02030063337
-0.0008800327784
0.02023192335
-0.0008156579732
0.02017957461
-0.0007481391447
0.02013744768
-0.0006792364776
0.0201032116
-0.0006134472379
0.02007564654
-0.0005520737274
0.02005367087
-0.0004952667527
0.02003634308
-0.0004430403264
0.02002285874
-0.0003953016353
0.02001254004
-0.0003518816645
0.02000481764
-0.0003125655766
0.01999920861
-0.0002771169717
0.01999529675
-0.0002452911218
0.01999271776
-0.0002168384197
0.0199911545
-0.0001915041654
0.01999033722
-0.0001690271069
0.01999004565
-0.0001491412024
0.01999010894
-0.0001315808802
0.01999145382
-0.0001146104947
0.01999183114
-9.717030293e-05
0.01999229576
-8.515221755e-05
0.01999280732
-7.455184828e-05
0.01999333861
-6.520060671e-05
0.01999387096
-5.694998673e-05
0.01999439156
-4.967007823e-05
0.01999489169
-4.324629706e-05
0.01999536512
-3.757812369e-05
0.01999580791
-3.257673938e-05
0.01999621808
-2.816438261e-05
0.01999659496
-2.427223618e-05
0.01999693904
-2.083918303e-05
0.01999725213
-1.781144258e-05
0.0199975362
-1.514100147e-05
0.01999779351
-1.278561664e-05
0.01999802639
-1.070807681e-05
0.01999823689
-8.875790179e-06
0.01999842694
-7.259858806e-06
0.01999859838
-5.835281854e-06
0.0199987528
-4.579690912e-06
0.01999889199
-3.473558631e-06
0.01999901737
-2.499868989e-06
0.01999913046
-1.643149737e-06
0.01999923235
-8.90176914e-07
0.01999932454
-2.294850591e-07
0.0199994081
3.500216249e-07
0.01999948381
8.566581772e-07
0.01999955276
1.298421563e-06
0.01999961566
1.682367308e-06
0.01999967334
2.014505827e-06
0.01999972648
2.29921796e-06
0.01999977566
2.544932472e-06
0.0199998217
2.734356597e-06
2.985690199e-06
0.02265678769
0.0007460526654
0.02273315145
0.0005536755184
0.02277641624
0.0003573397145
0.02278399134
0.0001804393103
0.02275007375
-2.954260067e-05
0.02262739013
-0.0002394128615
0.02250462942
-0.0004775072544
0.02231516475
-0.0006548200635
0.02212154386
-0.0008507008844
0.02192598136
-0.0009863721912
0.02172832743
-0.001076130227
0.02153377877
-0.001132207672
0.02134732691
-0.001159348619
0.0211726041
-0.001161873989
0.02101267533
-0.001144260745
0.02087226323
-0.001110605748
0.02075531461
-0.001063998835
0.02070560707
-0.0009933847778
0.02068849342
-0.0008708632377
0.02055057689
-0.0007388688425
0.02043433795
-0.0007637938377
0.02032231659
-0.0007036366134
0.02025102707
-0.0006768496213
0.02020323087
-0.0006314402741
0.02016463992
-0.0005748562844
0.02013254471
-0.0005199785166
0.02010600948
-0.0004687315287
0.02008420573
-0.000421236567
0.02006640718
-0.0003775030905
0.02005198249
-0.0003374569694
0.02004038735
-0.0003009704322
0.02003115144
-0.0002678810653
0.0200238652
-0.0002380048808
0.02001817003
-0.0002111432422
0.02001375384
-0.0001870879692
0.02001034876
-0.0001656220273
0.02000773116
-0.000146523594
0.02000572052
-0.0001295702435
0.02000517041
-0.0001140603835
0.0200039281
-9.592798373e-05
0.0200029642
-8.418831825e-05
0.0200022165
-7.380415037e-05
0.02000163671
-6.46208093e-05
0.02000118861
-5.650188791e-05
0.02000084363
-4.932508919e-05
0.02000057962
-4.298229246e-05
0.02000037898
-3.737748084e-05
0.02000022777
-3.242552449e-05
0.02000011472
-2.80513303e-05
0.02000003059
-2.418810503e-05
0.01999996868
-2.077727479e-05
0.01999992353
-1.776629634e-05
0.01999989149
-1.51089568e-05
0.0199998697
-1.276383195e-05
0.01999985612
-1.069449616e-05
0.01999984892
-8.868589348e-06
0.01999984687
-7.257805962e-06
0.01999984856
-5.836977661e-06
0.01999985312
-4.58424956e-06
0.01999986006
-3.480493242e-06
0.01999986836
-2.508170697e-06
0.01999987776
-1.65255278e-06
0.0199998882
-9.006095886e-07
0.01999989903
-2.403112498e-07
0.01999991024
3.38813837e-07
0.01999992168
8.452215509e-07
0.0199999331
1.287005147e-06
0.0199999446
1.670869505e-06
0.0199999561
2.003008545e-06
0.01999996753
2.287789469e-06
0.01999997874
2.533725562e-06
0.01999998967
2.723424076e-06
2.974819257e-06
0.02241193315
0.0006451277649
0.02247863365
0.0004869750241
0.02251678133
0.0003191920357
0.02253927559
0.000157945053
0.02249168817
1.804482597e-05
0.02239855705
-0.0001462817393
0.02229387482
-0.0003728250268
0.02215729987
-0.0005182451155
0.02200377
-0.0006971710219
0.02184127704
-0.0008238792333
0.02167387637
-0.0009087295594
0.0215066297
-0.0009649610046
0.02134388363
-0.0009966025528
0.02118894507
-0.00100693543
0.02104411215
-0.0009994278328
0.0209109559
-0.0009774495026
0.02079105789
-0.0009441008235
0.02069861451
-0.0009009413972
0.02066892814
-0.000841176874
0.02068981113
-0.0007597518248
0.02062362624
-0.0006976089487
0.02046628447
-0.0005462948447
0.02033311464
-0.0005436797911
0.02026326905
-0.0005615946771
0.02021970448
-0.000531291721
0.0201837866
-0.0004840606314
0.02015353589
-0.0004384808124
0.0201279995
-0.0003957001804
0.02010653204
-0.0003560356229
0.02008855867
-0.0003194835973
0.02007357176
-0.0002859835268
0.02006112475
-0.0002554340489
0.02005082447
-0.0002277045957
0.02004232468
-0.0002026434571
0.02003532109
-0.000180084369
0.02002955047
-0.0001598514088
0.02002478852
-0.0001417616414
0.02002084781
-0.0001256295277
0.02001850853
-0.000111721105
0.02001573222
-9.31516685e-05
0.02001340586
-8.186195725e-05
0.02001144902
-7.184730523e-05
0.02000979767
-6.296945556e-05
0.02000839984
-5.510406087e-05
0.02000721366
-4.813890476e-05
0.02000620466
-4.197328894e-05
0.02000534476
-3.651757991e-05
0.02000461046
-3.169122356e-05
0.02000398206
-2.742292643e-05
0.02000344317
-2.364921637e-05
0.02000297978
-2.031388918e-05
0.02000258043
-1.736693937e-05
0.02000223554
-1.476407381e-05
0.02000193737
-1.24656595e-05
0.02000167939
-1.043651964e-05
0.02000145614
-8.645334431e-06
0.02000126292
-7.064590071e-06
0.02000109588
-5.669934618e-06
0.02000095136
-4.439729981e-06
0.02000082627
-3.355401459e-06
0.02000071802
-2.399923554e-06
0.02000062441
-1.558940922e-06
0.02000054317
-8.193635297e-07
0.02000047286
-1.700022744e-07
0.02000041195
3.997335585e-07
0.02000035916
8.980126258e-07
0.02000031337
1.332798076e-06
0.02000027346
1.71077621e-06
0.02000023875
2.037724696e-06
0.02000020832
2.318224914e-06
0.0200001816
2.560443842e-06
0.02000015767
2.747361961e-06
2.995087945e-06
0.02220406324
0.0005572978645
0.02226312336
0.0004279149119
0.02229347397
0.0002888414226
0.02230058194
0.000150837087
0.02227251995
4.610681739e-05
0.02222363641
-9.739819436e-05
0.02213241853
-0.0002816071607
0.02203181459
-0.0004176411703
0.02190048169
-0.0005658381218
0.02176228754
-0.0006856850867
0.02161978997
-0.0007662319982
0.02147559193
-0.0008207629654
0.02133326863
-0.0008542792546
0.021195779
-0.0008694458042
0.02106531798
-0.0008689668193
0.02094337666
-0.0008555081795
0.0208308511
-0.0008315752661
0.02072937839
-0.0007994686873
0.02064880506
-0.0007606035461
0.02060316191
-0.0007141086811
0.0205662024
-0.0006606494416
0.02057071694
-0.0005508093779
0.02045523181
-0.0004281946656
0.02033516271
-0.0004415255705
0.02027518482
-0.0004713138343
0.02023048932
-0.0004393651285
0.02019631993
-0.0004043114164
0.02016770186
-0.0003670821077
0.0201431445
-0.0003314782645
0.02012213226
-0.0002984713555
0.02010420188
-0.0002680531401
0.02008893832
-0.0002401704895
0.02007597054
-0.0002147368124
0.02006496841
-0.0001916413215
0.02005563944
-0.0001707554013
0.02004772684
-0.0001519388003
0.02004100775
-0.0001350425577
0.02003529184
-0.0001199136097
0.02002996911
-0.0001063983684
0.02002707559
-9.025815064e-05
0.02002346825
-7.825461701e-05
0.02002036821
-6.874726146e-05
0.02001769854
-6.029977886e-05
0.02001539479
-5.280031481e-05
0.02001340338
-4.61474881e-05
0.02001167931
-4.024921286e-05
0.02001018464
-3.502290983e-05
0.02000888738
-3.039396666e-05
0.0200077602
-2.629574378e-05
0.02000677977
-2.266878564e-05
0.02000592585
-1.945997233e-05
0.02000518144
-1.662252719e-05
0.02000453153
-1.411416007e-05
0.0200039636
-1.189773008e-05
0.02000346704
-9.939958922e-06
0.0200030328
-8.211102053e-06
0.02000265294
-6.684724883e-06
0.0200023206
-5.337598066e-06
0.02000202999
-4.149113487e-06
0.02000177559
-3.101008452e-06
0.02000155295
-2.17728309e-06
0.02000135787
-1.363859929e-06
0.02000118699
-6.484793709e-07
0.02000103702
-2.002630867e-08
0.02000090516
5.315978543e-07
0.0200007893
1.013869027e-06
0.02000068712
1.434988903e-06
0.02000059691
1.800989536e-06
0.02000051679
2.117849401e-06
0.02000044531
2.389701219e-06
0.02000038122
2.624533888e-06
0.02000032282
2.805770493e-06
3.045866103e-06
0.02202766249
0.0004798631149
0.02208132354
0.0003742538649
0.02211010169
0.0002600632768
0.02211695309
0.000143985689
0.02211688667
4.617323655e-05
0.02209540769
-7.591922387e-05
0.02201070053
-0.0001969000063
0.0219348441
-0.0003417847351
0.02181294426
-0.000443938289
0.02169065897
-0.0005633998012
0.02156806719
-0.0006436402157
0.02144321302
-0.0006959088019
0.02131835775
-0.0007294239828
0.02119607886
-0.0007471669188
0.02107842446
-0.0007513124125
0.02096689783
-0.0007439815562
0.02086251871
-0.0007271961498
0.02076590071
-0.0007028506888
0.02067799165
-0.0006726944834
0.02060204279
-0.0006381598248
0.02054134552
-0.0005999521782
0.02053635377
-0.0005458176226
0.02055556981
-0.0004474107043
0.02045661652
-0.0003425722884
0.02037266061
-0.0003873579181
0.02028733451
-0.0003540390242
0.02023604024
-0.00035301715
0.02020331447
-0.0003343563294
0.02017618646
-0.0003043502541
0.02015260343
-0.000274888318
0.02013214847
-0.0002475981761
0.02011444163
-0.0002224636519
0.02009913854
-0.0001994337219
0.02008592802
-0.0001784307979
0.02007453131
-0.0001593586863
0.02006469984
-0.00014210733
0.02005621452
-0.000126557237
0.02004888435
-0.000112583439
0.0200425445
-0.0001000585179
0.02003781076
-8.552440649e-05
0.02003301589
-7.345974487e-05
0.02002885056
-6.458192666e-05
0.02002522746
-5.667667794e-05
0.02002207235
-4.964519901e-05
0.02001932182
-4.339695355e-05
0.02001692158
-3.784896879e-05
0.02001482527
-3.292660234e-05
0.02001299317
-2.856186279e-05
0.02001139088
-2.46934587e-05
0.02000998886
-2.126676216e-05
0.02000876152
-1.82326317e-05
0.02000768631
-1.55473175e-05
0.02000674378
-1.31716337e-05
0.020005917
-1.107094121e-05
0.0200051913
-9.214262916e-06
0.02000455417
-7.573969674e-06
0.02000399467
-6.125227519e-06
0.02000350339
-4.846317579e-06
0.02000307187
-3.717595822e-06
0.02000269284
-2.721973635e-06
0.02000235986
-1.84430527e-06
0.02000206707
-1.071070958e-06
0.02000180945
-3.908572179e-07
0.02000158237
2.070571869e-07
0.02000138227
7.317053019e-07
0.02000120532
1.190820666e-06
0.02000104877
1.591543635e-06
0.02000090967
1.940089294e-06
0.02000078568
2.241847115e-06
0.02000067445
2.500935783e-06
0.02000057444
2.724543635e-06
0.02000048271
2.897496355e-06
3.126230214e-06
0.02187822041
0.0004106670579
0.02192773366
0.0003247406067
0.02195690531
0.0002308916323
0.02196977146
0.0001311195329
0.02197905676
3.688793519e-05
0.02194272853
-3.959100239e-05
0.02187904352
-0.0001332150027
0.02181056235
-0.0002733035586
0.02172296065
-0.0003563365986
0.02162433577
-0.0004647749208
0.02151983521
-0.0005391396478
0.02141130614
-0.0005873797351
0.02130131211
-0.0006194299524
0.02119216795
-0.0006380227609
0.02108576304
-0.0006449075025
0.02098356775
-0.0006417862601
0.02088666536
-0.0006302937709
0.02079579532
-0.0006119806447
0.02071140309
-0.0005883022593
0.02063384245
-0.0005605991848
0.02056395637
-0.0005300660997
0.02051473256
-0.0004965938176
0.02051956469
-0.000452242835
0.02056759486
-0.0003906024634
0.02052978904
-0.0003495520928
0.02040029058
-0.0002245405634
0.02028988158
-0.0002426081428
0.02023671191
-0.0002811866591
0.02020565427
-0.0002732926054
0.02017991788
-0.0002491519322
0.02015732188
-0.0002250021655
0.02013752071
-0.0002026624866
0.02012019669
-0.0001821096972
0.02010505928
-0.0001632933812
0.02009184438
-0.0001461437851
0.0200803134
-0.000130576354
0.02007025321
-0.0001164970468
0.02006147424
-0.0001038044653
0.02005381028
-9.239455359e-05
0.02004780254
-7.95166687e-05
0.02004192424
-6.758143656e-05
0.02003678209
-5.943977162e-05
0.0200322811
-5.217568529e-05
0.02002833906
-4.570315438e-05
0.02002488441
-3.994230806e-05
0.02002185541
-3.481996718e-05
0.02001919824
-3.026942635e-05
0.02001686629
-2.622991639e-05
0.02001481949
-2.264665352e-05
0.02001302223
-1.946950603e-05
0.02001144386
-1.665425802e-05
0.02001005729
-1.416074666e-05
0.02000883875
-1.195309669e-05
0.02000776761
-9.999802658e-06
0.02000682557
-8.272224217e-06
0.02000599678
-6.745173042e-06
0.02000526752
-5.395965775e-06
0.02000462574
-4.204537125e-06
0.02000406096
-3.152822972e-06
0.02000356378
-2.224784658e-06
0.02000312601
-1.406543507e-06
0.02000274057
-6.856283369e-07
0.02000240065
-5.093285328e-08
0.02000210058
5.071269296e-07
0.02000183546
9.968291072e-07
0.02000160073
1.425555602e-06
0.02000139239
1.799883648e-06
0.02000120699
2.125493337e-06
0.02000104126
2.40758848e-06
0.02000089248
2.649714458e-06
0.02000075808
2.858943511e-06
0.02000063483
3.020752075e-06
3.234780495e-06
0.02175226559
0.0003479724431
0.02179847326
0.000278532936
0.02182709741
0.0002022674845
0.0218384395
0.0001197774357
0.02183668596
3.864147065e-05
0.02181496239
-1.786743073e-05
0.02178143757
-9.969019423e-05
0.02171996134
-0.0002118273281
0.02165465158
-0.0002910268317
0.02156790458
-0.0003780279243
0.02147635573
-0.0004475907925
0.02138132426
-0.0004923482708
0.0212838669
-0.0005219725904
0.02118592497
-0.0005400808314
0.02108923937
-0.0005482218994
0.02099523162
-0.0005477785147
0.02090501194
-0.000540074088
0.02081940227
-0.000526370976
0.02073896556
-0.0005078655529
0.02066403832
-0.0004856719514
0.02059477177
-0.0004607995457
0.02053231223
-0.0004341342837
0.02048586534
-0.0004057959446
0.02046903343
-0.0003737705592
0.02045711193
-0.0003376305849
0.02048110258
-0.0002485312108
0.02038638619
-0.0001478917563
0.020283981
-0.0001787814569
0.02023340281
-0.0002227144199
0.02020408644
-0.000219835555
0.02017969084
-0.0002006065628
0.02015811196
-0.0001810836052
0.02013905754
-0.0001630552695
0.0201222573
-0.0001464931473
0.02010746246
-0.0001313489438
0.02009444533
-0.0001175592205
0.02008299927
-0.0001050509801
0.02007293835
-9.374354788e-05
0.02006409657
-8.355276781e-05
0.02005693892
-7.23590222e-05
0.02005008824
-6.073075344e-05
0.02004406555
-5.341707218e-05
0.02003877004
-4.688017954e-05
0.02003411295
-4.104605904e-05
0.02003001667
-3.584602506e-05
0.02002641298
-3.121627667e-05
0.02002324209
-2.709853492e-05
0.02002045191
-2.343973361e-05
0.02001799623
-2.019096572e-05
0.02001583505
-1.730833205e-05
0.02001393288
-1.475208737e-05
0.02001225863
-1.248649583e-05
0.02001078489
-1.047935715e-05
0.02000948731
-8.702217977e-06
0.02000834461
-7.129531368e-06
0.02000733815
-5.738711974e-06
0.02000645138
-4.509192272e-06
0.02000567009
-3.423248921e-06
0.02000498145
-2.46418562e-06
0.02000437465
-1.617980379e-06
0.02000383975
-8.716411776e-07
0.02000336781
-2.136850939e-07
0.02000295117
3.657052057e-07
0.0200025832
8.750971383e-07
0.02000225763
1.322404244e-06
0.02000196905
1.714138178e-06
0.02000171263
2.056309944e-06
0.02000148405
2.354077105e-06
0.02000127957
2.612074566e-06
0.02000109556
2.833718528e-06
0.02000092925
3.025255339e-06
0.02000077647
3.173543104e-06
3.3693656e-06
0.02164702587
0.0002903733942
0.02169068897
0.0002348698411
0.02171932564
0.0001736308067
0.02173228842
0.00010681465
0.02173169706
3.923282989e-05
0.02172873535
-1.490572301e-05
0.02171269155
-8.364639542e-05
0.0216548201
-0.000153955869
0.0216046188
-0.0002408255409
0.02152220577
-0.0002956148912
0.02143872083
-0.0003641058537
0.02135434723
-0.0004079746708
0.02126730487
-0.0004349302266
0.02117876657
-0.0004515425345
0.02109031847
-0.0004597738019
0.02100333346
-0.0004607934996
0.02091893072
-0.0004556713546
0.02083798361
-0.0004454238671
0.02076113709
-0.0004310190334
0.02068883101
-0.0004133658705
0.02062132887
-0.0003932974144
0.02055874849
-0.0003715539022
0.0205017305
-0.0003487779597
0.02045332253
-0.0003253625893
0.02041678095
-0.0003010890008
0.02043139656
-0.0002631468152
0.02046592156
-0.0001824167525
0.02037489601
-8.775590926e-05
0.02027535938
-0.0001231777793
0.02022691099
-0.0001713871707
0.02019924241
-0.0001729379761
0.02017617347
-0.0001580146627
0.02015565737
-0.0001425391661
0.0201374428
-0.0001282785753
0.02012129553
-0.0001152016783
0.02010699908
-0.0001032627612
0.02009435377
-9.240567332e-05
0.02008317777
-8.256754575e-05
0.02007330601
-7.368100337e-05
0.020065126
-6.41790145e-05
0.02005741817
-5.302291604e-05
0.02005061619
-4.661509424e-05
0.02004461509
-4.087907392e-05
0.02003932119
-3.575215623e-05
0.02003465187
-3.117669825e-05
0.0200305338
-2.709820911e-05
0.02002690226
-2.346699133e-05
0.02002369987
-2.023733862e-05
0.02002087627
-1.736736561e-05
0.02001838696
-1.481902204e-05
0.02001619248
-1.255760421e-05
0.02001425804
-1.055206251e-05
0.0200125531
-8.774414186e-06
0.02001105031
-7.199428812e-06
0.02000972576
-5.804985422e-06
0.02000855795
-4.570902017e-06
0.02000752839
-3.479625442e-06
0.02000662023
-2.515093516e-06
0.02000581937
-1.663320725e-06
0.02000511275
-9.113631511e-07
0.02000448937
-2.482579686e-07
0.02000393892
3.367644926e-07
0.02000345268
8.519438224e-07
0.02000302272
1.305066879e-06
0.02000264215
1.702975062e-06
0.02000230449
2.05180407e-06
0.02000200422
2.356578317e-06
0.02000173646
2.62184448e-06
0.02000149664
2.851897673e-06
0.02000128079
3.049573601e-06
0.02000108545
3.220592807e-06
0.02000090589
3.353104676e-06
3.527913866e-06
0.0215602711
0.0002367278714
0.0216019799
0.0001931610314
0.02163073859
0.0001448721124
0.02164601968
9.15335588e-05
0.02165032749
3.492502441e-05
0.02165265659
-1.723482824e-05
0.02162564457
-5.663436965e-05
0.02158149178
-0.0001098030868
0.02153479939
-0.0001941331473
0.02147422975
-0.0002350452533
0.02140548416
-0.00029536027
0.02133109187
-0.0003335823815
0.02125263762
-0.0003564759824
0.02117181923
-0.0003707241353
0.02109017735
-0.0003781319257
0.02100904882
-0.0003796649746
0.02092955387
-0.0003761764002
0.02085259681
-0.0003684668077
0.02077887776
-0.0003572999835
0.02070890935
-0.0003433974595
0.02064303757
-0.0003274256365
0.02058146669
-0.0003099830287
0.02052428352
-0.0002915947928
0.02047163275
-0.0002727118199
0.02042425459
-0.0002537108362
0.0203947147
-0.0002336069239
0.0204127754
-0.0002004774449
0.02044961512
-0.0001245956309
0.02036123344
-3.479609791e-05
0.02026421646
-7.437018929e-05
0.02021774517
-0.0001264666801
0.02019167832
-0.000131947816
0.02016995007
-0.0001208109083
0.02015055529
-0.0001088837938
0.02013327293
-9.791931903e-05
0.02011789618
-8.788601165e-05
0.02010423307
-7.874255922e-05
0.02009210615
-7.044061885e-05
0.02008135281
-6.292765969e-05
0.02007228091
-5.510711684e-05
0.02006383478
-4.457678707e-05
0.0200563597
-3.914000683e-05
0.02004974693
-3.426630559e-05
0.02004389967
-2.990489132e-05
0.02003873105
-2.600806792e-05
0.02003416377
-2.253092964e-05
0.02003012913
-1.943235369e-05
0.02002656577
-1.667397185e-05
0.02002341927
-1.42208691e-05
0.02002064141
-1.20411628e-05
0.02001818975
-1.010594533e-05
0.02001602623
-8.388541985e-06
0.02001411739
-6.865569582e-06
0.02001243352
-5.515564718e-06
0.02001094808
-4.319539851e-06
0.02000963778
-3.260605207e-06
0.02000848183
-2.323674508e-06
0.02000746174
-1.49500199e-06
0.02000656139
-7.629660707e-07
0.02000576693
-1.169095354e-07
0.02000506496
4.537112395e-07
0.020004445
9.567349306e-07
0.0200038972
1.39973669e-06
0.02000341248
1.789789476e-06
0.02000298304
2.13242575e-06
0.02000260202
2.432829107e-06
0.02000226294
2.695653251e-06
0.02000196032
2.924474231e-06
0.02000168913
3.123086027e-06
0.02000144491
3.29379534e-06
0.0200012238
3.441705019e-06
0.02000102047
3.556442878e-06
3.707371701e-06
0.02149029567
0.000186105491
0.02153052338
0.0001529333078
0.02155936845
0.0001160270449
0.02157590812
7.49938852e-05
0.02158009389
3.073925112e-05
0.02157469536
-1.183629484e-05
0.02155621748
-3.815649696e-05
0.02152762598
-8.121158935e-05
0.02148751196
-0.0001540191269
0.02143892947
-0.000186462773
0.02137931452
-0.0002357453252
0.02131237987
-0.0002666477328
0.02124068673
-0.000284782838
0.02116597144
-0.0002960088472
0.02108973811
-0.0003018986021
0.02101330189
-0.0003032287483
0.02093777931
-0.0003006538271
0.02086409099
-0.0002947784786
0.02079297049
-0.0002861794921
0.020724978
-0.0002754049718
0.02066051797
-0.0002629656004
0.02059985881
-0.000249323869
0.0205431528
-0.0002348887904
0.02049045513
-0.0002200141478
0.02044174419
-0.0002049998912
0.02039823098
-0.0001900937152
0.02037196138
-0.0001742078447
0.02039272084
-0.0001453550863
0.02043173897
-7.381422744e-05
0.02034570854
1.166024281e-05
0.02025096846
-3.172659312e-05
0.02020638427
-8.736363075e-05
0.02018190659
-9.633321869e-05
0.02016154906
-8.852627003e-05
0.02014333739
-7.970764341e-05
0.02012707255
-7.162117179e-05
0.02011256908
-6.423908696e-05
0.0200996541
-5.752563664e-05
0.02008816738
-5.144093196e-05
0.02007833602
-4.527575286e-05
0.02006927327
-3.551403563e-05
0.02006123386
-3.1100596e-05
0.02005410732
-2.713976443e-05
0.02004779403
-2.359159416e-05
0.02004220392
-2.04179559e-05
0.02003725688
-1.758388584e-05
0.02003288051
-1.505598519e-05
0.02002901068
-1.280414054e-05
0.02002558989
-1.080007883e-05
0.02002256694
-9.01821025e-06
0.0200198963
-7.435302482e-06
0.02001753761
-6.029858417e-06
0.02001545497
-4.782924017e-06
0.02001361652
-3.677117579e-06
0.02001199387
-2.696893413e-06
0.02001056166
-1.828393152e-06
0.02000929745
-1.05946358e-06
0.0200081817
-3.792510733e-07
0.02000719657
2.221665093e-07
0.02000632627
7.533902182e-07
0.0200055576
1.222380438e-06
0.02000487832
1.636016417e-06
0.02000427756
2.000498591e-06
0.02000374603
2.32132575e-06
0.02000327495
2.603503256e-06
0.02000285657
2.851213902e-06
0.02000248433
3.06789749e-06
0.020002152
3.256806416e-06
0.02000185411
3.420979673e-06
0.02000158566
3.562252787e-06
0.02000134263
3.684732573e-06
0.02000111899
3.780084875e-06
3.904945262e-06
0.02143576818
0.0001377356969
0.02147490002
0.0001138014511
0.02150383721
8.708984948e-05
0.02152157643
5.725466673e-05
0.02152743364
2.488203272e-05
0.02152256515
-6.967802458e-06
0.0215127314
-2.832275069e-05
0.02148981549
-5.82956849e-05
0.0214553419
-0.0001195455403
0.02141370215
-0.0001448230329
0.02136018585
-0.0001822290245
0.02129875192
-0.0002052138087
0.02123205517
-0.0002180860873
0.02116185886
-0.0002258125378
0.02108966325
-0.000229702997
0.02101676701
-0.0002303325092
0.02094427454
-0.0002281613578
0.02087310782
-0.0002236117547
0.02080401542
-0.0002170870901
0.0207375857
-0.0002089752516
0.02067426028
-0.0001996401884
0.02061435139
-0.0001894149712
0.02055805858
-0.0001785959856
0.02050548612
-0.0001674416814
0.02045665891
-0.0001561726825
0.02041153856
-0.0001449733673
0.02037132502
-0.0001339942954
0.0203480366
-0.0001220666643
0.02037136363
-9.714125969e-05
0.02041251594
-2.94920727e-05
0.02032863703
5.215232345e-05
0.02023602016
5.253245426e-06
0.02019327438
-5.358743607e-05
0.02017061912
-6.587101614e-05
0.02015145324
-6.054175265e-05
0.02013448452
-5.465245562e-05
0.02011931306
-4.906762141e-05
0.02010576958
-4.398215258e-05
0.02009369633
-3.936768025e-05
0.02008323884
-3.481826006e-05
0.02007368166
-2.595685304e-05
0.02006518919
-2.260812344e-05
0.020057649
-1.959957462e-05
0.02005095955
-1.690214077e-05
0.0200450289
-1.448730439e-05
0.0200397743
-1.232927545e-05
0.02003512121
-1.040290039e-05
0.02003100278
-8.685710811e-06
0.02002735911
-7.156403452e-06
0.02002413686
-5.795958904e-06
0.02002128818
-4.586622233e-06
0.02001877065
-3.512330545e-06
0.02001654655
-2.558819104e-06
0.02001458188
-1.712450576e-06
0.02001284698
-9.619992678e-07
0.02001131548
-2.968839525e-07
0.02000996315
2.928648104e-07
0.02000876905
8.148502506e-07
0.02000771432
1.276889364e-06
0.02000678273
1.684985213e-06
0.02000595956
2.045554474e-06
0.02000523188
2.363697039e-06
0.02000458822
2.644161478e-06
0.02000401826
2.891281549e-06
0.02000351299
3.108776909e-06
0.02000306444
3.299774204e-06
0.02000266518
3.467157342e-06
0.02000230847
3.613517271e-06
0.02000198876
3.740697095e-06
0.02000170068
3.850331096e-06
0.02000143965
3.945763109e-06
0.02000119961
4.020132934e-06
4.117251032e-06
0.02139567264
9.096491817e-05
0.02143402844
7.544563676e-05
0.02146303393
5.80843584e-05
0.02148166703
3.86215566e-05
0.02148923825
1.731081319e-05
0.02148693134
-4.66089518e-06
0.02148116557
-2.255699128e-05
0.0214646985
-4.18286176e-05
0.02143536856
-9.021559834e-05
0.02139816559
-0.0001076200585
0.02134856025
-0.0001326236939
0.02129062871
-0.0001472822617
0.02122713337
-0.0001545907533
0.02115989337
-0.0001585725398
0.02109039816
-0.0001602077915
0.02101991395
-0.0001598483048
0.02094951841
-0.0001577658158
0.02088011843
-0.0001542117805
0.02081246201
-0.000149430673
0.02074714848
-0.0001436617156
0.02068464007
-0.0001371317821
0.02062527565
-0.000130050541
0.02056928582
-0.000122606159
0.02051680712
-0.0001149629791
0.02046789728
-0.0001072628421
0.02042254812
-9.962420316e-05
0.02038069904
-9.214522139e-05
0.02034353578
-8.490339826e-05
0.02032306251
-7.66679913e-05
0.02034890389
-5.533344664e-05
0.02039221039
8.845817513e-06
0.02031037139
8.709225227e-05
0.02022036319
3.642076718e-05
0.02018380746
-2.931528231e-05
0.02015829485
-3.502914543e-05
0.02014009845
-3.645605459e-05
0.02012442883
-3.339799162e-05
0.02011041493
-2.996825148e-05
0.02009790107
-2.685382179e-05
0.02008695057
-2.386775886e-05
0.02007702128
-1.602755763e-05
0.02006818681
-1.377364943e-05
0.02006033442
-1.174717811e-05
0.02005336067
-9.928387227e-06
0.02004717247
-8.299108839e-06
0.02004168497
-6.841767948e-06
0.02003682224
-5.540172361e-06
0.02003251528
-4.378744549e-06
0.02002870271
-3.343830565e-06
0.0200253292
-2.422448308e-06
0.02002234531
-1.602737945e-06
0.02001970715
-8.741736465e-07
0.0200173755
-2.271691375e-07
0.02001531511
3.4794107e-07
0.02001349509
8.580219619e-07
0.02001188745
1.310758914e-06
0.02001046782
1.712497109e-06
0.02000921414
2.068524094e-06
0.02000810704
2.383989303e-06
0.02000712879
2.66323703e-06
0.02000626431
2.910039524e-06
0.02000549999
3.128020074e-06
0.02000482377
3.320379842e-06
0.02000422494
3.490108985e-06
0.02000369396
3.639762927e-06
0.02000322239
3.771353237e-06
0.02000280238
3.887171085e-06
0.02000242738
3.988521488e-06
0.02000209115
4.076929043e-06
0.02000178797
4.153512588e-06
0.02000151353
4.220200897e-06
0.02000126084
4.272825668e-06
4.340451242e-06
0.02136929754
4.522336168e-05
0.02140715213
3.759103706e-05
0.02143619518
2.904129234e-05
0.02145538011
1.943662269e-05
0.02146379995
8.89097054e-06
0.02146125541
-2.11636603e-06
0.02145027742
-1.157899962e-05
0.02144744586
-3.899705313e-05
0.02142826359
-7.103333558e-05
0.02139331061
-7.266707118e-05
0.02134483004
-8.414312861e-05
0.02128816543
-9.061765437e-05
0.02122605952
-9.248484889e-05
0.02116026223
-9.277525279e-05
0.02109218596
-9.213152658e-05
0.02102303
-9.069235054e-05
0.02095382354
-8.855936399e-05
0.02088544414
-8.583237726e-05
0.02081862584
-8.261237158e-05
0.02075396557
-7.90014474e-05
0.02069193226
-7.509846968e-05
0.02063287751
-7.099578325e-05
0.02057704808
-6.67767245e-05
0.0205245999
-6.251480319e-05
0.02047560963
-5.827256727e-05
0.02043008854
-5.410310839e-05
0.02038799321
-5.004989286e-05
0.02034923696
-4.614715448e-05
0.02031498986
-4.242088891e-05
0.02029725215
-3.759573478e-05
0.02032561462
-1.951664848e-05
0.02037145915
4.124771693e-05
0.02029912443
0.0001087554911
0.02023884202
3.096713786e-05
0.02017395048
2.986239192e-05
0.02014469222
-7.19779005e-06
0.02012788552
-1.659128652e-05
0.02011355577
-1.563849864e-05
0.02010074627
-1.404432346e-05
0.02008943671
-1.255819816e-05
0.02007925877
-5.849608554e-06
0.02007019582
-4.710697141e-06
0.02006213407
-3.685430375e-06
0.02005496996
-2.76427126e-06
0.02004860889
-1.938039423e-06
0.02004296537
-1.198241339e-06
0.02003796188
-5.366829572e-07
0.02003352862
5.451965121e-08
0.02002960263
5.821555184e-07
0.02002612761
1.052579874e-06
0.02002305313
1.471735506e-06
0.02002033397
1.844987378e-06
0.02001792985
2.176951932e-06
0.02001580514
2.472655909e-06
0.02001392762
2.735542126e-06
0.02001226912
2.969259571e-06
0.02001080431
3.177303928e-06
0.0200095106
3.362236053e-06
0.02000836811
3.526472358e-06
0.02000735889
3.672458372e-06
0.02000646704
3.801897705e-06
0.02000567852
3.916532868e-06
0.02000498074
4.01817061e-06
0.02000436277
4.108075221e-06
0.02000381469
4.187850573e-06
0.02000332762
4.258425977e-06
0.02000289403
4.320759403e-06
0.0200025068
4.375754412e-06
0.02000215952
4.424211797e-06
0.0200018466
4.46644355e-06
0.02000156308
4.503718617e-06
0.02000130216
4.533743155e-06
4.570961942e-06
0.02135615851
0.02139374955
0.02142279084
0.02144222746
0.02145111843
0.02144900206
0.02143742306
0.02139842601
0.02132739268
0.0212547256
0.02117058247
0.02107996482
0.02098747996
0.02089470471
0.02080257318
0.02071188083
0.02062332146
0.02053748908
0.02045487671
0.02037587527
0.0203007768
0.02022978102
0.0201630043
0.02010048949
0.02004221693
0.01998811382
0.01993806392
0.01989191677
0.01984949588
0.01981190015
0.0197923835
0.01983363122
0.01994238671
0.01997335385
0.02000321624
0.01999601846
0.01997942717
0.01996378867
0.01994974435
0.01993718615
0.01993133655
0.01992662585
0.01992294042
0.01992017615
0.01991823811
0.01991703987
0.01991650319
0.01991655771
0.01991713987
0.01991819245
0.01991966418
0.01992150917
0.01992368612
0.01992615878
0.01992889432
0.01993186358
0.01993504088
0.01993840312
0.01994192959
0.01994560205
0.01994940395
0.01995332048
0.01995733866
0.01996144673
0.01996563458
0.01996989301
0.01997421377
0.01997858953
0.01998301374
0.01998748019
0.01999198391
0.01999651765
2.609837512e-08
4.277911807e-05
5.807741145e-05
0.0001764433156
-8.919670225e-05
3.604256503e-08
-0.0001506790542
6.339639899e-05
-0.0001008960983
3.019727809e-08
4.278638106e-05
5.807348101e-05
0.0001763954425
-8.91487164e-05
2.516037499e-08
-0.0001506186736
6.334678798e-05
9.956691925e-08
6.096308128e-05
0.000188239439
0.0001549385148
2.522630484e-05
-6.888882458e-08
-0.0001778918455
-2.204085079e-06
-7.286564154e-05
1.04644701e-07
6.09587891e-05
0.0001881976484
0.0001548744647
2.522469821e-05
-3.318373922e-08
-0.0001778312863
-2.234692378e-06
0.0002829359001
5.486814727e-05
-5.512308795e-07
1.020435377e-08
-0.0001625210581
-0.0001200302159
-0.0002240957986
0.000186113652
-0.0001503569038
0.000188786071
-4.470204154e-07
-3.953419919e-08
6.222251316e-05
-0.0001630790749
-0.0003372348551
-5.466949945e-07
0.0002829578289
5.48438176e-05
0.0001933451155
-1.97070635e-08
-0.0001625086258
-0.0001199655026
-0.0002241332967
0.0001860672489
-4.477442038e-07
-0.0001503833423
0.0001888971341
-0.0001146481173
4.414974545e-08
0.000106905836
-2.314527051e-09
-3.837913331e-05
3.113806877e-07
0.0001144490966
-6.6219705e-05
-4.732485557e-05
-6.573629048e-05
-8.937325573e-10
-4.7671332e-05
0.0001073430451
-3.80766812e-05
-6.466015506e-08
-4.759081581e-05
0.0001187776731
0.0004838349417
5.718577801e-05
-6.22533251e-05
-0.0004786759894
-9.141099942e-08
8.37133574e-05
-3.519311215e-08
-4.759440947e-05
0.0001187907174
0.0004838432504
5.71009174e-05
-7.315506449e-08
-6.221878989e-05
-0.0004786522285
-3.867688613e-05
-4.61889724e-05
6.496543976e-08
8.130482732e-05
7.517229365e-10
3.495313794e-06
4.328200456e-05
5.793836302e-05
4.496250503e-10
-0.0001012038759
-8.48260765e-08
3.879606495e-05
4.063458078e-06
-3.653950606e-09
4.583943119e-05
0.0001110671734
-9.882554788e-05
2.739141269e-10
4.515471416e-06
0.0001108455521
1.126262843e-09
-9.910092846e-05
8.163044885e-05
3.070004177e-06
-3.797554226e-07
-6.557773026e-05
-6.665709864e-05
2.523333791e-10
-5.74209305e-05
0.000137524172
-2.732858914e-07
9.267739686e-10
1.473942378e-06
-0.0001505092879
6.378004223e-05
1.326046802e-09
0.0001761066149
-8.934263844e-05
9.668223294e-08
5.697963977e-05
-9.668820385e-05
-7.611570352e-08
-0.0001371938188
0.0001350886039
7.93011662e-10
-9.698877628e-05
5.268023897e-10
0.0001345704527
1.142981184e-06
-3.867894552e-05
-4.618672616e-05
6.456530409e-08
8.130683531e-05
3.495028838e-06
4.328140481e-05
5.794052825e-05
-0.0001011991146
-8.318512693e-08
3.880205282e-05
4.064019052e-06
5.351768597e-10
4.583858684e-05
0.0001110559809
-9.882162449e-05
4.515332755e-06
0.0001108499852
-9.909450792e-05
8.16352081e-05
3.069998361e-06
-3.811456297e-07
-6.558303183e-05
6.62274968e-05
-6.665502568e-05
6.573386488e-05
-5.741777209e-05
0.0001375259568
-2.739175331e-07
1.473501537e-06
-0.0001505088263
6.376781472e-05
0.0001760955428
-8.932802362e-05
1.015891098e-07
5.697588446e-05
-9.664015947e-05
-7.342629429e-08
-0.0001371946938
0.0001350318796
-9.697422801e-05
0.0001345658195
1.142482022e-06
-3.012151465e-07
-1.012149823e-09
-3.294678422e-05
-3.277437315e-05
-0.0001146456451
4.090747508e-08
0.0001069036464
-3.83868727e-05
3.143764262e-07
0.0001144438911
-4.731485811e-05
-4.767021578e-05
0.0001073353564
-3.80954447e-05
-3.059773569e-07
-3.295390472e-05
-3.280016506e-05
6.212680045e-05
-0.0001633799168
1.099321227e-09
-5.001005564e-08
-0.0001551550299
0.0001186006405
-0.0001554104286
0.0001183846092
1.688218983e-09
-6.145989926e-05
1.331914897e-07
-0.0002117372502
0.0001176505632
2.971205008e-09
-1.341009327e-07
6.152220671e-05
-0.0002244692572
-0.0002249761059
1.835276981e-09
-0.0002112700248
0.0001177703935
0.0004579913042
2.88734557e-05
-2.060550489e-06
-0.0001390238096
-9.08652156e-07
-0.0002591564703
0.0001287549985
-0.0003570605054
-8.939420791e-05
0.0003200719976
-2.372282172e-06
-1.248485035e-06
4.921867304e-05
-0.0003851854169
-0.000484715607
-2.057071733e-06
0.0004579928336
2.880529064e-05
0.0001748401551
-8.825329549e-07
-0.0001390029679
-0.0002590879575
0.0001287871394
-0.0003571226755
-2.390002075e-06
-8.937280057e-05
0.0003200983389
0.0001274816584
-1.907917942e-07
0.0002073798213
-1.290467962e-09
-0.0001973484595
5.003404891e-05
0.0001091669404
0.0001934777026
-0.0002100154231
-9.22080701e-05
-4.211509015e-07
4.689456567e-08
0.0002086328994
-8.820031611e-05
-0.0001486073985
-2.350348431e-07
0.0001276891263
0.0002072205496
0.0001726502486
-1.668336336e-08
-0.0001974188613
5.001000109e-05
0.0001091702484
0.0001934427687
-4.07027483e-07
-0.0002099737038
-9.223228621e-05
0.0001943149903
0.0001242809579
-9.344375447e-07
-0.0001982887021
0.0001180221076
-1.044636934e-06
8.568872099e-09
0.0002813329171
0.000643572867
-0.0001640267221
-0.0001444079949
-0.0001441421507
-0.0001650363973
-4.183106515e-05
-0.000111959414
-0.0001090717148
-4.443890808e-05
-4.772200524e-07
-0.0001689653489
0.0001956753284
-0.0001888338297
-9.16011673e-07
0.000194309497
0.0001242274846
0.0001904298865
-1.026779664e-06
-0.0001982945132
0.0001180616573
0.0002810917802
0.0006437837282
-0.0001640226328
-0.0001442894518
-0.0001441615693
-0.0001650416194
-4.183437271e-05
-0.0001120257009
-0.0001090551109
-4.443648195e-05
-0.0001742141502
0.000163957136
-2.07297328e-07
-7.171631422e-05
-1.400329832e-07
0.0004955361023
8.117852675e-05
0.0005421741154
-8.791772335e-05
-0.0005343130716
-1.121850275e-06
-1.022959207e-07
0.0001380471769
0.0001184187175
0.0002040241037
-2.28612184e-07
-0.0001742992792
0.0001639465609
6.020413951e-05
-1.572796122e-07
-7.174025131e-05
0.0004955366491
8.114382508e-05
0.0005423276346
-1.148868077e-06
-8.797454604e-05
-0.0005343480483
-0.0007323786334
-7.013255683e-08
5.645943239e-05
0.001421241886
0.0001186837388
-9.480726657e-05
-0.001444777802
-3.405671497e-07
0.0007330544903
-5.657596304e-08
-0.0007324293885
5.653238274e-05
0.001421150912
0.0001189570357
-3.69607234e-07
-9.482991161e-05
-0.00144490844
-0.0007508307846
3.988416222e-05
2.396490398e-07
-7.720124058e-05
0.001397935834
-7.091733595e-07
8.584977179e-09
0.005119824059
0.0003410984419
-6.3605033e-05
-4.976038428e-05
-4.708372209e-05
-6.543556318e-05
-0.001248430848
-0.00137037533
-0.001367893655
-0.001248346575
-9.68377997e-08
0.0007276623945
6.569308613e-05
0.0007918985653
2.33864683e-07
-0.000750887931
3.989932964e-05
0.0001011876083
-7.152802895e-07
-7.726298003e-05
0.001397941562
0.005120249238
0.0003407213588
-6.359702357e-05
-4.978680849e-05
-4.710485534e-05
-6.541163206e-05
-0.001248437865
-0.001370357108
-0.00136790723
-0.001248359481
-0.000148432858
-4.447523539e-05
-4.523478825e-08
0.0001545773709
-3.176692573e-09
6.121215595e-05
0.0001881196219
3.541690105e-11
-7.312563006e-05
3.215392006e-07
0.0001484052904
-3.038697413e-08
4.448992915e-05
0.0001894537336
-4.567383877e-05
-4.606749766e-11
0.0001892763484
-4.069808154e-09
-4.56582751e-05
0.0001547733004
-2.609166848e-05
0.0001478026676
-7.904956169e-08
-1.357730161e-09
-0.0001777489328
-2.392220718e-06
-4.276671717e-09
0.0001549796112
2.509693381e-05
3.282690741e-08
2.60221876e-05
-1.449312483e-05
-6.81252619e-08
-0.0001479420663
0.0001261350552
-1.198151287e-09
-1.453022417e-05
-3.28427165e-09
0.0001258028261
-0.0001484193908
-4.449043287e-05
-5.083744513e-08
0.0001545705989
6.120871429e-05
0.0001880968392
-7.310532811e-05
3.15121282e-07
0.0001483606812
-8.698032633e-09
4.45427623e-05
0.000189379834
-4.571625093e-05
0.0001892768456
-4.56832055e-05
0.0001547571607
-2.609650357e-05
0.0001478007242
-8.888510773e-08
-0.0001777389198
-2.369119582e-06
0.000154941171
2.512940893e-05
3.159355238e-08
2.601924454e-05
-1.450228352e-05
-2.853085456e-08
-0.0001478873582
0.0001260002064
-1.452817922e-05
0.0001258354701
-5.871190488e-05
-0.0002662185238
2.478983862e-07
0.000112941313
3.965965714e-09
-2.649410266e-07
5.873938896e-05
-5.037007636e-07
0.000265279752
0.0001055717347
-0.0003154796352
0.0002839468704
5.481340098e-05
1.56145815e-09
-0.0003393018703
2.646570363e-09
0.0001054433418
2.590762563e-09
-0.0003173547631
0.000112997014
-0.0001622342569
-0.0001203223575
1.443929232e-09
0.0001932227411
2.750071962e-10
-0.0001406088871
-0.0001408393559
1.219223506e-09
0.0001630869695
9.057950117e-08
-0.0001863690944
2.755058627e-09
-1.172008518e-07
-0.0001632532652
-0.0001538770366
0.0001972172914
-0.0001542495706
7.798499365e-10
0.0001968962032
-0.0001860011618
-0.0002320436201
0.0001584043088
2.07361375e-07
4.171170148e-09
-4.010477559e-07
0.0002313709406
-0.0002757550665
-2.511821911e-07
-0.0001585741398
0.0001937343495
-0.0001503454311
0.000189466406
1.877313117e-09
-0.000225478133
0.000185908251
4.036533763e-09
-0.0002773508011
2.128340585e-09
0.0001933678254
6.213488411e-05
-0.0001633766427
-4.601942639e-08
-0.0001551327458
0.0001185796573
-0.0001553989007
0.0001183949607
-6.147053472e-05
1.344270898e-07
-0.0002117334931
0.0001176736673
-1.354221482e-07
6.154453075e-05
-0.0002244766565
-0.0002249760818
-0.0002112577519
0.0001178039679
-5.872389095e-05
-0.0002662222154
2.5330668e-07
0.0001129632712
0.000283950181
5.480867587e-05
-0.0003392891423
-2.671063864e-07
5.876994365e-05
-5.065728717e-07
0.0002652920763
0.0001055241432
-0.0003154658331
0.0001054308042
-0.0003173483211
0.0001130575746
-0.0001622530364
-0.0001202942805
0.000193201048
-8.405060206e-10
-0.000140568277
-0.0001408319134
0.0001630994809
1.07286225e-07
-0.0001863622444
-1.686025081e-07
-0.0001633322269
-0.0001538156476
0.0001973509809
-0.0001542062852
0.0001968436647
-0.0001859892479
-0.0002320584347
0.0001584378122
2.258194826e-07
-0.0001503566148
0.0001894722567
-0.0002254724385
0.0001859109153
-4.195200267e-07
0.0002314051643
-0.0002758448482
-3.193535526e-07
-0.0001586993007
0.0001941001349
-0.0002773997329
0.0001933865544
-4.761917494e-05
0.0001187787487
-2.604294801e-09
8.375798331e-05
8.511900791e-08
9.578642799e-05
9.573718391e-05
2.255047685e-09
0.0001299854656
9.106386397e-09
6.835863213e-05
-1.268212598e-09
-3.650209373e-09
-0.0001300295491
8.489433531e-05
0.0001639165349
8.480102696e-05
1.150218443e-09
0.0001639583737
6.83462009e-05
0.0002704015152
5.234419832e-05
-4.027413818e-09
1.926725311e-10
-1.959683451e-08
-0.0002704103928
0.0002930709849
-1.679445319e-08
-5.214225718e-05
4.483382427e-05
-6.214479918e-05
-0.0004788212886
-3.916893342e-09
0.0004836044698
5.727411655e-05
5.143518751e-10
0.0002930376361
8.080906531e-10
4.476535875e-05
-4.761820575e-05
0.000118827913
8.369364884e-05
4.565961242e-08
9.577082531e-05
9.574704987e-05
0.0001299858846
2.078439437e-08
6.835471694e-05
-2.584707209e-08
-0.0001300420375
8.487353065e-05
0.0001639850627
8.482042269e-05
0.000163968658
6.8335258e-05
0.0002704080499
5.233762648e-05
2.200902171e-10
-6.212676468e-05
-0.0004787733201
0.0004836425626
5.71804549e-05
-3.455303574e-08
-0.0002704353199
0.0002931246109
-2.094650999e-08
-5.212398918e-05
4.485983599e-05
0.0002930676787
4.481556377e-05
-1.137095575e-06
-0.0003589853828
9.387072716e-05
4.937655181e-05
-0.0003899172742
8.117614182e-11
-0.000363184644
9.406873055e-05
6.117343211e-10
-4.503538917e-05
3.071401182e-06
-0.000408607816
8.738558565e-05
1.578187133e-09
-3.344729952e-06
4.45493617e-05
-0.0004263883934
-0.0004382802098
1.950143067e-10
-0.0003977884476
8.642384478e-05
7.774145024e-05
-2.233385524e-09
-0.001764465954
3.686092508e-09
0.0004081719225
0.0003765358383
0.0004313445399
-3.430768117e-09
0.0002040027839
-0.002128474416
0.0001680378758
0.0005160261769
0.0004650780305
0.0004947480969
7.771055776e-05
-0.001764495584
0.0003594137807
0.0003765798334
0.0004081189015
0.0004313019562
0.0002039550736
0.0002085990921
-8.845889235e-05
1.888459091e-09
-2.015556275e-08
-4.780211012e-05
0.0002108834937
-4.788143361e-05
0.0002108046683
-2.572386741e-09
8.515803583e-09
0.0002158846406
-0.0001069703073
0.0002155856174
-0.0001071426818
2.887462694e-09
-5.652412171e-08
-5.186199985e-05
0.0002196307112
-8.00437627e-09
-5.165102184e-05
0.000219677026
-0.0001706397867
0.0001957700181
-0.0001750047169
0.0001494184982
5.237584009e-09
-0.0001790992548
7.650630351e-05
9.077013949e-07
-8.951053411e-05
0.0001912010342
-5.252137337e-09
-1.156801408e-06
0.0001782616418
-0.0001589982682
-0.0001870260769
-5.816663664e-07
-7.523858432e-05
6.594290837e-05
0.0002056836777
-0.0001600616595
-0.0001908328829
-1.287399724e-09
6.666349285e-05
0.0002050364615
-5.285238054e-09
-8.734670839e-05
0.0001912774826
9.013084212e-05
-3.015881704e-09
0.0002481832703
5.905114848e-08
-2.971914483e-08
-0.0006097427133
0.0003496662839
0.00019591021
0.0001149209421
0.0001198265484
9.010912028e-05
0.0002477800551
0.0001379220818
0.0001184411145
-0.0001727539025
-3.74772792e-09
-1.183669622e-07
0.0002010189351
0.0001011021528
0.0002007761935
0.0001009855932
2.944638857e-10
-0.0001584194952
1.773506268e-07
0.0002405587977
0.0001184611513
-1.608412805e-09
-6.328252789e-08
0.000158155632
-0.000186155785
0.0001464879729
-0.0001862493077
0.00014620986
-2.223166009e-09
0.0002406078821
0.0001187440188
0.0003664166322
-7.693705283e-08
-0.0002783994931
-0.0002754979686
-0.000348379968
-0.0003522689137
0.00214780934
-3.821134005e-08
-0.000450585471
-0.0005394158006
-0.0004491031678
-0.0001331281705
-0.0001315068554
-0.0001189927631
-0.0001207947047
-6.294512985e-08
0.0002359747625
-7.873722339e-07
0.0002356912844
0.0001595500772
0.0003664554841
-0.0002784580656
-0.0002754707265
-0.0003483815066
-0.0003522874009
0.002148170448
0.0003374806926
-0.0005394821633
-0.000450504624
-0.0004489431544
-0.0001332166044
-0.0001315257532
-0.0001189596916
-0.0001207297282
0.0002361226687
0.0007273947069
6.581878738e-05
-6.012283242e-05
-0.0007332033828
-4.687279785e-10
-6.001686053e-05
-0.0009868899179
5.569394039e-07
0.0009657969024
8.054867316e-05
4.260399268e-09
-1.358127763e-07
5.997535093e-05
-6.383271806e-05
0.000731647705
-4.093009678e-07
0.0009868127188
-0.0009921189964
7.150451117e-05
-6.366910401e-05
0.0007309055278
5.583209556e-09
-0.000991864397
7.038465191e-05
-6.767874661e-10
0.0009663988638
8.094614309e-05
-1.509871488e-06
-6.191899688e-08
0.005065444727
-3.599363746e-08
-5.028370142e-08
0.003674812209
0.0001328359561
-0.0007909135338
-0.0009450131847
-0.0009423229376
-9.382079253e-07
0.005065160386
0.0005778073512
-2.692959433e-08
-0.000166263902
-0.0001166176431
-0.0001652711193
-5.822248481e-08
0.006680752548
0.0005782744712
0.006494997321
-0.0001168251549
-0.0001659827634
-0.0001649292962
0.006680912932
0.0003453749821
3.603314789e-08
0.006677546356
2.053633282e-08
-3.61108174e-08
0.006372272214
0.0005048902026
-9.908781983e-05
-9.221668991e-05
-8.961419888e-05
0.0003452111268
0.006678131806
-3.896349019e-05
-0.000454109815
6.07376412e-06
7.83910312e-05
6.991014364e-10
-6.490298822e-06
3.811506114e-05
-1.886572382e-06
0.0004300338389
6.571724144e-05
0.000483711921
3.032554412e-05
4.338883817e-11
1.815864892e-10
6.899529908e-05
1.934796025e-09
7.643421062e-05
-9.429559969e-07
-0.0003199651895
-0.0001393063961
-0.0002620868143
1.709119786e-09
-0.0003235342533
2.833630423e-09
0.0001268724646
2.537992262e-06
-0.0003655591922
7.223330611e-11
-2.171577613e-06
-0.000125857374
-0.0002901257823
-0.0002974453691
-2.215629105e-09
-0.0003568607226
-0.0004047267721
0.0001126012368
4.958422193e-06
-1.04877729e-09
-1.154950625e-06
0.0003856499101
-4.46046986e-06
-0.0001101818105
0.0001445885006
-9.445902613e-05
0.0003363242536
2.014127517e-09
0.0001322963086
-9.119182988e-10
5.042563596e-10
0.0001470191454
4.939199421e-05
-0.0003899129118
-1.14330786e-06
-0.0003590278126
9.392396356e-05
-0.0003632199327
9.412091699e-05
-4.503541816e-05
3.083571706e-06
-0.0004086101314
8.734363276e-05
-3.346654532e-06
4.456418129e-05
-0.0004263831786
-0.0004382765823
-0.0003978029952
8.642294202e-05
-3.896504875e-05
-0.0004541187649
6.078459817e-06
7.839592225e-05
0.0004837104471
3.028696229e-05
-6.4915576e-06
3.812383717e-05
-1.901482558e-06
0.0004300381816
6.574662016e-05
6.901673853e-05
7.643747748e-05
-0.0001392927297
-0.0002620591261
0.0001749985992
-9.454789141e-07
-0.0003199783674
-0.0003235141889
0.0001268626081
2.529117749e-06
-0.0003655622102
-2.153285814e-06
-0.0001258261076
-0.0002901073653
0.0001589988005
-0.0002974570191
0.0001601050061
-0.0003568524105
-0.0004047232235
0.0001125973008
4.958575347e-06
-9.444184592e-05
0.0003363444068
0.0001322892884
-1.152697338e-06
0.0003856454227
-4.473915528e-06
-0.0001101890691
0.0001446539646
0.0001470112708
-9.08483898e-08
0.0002143365466
0.0001278982204
0.0002072349288
2.807860762e-09
0.0002140289407
3.578886552e-09
-5.824058165e-05
4.346943752e-08
0.0002203799217
-1.586939046e-08
-2.254350638e-07
5.772245791e-05
0.0002158257129
0.0002154400025
-7.578176475e-09
0.0002204514729
-0.0001974036239
4.974463425e-05
7.274735886e-10
1.762550043e-08
-9.757209675e-07
-1.112510629e-06
9.602625895e-10
0.0002082570067
-3.029170991e-09
1.025805257e-05
6.170786351e-09
-3.120023636e-08
-0.0002082278919
7.213734994e-05
7.172056562e-05
5.707209728e-10
1.04703873e-05
1.884687146e-05
0.0002117582099
2.988640836e-08
3.014396169e-09
-7.969904197e-08
-1.915538513e-05
2.504538362e-05
-1.590628984e-07
-0.0002117963637
0.0001918847107
-0.0002099868459
-9.151079536e-05
-1.821900385e-09
0.0001078157406
0.000193262585
3.158731283e-09
2.42171756e-05
8.195312787e-10
0.0001918080909
0.0002085716575
-8.842715978e-05
2.433885052e-08
-4.802593219e-05
0.0002109182434
-4.78837666e-05
0.0002107939864
-3.869637319e-08
0.0002163989568
-0.0001072095969
0.000215502611
-0.0001071219171
-2.15866415e-07
-5.183793725e-05
0.0002196646441
-5.184562852e-05
0.0002200027884
0.0001279198383
0.0002072127984
-0.000149453944
-2.459621979e-07
0.0002148256229
0.000213942099
-5.821139807e-05
-5.305491483e-08
0.0002203527632
-2.009397299e-07
5.758260421e-05
0.0002157091081
-6.58702213e-05
0.0002154501961
-6.665730094e-05
0.000220509554
-0.0001974137563
4.976638149e-05
0.0001727608225
3.036438118e-08
-1.033266849e-06
-1.116621378e-06
0.0002082841037
-3.643999298e-08
1.030653931e-05
-4.215750232e-08
-0.0002083356713
7.215830817e-05
0.0001862295219
7.174079954e-05
0.0001862680951
1.059740511e-05
1.888407542e-05
0.0002117642855
1.395517776e-08
-0.0002099777118
-9.1506778e-05
0.0001077949831
0.0001932806542
-1.066234156e-07
-1.93002123e-05
2.514224661e-05
-1.598373375e-07
-0.0002118207054
0.000191906567
2.425309212e-05
0.0001918392788
-0.000154873095
-0.0001003951431
1.731780422e-06
-7.955350071e-10
-2.581824531e-06
0.0001544592462
-1.315990563e-06
9.619207908e-05
0.0002012672861
0.0001260392243
-1.439631603e-09
-1.368908666e-09
2.500884146e-09
-3.040663648e-05
0.0001799714427
-1.928278315e-07
-2.00689782e-09
-4.718018072e-07
3.291216723e-05
-1.302054487e-06
-0.0001795579103
0.00018692266
-0.0001983739069
0.0001156652112
-1.565059869e-09
0.0001894813633
1.298169842e-09
-3.263727084e-09
0.0001852661391
-0.0001706765235
0.0001957492002
-0.0001790948465
7.650447549e-05
8.987454381e-07
-8.95053267e-05
0.0001911917074
-1.155508092e-06
0.0001782421283
-0.0001870531666
-5.534798951e-07
-7.521265381e-05
0.0002055712467
-0.0001908231548
0.0002050376178
-8.733516734e-05
0.0001912633884
-0.0001548723472
-0.0001003853169
1.728905217e-06
0.000201250033
0.0001260320185
-2.564425734e-06
0.0001544747248
-1.314178058e-06
9.617315407e-05
-3.041338157e-05
0.0001799671128
-1.984091254e-07
-0.0001983897888
0.0001156474577
0.0001895089601
-4.888328155e-07
3.290781569e-05
-1.282684931e-06
-0.000179536317
0.0001868549622
0.0001852735046
-0.0001641528953
0.0002699555274
2.997418664e-07
0.0001344551111
1.312660915e-09
-9.080401947e-08
0.0001642493214
-4.319209794e-07
-0.0002706261413
0.0001344853542
0.0003005298414
-0.0001737734557
0.0001639369049
1.270639097e-09
0.0002028905649
7.838252369e-10
0.0001340235309
-8.680524869e-10
0.0002994378456
0.0001345307945
-1.591723723e-08
0.0003224727379
-7.168277311e-05
0.0004950210766
3.302550871e-09
0.000322321401
3.148292978e-09
8.173530228e-05
1.276700813e-07
0.0003589202271
-6.455682323e-10
-3.412864961e-07
-8.180798354e-05
0.0005138526639
0.0005127439157
2.09990807e-09
0.0003595364726
0.0004028013455
9.019263037e-05
3.81006529e-07
3.576773637e-10
3.809796192e-07
-0.0004043988269
-8.053488777e-07
-9.004944447e-05
7.039438429e-05
-8.810666464e-05
-0.000532613995
-1.25735951e-09
8.018425298e-05
-3.971502606e-09
7.747521573e-10
6.951642849e-05
0.0001379188269
0.0001184295891
-1.108387606e-07
0.0002010481646
0.0001010949036
0.0002007468715
0.000101030081
-0.0001584162472
1.554555708e-07
0.0002405745623
0.0001184314926
-4.869638997e-08
0.0001581450624
0.0001465518659
0.0001462305142
0.0002406720211
0.0001186766595
-0.0001641642516
0.000269973724
3.01525407e-07
0.000134464868
-0.0001738037926
0.0001639456691
0.0002029114278
-1.025341525e-07
0.0001642616756
-4.455067564e-07
-0.0002706786272
0.0001345066888
0.0003005640029
0.0001339901084
0.0002994829079
0.0001345565969
-7.170010427e-05
0.0004950461561
6.014254492e-05
-4.843316945e-08
0.0003225277007
0.0003223523683
8.174932157e-05
1.331983935e-07
0.0003589007107
-3.53332347e-07
-8.184119612e-05
0.0005138572232
6.387395673e-05
0.0005127388183
6.370543796e-05
0.0003594963884
0.0004027776233
9.020519144e-05
3.831326789e-07
-8.82010586e-05
-0.0005325908233
8.015960983e-05
3.804448357e-07
-0.00040435292
-8.123731773e-07
-9.008318677e-05
7.040474792e-05
6.954159088e-05
-1.309770294e-08
5.284450508e-05
-0.0007323382265
5.634147629e-05
-2.645927502e-09
5.270783488e-05
7.073120435e-09
0.001004511688
1.571556525e-07
8.448269997e-05
4.80855519e-09
-2.277867839e-07
-0.001004927546
6.949577918e-05
6.87569045e-05
4.061227594e-09
8.494291985e-05
0.00126058387
0.0001323441675
2.864110635e-07
1.764274522e-09
-4.33834681e-07
-0.001260907197
0.001236029542
-3.798037438e-07
-0.0001323714264
-9.32109623e-05
-0.001444558366
3.094662686e-09
0.001420808011
4.076045003e-09
0.001235691902
-6.668653843e-09
-0.0007323887152
5.642117859e-05
0.0007330887739
-4.728509988e-08
5.294366595e-05
5.278239102e-05
0.001004525337
1.683800725e-07
8.444635703e-05
-2.430619289e-07
-0.001004967344
6.954016774e-05
0.0009922026104
6.880231701e-05
0.0009919051946
8.487209483e-05
0.001260589192
0.0001323037336
2.903817308e-07
-9.318239196e-05
-0.001444762923
0.001420753623
-4.493968589e-07
-0.001260927123
0.001236086778
-3.713962123e-07
-0.0001322882456
0.001235763813
-5.098587611e-05
0.0009523613387
8.118113233e-07
4.585630282e-09
-6.976525021e-07
5.190895958e-05
-1.185429889e-06
-0.0009536840772
-0.0007487352511
3.823156292e-05
2.133032249e-09
3.192897834e-09
5.921735273e-09
-0.001229472355
6.176334043e-05
-1.751537903e-07
1.975071443e-09
-7.688170768e-07
0.001231101627
-1.084143724e-06
-6.352602803e-05
-7.583406325e-05
0.001396817761
3.184211318e-09
1.318243155e-09
3.49470295e-09
0.0007273842577
6.574974661e-05
-6.0026871e-05
-0.0009868724523
5.623567648e-07
0.0009657887554
8.055246785e-05
-1.451797028e-07
5.999424936e-05
0.0007316872844
-4.060475777e-07
0.0009867838917
7.151784074e-05
0.0007309232412
7.037575637e-05
0.0009663836216
8.095687831e-05
-5.099038147e-05
0.0009523679088
8.187885627e-07
-0.0007487682487
3.825032364e-05
-7.093865327e-07
5.191351507e-05
-1.196348572e-06
-0.0009537043086
-0.001229482858
6.177158796e-05
-1.721375004e-07
-7.58817108e-05
0.001396835415
-7.763072254e-07
0.001231117946
-1.089066125e-06
-6.35431849e-05
-2.047138314e-07
0.0001443492844
-6.983970068e-07
0.0003276572168
0.0002332466287
0.0001583663145
6.056747281e-10
0.0001428168504
-6.760546465e-09
0.0003256028563
-3.945574066e-09
1.057147912e-06
-1.016809076e-08
0.0002332687843
0.000158364841
-2.323771608e-07
0.0001443205483
-7.269336403e-07
0.0003276244071
0.0001428324204
0.0003255911116
1.072176101e-06
1.379371212e-06
-2.665222687e-06
9.153319082e-08
4.689590756e-06
4.059449833e-11
3.295132412e-07
-1.27673876e-06
6.947637934e-08
2.257098499e-06
2.090086176e-11
-3.487532482e-07
5.254895857e-08
6.257010419e-07
1.011581772e-11
1.496035376e-06
-9.579697699e-08
2.662994251e-06
2.93581444e-07
-7.338495507e-08
1.275719568e-06
-5.513910693e-08
3.486825743e-07
1.754200167e-06
1.267217733e-11
4.039413895e-07
7.178518095e-12
3.68720385e-12
1.136678849e-06
4.687854118e-06
2.247286368e-07
2.257143074e-06
6.259590875e-07
5.88031193e-07
7.406998795e-08
4.943075568e-11
1.455815912e-07
5.769288566e-08
2.564403541e-11
4.617655076e-08
1.241475615e-11
3.905483971e-07
5.607283056e-08
1.379244264e-06
-2.665314776e-06
9.149251216e-08
4.689649687e-06
3.294734699e-07
-1.276784918e-06
6.945253066e-08
2.257126588e-06
-3.487658458e-07
5.253654737e-08
6.257078419e-07
1.496267914e-06
-9.56875248e-08
2.663286587e-06
2.936487395e-07
-7.33263668e-08
1.275871075e-06
-5.511065096e-08
3.487292122e-07
1.754139051e-06
4.039106875e-07
1.136684931e-06
4.68809e-06
2.247318224e-07
2.257269708e-06
6.259978841e-07
5.878543116e-07
7.405627435e-08
1.455327401e-07
5.768546384e-08
4.61724388e-08
3.90355799e-07
5.603294455e-08
)
;

boundaryField
{
    inlet
    {
        type            calculated;
        value           nonuniform 0();
    }
    outlet
    {
        type            calculated;
        value           nonuniform List<scalar> 
25
(
0.01999890877
0.01999892611
0.01999896035
0.01999901099
0.01999907723
0.01999915804
0.01999925214
0.01999935802
0.01999947401
0.01999959827
0.01999972884
0.01999986364
0.02000000055
0.0200001374
0.02000027204
0.02000040235
0.02000052628
0.02000064188
0.02000074734
0.02000084101
0.02000092142
0.0200009873
0.02000103764
0.02000107165
0.02000108861
)
;
    }
    topAndBottom
    {
        type            symmetry;
        value           uniform 0;
    }
    frontAndBack
    {
        type            empty;
        value           nonuniform 0();
    }
    cylinder
    {
        type            calculated;
        value           uniform 0;
    }
    procBoundary3to1
    {
        type            processor;
        value           nonuniform List<scalar> 
125
(
-7.313567816e-07
-8.316462428e-07
-8.102193424e-07
-5.671022006e-07
-1.857572017e-07
1.739811507e-07
4.249798368e-07
5.462517806e-07
5.673348698e-07
5.245789071e-07
4.455187379e-07
3.43185172e-07
2.496481597e-07
1.695288994e-07
9.407110744e-08
3.452621735e-08
-3.470793371e-09
-3.506121321e-08
-4.690797659e-08
-4.7807964e-08
-4.229386744e-08
-3.487896377e-08
-2.776136047e-08
-2.231097019e-08
-1.841927741e-08
-1.53187449e-08
-1.249575962e-08
-9.836728594e-09
-7.535094481e-09
-5.884616123e-09
-5.031297089e-09
-4.936381112e-09
-5.027716778e-09
-5.62036189e-09
-6.344408489e-09
-6.820231732e-09
-7.328297579e-09
-7.595897108e-09
-7.616384388e-09
-7.420404937e-09
-7.049825842e-09
-6.564889499e-09
-6.02965197e-09
-5.499519763e-09
-5.015772365e-09
-4.590926399e-09
-4.22942894e-09
-3.919722552e-09
-3.64590267e-09
-3.412098231e-09
-3.201288206e-09
-3.005623975e-09
-2.833399442e-09
-2.68180305e-09
-2.54550453e-09
-2.425612557e-09
-2.321119239e-09
-2.229178823e-09
-2.14610077e-09
-2.068353081e-09
-1.993298665e-09
-1.919823542e-09
-1.848865682e-09
-1.78279616e-09
-1.724065687e-09
-1.674287627e-09
-1.632773862e-09
-1.603584589e-09
-1.554503156e-09
7.856756818e-09
-1.48373922e-08
-1.316583325e-07
9.432049531e-09
6.022286357e-09
-1.096826033e-08
-1.360262313e-11
-2.010021719e-08
9.151088802e-09
4.418890209e-09
4.553026434e-09
7.824122811e-09
3.49592246e-09
4.212784622e-09
-2.529005047e-08
-1.96320154e-08
-2.544534366e-08
7.216846337e-09
1.006533732e-09
3.50521765e-10
-7.803312183e-09
-1.118392548e-08
-8.733883266e-09
4.222089601e-09
-1.15234873e-08
-4.682509722e-09
-1.48520638e-08
-2.167304946e-08
-1.425420448e-08
-1.564856535e-07
-1.310444785e-07
-1.561241547e-07
-1.467659869e-08
-1.766830201e-08
-1.736496216e-08
-2.185122118e-08
-2.823784843e-08
-2.226472276e-08
-1.661046021e-08
-1.976429486e-08
-1.820486441e-08
-2.826834102e-08
-2.262850396e-08
-2.256532878e-08
2.252830672e-10
1.221047488e-10
3.882983281e-11
2.402551171e-10
1.317077084e-10
4.240523603e-11
1.501911052e-10
8.229387295e-11
2.624766787e-11
2.108222156e-10
1.160190674e-10
3.745470433e-11
)
;
    }
    procBoundary3to2
    {
        type            processor;
        value           nonuniform List<scalar> 
103
(
-0.0006730198836
-0.0006735333719
-0.006546535938
-0.006516958716
-0.006547218826
-0.006515382097
-0.02514964836
-0.02451014935
-0.02395387564
-0.02350242109
-0.0231250583
-0.02280814495
-0.02253949976
-0.02231100826
-0.02211623332
-0.02195022774
-0.02180902436
-0.02168957099
-0.02158942682
-0.02150662557
-0.02143967328
-0.02138739837
-0.02134890184
-0.02132355594
-0.02131093508
4.607959327e-05
-1.215922352e-06
4.522687577e-05
-9.282274568e-07
-2.622431975e-07
5.408063999e-07
-2.633039589e-07
5.402819817e-07
3.128602874e-05
0.0001088687976
3.095459484e-05
0.0001088615888
1.967103921e-05
1.95427619e-05
4.608565198e-05
-1.215915569e-06
4.524488737e-05
-9.280959191e-07
3.128901316e-05
0.0001088735003
3.096324808e-05
0.0001088662878
1.968098896e-05
1.956431008e-05
-1.732731395e-05
-1.747068001e-05
-0.0001026147573
-0.0001025802102
-0.0002543832476
-0.000471350779
-0.0004712600455
-0.0002542104771
-1.741070213e-05
-1.74818817e-05
-0.0001026155961
-0.0001025857023
-0.0002543909955
-0.0004713671212
-0.000471271386
-0.0002542238327
-0.0007403762087
-0.0007403008954
-0.001036448518
-0.001036868784
-0.00161013346
-0.001609326996
-0.001642788371
-0.001644286457
-0.006679229874
-0.001610262382
-0.001609410472
-0.001642734583
-0.001644197044
-0.006679238176
-0.001308733512
-0.001478290475
-0.001477858463
-0.001308049292
-0.0007404659667
-0.0007403957363
-0.001036352908
-0.001036727424
-0.001308735212
-0.001478231546
-0.001477766552
-0.001308052901
5.51435864e-06
2.649307011e-06
7.282085092e-07
5.51426944e-06
2.649269436e-06
7.282042375e-07
5.501379241e-06
2.641828247e-06
7.250860403e-07
5.501292186e-06
2.641790554e-06
7.250771063e-07
)
;
    }
}


// ************************************************************************* //
