/*--------------------------------*- C++ -*----------------------------------*\
| =========                 |                                                 |
| \\      /  F ield         | OpenFOAM: The Open Source CFD Toolbox           |
|  \\    /   O peration     | Version:                                        |
|   \\  /    A nd           | Website:  www.openfoam.com                      |
|    \\/     M anipulation  |                                                 |
\*---------------------------------------------------------------------------*/
FoamFile
{
    version     2.0;
    format      ascii;
    class       surfaceScalarField;
    location    "7.1";
    object      phi;
}
// * * * * * * * * * * * * * * * * * * * * * * * * * * * * * * * * * * * * * //

dimensions      [0 3 -1 0 0 0 0];
oriented        oriented;


internalField   nonuniform List<scalar> 
5191
(
0.02150640116
-5.231696708e-05
0.02154851395
-4.21127924e-05
0.02158018767
-3.167371966e-05
0.02160109469
-2.090701732e-05
0.0216111847
-1.009001252e-05
0.02161075554
4.291599823e-07
0.02160047686
1.027868706e-05
0.02158126691
1.920995115e-05
0.02155420863
2.705828073e-05
0.02152041414
3.379448481e-05
0.02148117212
3.924202353e-05
0.02143926825
4.190387095e-05
0.02139686582
4.240242569e-05
0.02132601241
7.085341417e-05
0.02122919283
9.681957269e-05
0.02112682549
0.0001023673425
0.02102422909
0.0001025964015
0.02092289004
0.0001013390435
0.02082362183
9.926821242e-05
0.02072709419
9.652764462e-05
0.02063387667
9.321752608e-05
0.02054441912
8.945755263e-05
0.02045904215
8.537697651e-05
0.02037794628
8.109586564e-05
0.02030123584
7.671044038e-05
0.02022894236
7.229348505e-05
0.02016104434
6.789802668e-05
0.02009747955
6.356479992e-05
0.02003815174
5.932781089e-05
0.01998293635
5.521539292e-05
0.01993168494
5.125139994e-05
0.01988423015
4.745477065e-05
0.01984039107
4.383908237e-05
0.01979997716
4.041390841e-05
0.0197627928
3.718437234e-05
0.01972864014
3.41526714e-05
0.01969732198
3.131816128e-05
0.01966864417
2.867781851e-05
0.01964241664
2.622752407e-05
0.01961845592
2.396071853e-05
0.01959658561
2.187030707e-05
0.01957663711
1.99484944e-05
0.0195584523
1.818481489e-05
0.01956381995
-5.367654403e-06
0.01957101544
-7.195490627e-06
0.01957936065
-8.345202134e-06
0.01958875032
-9.389677601e-06
0.01959908563
-1.033530443e-05
0.0196102751
-1.118947074e-05
0.01962223456
-1.195945493e-05
0.01963488626
-1.265170355e-05
0.01964815905
-1.327278654e-05
0.01966198811
-1.382905859e-05
0.01967631475
-1.432664089e-05
0.01969108565
-1.477089655e-05
0.01970625209
-1.516644578e-05
0.01972186291
-1.5610821e-05
0.01973768507
-1.582215747e-05
0.01975377949
-1.609441843e-05
0.01977011059
-1.633109766e-05
0.01978664424
-1.653365042e-05
0.01980334706
-1.670281067e-05
0.01982018454
-1.683748124e-05
0.01983728201
-1.709747459e-05
0.01985542687
-1.814485748e-05
0.01987238726
-1.696038928e-05
0.01988913132
-1.674406764e-05
0.01990568446
-1.655313906e-05
0.01992184759
-1.616313098e-05
0.0199372422
-1.539461391e-05
0.0199510743
-1.383209768e-05
0.01996161333
-1.053904014e-05
-4.313756122e-06
0.02152046447
-0.0001054995452
0.02156323324
-8.488155684e-05
0.02159533941
-6.377988609e-05
0.02161644081
-4.20084173e-05
0.02162647966
-2.012886067e-05
0.02162574394
1.164877116e-06
0.02161493099
2.109164096e-05
0.02159496268
3.917825894e-05
0.02156695875
5.506221397e-05
0.02153229674
6.845649621e-05
0.02149416156
7.737720515e-05
0.0214607643
7.53011232e-05
0.02141447339
8.869333093e-05
0.021366931
0.0001183958025
0.0213185297
0.0001452208748
0.02126273588
0.0001581611644
0.02120107918
0.0001642531044
0.0211357227
0.0001666955235
0.02106835653
0.0001666343826
0.02100031499
0.0001645691953
0.0209326793
0.0001608532142
0.02086630721
0.00015582965
0.02080185095
0.0001498332397
0.02073978741
0.0001431594079
0.02068045181
0.0001360460449
0.02062407285
0.0001286724573
0.02057079664
0.0001211742354
0.0205207052
0.0001136562357
0.02047382707
0.0001062059413
0.02043014603
9.889641945e-05
0.0203896077
9.178972685e-05
0.02035212737
8.493509976e-05
0.02031759579
7.837066927e-05
0.02028588594
7.212377093e-05
0.0202568578
6.621252976e-05
0.02023036274
6.064773667e-05
0.02020624708
5.543382151e-05
0.02018435488
5.057001965e-05
0.02016453101
4.605138843e-05
0.02014662223
4.186949299e-05
0.02013047951
3.801302386e-05
0.02011595944
3.446856573e-05
0.02010349157
3.065267893e-05
0.02009243144
5.692474591e-06
0.02008204133
3.194629939e-06
0.02007277038
9.257401811e-07
0.02006451365
-1.13294297e-06
0.02005717084
-2.992488046e-06
0.02005065094
-4.669569916e-06
0.02004487012
-6.178632528e-06
0.02003987899
-7.660575628e-06
0.02003534705
-8.740841409e-06
0.02003134471
-9.826721965e-06
0.02002781625
-1.079818131e-05
0.02002471127
-1.16659131e-05
0.02002228544
-1.274061543e-05
0.02002207057
-1.539594798e-05
0.02002009401
-1.384559577e-05
0.02001811486
-1.411526206e-05
0.02001638308
-1.45993192e-05
0.02001487663
-1.502720407e-05
0.02001357825
-1.540442495e-05
0.0200126582
-1.591743361e-05
0.02001424069
-1.867996899e-05
0.02002258028
-2.648444079e-05
0.0200227023
-1.708241758e-05
0.02002079811
-1.483987653e-05
0.02001905721
-1.481224342e-05
0.02001773746
-1.484338313e-05
0.02001707627
-1.473343431e-05
0.0200175299
-1.428573002e-05
0.02001968863
-1.269776783e-05
-6.316116852e-06
0.02154861163
-0.0001604144107
0.02159267754
-0.0001289474708
0.02162561669
-9.671903616e-05
0.02164705966
-6.34513895e-05
0.02165693339
-3.000259148e-05
0.02165553885
2.559422342e-06
0.02164357228
3.30581989e-05
0.02162199917
6.075137025e-05
0.02159208113
8.498025446e-05
0.021555978
0.0001045596279
0.02151846941
0.0001148857885
0.02148095193
0.0001128186027
0.02142663961
0.0001430056543
0.0213713501
0.0001736853141
0.0213174635
0.0001991074808
0.02125947016
0.0002161545064
0.0211968509
0.000226872353
0.02113083325
0.0002327131672
0.0210628559
0.0002346117307
0.02099423078
0.0002331943167
0.02092606546
0.0002290185391
0.02085924434
0.0002226507729
0.02079443722
0.0002146403684
0.02073212766
0.0002054689686
0.02067265055
0.000195523144
0.02061622764
0.0001850953619
0.02056299573
0.0001744061372
0.020513025
0.0001636269705
0.02046633214
0.0001528988115
0.02042288884
0.0001423397294
0.02038262983
0.0001320487402
0.02034546003
0.0001221049057
0.02031126141
0.0001125692983
0.02027989926
0.0001034859249
0.02025122673
9.488505417e-05
0.02022508945
8.678502019e-05
0.02020132925
7.919402353e-05
0.02017978644
7.211282301e-05
0.0201603022
6.55356307e-05
0.02014272117
5.945051913e-05
0.02012689287
5.384132288e-05
0.02011267218
4.868924881e-05
0.02010105463
4.227023014e-05
0.02008964746
1.709964591e-05
0.02007945961
1.338248347e-05
0.02007053297
9.852376993e-06
0.02006243893
6.961102457e-06
0.02005524161
4.204838449e-06
0.02004884919
1.72285179e-06
0.02004358458
-9.140242682e-07
0.02004154861
-5.624605083e-06
0.02003730972
-4.501949335e-06
0.0200332059
-5.722902518e-06
0.02002956031
-7.152588946e-06
0.02002664952
-8.755120756e-06
0.02002847862
-1.456971177e-05
0.02004423997
-3.11572979e-05
0.02004496257
-1.45681954e-05
0.02004148224
-1.063493573e-05
0.02003793912
-1.105619839e-05
0.02003459713
-1.168521307e-05
0.02003151223
-1.231951608e-05
0.0200300263
-1.443150786e-05
0.02003777096
-2.642463356e-05
0.02006393053
-5.264400588e-05
0.0200666584
-1.981029476e-05
0.02005876699
-6.948471388e-06
0.02004967749
-5.722743906e-06
0.0200407227
-5.888595342e-06
0.0200320673
-6.07803774e-06
0.02002402051
-6.238942018e-06
0.02001765519
-6.332451021e-06
-6.579727579e-06
0.02159126402
-0.0002179806737
0.02163731349
-0.0001749969451
0.02167151553
-0.0001309210725
0.02169345605
-8.539191265e-05
0.02170304186
-3.9588406e-05
0.02170058165
5.019625749e-06
0.02168679655
4.684330119e-05
0.02166283845
8.470946655e-05
0.02163148881
0.0001163298919
0.02159983833
0.000136210108
0.02157054175
0.0001441823705
0.02151238333
0.0001709770234
0.0214471301
0.0002082588975
0.02138612498
0.0002346904343
0.02132554134
0.0002596911182
0.0212625165
0.0002791793442
0.02119643304
0.0002929558204
0.02112786568
0.0003012805174
0.02105787742
0.0003045999905
0.02098761383
0.000303457912
0.02091811311
0.0002985192618
0.02085022711
0.000290536777
0.0207846044
0.0002802630783
0.02072170834
0.0002683650272
0.02066185188
0.0002553796004
0.02060523306
0.0002417141784
0.02055196428
0.000227674919
0.02050209176
0.0002134995028
0.02045560893
0.0001993816496
0.02041246608
0.0001854825855
0.02037257872
0.0001719361045
0.02033583486
0.0001588487672
0.02030210167
0.0001463024887
0.02027123134
0.0001343562466
0.02024306666
0.0001230497331
0.02021744405
0.0001124076379
0.0201941974
0.000102440669
0.02017316102
9.314920354e-05
0.02015417088
8.452577153e-05
0.0201370677
7.655370229e-05
0.02012169857
6.921044724e-05
0.02010808942
6.229840593e-05
0.02009707124
5.328840269e-05
0.0200860107
2.816019066e-05
0.02007664071
2.275247214e-05
0.02007153016
1.496292914e-05
0.02006401316
1.447810655e-05
0.02005690267
1.1315329e-05
0.02005100958
7.615939315e-06
0.02005174929
-1.653730674e-06
0.02007203979
-2.591510858e-05
0.02007235543
-4.81758422e-06
0.02006704785
-4.15319167e-07
0.02006190699
-2.011732852e-06
0.02005974845
-6.596576513e-06
0.0200753713
-3.019255828e-05
0.02013042798
-8.621397441e-05
0.02014374563
-2.788584823e-05
0.02013618707
-3.07637714e-06
0.0201259745
-8.436231594e-07
0.02011581359
-1.524297504e-06
0.0201057316
-2.237526679e-06
0.0200944156
-3.115508517e-06
0.02007507398
-7.08301782e-06
0.02004041741
-1.79874368e-05
0.02002576209
-5.154977675e-06
0.0200210138
-2.200188605e-06
0.02001762496
-2.333903377e-06
0.02001435118
-2.614816826e-06
0.0200111294
-2.856258728e-06
0.02000795551
-3.065056883e-06
0.02000484427
-3.221213894e-06
-3.445096864e-06
0.02164902585
-0.0002792136477
0.021697811
-0.0002237820906
0.02173373885
-0.0001668489322
0.02175633665
-0.0001079897185
0.02176548515
-4.873691113e-05
0.02176150975
8.995021545e-06
0.02174526523
6.308782854e-05
0.02171939766
0.0001105770288
0.02169408061
0.0001416469416
0.02167205509
0.000158235639
0.02161736557
0.0001988718883
0.02154185484
0.0002464877669
0.02147403331
0.0002760804333
0.0214073301
0.0003013936488
0.02133969979
0.0003273214305
0.02127036161
0.0003485175258
0.02119913647
0.0003641809748
0.02112645688
0.0003739601063
0.02105316189
0.0003778949841
0.02098023072
0.0003763890752
0.02090859456
0.0003701554221
0.02083903343
0.0003600979116
0.02077214096
0.0003471555598
0.02070833321
0.0003321727799
0.02064787856
0.0003158342518
0.02059093294
0.0002986598039
0.020537568
0.0002810398587
0.02048779203
0.0002632754716
0.02044156392
0.0002456097611
0.0203988027
0.0002282438136
0.0203593962
0.0002113425989
0.0203232084
0.0001950365672
0.02029008568
0.0001794252132
0.02025986293
0.0001645789985
0.02023236777
0.0001505448864
0.02020742382
0.0001373515992
0.02018485579
0.0001250087012
0.02016465776
0.0001133472316
0.02014632168
0.0001028618535
0.02012985094
9.302443794e-05
0.02011561688
8.344451016e-05
0.0201065286
7.138668861e-05
0.02009693885
6.28781493e-05
0.02008672453
3.837450583e-05
0.02008490967
2.456734032e-05
0.02010751258
-7.639980166e-06
0.02010617932
1.581136667e-05
0.02009835967
1.913498493e-05
0.02009425258
1.172302746e-05
0.0201145179
-2.191905375e-05
0.02019019834
-0.0001015955456
0.02021049538
-2.511462016e-05
0.02020237669
7.703372627e-06
0.02019053967
9.825280256e-06
0.02017640752
7.535575737e-06
0.0201469623
-7.47332973e-07
0.02008472813
-2.397980337e-05
0.02005798988
-1.147600248e-06
0.02005071896
4.19454907e-06
0.02004638092
3.494412844e-06
0.02004234168
2.514951271e-06
0.02003845401
1.650136791e-06
0.02003445101
8.874957597e-07
0.02002738567
-1.767741152e-08
0.0200114775
-2.079273933e-06
0.02000716155
-8.390244186e-07
0.02000603647
-1.075111594e-06
0.02000517108
-1.46852317e-06
0.02000436596
-1.80969822e-06
0.02000361209
-2.102391943e-06
0.02000290248
-2.355449364e-06
0.0200022326
-2.551330366e-06
-2.808617493e-06
0.02172272531
-0.0003452609605
0.02177509003
-0.0002761468147
0.02181325847
-0.0002050173786
0.02183668283
-0.0001314140804
0.02184521397
-5.726805003e-05
0.02183925036
1.49586302e-05
0.02182030916
8.202903103e-05
0.02179577999
0.0001351061949
0.0217866448
0.0001507821396
0.02173361747
0.000211262974
0.02165353763
0.0002789517337
0.02158033136
0.0003196940457
0.0215082823
0.0003481295001
0.02143397409
0.0003757018659
0.02135837269
0.0004029228292
0.02128162948
0.0004252607465
0.02120396358
0.0004418468841
0.02112588072
0.0004520429681
0.02104813773
0.0004556379783
0.02097159703
0.0004529297678
0.0208970813
0.0004446711403
0.02082527844
0.0004319007806
0.02075670263
0.0004157313695
0.0206916976
0.0003971778159
0.02063046542
0.0003770664333
0.02057309948
0.0003560257552
0.02051961448
0.000334524856
0.02046996646
0.0003129234899
0.02042406792
0.0002915083026
0.02038179615
0.0002705155874
0.02034300363
0.0002501351193
0.02030752296
0.0002305172384
0.02027517352
0.000211774654
0.02024576896
0.0001939835573
0.0202192831
0.0001770307509
0.02019519407
0.0001614406385
0.02017399133
0.0001462114405
0.02015847227
0.0001288662976
0.02014150404
0.0001198300844
0.02012640759
0.0001081208814
0.02012077966
8.907244129e-05
0.0201435493
4.86170479e-05
0.02014333529
6.309215433e-05
0.02013645273
4.525707146e-05
0.02015904988
1.970195513e-06
0.02025066521
-9.925531131e-05
0.0202755814
-9.104827395e-06
0.0202657313
2.898509109e-05
0.02024833337
2.912095479e-05
0.02021007747
1.633685143e-05
0.02012597775
-1.749583273e-05
0.02008920858
1.165455302e-05
0.02007919558
1.771637608e-05
0.02007339282
1.562804161e-05
0.02006766442
1.326397964e-05
0.02005619344
1.07236433e-05
0.02002634543
5.868208007e-06
0.02001771009
7.487749511e-06
0.02001544557
6.459065195e-06
0.0200137729
5.167089447e-06
0.02001226223
4.02561279e-06
0.02001089445
3.017924317e-06
0.02000965205
2.12989445e-06
0.0200082862
1.348172844e-06
0.02000561689
5.900315842e-07
0.020004709
6.886397957e-08
0.0200040908
-4.569138934e-07
0.02000353672
-9.144439772e-07
0.0200030377
-1.310689855e-06
0.02000258626
-1.650951549e-06
0.02000217538
-1.944570826e-06
0.0200017957
-2.171648134e-06
-2.470520902e-06
0.02181344323
-0.000417447915
0.02187035448
-0.0003330580666
0.02191134503
-0.0002460079272
0.0219357746
-0.0001558436508
0.02194354191
-6.503535816e-05
0.02193549766
2.300288208e-05
0.02191365498
0.0001038717093
0.02188774216
0.0001610190179
0.02185387078
0.000184653525
0.02178276798
0.000282365772
0.02170720074
0.0003545189698
0.02163026544
0.0003966293562
0.02154919279
0.0004292021465
0.02146540652
0.0004594881365
0.02138052149
0.0004878078642
0.02129514958
0.0005106326559
0.02120983034
0.0005271661298
0.0211251963
0.0005366770084
0.021041993
0.0005388412746
0.02096100357
0.0005339191997
0.02088294866
0.0005227260394
0.02080841228
0.0005064371556
0.02073780752
0.0004863361229
0.02067138367
0.0004636016723
0.02060925376
0.0004391963425
0.02055143002
0.0004138495011
0.02049785182
0.0003881030614
0.02044840934
0.0003623659788
0.02040295593
0.0003369617084
0.02036131722
0.0003121543042
0.02032330247
0.0002881498722
0.02028886812
0.0002649515872
0.02025747907
0.0002431637039
0.0202295859
0.0002218767337
0.02020790005
0.0001987166019
0.02018592319
0.0001834175023
0.02017341534
0.0001587192885
0.02018934909
0.00011293255
0.0201822369
0.0001269422715
0.02017311016
0.0001172476269
0.02019660501
6.557758355e-05
0.0203013598
-5.613773881e-05
0.02033593953
2.851242856e-05
0.02031977377
6.142282761e-05
0.02027302114
4.872282767e-05
0.02016935273
4.413104745e-06
0.02012310867
3.713923375e-05
0.02010984712
4.224664281e-05
0.02010138484
3.758323571e-05
0.02008553429
3.218739547e-05
0.02004426835
2.377011138e-05
0.02003155828
2.436462626e-05
0.02002770703
2.156762072e-05
0.02002478201
1.855306986e-05
0.0200221702
1.587578816e-05
0.0200193934
1.350044021e-05
0.0200140096
1.125201553e-05
0.0200119578
9.539551855e-06
0.02001052667
7.890190515e-06
0.02000926166
6.432100928e-06
0.02000814289
5.14438227e-06
0.02000715256
4.008257387e-06
0.02000627517
3.007282846e-06
0.0200054967
2.126647957e-06
0.02000473329
1.353440134e-06
0.02000412604
6.761087889e-07
0.02000358459
8.452973087e-08
0.02000310038
-4.302313944e-07
0.02000266554
-8.758595492e-07
0.02000227285
-1.258258594e-06
0.02000191647
-1.588194606e-06
0.02000158796
-1.843133285e-06
-2.178903605e-06
0.02192259844
-0.000497320918
0.02198517327
-0.0003956328971
0.0220296465
-0.000290481157
0.02205541741
-0.0001816145619
0.02206379654
-7.341448073e-05
0.02205875823
2.804119253e-05
0.0220450537
0.0001175762317
0.02203337039
0.0001727023344
0.02195245963
0.000265564279
0.02186122236
0.0003736030451
0.02177718039
0.0004385609282
0.02168901626
0.0004847934895
0.02159624995
0.0005219684548
0.02150104857
0.0005546895111
0.02140525299
0.0005836034432
0.02130984284
0.0006060428037
0.02121561927
0.0006213896975
0.02112333796
0.0006289583268
0.02103375042
0.0006284288171
0.02094757126
0.000620098347
0.0208654162
0.000604881098
0.02078774873
0.0005841046181
0.02071486054
0.0005592243098
0.0206468815
0.000531580707
0.02058381381
0.0005022640323
0.02052556688
0.0004720964326
0.02047198712
0.0004416828294
0.02042288513
0.0004114679823
0.02037820038
0.000381646461
0.0203373825
0.0003529721967
0.02030083918
0.0003246931942
0.02027118946
0.0002946013057
0.02024202458
0.0002723285818
0.02022288109
0.0002410202242
0.0202326016
0.0001889960924
0.02022435134
0.0001916677592
0.02024136741
0.0001417032196
0.02033834894
1.595102415e-05
0.02036929506
9.599615627e-05
0.02035921223
0.0001273304488
0.02031672319
0.0001080666293
0.02020787747
5.270797977e-05
0.02015682054
7.956936396e-05
0.02013932455
7.891881727e-05
0.02011830519
6.974218424e-05
0.0200664078
5.631050306e-05
0.0200493573
5.418973034e-05
0.02004337301
4.823093024e-05
0.0200386999
4.225634611e-05
0.02003396033
3.69269651e-05
0.02002574706
3.198338819e-05
0.02002214528
2.79664052e-05
0.02001949847
2.42144305e-05
0.02001716843
2.088311049e-05
0.02001511676
1.792745756e-05
0.02001330923
1.530797773e-05
0.0200115732
1.298804962e-05
0.02001017723
1.093552193e-05
0.02000894669
9.120732531e-06
0.02000786142
7.517368594e-06
0.02000690359
6.102208104e-06
0.02000605765
4.854201478e-06
0.02000530959
3.755345822e-06
0.02000464741
2.788825628e-06
0.02000406032
1.940530503e-06
0.02000353874
1.197682543e-06
0.02000307419
5.49078378e-07
0.02000265886
-1.490908121e-08
0.02000228624
-5.032403473e-07
0.02000194994
-9.21955208e-07
0.02000164501
-1.283273147e-06
0.02000136395
-1.562072179e-06
-1.929553158e-06
0.02205199576
-0.0005866976269
0.02212153005
-0.0004651671841
0.02217035168
-0.0003393027819
0.02219945792
-0.0002107208085
0.02221794874
-9.190529817e-05
0.02223162641
1.436352092e-05
0.02223082093
0.0001183817085
0.02215661987
0.0002469033921
0.02204733196
0.000374852183
0.02195391475
0.0004670202472
0.02185827624
0.0005341994376
0.02175591366
0.0005871560663
0.02164899863
0.0006288834841
0.0215401708
0.0006635173395
0.0214315767
0.0006921975417
0.02132453875
0.000713080749
0.02122008674
0.0007258417032
0.02111907678
0.000729968296
0.02102225191
0.0007252536844
0.02093024355
0.0007121067112
0.02084354124
0.0006915834119
0.02076246415
0.0006651817068
0.02068715324
0.0006345352143
0.02061759095
0.0006011429965
0.02055364537
0.0005662096195
0.02049525553
0.0005304862658
0.02044184661
0.0004950917566
0.02039377297
0.000459541638
0.02035355027
0.0004218691622
0.02031482309
0.0003916993879
0.02028690895
0.0003526073424
0.02028831743
0.000293192825
0.02027288734
0.0002877586685
0.02028318976
0.0002307178006
0.02037313916
9.904668809e-05
0.02039469722
0.0001701096995
0.0203527782
0.0001836222376
0.02024126323
0.0001274659926
0.0201870224
0.0001502369873
0.02016864864
0.0001457042112
0.02014632463
0.000130390641
0.02008845074
0.0001105818771
0.02006823098
9.978911926e-05
0.0200597691
8.738070314e-05
0.02005232986
7.718142591e-05
0.02004085235
6.778801753e-05
0.02003519225
5.984983028e-05
0.02003088229
5.254088565e-05
0.02002711181
4.602682753e-05
0.02002381067
4.022809931e-05
0.02002072184
3.507221836e-05
0.02001819558
3.049266682e-05
0.02001598119
2.642882161e-05
0.0200140389
2.282540854e-05
0.02001233392
1.963243389e-05
0.02001083657
1.68053327e-05
0.02000952046
1.430415816e-05
0.02000836319
1.209280189e-05
0.02000734506
1.013885511e-05
0.02000644846
8.41397318e-06
0.02000565837
6.892295294e-06
0.0200049615
5.551075425e-06
0.02000434637
4.370478332e-06
0.02000380249
3.332695352e-06
0.02000332091
2.422114009e-06
0.02000289358
1.625006416e-06
0.02000251342
9.292356164e-07
0.02000217401
3.245054573e-07
0.02000186977
-1.99005703e-07
0.02000159543
-6.476180825e-07
0.02000134681
-1.034647573e-06
0.02000111784
-1.333106055e-06
-1.726722683e-06
0.02220380884
-0.0006877355139
0.02228184872
-0.0005432070785
0.022336514
-0.0003939680556
0.02237295325
-0.0002471600672
0.02240399993
-0.0001229519775
0.02239569986
2.266358402e-05
0.02234989669
0.0001641848843
0.02225951034
0.0003372897327
0.0221639727
0.0004703898208
0.02206227493
0.0005687180156
0.02195021194
0.0006462624211
0.02183058462
0.0007067833834
0.02170671487
0.0007527532338
0.02158174406
0.0007884881507
0.02145821289
0.0008157287133
0.02133779339
0.0008335002454
0.02122172098
0.000841914114
0.02111091904
0.0008407702324
0.0210060851
0.0008300876334
0.02090772907
0.0008104627469
0.0208161749
0.0007831375875
0.0207315594
0.0007497972144
0.02065398761
0.0007121070019
0.02058295204
0.0006721785758
0.02051879203
0.0006303696278
0.02046392666
0.0005853516435
0.02041196986
0.0005470485622
0.02037204314
0.0004994683615
0.02036233993
0.0004315723807
0.02033713129
0.0004169080266
0.02033847618
0.0003512624547
0.0204198201
0.000211848908
0.02043429862
0.0002732801441
0.02038684112
0.0002781753009
0.0202715221
0.0002143657075
0.02021238653
0.0002292452678
0.02017930831
0.0002167004531
0.02011708709
0.0001896872235
0.0200921643
0.0001751597771
0.02008034903
0.0001575194866
0.02007001705
0.0001407226164
0.02005538345
0.0001252154866
0.02004825103
0.0001069215347
0.02004199406
9.363767652e-05
0.02003658478
8.259070134e-05
0.02003166333
7.270947452e-05
0.02002761931
6.389384928e-05
0.0200241145
5.604569429e-05
0.02002107265
4.906867659e-05
0.02001842821
4.287254143e-05
0.02001612607
3.737435575e-05
0.02001411948
3.249925578e-05
0.02001236865
2.817965163e-05
0.0200108395
2.435456709e-05
0.02000950241
2.096952195e-05
0.02000833219
1.797555339e-05
0.02000730709
1.532926359e-05
0.02000640841
1.299148574e-05
0.02000561968
1.092758075e-05
0.02000492719
9.106462697e-06
0.02000431845
7.501041419e-06
0.02000378274
6.08678363e-06
0.02000331072
4.842491326e-06
0.02000289442
3.749002705e-06
0.02000252641
2.790116122e-06
0.02000220056
1.950856056e-06
0.02000191115
1.218640883e-06
0.02000165328
5.823744031e-07
0.02000142235
3.192816517e-08
0.02000121458
-4.398536374e-07
0.02000102652
-8.465866929e-07
0.0200008536
-1.16019376e-06
-1.573681984e-06
0.02238078055
-0.0008029910333
0.02246912792
-0.0006315544616
0.02253095889
-0.0004557990228
0.0225733095
-0.0002895106885
0.02259506424
-0.0001447067167
0.02259053373
2.719408871e-05
0.02250827037
0.0002464482453
0.02241111146
0.0004344486413
0.02230566877
0.0005758325114
0.02218541946
0.0006889673295
0.02205287354
0.0007788083376
0.02191248172
0.000847175202
0.0217684009
0.0008968340564
0.02162441778
0.0009324712793
0.02148355645
0.0009565900419
0.02134785142
0.0009692052686
0.02121875523
0.0009710103089
0.0210971374
0.000962388059
0.0209836285
0.0009435965366
0.02087855634
0.000915534919
0.02078201955
0.0008796743787
0.02069439873
0.0008374180384
0.02061820675
0.0007882989922
0.02054697303
0.000743412304
0.02048973508
0.0006876075769
0.020464465
0.0006106217225
0.02042535434
0.0005861592257
0.02041424849
0.0005105742221
0.02048453562
0.0003612852499
0.02048915174
0.0004122919128
0.02043346522
0.0004069489679
0.02031189118
0.0003334229535
0.02024658024
0.0003385910739
0.02020790504
0.0003168505002
0.02014111588
0.0002811548692
0.02011199971
0.0002583614423
0.02009572907
0.0002329710922
0.02007676831
0.0002086479906
0.02006499828
0.0001869298125
0.02005561046
0.0001669073071
0.02004758994
0.0001487431388
0.02004052694
0.0001322784884
0.02003563263
0.0001118158471
0.02003065122
9.861908491e-05
0.02002641701
8.68249118e-05
0.02002281223
7.631425775e-05
0.02001973621
6.696987061e-05
0.02001710491
5.867699198e-05
0.02001484773
5.132584921e-05
0.02001290605
4.481422359e-05
0.02001123174
3.904866692e-05
0.0200097848
3.394619824e-05
0.02000853209
2.94323677e-05
0.02000744573
2.544092894e-05
0.02000650198
2.19132708e-05
0.02000568096
1.879657886e-05
0.0200049658
1.604441495e-05
0.02000434209
1.361520215e-05
0.02000379736
1.147230811e-05
0.02000332113
9.582696454e-06
0.02000290436
7.917806405e-06
0.02000253919
6.451959759e-06
0.02000221877
5.162906381e-06
0.02000193708
4.030695451e-06
0.02000168912
3.038074879e-06
0.02000147025
2.169726589e-06
0.02000127656
1.412320883e-06
0.02000110464
7.54298378e-07
0.02000095106
1.855061042e-07
0.0200008134
-3.021999118e-07
0.02000068909
-7.222784876e-07
0.0200005751
-1.046202991e-06
-1.473373201e-06
0.02258645263
-0.0009355215351
0.02268810188
-0.0007332037073
0.02276503395
-0.0005327310987
0.02282995
-0.0003544267409
0.02282814363
-0.0001429003494
0.02278196817
7.33695406e-05
0.02269587517
0.0003325412505
0.02259205419
0.0005382696194
0.0224672521
0.0007006346094
0.02232342964
0.0008327898029
0.0221660338
0.0009362041802
0.02200071176
0.001012497244
0.0218326364
0.00106490943
0.02166642656
0.001098681121
0.02150558941
0.00111742719
0.02135269307
0.001122101615
0.02120995571
0.001113747674
0.02107669449
0.001095649281
0.02095399744
0.001066293584
0.02084203992
0.001027492442
0.02074110741
0.0009806068977
0.02065749759
0.0009210278589
0.020608876
0.0008369205866
0.02054885134
0.0008034369766
0.02051918263
0.0007172762804
0.02057289344
0.0005569109202
0.02056286627
0.0005961863958
0.02049508129
0.0005783592023
0.02036792806
0.0004884384765
0.02029377776
0.0004864422196
0.02024678268
0.0004539440469
0.02017298982
0.0004072158113
0.02013772396
0.0003738569332
0.0201161536
0.000338420858
0.0200927126
0.0003045958705
0.02007713778
0.0002739362652
0.02006456298
0.0002455458963
0.02005363036
0.0002195806128
0.02004464255
0.0001959176238
0.02003711324
0.0001744366271
0.02003084306
0.000155013318
0.02002674194
0.0001363796096
0.02002239821
0.0001161595751
0.02001881738
0.000102199919
0.02001586572
8.977657319e-05
0.0200134266
7.875336857e-05
0.02001140303
6.899344091e-05
0.02000971605
6.036397241e-05
0.02000830255
5.273935552e-05
0.02000711265
4.600411639e-05
0.02000610668
4.005464612e-05
0.02000525324
3.479963416e-05
0.020004527
3.015860957e-05
0.02000390726
2.606067138e-05
0.02000337718
2.244335439e-05
0.02000292259
1.925117049e-05
0.02000253196
1.643504816e-05
0.02000219552
1.39516379e-05
0.02000190551
1.176231491e-05
0.02000165486
9.833347278e-06
0.02000143804
8.13462745e-06
0.02000125009
6.639912355e-06
0.02000108706
5.325941101e-06
0.02000094538
4.172366327e-06
0.02000082192
3.161536024e-06
0.02000071413
2.277513688e-06
0.02000061974
1.506708153e-06
0.02000053669
8.373488203e-07
0.02000046336
2.588368179e-07
0.02000039824
-2.370836631e-07
0.02000034012
-6.641613387e-07
0.0200002873
-9.933841831e-07
-1.427486172e-06
0.02282508102
-0.0010888609
0.02294272278
-0.0008508454588
0.02303319321
-0.0006232015334
0.02309261987
-0.0004138533965
0.02311128407
-0.0001615645542
0.02302932019
0.0001553334263
0.02292483482
0.0004370266229
0.02280041943
0.0006626850104
0.02264952497
0.0008515290828
0.02247675805
0.001005556731
0.02228925233
0.001123709906
0.02209400508
0.001207744497
0.02189764188
0.001261272634
0.02170644227
0.001289880737
0.02152295748
0.001300911982
0.02135238674
0.001292672357
0.02120030607
0.001265828347
0.02105612098
0.001239834388
0.02092395699
0.001198457575
0.02080531649
0.001146132956
0.02070325652
0.001082666873
0.02063999933
0.0009842850486
0.02065983678
0.0008170831403
0.02062583994
0.0008374338164
0.02054191463
0.0008012015877
0.02039325253
0.0007055730147
0.02030415779
0.0006852811348
0.02025389103
0.0006286259641
0.02020790566
0.0005344238427
0.02017315395
0.0005211939361
0.02014428568
0.0004828123166
0.02011409183
0.0004374096638
0.02009281812
0.0003951306415
0.02007547865
0.0003557603325
0.0200606003
0.0003194742233
0.02004837781
0.0002861587572
0.02003823337
0.0002556903362
0.02002988846
0.0002279255316
0.02002309382
0.0002027122635
0.02001762905
0.0001799014055
0.02001329423
0.0001593481397
0.02001106953
0.0001386043077
0.02000839333
0.0001188357774
0.02000634565
0.0001042475933
0.02000479104
9.133118692e-05
0.02000361477
7.99296345e-05
0.02000272374
6.988446801e-05
0.02000204612
6.10415968e-05
0.02000152817
5.32573032e-05
0.02000113082
4.640146797e-05
0.02000082564
4.035982557e-05
0.0200005916
3.503367508e-05
0.020000413
3.033721221e-05
0.02000027733
2.619634763e-05
0.02000017513
2.25455568e-05
0.02000009875
1.932754686e-05
0.02000004244
1.649136147e-05
0.02000000167
1.399240676e-05
0.01999997305
1.179093397e-05
0.01999995376
9.85263798e-06
0.01999994186
8.146525582e-06
0.01999993556
6.646213376e-06
0.01999993362
5.327887125e-06
0.01999993476
4.171218063e-06
0.01999993847
3.157826013e-06
0.019999944
2.271988016e-06
0.01999995073
1.499969938e-06
0.01999995859
8.294885846e-07
0.01999996713
2.50296321e-07
0.01999997602
-2.459794643e-07
0.01999998525
-6.733928556e-07
0.01999999454
-1.002668069e-06
-1.437102411e-06
0.02310329088
-0.00126819019
0.02324827994
-0.0009958345062
0.02337411032
-0.0007490319145
0.02340994008
-0.0004496831559
0.02338399841
-0.0001356228859
0.02330154983
0.0002377820174
0.0231877221
0.0005508543579
0.02303753987
0.0008128672419
0.02285414872
0.001034920225
0.02264584124
0.001213864216
0.02242273381
0.001346817334
0.02219177484
0.001438703468
0.02196380159
0.001489245882
0.02174991882
0.001503763514
0.02154294298
0.00150788783
0.0213561487
0.001479466638
0.02119885765
0.001423119395
0.02104704004
0.001391652004
0.02090578983
0.0013397078
0.02078040309
0.001271519693
0.02066880964
0.001194260326
0.02054431635
0.001108778347
0.02036706268
0.0009943368069
0.0202619949
0.0009425015975
0.02021637458
0.0008468218998
0.02012271543
0.000799232165
0.02006850259
0.0007394939697
0.02005809956
0.0006390289905
0.02010652344
0.0004859999741
0.02011111401
0.0005166033663
0.02009110144
0.0005028248882
0.02007027523
0.0004582358732
0.02005298013
0.000412425744
0.02003873112
0.0003700093502
0.02002711706
0.000331088281
0.0200177642
0.0002955116243
0.02001034545
0.0002631090916
0.02000457465
0.00023369633
0.02000020159
0.000207085334
0.01999700692
0.0001830960735
0.01999479307
0.000161561991
0.01999460585
0.0001387915275
0.01999374881
0.0001196928207
0.01999336746
0.0001046289447
0.01999332394
9.137469952e-05
0.01999350373
7.974985052e-05
0.01999381881
6.956938817e-05
0.01999420641
6.065399022e-05
0.01999462558
5.283813105e-05
0.01999505151
4.597554391e-05
0.01999546964
3.994169784e-05
0.01999587189
3.463142557e-05
0.01999625343
2.995566683e-05
0.01999661178
2.583800426e-05
0.01999694509
2.221225038e-05
0.0199972531
1.901953426e-05
0.01999753599
1.620847728e-05
0.01999779471
1.373367788e-05
0.01999803048
1.155517059e-05
0.01999824508
9.638033781e-06
0.01999843972
7.951891456e-06
0.01999861638
6.469555992e-06
0.01999877631
5.16794929e-06
0.01999892144
4.026093738e-06
0.01999905289
3.026366563e-06
0.01999917217
2.152712664e-06
0.01999928067
1.391470101e-06
0.01999937951
7.306408153e-07
0.01999947001
1.59800742e-07
0.01999955314
-3.291178387e-07
0.01999962989
-7.501351656e-07
0.0199997016
-1.074387806e-06
-1.502215384e-06
0.02342696732
-0.001478315245
0.02359821304
-0.001167080223
0.02372468779
-0.0008755066649
0.02379378543
-0.000518780787
0.02373071452
-7.255198137e-05
0.0236299516
0.000338544949
0.02349171531
0.0006890906438
0.02330744903
0.0009971335277
0.02308499608
0.001257373163
0.02283509877
0.001463761521
0.02257576018
0.001606155924
0.02230410723
0.001710356422
0.02204213931
0.001751213803
0.02180638502
0.001739517822
0.02157375929
0.001740513562
0.02135261423
0.001700611708
0.02115536529
0.001620368334
0.02098157998
0.001565437315
0.02083047624
0.001490811542
0.02070450752
0.001397488416
0.02061065598
0.001288111865
0.02050965008
0.001209784248
0.02039203064
0.001111956246
0.02034276297
0.0009917692752
0.02037398101
0.0008156038553
0.02035370376
0.0008195094106
0.02031072312
0.000782474606
0.02024396619
0.0007057859228
0.02012638202
0.0006035841397
0.02006682263
0.0005761627618
0.02004119099
0.0005284565335
0.02002392605
0.0004755008151
0.02001027466
0.0004260771383
0.01999954548
0.0003807385344
0.01999130438
0.0003393293847
0.01998515826
0.0003016577477
0.01998076426
0.0002675030985
0.01997783061
0.0002366299837
0.01997611127
0.0002088046784
0.01997539507
0.0001838122679
0.01997549152
0.0001614655453
0.01997750634
0.0001367767115
0.01997862297
0.0001185761847
0.0199800422
0.0001032097189
0.01998162076
8.979613829e-05
0.01998324352
7.812708875e-05
0.01998482816
6.798474429e-05
0.01998632473
5.915741847e-05
0.0199877092
5.145366308e-05
0.01998897529
4.470945874e-05
0.01999012663
3.879036195e-05
0.01999117072
3.358732844e-05
0.01999211581
2.901058297e-05
0.01999296968
2.498413397e-05
0.0199937395
2.144243049e-05
0.01999443187
1.832716378e-05
0.01999505344
1.55869122e-05
0.01999561052
1.317659618e-05
0.01999610951
1.105617854e-05
0.01999655616
9.191388626e-06
0.01999695597
7.552079187e-06
0.0199973138
6.11172623e-06
0.01999763446
4.84728985e-06
0.01999792166
3.738895846e-06
0.01999817944
2.768584005e-06
0.01999841122
1.920927656e-06
0.01999862012
1.18257185e-06
0.01999880887
5.418877203e-07
0.01999898024
-1.157265046e-08
0.0199991365
-4.853799924e-07
0.01999927982
-8.934489009e-07
0.01999941299
-1.207563068e-06
-1.622029706e-06
0.02381702251
-0.001734886853
0.02404302052
-0.001393078231
0.02414900014
-0.0009814862876
0.02417361424
-0.0005433948826
0.02411813601
-1.707376542e-05
0.02401144164
0.0004452393317
0.02384428714
0.0008562451251
0.02361949942
0.001221921261
0.02335698472
0.001519887855
0.02306122912
0.001759517116
0.02276203869
0.001905346352
0.02244145578
0.002030939345
0.02211919903
0.002073470559
0.02181797189
0.002040744974
0.02154531667
0.002013168795
0.02131275804
0.001933170334
0.02113256431
0.00180056207
0.02098272779
0.001715273835
0.02083326956
0.001640269777
0.02071963076
0.001511127207
0.02066741725
0.001340325373
0.02059275538
0.001284446126
0.02050514175
0.001199569869
0.02040787875
0.001089032284
0.02026814836
0.0009553342444
0.02018734929
0.0009003084758
0.02014359337
0.0008262305208
0.02010174291
0.0007476363912
0.02003546965
0.0006698573969
0.0200043299
0.0006073025202
0.01998708474
0.0005457016958
0.0199742687
0.0004883168643
0.01996469114
0.0004356546947
0.01995787231
0.0003875573679
0.01995335977
0.000343841925
0.01995074022
0.0003042773055
0.01994965638
0.0002685869434
0.01994981498
0.0002364713864
0.0199509803
0.0002076393536
0.01995295552
0.0001818370499
0.01995628814
0.0001581329281
0.01995995381
0.0001331110415
0.01996320742
0.0001153225703
0.01996656504
9.985210491e-05
0.01996987319
8.64879902e-05
0.01997301468
7.498559572e-05
0.01997591646
6.508296209e-05
0.01997854649
5.652738631e-05
0.0199809049
4.909526012e-05
0.01998301053
4.260382511e-05
0.01998488961
3.691128637e-05
0.0199865686
3.190833813e-05
0.01998807014
2.750904417e-05
0.0199894126
2.364166964e-05
0.01999061209
2.024294077e-05
0.0199916823
1.725696282e-05
0.01999263611
1.463309987e-05
0.01999348572
1.232698557e-05
0.01999424199
1.029991475e-05
0.01999491534
8.518036462e-06
0.01999551515
6.952270748e-06
0.01999604965
5.577226396e-06
0.01999652621
4.370728807e-06
0.01999695184
3.313268413e-06
0.01999733246
2.387961898e-06
0.0199976734
1.57998053e-06
0.01999797967
8.763036679e-07
0.01999825568
2.658778605e-07
0.0199985055
-2.61393031e-07
0.0199987328
-7.126866164e-07
0.01999894049
-1.101139092e-06
0.01999913327
-1.400338398e-06
-1.794873094e-06
0.02426621101
-0.002033337143
0.02450145187
-0.00162831911
0.0246604134
-0.001140447826
0.02465327393
-0.0005362554131
0.02459084966
4.535051651e-05
0.02446563326
0.0005704557163
0.02427160103
0.001050277362
0.02400243633
0.00149108595
0.02369004613
0.001832278079
0.02331487385
0.002134689408
0.02291550102
0.00230471918
0.02252164804
0.002424792326
0.02215929337
0.002435825236
0.02185196081
0.002348077529
0.02157987011
0.002285259497
0.02130532396
0.002207716481
0.02106096384
0.002044922185
0.02091516593
0.001861071748
0.0207685831
0.001786852607
0.02061408198
0.001665628331
0.02044697962
0.00150742773
0.02033399498
0.001397430771
0.02025540108
0.001278163773
0.02018422265
0.001160210709
0.02009341204
0.001046144855
0.02004292939
0.0009507911255
0.02001001583
0.0008591440822
0.0199834983
0.0007741539171
0.01995771842
0.0006956372878
0.01994126603
0.0006237549179
0.01992957415
0.0005573935744
0.01992141753
0.0004964734896
0.01991629806
0.0004407741656
0.01991373345
0.0003901219793
0.0199132594
0.0003443159825
0.01991445172
0.0003030849842
0.01991695077
0.0002660879001
0.01992047223
0.0002329499221
0.01992479557
0.00020331602
0.01992973685
0.00017689577
0.01993658015
0.0001512896323
0.01994212111
0.0001275700737
0.01994771627
0.0001097274171
0.01995316803
9.440034693e-05
0.01995831001
8.134600252e-05
0.01996302817
7.026743586e-05
0.0199672679
6.084323931e-05
0.01997102793
5.276735004e-05
0.01997434364
4.57795509e-05
0.01997726698
3.968048507e-05
0.01997985233
3.432593958e-05
0.01998214621
2.961445598e-05
0.0199841863
2.546895662e-05
0.01998600193
2.182604254e-05
0.01998761672
1.862814744e-05
0.01998905162
1.582206884e-05
0.01999032555
1.335916488e-05
0.01999145589
1.119665352e-05
0.01999245916
9.296638195e-06
0.01999334972
7.627483638e-06
0.01999414084
6.161145923e-06
0.01999484409
4.873977343e-06
0.01999546993
3.744895597e-06
0.01999602757
2.755623702e-06
0.01999652516
1.890367755e-06
0.01999697028
1.134863232e-06
0.01999736941
4.771677957e-07
0.01999772862
-9.332759739e-08
0.0199980533
-5.860809373e-07
0.01999834813
-1.007516512e-06
0.01999861745
-1.370457654e-06
0.01999886689
-1.649783455e-06
-2.018207848e-06
0.02484163783
-0.00240242027
0.02505826442
-0.001844945724
0.02518007093
-0.001262254346
0.0252066374
-0.0005628218943
0.02516856303
8.342488485e-05
0.02502864806
0.0007103706639
0.02480123365
0.00127769181
0.02444913518
0.001843184419
0.02401894984
0.002262463428
0.02356175148
0.002591887761
0.0231216396
0.002744831052
0.02269105164
0.002855380285
0.02224290945
0.002883967427
0.02182964255
0.002761344428
0.02153736783
0.00257753422
0.02125342462
0.002491659688
0.02096470365
0.002333643158
0.02069419934
0.00213157607
0.02050490217
0.001976149772
0.02036261837
0.001807912135
0.02023085833
0.001639187775
0.02014103006
0.00148725904
0.02007494323
0.001344250604
0.02002245129
0.00121270265
0.01997613889
0.00109245726
0.01994345315
0.0009834768644
0.01991857529
0.0008840219453
0.01989950328
0.0007932259329
0.01988506088
0.0007100796859
0.01987503171
0.0006337840989
0.01986865449
0.0005637707969
0.01986546449
0.0004996634903
0.01986501254
0.0004412261214
0.01986685505
0.0003882794694
0.01987056444
0.0003406065957
0.01987575434
0.0002978950857
0.01988210067
0.0002597415705
0.01988934189
0.0002257087048
0.0198972575
0.0001954004124
0.01990563454
0.0001685187333
0.01991574061
0.0001411835585
0.01992423667
0.0001190740156
0.01993246218
0.0001015019075
0.01994018877
8.667375663e-05
0.01994724863
7.428614529e-05
0.01995355537
6.396069858e-05
0.01995910185
5.52967526e-05
0.01996394179
4.792741614e-05
0.01996816162
4.155971299e-05
0.01997185543
3.598668019e-05
0.0199751071
3.107426469e-05
0.0199779835
2.673806291e-05
0.01998053462
2.291783778e-05
0.01998279855
1.956210466e-05
0.01998480629
1.662040852e-05
0.01998658527
1.404309456e-05
0.01998816032
1.178411579e-05
0.01998955481
9.802168337e-06
0.01999078975
8.061698661e-06
0.01999188416
6.533073574e-06
0.01999285469
5.190612722e-06
0.01999371633
4.012337384e-06
0.01999448205
2.979179835e-06
0.01999516333
2.07433949e-06
0.0199957708
1.2828978e-06
0.01999631345
5.922104458e-07
0.01999679956
-8.939037302e-09
0.01999723658
-5.303559456e-07
0.01999763111
-9.806094422e-07
0.01999798912
-1.365526642e-06
0.01999831581
-1.697148342e-06
0.01999861816
-1.952135416e-06
-2.288664097e-06
0.02542970524
-0.002818210171
0.02573674097
-0.002151981446
0.02585024634
-0.001375759733
0.02592462019
-0.0006371957351
0.02590381544
0.0001042296473
0.0257094973
0.0009046887859
0.02536668444
0.001620504647
0.02492386674
0.002286002121
0.02442776136
0.002758568822
0.023872938
0.003146711114
0.02326729984
0.003350469211
0.02276385415
0.003358825971
0.02225862671
0.003389194871
0.02175623265
0.003263738506
0.02129437529
0.003039391586
0.0209486169
0.002837418081
0.02067801836
0.002604241701
0.02044531546
0.002364278974
0.02027978958
0.002141675643
0.02015688714
0.001930814576
0.02006022529
0.001735849634
0.01998917915
0.001558305181
0.01993593561
0.001397494148
0.01989594176
0.001252696505
0.01986580783
0.001122591189
0.0198436769
0.001005607794
0.01982760386
0.0009000949898
0.01981636645
0.0008044633526
0.01980910712
0.0007173390201
0.01980523201
0.000637659212
0.01980431383
0.0005646889811
0.01980600592
0.000497971396
0.01980999913
0.0004372329158
0.01981601112
0.0003822674806
0.01982378652
0.0003328311979
0.01983309184
0.0002885897678
0.01984369638
0.0002491370285
0.0198553425
0.0002140625931
0.01986771681
0.0001830261019
0.01988048458
0.0001557509665
0.01989461926
0.0001270488809
0.01990669676
0.0001069965093
0.01991794659
9.025207889e-05
0.01992812412
7.649623343e-05
0.01993711493
6.529532681e-05
0.01994492693
5.614870698e-05
0.01995165932
4.856436255e-05
0.01995746001
4.212672338e-05
0.0199624857
3.653401643e-05
0.01996687555
3.159683226e-05
0.01997073837
2.721144743e-05
0.0199741538
2.332263469e-05
0.01997717921
1.989242914e-05
0.01997985871
1.68825958e-05
0.01998222952
1.424960435e-05
0.01998432507
1.194754331e-05
0.01998617695
9.932236485e-06
0.01998781373
8.165388573e-06
0.01998926141
6.614026429e-06
0.01999054296
5.251517542e-06
0.01999167829
4.055291845e-06
0.01999268519
3.005432691e-06
0.01999357911
2.085260434e-06
0.01999437391
1.279541443e-06
0.01999508171
5.750937508e-07
0.01999571357
-3.964784848e-08
0.01999627922
-5.74587709e-07
0.01999678738
-1.038525518e-06
0.0199972456
-1.438830217e-06
0.0199976615
-1.781419407e-06
0.01999804034
-2.075994387e-06
0.01999839115
-2.302950309e-06
-2.601996629e-06
0.02610250247
-0.0007096098859
-0.0007097197508
0.02636241466
-0.0006682142354
-0.0005380648004
-0.0006674788373
-0.0005381357817
0.02640632749
-0.00141967254
0.02644647562
-0.0006773438673
0.02635913368
0.0001915715799
0.02612002976
0.001143792701
0.02576958465
0.001970949756
0.0252649496
0.002790637169
0.02460661655
0.003416901876
0.02397510335
0.0037782243
0.02325269534
0.004072877226
0.02251602033
0.004095500981
0.02190667158
0.00399854362
0.02139869807
0.003771712017
0.02096068333
0.003477406328
0.02063007459
0.00316802682
0.02037835466
0.002855961641
0.0201845554
0.002558078234
0.02004330196
0.002282929094
0.01994105238
0.002033064161
0.01986794342
0.001808958593
0.01981677585
0.001609472755
0.01978154697
0.001432723034
0.01975783931
0.001276404172
0.01974240928
0.001138021219
0.01973294162
0.001015075452
0.01972782784
0.0009052087726
0.01972596964
0.0008063215513
0.01972663863
0.0007166700349
0.01972937841
0.0006349194365
0.0197339351
0.0005601322966
0.01974021323
0.0004916932626
0.01974824597
0.0004292001848
0.01975815644
0.0003723570046
0.01977008689
0.0003209007535
0.01978409527
0.0002745813883
0.01980004875
0.0002331835568
0.01981755754
0.0001965538034
0.01983598357
0.0001646000698
0.01985617658
0.0001355579639
0.01987393166
0.000109293797
0.01989033905
9.058911988e-05
0.01990495971
7.563142488e-05
0.01991762078
6.383515668e-05
0.01992838323
5.453287965e-05
0.01993746416
4.70677788e-05
0.01994514977
4.087874753e-05
0.01995172264
3.555385339e-05
0.01995741852
3.083813336e-05
0.01996241144
2.660391536e-05
0.01996681986
2.280302871e-05
0.01997072345
1.941904149e-05
0.01997417936
1.643652322e-05
0.01997723453
1.382742633e-05
0.01997993139
1.155273802e-05
0.01998231044
9.568495294e-06
0.01998440932
7.833355519e-06
0.01998626269
6.312020529e-06
0.01998790033
4.976391039e-06
0.01998934893
3.802923758e-06
0.01999063145
2.772765636e-06
0.01999176793
1.868954506e-06
0.01999277631
1.076883128e-06
0.01999367215
3.837024964e-07
0.01999446946
-2.22217299e-07
0.0199951808
-7.509850984e-07
0.01999581713
-1.210921549e-06
0.01999638836
-1.609762066e-06
0.01999690345
-1.95391619e-06
0.01999737027
-2.248240828e-06
0.01999779589
-2.501616529e-06
0.01999818933
-2.69639054e-06
-2.953455121e-06
-0.006563690847
0.006534211948
-0.000638744079
8.738766644e-09
0.02491282558
-0.0003629360958
-0.006472853663
-0.006080313746
-0.006473205948
-0.006080540895
-0.0002501449748
-0.0003625185024
-0.0002499842954
0.02471618998
-0.0004807082649
0.02459676571
0.0003109958492
0.02445497404
0.001285584363
0.02415883445
0.002267089349
0.02382949627
0.003119975343
0.02331307973
0.00393331841
0.02267273959
0.004418564441
0.0220743842
0.004671232601
0.02151001999
0.004659865184
0.02103625438
0.004472309236
0.02064189071
0.004166075697
0.02032012338
0.003799173664
0.0200742048
0.003413945406
0.01989249629
0.003037670152
0.01976368209
0.002686892437
0.01967710455
0.002369506643
0.0196224112
0.002087757516
0.01959087735
0.001840492441
0.01957552478
0.001624825331
0.01957108241
0.001437165408
0.01957372893
0.001273757651
0.01958078424
0.00113096591
0.01959042374
0.001005435953
0.01960143792
0.0008941945997
0.01961305147
0.0007947080018
0.01962481511
0.0007049063962
0.01963656499
0.0006231695609
0.01964842497
0.0005482723243
0.01966080842
0.0004793098072
0.01967437219
0.000415636425
0.0196898855
0.000356843691
0.01970801392
0.0003027723352
0.01972907265
0.0002535226582
0.01975284211
0.0002094141006
0.01977852967
0.0001708662525
0.01980490894
0.0001382208014
0.01983224373
0.000108223175
0.01985589235
8.564517179e-05
0.01987677886
6.970261206e-05
0.01989454363
5.786665235e-05
0.01990927146
4.910733223e-05
0.01992135168
4.24526619e-05
0.01993130721
3.711224172e-05
0.0199396497
3.253625912e-05
0.01994679335
2.841020335e-05
0.01995302823
2.460325667e-05
0.01995853559
2.109655052e-05
0.0199634229
1.791571454e-05
0.01996775763
1.508430885e-05
0.01997159183
1.26023235e-05
0.01997497405
1.044520675e-05
0.01997795317
8.573616085e-06
0.01998057673
6.944938646e-06
0.01998288883
5.521262549e-06
0.01998492855
4.272295152e-06
0.01998673023
3.174719314e-06
0.01998832297
2.210187397e-06
0.01998973238
1.363350633e-06
0.01999098058
6.207601317e-07
0.01999208723
-2.976708096e-08
0.01999306998
-5.990438114e-07
0.01999394427
-1.096507807e-06
0.0199947237
-1.530417624e-06
0.01999542071
-1.907937681e-06
0.01999604613
-2.235181298e-06
0.01999660981
-2.517594736e-06
0.01999712063
-2.759068421e-06
0.01999758584
-2.966826917e-06
0.0199980161
-3.126655085e-06
-3.337486717e-06
-0.001344903043
0.0001257993552
0.001314344621
-9.455425005e-05
-6.866893583e-07
-0.004727394647
0.004602754066
-0.0002383281792
3.264785409e-08
0.01617104941
-0.0009062136574
-0.004482797743
-0.003389994357
-0.004483216602
-0.003389535313
0.01666743771
-0.0001853924593
0.01724438915
0.0007086329148
0.01769717344
0.001814305055
0.01798621957
0.002830929215
0.01822047182
0.00369906616
0.0183589782
0.004280058055
0.01845647487
0.004573735929
0.0185122791
0.004604060946
0.01855054355
0.004434044797
0.0185845001
0.00413211915
0.01862373009
0.003759943671
0.01867307922
0.003364596288
0.01873275208
0.002977997292
0.01880073106
0.002618913467
0.01887395681
0.002296280897
0.01894925679
0.002012457538
0.01902387003
0.00176587921
0.01909570148
0.001552993883
0.01916336589
0.001369501001
0.01922608439
0.001211039145
0.01928352336
0.001073526944
0.0193356393
0.0009533200099
0.01938256576
0.0008472681482
0.01942456282
0.0007527109444
0.01946203732
0.0006674318994
0.01949561425
0.0005895926325
0.01952620924
0.0005176773321
0.01955503502
0.0004504840263
0.01958348685
0.0003871845999
0.01961289739
0.0003274331587
0.01964421618
0.0002714535429
0.01967772531
0.000220013526
0.01971291327
0.0001742261447
0.01974857777
0.000135201759
0.01978329718
0.0001035013948
0.01981668102
7.483933545e-05
0.01984467009
5.765609895e-05
0.01986832272
4.604998947e-05
0.01988770361
3.848576137e-05
0.01990333367
3.347727402e-05
0.01991596087
2.982545309e-05
0.01992634541
2.672770138e-05
0.01993511702
2.376465288e-05
0.01994272
2.080722337e-05
0.01994942718
1.789607723e-05
0.01995538947
1.513425285e-05
0.01996069027
1.26149106e-05
0.01996538633
1.0388247e-05
0.01996953009
8.458569812e-06
0.01997317674
6.798548481e-06
0.01997638311
5.367248861e-06
0.0199792037
4.124356173e-06
0.01998168779
3.037169105e-06
0.01998387834
2.081753955e-06
0.01998581205
1.241009035e-06
0.01998752045
5.01793276e-07
0.01998903106
-1.47261031e-07
0.01999036799
-7.161697517e-07
0.01999155254
-1.214314813e-06
0.01999260355
-1.650059624e-06
0.0199935378
-2.030751947e-06
0.01999437018
-2.362801299e-06
0.0199951139
-2.651659314e-06
0.01999578075
-2.902035393e-06
0.01999638123
-3.118075792e-06
0.01999692496
-3.302799942e-06
0.01999741984
-3.461703528e-06
0.01999787711
-3.583932932e-06
-3.745168208e-06
-0.000431593105
6.638190262e-05
-6.858132408e-05
-1.770070868e-07
0.0004339695343
-0.0004516036246
0.0003716462609
0.00172768087
-2.710043491e-08
-0.0003658724016
-0.0004491241317
-0.0003645215752
-0.0001209701525
-0.0001195975905
-0.000112958442
-0.000114652128
0.00657612418
-0.0004676810095
-0.001792013026
-0.001145801858
-0.001792120468
-0.001145844989
-0.0003355294465
-0.0004682805568
-0.0003350664987
0.007221746446
-0.0008310147423
0.007901191913
2.918745606e-05
0.00869039168
0.001025105285
0.009553187513
0.001968133387
0.01048111899
0.002771134671
0.0114198991
0.003341277939
0.01233624271
0.003657392314
0.01320034057
0.00373996309
0.01399551472
0.003638870652
0.01471367321
0.003413960662
0.01535349489
0.003120121991
0.01591801224
0.002800078946
0.0164128708
0.002483138739
0.0168450093
0.002186774965
0.01722173136
0.001919558846
0.01755010489
0.001684084015
0.01783662113
0.001479362974
0.01808705081
0.001302564208
0.01830642018
0.001150131633
0.01849903607
0.00101842325
0.01866853044
0.0009040325755
0.01881792768
0.000803922776
0.01894974314
0.0007154526872
0.0190661146
0.0006363394853
0.01916895311
0.0005645933989
0.01926008069
0.0004984650515
0.01934131084
0.0004364471855
0.01941443316
0.0003773617015
0.01948109629
0.000320521475
0.01954262641
0.0002659030419
0.0195998558
0.0002142241586
0.0196530448
0.000166824532
0.01970195034
0.0001253205973
0.01974603511
9.111699132e-05
0.01978647287
6.306363706e-05
0.01981933689
4.197531755e-05
0.01984666079
3.033219968e-05
0.01986895436
2.375642088e-05
0.01988701309
2.04270364e-05
0.01990174076
1.874960038e-05
0.0199139802
1.758600972e-05
0.01992440383
1.630407273e-05
0.01993347873
1.468975519e-05
0.01994149142
1.279453136e-05
0.01994860317
1.078432423e-05
0.01995490767
8.829748505e-06
0.01996047345
7.049134043e-06
0.01996536634
5.495354108e-06
0.01996965577
4.169140464e-06
0.01997341236
3.041956146e-06
0.01997670319
2.076418359e-06
0.01997958838
1.239169219e-06
0.0199821198
5.057478002e-07
0.019984342
-1.404380059e-07
0.01998629299
-7.099811385e-07
0.01998800592
-1.211134347e-06
0.01998950972
-1.651058359e-06
0.01999083004
-2.036488981e-06
0.0199919895
-2.373769826e-06
0.01999300817
-2.668729818e-06
0.01999390379
-2.926376878e-06
0.01999469206
-3.151075503e-06
0.01999538694
-3.346543093e-06
0.01999600086
-3.515956055e-06
0.01999654491
-3.662129346e-06
0.0199970292
-3.787085794e-06
0.01999746208
-3.894587162e-06
0.01999785727
-3.979124217e-06
-4.08447281e-06
-5.784057038e-06
0.000138430958
5.388729888e-09
-0.0001557142953
2.306200599e-05
-6.33605007e-05
0.0001633420907
6.853764448e-05
-0.000167567525
-9.517097023e-07
-0.0001036711298
5.576683073e-05
-0.0004198541667
7.744774952e-08
-0.001321881203
-0.000707121556
4.302215302e-05
0.0005559229439
4.305493021e-05
0.000555987987
-0.001145040742
-0.0001476529914
-0.000531532377
0.0004115969188
0.0004595139284
0.0009770870854
0.001760584845
0.001470063755
0.003270362456
0.001831500324
0.004883639254
0.002044115519
0.00650586345
0.002117738899
0.008061459244
0.00208327486
0.009504382919
0.001971036988
0.01081084032
0.001813664594
0.01197361108
0.001637308203
0.01299694061
0.001459809207
0.01389177969
0.001291935886
0.0146721313
0.001139207233
0.01535263649
0.001003578825
0.01594715621
0.0008848432575
0.01646807426
0.0007816461488
0.01692606493
0.0006921409723
0.01733011502
0.000614373164
0.01768766962
0.000546477974
0.0180048315
0.000486760905
0.01828657382
0.0004337103673
0.01853693955
0.0003859737595
0.0187592083
0.0003423246509
0.01895601911
0.0003016542487
0.01912945854
0.0002630077533
0.01928113444
0.0002256858007
0.01941227843
0.0001893774911
0.01952390477
0.0001542767018
0.01961702665
0.0001211022893
0.01969288777
9.096341368e-05
0.01975313749
6.5070884e-05
0.0197998799
4.437458182e-05
0.01983658364
2.635989151e-05
0.01986281296
1.574599629e-05
0.01988295747
1.018768976e-05
0.01989901774
7.696148923e-06
0.01991246643
6.978349172e-06
0.01992424184
6.974186346e-06
0.01993483946
6.988392831e-06
0.01994445288
6.690651456e-06
0.01995311606
6.026581867e-06
0.01996081355
5.09703124e-06
0.01996754594
4.051935218e-06
0.01997335401
3.021674294e-06
0.01997831524
2.087905e-06
0.01998252744
1.283151255e-06
0.01998609131
6.052671022e-07
0.0199890985
3.476792976e-08
0.01999162641
-4.514896553e-07
0.01999373847
-8.728892538e-07
0.01999548691
-1.242686364e-06
0.01999691562
-1.569146585e-06
0.01999806293
-1.857291826e-06
0.01999896275
-2.110953786e-06
0.01999964528
-2.333581015e-06
0.02000013733
-2.52853806e-06
0.02000046265
-2.699085662e-06
0.02000064208
-2.848168668e-06
0.02000069408
-2.978378461e-06
0.02000063494
-3.091933951e-06
0.0200004791
-3.190701469e-06
0.02000023945
-3.27630736e-06
0.01999992747
-3.350154087e-06
0.01999955366
-3.413280806e-06
0.01999912782
-3.468748965e-06
0.0199986723
-3.523596079e-06
-3.549044561e-06
7.20648068e-05
0.0001478257028
3.52533771e-08
-0.0001233696109
-9.65561523e-05
0.0001797750331
0.0001432111495
-0.0001136188444
-6.445979079e-07
-0.0002087227413
0.0002939758741
0.0003923820912
-0.001480739879
-0.0001925468855
5.194351486e-09
0.0003312508636
0.0003080115281
0.0003476612176
-0.007787330125
0.00164593424
0.001894586596
0.001645955446
0.001894587107
-0.007934456958
-0.007522873827
-0.006546370958
-0.005077416242
-0.003247406377
-0.001204897211
0.000911385798
0.002993567913
0.004963952637
0.006777385485
0.008414821269
0.009875016294
0.01116748368
0.01230724276
0.01331134281
0.0141966545
0.01497870243
0.01567117367
0.0162858069
0.01683247835
0.01731937296
0.01775316521
0.01813917707
0.01848150688
0.01878313963
0.01904611174
0.01927175678
0.01946109464
0.01961533623
0.01973640906
0.01982734834
0.01989239977
0.01993675987
0.01996310988
0.01997884893
0.01998903161
0.01999672428
0.02000370021
0.02001067246
0.0200176588
0.02002434679
0.02003036985
0.02003546247
0.02003950926
0.02004252528
0.02004460731
0.02004588461
0.02004648425
0.02004651374
0.0200460574
0.0200451801
0.02004393342
0.02004236064
0.02004050004
0.02003838603
0.02003604961
0.0200335184
0.02003081681
0.02002796627
0.02002498564
0.02002189156
0.02001869881
0.02001542052
0.02001206845
0.02000865331
0.02000518274
0.02000165735
0.0001254698096
-4.846267159e-08
1.010583331e-05
-0.0001413112384
-0.0001339634075
-6.407379224e-05
9.04854611e-08
0.0001448359838
5.311073112e-05
0.0001253964086
5.760163764e-06
-2.3662249e-08
1.011158615e-05
-0.0001412444961
-0.0001339514713
-6.410261201e-05
9.11954615e-08
0.0001448312668
5.313162134e-05
5.137601373e-08
5.106109443e-05
-0.0001130110686
-7.387113386e-05
7.003158327e-08
4.289179049e-05
3.092530552e-05
-7.206975558e-05
4.116688206e-08
5.103950274e-05
-0.0001129623832
-7.387827313e-05
7.438969608e-08
4.288284059e-05
3.093425447e-05
5.338435478e-05
-0.0004242315935
-6.065550288e-05
-9.038268865e-08
5.656932533e-05
-4.223433327e-08
-3.029012289e-05
9.923283865e-05
5.328299968e-05
0.0004315797924
-6.922908672e-08
-0.0004241684454
-6.062511876e-05
5.646793378e-05
-2.078964766e-08
-3.026217554e-05
9.921143506e-05
-2.947502032e-07
-8.793047088e-05
3.732873694e-09
-3.491429313e-05
-8.826350963e-05
-3.471268962e-05
-3.319602603e-07
5.105847606e-05
-5.078730083e-05
5.064936452e-05
-5.180163715e-05
1.187373173e-09
0.0001487405642
0.0001511236925
-0.0001197867095
-3.025154896e-07
-1.242508502e-10
4.683015415e-05
-0.0001206777185
-0.0002564291599
4.36035534e-05
0.0002132153298
-3.574170653e-07
0.0001478535725
1.630164247e-08
-0.0001233442534
-9.659538232e-05
0.0001486850995
-0.0001797477171
-2.795858712e-07
0.0001511236679
-0.0001197814643
1.938716136e-09
4.681580303e-05
-0.0001206792966
-0.0002564203862
-3.521286705e-07
4.356374205e-05
0.0002132322183
-9.203963584e-05
-1.524914355e-08
6.552792776e-09
-3.652249845e-05
2.519870178e-07
9.188601399e-05
-4.041844928e-05
3.593155048e-09
-4.075824059e-05
-3.622336079e-05
-2.767336073e-07
-8.794340667e-05
-3.492818002e-05
-8.830089012e-05
-3.476236942e-05
-9.205409543e-05
-3.839356168e-09
-3.65340607e-05
2.482788147e-07
9.192539246e-05
-5.108652361e-05
-4.042600349e-05
-5.065501783e-05
-4.076363797e-05
-3.625125044e-05
0.00010269182
-4.408410955e-05
-2.153905918e-07
-5.964911261e-05
1.404023815e-09
1.255388594e-06
5.13872122e-05
-0.000112864945
1.638602121e-09
-7.217101396e-05
0.0001336984819
-7.826192708e-09
-0.0001023922585
0.0001026738764
1.06212342e-07
4.366044933e-05
-8.249996747e-05
-7.42777743e-05
2.654418599e-09
0.000102266901
-8.233252959e-05
5.554692837e-10
-7.451086383e-05
-5.988340599e-05
9.362152221e-07
-3.42741455e-05
-2.806165592e-05
5.966898339e-08
5.471934648e-10
2.626473615e-06
4.278902861e-05
3.14357351e-05
1.856888108e-10
-7.41389985e-05
4.181871402e-08
3.388974203e-05
-7.353974048e-05
-8.768274627e-08
2.815811618e-05
2.859649788e-06
5.90706538e-10
-7.37764171e-05
1.106806201e-10
3.291314826e-06
2.224123978e-06
-3.348698388e-07
-5.081255148e-05
-5.180792976e-05
0.0001027014385
-4.408660585e-05
-2.154310769e-07
-5.965345337e-05
1.255456232e-06
5.138609485e-05
-0.000112869429
0.000133701717
-7.217557541e-05
-8.206302639e-09
-0.0001024128876
0.0001026480436
1.118298826e-07
4.367134969e-05
-8.248785617e-05
-7.425771188e-05
0.0001022740633
-8.233693605e-05
-7.45067067e-05
-5.989392935e-05
9.369687931e-07
-3.427481811e-05
-2.80636454e-05
5.900445737e-08
2.626541796e-06
4.278944858e-05
3.143582108e-05
-7.413584327e-05
4.680656667e-08
3.389610446e-05
-7.354792679e-05
-8.581890467e-08
2.816378378e-05
2.860497312e-06
-7.377490735e-05
3.291298134e-06
2.224964038e-06
0.000141297886
-0.001373966744
-0.0001118748281
-3.593723323e-07
0.0006542096264
-0.000660560896
-3.804020521e-08
5.977366935e-05
0.001344793228
0.0001415454764
-3.873413298e-07
-0.001374113795
-0.0001118375761
0.0006551933308
-7.661421474e-08
-0.0006606710558
5.883734968e-05
2.993164805e-08
0.0004328068845
-0.001141381721
-0.001277373567
-0.001275216279
-0.001142002633
-9.02810596e-05
-7.26675224e-05
-6.99349929e-05
-9.137373354e-05
-1.26846281e-07
6.830904438e-05
0.0006524093286
-8.480507248e-05
0.0006892656636
5.291854714e-05
-0.0006576412123
2.620721297e-07
0.0001257540371
-6.865295586e-07
0.0013142681
-9.454238727e-05
0.0004331148804
0.004727034904
-0.001141261282
-0.001277343336
-0.001275223068
-0.001141735781
-9.036011116e-05
-7.269828677e-05
-6.995820078e-05
-9.153974983e-05
-6.536143761e-05
-7.858567629e-08
6.60266842e-05
0.0006546066753
-8.481375365e-05
0.0006892646884
2.563620043e-07
5.301986101e-05
-0.0006577271593
-1.925725293e-08
0.000421729321
4.388040948e-05
0.000421631146
4.947982254e-09
4.40383683e-05
-0.0004521660304
-8.318974255e-05
-1.052918588e-06
-1.233476429e-07
0.0001135721295
8.155150647e-05
-0.0001611089714
0.0001432546878
0.0001394444863
-0.0001213919913
-1.982111882e-07
-1.205353957e-07
-6.84636916e-05
0.0004348026073
0.0004517598028
-1.077581174e-06
-0.0004522553397
-8.324063333e-05
-0.0001385014868
-8.223447074e-08
0.0001135117029
8.153995479e-05
-0.0001610752505
0.0001433183148
-2.168253819e-07
0.0001394276953
-0.000121453934
-5.218248843e-05
-0.000171885289
-4.017070631e-07
3.976750996e-08
0.0001609687657
-7.725662425e-05
-0.0001274600564
0.0001094833749
-1.056288582e-07
0.000166822873
-1.616355083e-08
-0.0001557478893
2.30227247e-05
6.334367647e-05
-3.794094018e-07
-5.216032468e-05
-0.0001718792
3.535630397e-08
0.0001609461213
-7.723051609e-05
-0.0001274718629
-1.350541612e-07
0.0001094946776
0.0001667973356
2.156212571e-08
0.0006197878236
-8.461889509e-06
-6.205490649e-05
-5.960391916e-05
-1.076191964e-05
-0.000150949514
-0.0001398198395
-0.0001400534254
-0.0001517751442
-3.224109623e-07
0.0001615715526
-0.0001454980521
-0.000119758145
-0.0001735143184
0.0001213491616
0.0001727809864
-8.576850838e-07
0.0001632975357
-9.334927362e-07
6.856899248e-05
-0.0001675893639
0.0006199594869
0.0001035356752
-8.469712078e-06
-6.211259137e-05
-5.959682587e-05
-1.076503795e-05
-0.0001509545357
-0.0001397197065
-0.0001400732381
-0.0001517819292
-0.0001431250435
-3.508860809e-07
0.0001615481468
-0.0001455440818
-0.0001197973141
-0.0001734470811
-8.411260712e-07
0.0001213061319
0.0001727793887
-0.0001231484509
-9.675360839e-05
1.731022394e-09
0.0001477645674
2.158146144e-08
-0.0001081229159
-8.954604922e-05
-0.0001082609055
-8.937752074e-05
6.948616539e-10
0.0001255423645
4.352063285e-08
-0.0001435967636
-9.025156284e-05
1.530520132e-09
-4.97213607e-08
-0.0001256282339
-0.0001232325401
0.0001523543416
-0.0001234964058
9.76741564e-10
0.0001522344539
-0.0001433773108
-9.033032671e-05
0.0002615898913
-8.556581809e-05
-1.806349676e-06
4.024828034e-05
-8.182307106e-07
-0.0002958222314
-0.0003882517545
2.860160408e-05
0.000361103012
-1.403477573e-06
-6.187636452e-07
-0.0001136071278
-0.0002086468703
-0.0002940317705
-1.824192929e-06
0.0002616111582
-8.555250726e-05
-8.132622696e-07
4.022983002e-05
-0.0002958047712
-0.0003881985374
-1.400157273e-06
2.854190632e-05
0.0003611058925
0.0001200225758
-3.22081428e-05
-9.878572919e-08
-0.0001226348852
4.942522279e-09
9.967788547e-06
-0.0001411723715
6.220529758e-10
0.0001254794973
5.675997916e-06
1.257967361e-08
-0.0001201024023
0.0001051960437
4.18347244e-08
3.212119685e-05
-0.0001480283188
-2.544595528e-05
4.841185516e-09
0.0001049184513
-0.0001478614492
3.192301823e-09
-2.548042523e-05
-0.0001227926914
-4.399779222e-05
-0.0001151093166
-5.404981777e-08
3.771722333e-09
0.0001447517726
5.333306837e-05
2.312632837e-09
-6.429817307e-05
-1.962083632e-08
4.397438792e-05
-4.714710036e-05
2.704625343e-07
0.0001150956949
1.896385361e-09
-4.71289738e-05
2.878987562e-09
0.0001200261864
-3.221811063e-05
-9.135313579e-08
-0.0001226399742
1.000378227e-05
-0.0001411603328
0.0001254415038
5.691997142e-06
1.25696346e-08
-0.0001200924186
0.000105074106
2.907468018e-08
3.213579979e-05
-0.0001479685136
-2.544086181e-05
0.000104934876
-0.00014786591
-2.548026768e-05
-0.0001228103464
-4.400952927e-05
-0.0001151122341
-4.849156619e-08
0.0001447499673
5.333987623e-05
-6.429459871e-05
-1.271467272e-08
4.401548091e-05
-4.714001469e-05
2.590517479e-07
0.0001150946001
-4.713627792e-05
4.693013116e-05
0.0002382565821
-7.596235062e-09
-6.275930815e-05
1.864826972e-09
-2.420462767e-08
-4.689970812e-05
4.442163976e-05
3.294099519e-09
-0.0002381412843
-7.535939138e-05
0.0002528418908
-0.0004240646439
-6.082974035e-05
-4.711407504e-09
0.0004315866079
5.322209688e-05
2.087753854e-09
4.447034783e-05
-7.530076552e-05
-3.859055401e-10
0.0002527312941
-6.263856051e-05
-3.026728229e-05
9.918822777e-05
-2.336226642e-10
5.651656239e-05
1.181576338e-07
8.293829945e-05
8.294548561e-05
4.737588605e-09
0.0001071740973
-3.106857256e-08
1.940482326e-09
1.354322255e-08
-0.000107196052
0.0001310559616
2.083051148e-09
0.0001310730256
-4.472157731e-08
0.0004217140392
4.398331369e-05
0.0004216505217
4.407945322e-05
4.6937964e-05
0.0002382410876
-1.695363795e-09
-6.275200529e-05
-0.0004240290828
-6.07903943e-05
5.324403015e-05
0.0004315015213
-3.94257803e-08
-4.692364719e-05
4.450867445e-05
-3.561185495e-10
-0.0002381032511
-7.532717161e-05
0.0002528056776
4.452207542e-05
-7.52959287e-05
0.0002527458833
-6.26168957e-05
-3.025830143e-05
9.921686525e-05
5.646192351e-05
6.678279793e-08
8.292755584e-05
8.294591523e-05
0.0001071712983
-1.618314966e-08
-9.403555836e-09
-0.0001071984105
0.0001310920768
0.0001310849061
0.0001238330492
-0.0001795001785
1.251852878e-07
-8.80567913e-05
1.97232465e-09
-1.390350149e-07
-0.0001239269457
0.0001519571292
-2.561706078e-07
0.000179096988
-8.398142025e-05
-0.0002146461106
0.0001516022824
-0.0001197856509
-8.842114085e-11
-0.0001807046332
0.0001485855723
6.606819408e-10
0.0001517992165
-8.386119008e-05
1.920653996e-09
-0.0002156827377
-8.808209803e-05
4.67601081e-05
-0.0001208767975
6.021947257e-10
-1.225320931e-08
-0.0001162433818
-0.000116406821
7.40221364e-10
-4.705856246e-05
7.820424458e-08
-0.0001596786524
6.210325217e-10
-7.53796059e-08
4.709937905e-05
-0.000167675301
-0.0001679859494
9.748114451e-10
-0.0001593961214
-0.0002021746635
-4.571614811e-05
1.545607234e-07
8.045084747e-10
-3.260794096e-07
0.0002015924288
-0.0002416442178
-1.643554689e-07
4.573123054e-05
4.354570618e-05
0.0002138418994
9.156567317e-10
-0.0002577138316
4.367240743e-10
-0.000242816667
1.457443717e-09
-0.0001231650568
-9.675710704e-05
0.0001477646107
2.500133168e-08
-0.0001081179016
-8.950906253e-05
-0.0001082634847
-8.938257871e-05
0.0001255490388
4.687718657e-08
-0.0001435996224
-9.025825993e-05
-5.134778035e-08
-0.0001256382109
-0.0001232450832
0.000152339261
-0.0001234976172
0.0001522391686
-0.0001433893329
-9.031990765e-05
0.0001238383281
-0.0001795036165
1.258210546e-07
-8.805819605e-05
0.0001515981384
-0.000119791713
0.0001485978077
-0.0001806839131
-1.285394833e-07
-0.0001239175309
0.0001519246556
-2.646538176e-07
0.0001790933475
-8.391613099e-05
-0.0002146940303
0.0001518109698
-8.384540791e-05
-0.0002157126486
-8.808768845e-05
4.67617064e-05
-0.0001208745958
-6.165993658e-09
-0.000116235019
-0.0001164012025
-4.705789247e-05
7.518936921e-08
-0.0001596761374
-7.541238131e-08
4.709288521e-05
-0.0001676819471
-0.000167985732
-0.0001593868497
-0.0002021731845
-4.57149786e-05
1.546293537e-07
4.353657584e-05
0.0002138433831
-0.0002577026158
-3.253177856e-07
0.000201591105
-0.0002416181743
-1.649178001e-07
4.572879834e-05
-0.0002428068924
-0.0006977515734
-4.928203213e-08
-3.326349589e-08
0.0062828288
-0.0001873025328
-0.0001392775488
-0.0001863315471
-0.001561065703
-0.001560324769
-0.001601753286
-0.00160319386
-0.0006982028879
0.006563854968
0.006282235296
-0.0001394720323
-0.0001870139356
-0.0001859907154
-0.001561204944
-0.001560414729
-0.00160170813
-0.001603121412
-0.000476676747
-2.981622684e-08
0.006124187237
3.462591392e-08
-0.0001165633397
-0.0001237567058
-0.000114017797
3.732650832e-09
0.006535033209
-0.0006386482692
-0.000476338339
0.006123760636
-0.0001237185038
-0.0001166243595
-0.0001140420642
5.892651551e-08
0.001233269058
-0.0001156414477
2.658034038e-09
0.001232585226
-0.0001148588574
7.692661092e-05
-0.0011336711
-2.037577552e-07
-8.444235518e-05
8.880954962e-09
-1.130144972e-06
-7.846211301e-05
-7.083972716e-07
0.001135489151
-0.001150252092
-7.908289191e-05
0.001313440872
-9.34056357e-05
-0.001344474456
-4.169384108e-09
3.255670623e-09
-0.001149886332
-7.787470772e-05
-2.409757859e-08
-8.517936101e-05
-0.0001301590518
-2.960369093e-08
0.003181599479
3.654600648e-08
-0.0008365827613
-0.0006883519976
-0.000834117552
-3.233567614e-08
-0.0003385216004
0.004602675183
-0.0002381261487
-0.000130555329
0.003181442555
-0.000371298696
-0.0006883376906
-0.0008365400797
-0.0008340909811
-0.0003386804232
-2.479069368e-09
0.0002712604883
-8.699744999e-05
-6.853934157e-05
0.0004339586184
6.60040601e-05
-1.375393826e-08
0.0002711156318
-8.692710537e-05
9.53341162e-10
7.528525872e-05
1.162014156e-07
0.0002968943807
-0.0001011812431
1.028341015e-09
-3.495299509e-07
-7.542097967e-05
6.808012784e-05
0.0004416599039
6.816624253e-05
0.0004407228798
5.229030164e-09
0.0002974184002
-0.0001014626851
-0.0004028028979
-5.086953193e-08
0.0001396804002
0.0001676206496
-7.042809145e-07
-6.287631256e-08
-0.0002020707106
-0.0001994916018
-0.0002619037844
-0.000265287982
0.001728019965
-0.0004491867261
-0.0003658200461
-0.0003643916387
-0.0001210466098
-0.0001196120104
-0.0001129324028
-0.0001145965112
-0.000402831808
-7.280286997e-07
0.0001396749423
0.0001676689254
-0.0002021184352
-0.000199463684
-0.000261901268
-0.0002652968144
-0.0001557764264
2.283331881e-05
0.0001386210364
3.459958669e-09
1.197192263e-09
-1.697696608e-05
-0.0001641844782
-1.712698803e-05
-0.0001641303978
1.732526792e-09
0.0001651172381
2.029726039e-08
-9.973547106e-06
-0.0001722930799
2.105162223e-09
-2.723875732e-08
-0.0001650892154
0.0001497691729
3.840928777e-05
0.0001498379625
3.808380666e-05
1.541891513e-09
-9.839747165e-06
-0.0001722061434
0.0001581926408
-1.241857219e-07
-2.431849646e-07
-0.0001662895254
2.369706264e-09
-1.102389782e-06
-0.0001579288709
0.0001655139935
-5.367241065e-07
2.54538824e-06
1.531923247e-06
-0.0001711081202
6.652457047e-05
-0.0001677670061
-6.219767834e-05
1.267838439e-09
0.000162487122
3.984752472e-10
0.0001640104829
2.213534535e-06
-0.00017064479
3.335313685e-09
-0.0001663886031
-0.0002366858804
-5.458343961e-08
-0.0006226757555
1.141381911e-08
0.0001187684806
0.0001795611597
0.0001233482795
-4.090823798e-09
-0.0003034345823
5.545687525e-05
-0.0004201243071
-0.0002366092859
-0.0006227609713
-0.0003923918578
0.0001795315619
0.0001187028276
0.0001233584906
-0.0003033863643
-6.36852155e-07
-0.000250817416
-7.681069063e-05
-0.0001137799837
-0.0002107342225
0.0001431650418
-7.797994303e-11
-0.0002531937063
-7.6906953e-05
1.092765762e-09
0.0001071741061
1.731097789e-06
-0.0002882056527
-7.389287414e-05
-3.864379068e-10
-1.539672365e-06
-0.0001065530483
0.0001345541812
-0.0002351842082
0.0001352044089
-0.0002403026129
-1.57732837e-09
-0.0002823449232
-7.329444712e-05
-0.0001382368457
-3.380377355e-09
-0.001756584013
1.531094198e-09
0.0003728839655
0.0004097775217
0.0003933421765
-1.475394102e-09
-0.001480779573
-0.0001925218786
0.000308048338
0.0003312070309
0.0003476276366
-0.000138213888
-0.001756604756
0.0004097435961
0.0003729561955
0.0003934061496
0.0001479551169
0.001180710864
2.641757283e-07
-9.566307235e-05
1.975510227e-09
-3.797734806e-07
-0.0001479875948
-4.116679767e-07
-0.001180965659
-8.074956341e-05
-0.001373765271
-0.0001103473273
1.229812669e-09
-7.328304341e-09
-7.993546072e-05
9.675582411e-10
-9.610385307e-05
-7.234298661e-08
6.963547044e-05
0.0006753859331
6.946865648e-05
0.000675295942
6.280317085e-09
6.147708643e-08
0.000961125642
4.018623502e-09
0.0009615086597
-5.896412629e-09
5.925255726e-05
-0.000660519653
5.911554556e-05
-1.35579862e-09
0.0006545895285
5.923254248e-05
8.183147977e-09
0.0009245428738
1.432753381e-07
8.967091681e-09
-2.087450223e-07
-0.0009248006434
0.0009040335077
5.965492521e-09
0.0009035082487
0.0001405454956
6.337650117e-08
0.001233290039
-0.0001156673615
-3.01895044e-07
-0.0001407334994
0.001412870109
0.0001704595894
0.001412436154
0.00016975273
0.001232637871
-0.0001149287882
0.0001479075809
0.001180724287
2.753317368e-07
-9.561518675e-05
-0.001373972038
-0.0001102982456
0.001344412114
-3.737011133e-07
-0.0001478839545
-4.39051741e-07
-0.001181024281
-8.042853204e-05
0.001150054252
-7.986731502e-05
0.001149855311
-9.599500435e-05
-7.699833181e-08
6.965805716e-05
0.0006754246123
6.942033e-05
0.0006753614734
5.603163203e-08
0.0009610418233
0.0009614028088
-0.0006605628882
5.897138568e-05
0.0006547575665
-5.011265377e-08
5.93123407e-05
5.927874439e-05
0.0009245365439
1.778185699e-07
-2.952721855e-07
-0.0009248979585
0.0009036020639
0.0009033513009
6.744695782e-05
0.000653066061
-4.625698461e-08
-0.0008926996215
-7.167586915e-05
5.546171667e-07
0.0008793487469
2.975789859e-08
-4.411555621e-07
0.0008937008309
-9.677713406e-08
7.0612512e-05
0.0006499737364
-6.028502646e-08
0.0006494229049
3.672442137e-08
0.0008796886322
0.0008538566998
-6.55394444e-05
7.3168537e-07
1.874864371e-08
-1.163189108e-06
-0.0008551685653
-6.197880963e-07
6.612196915e-05
-7.316964791e-05
5.136853455e-05
-0.0006556422735
2.965944054e-09
-8.381915809e-05
9.484810531e-09
1.509006841e-08
-7.239370363e-05
7.697581763e-05
-0.001133215776
-2.01580193e-07
-8.481088784e-05
0.001313421129
-9.341817698e-05
-1.135046153e-06
-7.856455664e-05
-6.909080699e-07
0.001134580396
-7.837759168e-05
-7.749363509e-05
-8.592149486e-05
6.623148036e-05
0.0006541433613
-6.574211366e-05
-0.000891640532
-7.269248566e-05
5.768632605e-07
0.000878975013
-3.883278539e-07
0.0008916394693
-1.266012888e-07
7.264514384e-05
0.0006505986312
-6.851049297e-05
0.0006497342326
-6.837323308e-05
0.0008789399877
0.0008537949065
-6.591662038e-05
7.553697284e-07
5.14232596e-05
-0.0006556868143
-8.381481038e-05
-1.178469034e-06
-0.0008550400376
-6.4061366e-07
6.688444712e-05
-7.337236284e-05
-7.249472051e-05
8.305874973e-05
0.0003292005151
3.328537756e-07
-0.0001157019092
4.172771228e-09
-7.535574979e-07
-8.292221106e-05
3.711321811e-07
-0.0003306739748
-0.0001187592914
-0.0004506267774
-8.337059656e-05
1.171366461e-09
7.586861386e-09
-0.0001183193172
-1.217240878e-09
-0.000115844936
0.0001134461652
8.156942507e-05
-1.344975594e-09
-8.029501369e-08
0.0001577109402
0.0001575109536
8.391839894e-10
-0.0001300758888
1.517497308e-07
0.0001862557953
-1.950277914e-09
-5.046332319e-08
0.0001298932096
0.0001014779301
0.0001012813495
-3.10300993e-10
0.0001862932318
0.0002068147745
-0.0001365377015
2.748396961e-07
1.970467303e-09
-3.924809577e-07
-0.0002073647309
0.0002284424119
-8.341972357e-08
0.0001366415945
-0.0001564722331
0.0001394306611
-0.0001210500964
2.505887794e-09
-0.0001609189546
0.0001423376606
-1.973174091e-11
0.0002275336547
2.168109725e-09
-0.0001563920403
-6.851519676e-05
0.0004341403246
-2.431121704e-08
0.0002713287482
-8.696244268e-05
0.0002711572454
-8.694991623e-05
7.529967665e-05
1.086388289e-07
0.0002968862281
-0.0001011362761
-2.865252741e-07
-7.536105048e-05
0.0004419396857
0.0004407854949
0.0002974181116
-0.0001013417721
8.30732203e-05
0.0003291858981
3.333459651e-07
-0.0001157020643
-0.0004506239933
-8.34539648e-05
-7.475894372e-07
-8.294041466e-05
3.697257903e-07
-0.0003306526879
-0.0001187777093
-0.0001182911839
-0.000115841651
0.0001134316243
8.15593454e-05
-0.0001386126356
-8.204138972e-08
0.0001577233832
0.0001574854112
-0.0001300558621
1.320053264e-07
0.0001862710622
-4.002613842e-08
0.0001298412277
0.0001015249873
-0.0001497862366
0.00010129639
-0.0001498332515
0.0001863548402
0.0002068313386
-0.0001365368153
2.764432535e-07
0.0001394352081
-0.0001210704459
-0.0001609303033
0.000142351226
-4.052625827e-07
-0.0002074130153
0.0002284682557
-9.575076462e-08
0.0001366233802
-0.0001564565767
0.0002275700882
-0.0001564044603
0.000170058724
-4.920483103e-06
5.875966179e-08
-0.000175172885
2.333466375e-09
-1.528195184e-07
-0.0001700926238
-1.071730461e-07
4.635948445e-06
-0.0001748821483
-5.159579074e-05
-0.0001719221813
-3.691772046e-10
1.871093588e-09
-0.0001747381117
1.807125874e-09
-0.0001752376734
0.0001608559292
-7.735166411e-05
1.899996708e-09
-3.772297249e-08
-5.032508515e-05
-5.044209304e-05
9.341247034e-10
2.977181081e-08
0.0001676024004
-9.253445727e-05
0.0001676244679
-9.271456017e-05
2.657663786e-09
2.666595534e-08
-5.513823762e-05
8.643138378e-10
-5.490214967e-05
9.339806243e-10
0.0001689051066
0.00010980465
0.0001667491722
3.74903178e-09
-0.0001280776342
0.000168885993
4.245749434e-09
-6.150348705e-05
7.827156539e-08
8.639478797e-11
-1.780421169e-07
6.115643923e-05
-6.903767624e-05
-7.113193562e-10
-6.966975892e-05
-0.0001557770062
2.284365833e-05
-4.016145062e-09
-1.702400604e-05
-0.0001641607332
-1.713472926e-05
-0.0001641248298
0.0001651138107
2.209004857e-08
-9.975681044e-06
-0.00017229285
-4.259668277e-08
-0.0001651027193
3.838180679e-05
3.80831461e-05
-9.843741795e-06
-0.0001722609002
0.0001700553886
-4.920335896e-06
6.126926986e-08
-0.0001751696782
-5.158154205e-05
-0.0001719034855
6.217493114e-05
-1.544053061e-07
-0.0001700807054
-1.159779503e-07
4.629486493e-06
-0.0001748642567
-1.528457421e-06
-0.0001747339062
-2.204079067e-06
-0.0001752336956
0.0001608527593
-7.734548815e-05
-2.634295728e-08
-5.03282828e-05
-5.043375048e-05
8.142705115e-09
0.0001676378032
-9.253719702e-05
0.0001676200679
-9.271558666e-05
2.838495292e-08
-5.513404768e-05
-5.492298931e-05
0.0001098158844
0.000166747902
-0.0001280972889
-3.548669624e-08
0.0001689176233
0.0001688800345
-6.150446524e-05
8.086454282e-08
-1.806838883e-07
6.115819505e-05
-6.904443209e-05
-6.967185759e-05
0.0001615640954
-0.0001468033443
4.245586579e-09
7.92064019e-05
-0.0001534118668
7.536315988e-07
-9.283794851e-05
2.480368929e-10
-4.556904356e-07
-7.811855551e-05
-9.149778726e-07
0.0001528310124
-0.0001628599017
2.516823845e-10
-0.0001659259078
1.137827875e-10
-9.09225014e-05
-0.0001054411451
-0.0001398351165
1.485955776e-06
2.843705618e-09
-1.192169595e-06
0.0001014899636
-2.135875414e-06
0.0001397217176
-0.0001276647534
0.0001233432906
0.0001785717031
-2.279734865e-10
-0.0001232112913
4.824731287e-09
-6.059065757e-11
-0.0001293251303
0.0001581891661
-1.238591389e-07
-2.441573033e-07
-0.000166288506
6.651288158e-05
-0.0001677712289
0.0001625010502
-1.08928995e-06
-0.0001579095757
0.0001654552581
-5.488732586e-07
2.5333327e-06
-0.0001711022805
0.0001640163227
-0.0001706447104
-0.0001663854496
0.0001615620688
-0.0001468309523
-0.0001431750496
7.921313858e-05
-0.0001534152752
7.540081073e-07
-9.284013463e-05
-4.589008137e-07
-7.813966537e-05
-9.146039734e-07
0.0001528380657
-0.0001628880308
-0.0001345795128
-0.0001659183389
-0.0001352423772
-9.09330407e-05
-0.0001054376542
-0.0001398391534
1.484982809e-06
0.0001233404616
0.0001785575269
-0.0001232077852
-1.192881613e-06
0.0001014821298
-2.120583664e-06
0.0001397478608
-0.0001277359153
-0.000129320616
9.974749113e-05
-0.0003219770547
3.499838743e-06
-6.947509487e-05
-8.301928709e-10
-3.254705996e-06
-9.800436407e-05
-8.721344686e-07
0.000308764784
-6.220760833e-05
0.0002731359628
-9.014450204e-05
2.433689898e-09
9.975424382e-10
-6.533189355e-05
-5.985790949e-10
-6.808468096e-05
-7.466618828e-07
-0.000277459963
4.032120789e-05
-0.000298816117
-1.822596775e-11
-0.0002801489524
-1.185534657e-10
-3.811710592e-05
2.031856757e-06
-0.0003179576801
1.098850169e-09
-2.193466983e-06
3.780472913e-05
-0.0003313908797
-0.0003390837467
2.11983023e-10
-0.0003109178333
-0.000356774738
-3.483874925e-05
4.180013242e-06
6.908799947e-10
-1.369858994e-06
0.0003406478222
-4.415950981e-06
3.417466915e-05
3.013624826e-05
0.0003782907831
2.276898572e-10
1.930257896e-09
2.802406003e-10
-0.0001137708414
-0.000210706965
-6.36236326e-07
-0.0002508179328
-7.684699006e-05
-0.0002531733482
-7.694528167e-05
0.0001071684539
1.722807929e-06
-0.0002882054467
-7.385954375e-05
-1.526713954e-06
-0.0001065365704
-0.0002351630998
-0.0002403091826
-0.0002823299559
-7.330174322e-05
9.974623625e-05
-0.0003219735678
3.500525775e-06
-6.947948151e-05
0.0002731516222
-9.013284424e-05
-3.269057836e-06
-9.801879998e-05
-8.703751106e-07
0.0003087608243
-6.223593333e-05
-6.534975803e-05
-6.808741598e-05
4.033058625e-05
-0.0002988112794
-7.509312451e-07
-0.0002774844009
-0.0002801726412
-3.811617936e-05
2.042788916e-06
-0.0003179577
-2.195315543e-06
3.781659988e-05
-0.0003313856762
-0.0003390803166
-0.0003109267617
-0.0003567809389
-3.484016785e-05
4.184610712e-06
3.010694046e-05
0.000378289839
-1.384324495e-06
0.0003406464927
-4.417208744e-06
3.418306767e-05
-1.306781954e-07
0.0001746860435
0.0001733591626
-2.280033522e-09
5.998537077e-07
-6.501146681e-09
-1.466774909e-07
0.0001746775801
0.000173354632
6.08907634e-07
-5.983258597e-07
0.0002477509809
-2.026322415e-07
0.0001312665556
0.0001385622542
0.0001655562492
1.995439905e-09
0.0002459020833
-2.089881541e-09
0.0001298763633
-3.871613888e-09
9.225582225e-07
-6.32635114e-09
0.0001385605374
0.0001655657142
-6.250298858e-07
0.0002477216173
-2.281164583e-07
0.0001312338613
0.0002458914995
0.0001298863654
9.37843582e-07
5.062537496e-07
7.140744711e-08
-3.41349971e-06
5.240818843e-11
1.286894139e-07
5.530486569e-08
-1.637046503e-06
2.455193767e-11
4.415497954e-08
-4.519976988e-07
1.110038171e-11
3.162087911e-07
-3.410871924e-06
4.281663029e-08
-1.636698339e-06
-4.520676273e-07
1.0428025e-06
-1.915943699e-06
8.61064442e-08
1.349269353e-11
2.537340328e-07
-9.136545699e-07
6.56756933e-08
5.482253037e-12
-2.484184435e-07
5.014882407e-08
2.459390215e-12
1.037578579e-06
-9.088552826e-08
1.913146222e-06
1.952313691e-07
-6.983296839e-08
9.122667199e-07
-5.292784469e-08
2.481807156e-07
1.284704572e-06
-6.923269634e-12
3.013194103e-07
-4.107075299e-12
-1.878335118e-12
8.124993072e-07
1.537369059e-07
5.062830556e-07
7.139807419e-08
-3.413761384e-06
1.28689739e-07
5.529577581e-08
-1.637182029e-06
4.414862887e-08
-4.520367356e-07
3.16517194e-07
-3.411597365e-06
4.28945466e-08
-1.637084703e-06
-4.521828583e-07
1.042821222e-06
-1.916053928e-06
8.602428393e-08
2.537285441e-07
-9.137091317e-07
6.562778406e-08
-2.484334199e-07
5.012391688e-08
1.037926647e-06
-9.075258198e-08
1.913466216e-06
1.95325955e-07
-6.976108005e-08
9.124297041e-07
-5.289253635e-08
2.482290078e-07
1.284692777e-06
3.013035166e-07
8.128627667e-07
1.538289403e-07
)
;

boundaryField
{
    inlet
    {
        type            calculated;
        value           nonuniform 0();
    }
    outlet
    {
        type            calculated;
        value           nonuniform List<scalar> 
25
(
0.01996592709
0.02002169099
0.0200179188
0.02000170964
0.02000159612
0.0200014576
0.02000129634
0.0200011146
0.02000091501
0.02000070056
0.02000047479
0.02000024142
0.02000000415
0.01999976672
0.0199995328
0.01999930611
0.01999909023
0.01999888862
0.01999870449
0.01999854079
0.01999840014
0.0199982848
0.01999819658
0.01999813687
0.01999810657
)
;
    }
    topAndBottom
    {
        type            symmetry;
        value           uniform 0;
    }
    frontAndBack
    {
        type            empty;
        value           nonuniform 0();
    }
    cylinder
    {
        type            calculated;
        value           uniform 0;
    }
    procBoundary1to0
    {
        type            processor;
        value           nonuniform List<scalar> 
116
(
-0.02145408419
-0.0214672819
-0.02149369676
-0.02153369776
-0.02158779289
-0.02165667801
-0.02174125629
-0.02184272546
-0.02196261907
-0.02210277096
-0.02226552502
-0.02245392211
-0.02267174166
-0.02292396163
-0.02321684231
-0.02356045091
-0.0239677607
-0.02447255467
-0.02501391529
-0.0008020638186
-0.006441727881
-0.006508040753
-0.006440092555
-0.006507233425
-0.0008022245727
-0.006575499858
0.000188464049
0.0001904703481
-0.000428880008
-0.0004289251517
9.236847875e-05
3.076731191e-05
9.223323572e-05
2.499961881e-05
3.044822315e-05
2.507965049e-05
6.084369464e-08
8.191527918e-07
4.064035419e-05
3.983063141e-05
-6.610839889e-07
-3.836277275e-07
9.23793951e-05
3.077266139e-05
9.232112481e-05
2.511733139e-05
3.046541493e-05
2.511250536e-05
4.065514208e-05
3.987190882e-05
-6.611523293e-07
-3.835605142e-07
6.097166895e-08
8.19264531e-07
-0.0007010686241
-0.001442294293
-0.0007010223333
-0.0004289861381
-3.670756747e-05
-0.0002224216758
-3.671045304e-05
-0.000222410051
-8.150539631e-06
-8.180886814e-06
-8.695879573e-05
-8.69273769e-05
-0.0004290573473
-3.671242442e-05
-0.0002224234844
-3.672748695e-05
-0.0002224117037
-8.182410666e-06
-8.197809193e-06
-8.695923709e-05
-8.690393247e-05
-0.001565264784
-0.006575421097
0.0001885287545
0.0001905634739
-0.001565276248
0.0001405234845
-0.001258212684
0.0001406831395
-0.001412901952
-0.0001703562767
-0.001258350585
-0.001412514155
-2.084940058e-10
-0.0001696405657
-0.0007008048519
-0.001007363933
-0.001006670582
-0.001258228878
-0.001441945084
-0.001258379218
-0.0007007730366
-0.001007340856
-0.00100661751
-0.00161837831
-0.001564171783
-0.001617451547
-0.001564165585
-0.001618398386
-0.001617497644
4.102289494e-06
1.965396512e-06
5.390370886e-07
4.103455853e-06
1.966006836e-06
5.392261232e-07
4.091177764e-06
1.959294898e-06
5.365206872e-07
4.091591165e-06
1.959514254e-06
5.365879956e-07
)
;
    }
    procBoundary1to3
    {
        type            processor;
        value           nonuniform List<scalar> 
125
(
-8.548259683e-07
-5.261499768e-07
1.375307624e-08
5.841620167e-07
1.109006917e-06
1.490447875e-06
1.606352467e-06
1.455887121e-06
1.09273979e-06
6.522555954e-07
2.317412593e-07
-1.275669803e-07
-3.85784863e-07
-5.314515194e-07
-5.518022023e-07
-5.21195182e-07
-4.684159909e-07
-4.017880626e-07
-3.302866911e-07
-2.600780338e-07
-1.934900526e-07
-1.337032913e-07
-8.189026653e-08
-3.809848285e-08
-5.154770438e-09
2.150482838e-08
3.56447401e-08
4.075799464e-08
3.962889818e-08
3.511288287e-08
2.947205841e-08
2.414188013e-08
1.947458374e-08
1.450458571e-08
9.88483782e-09
6.95214728e-09
5.008959521e-09
3.480212433e-09
2.41110757e-09
1.931006568e-09
2.054450236e-09
2.656456198e-09
3.517192718e-09
4.405477455e-09
5.145281035e-09
5.640337996e-09
5.865606241e-09
5.84488441e-09
5.628734346e-09
5.278951129e-09
4.858454609e-09
4.419084768e-09
4.003392169e-09
3.634987388e-09
3.320937477e-09
3.061355915e-09
2.84672743e-09
2.666457762e-09
2.508497247e-09
2.368479017e-09
2.245601738e-09
2.139057436e-09
2.048322509e-09
1.972812095e-09
1.911160638e-09
1.861294066e-09
1.820103729e-09
1.790251799e-09
1.738481037e-09
-2.34449046e-08
-3.698760876e-08
-2.198350527e-07
-1.599647536e-08
-1.322033753e-08
-3.231162255e-08
-1.672144557e-08
-2.344911301e-08
-1.592182715e-08
-4.783511687e-09
-5.042731126e-09
-1.485843726e-08
-4.21172135e-09
-4.850373892e-09
-4.938707674e-08
-3.218523985e-08
-4.910158587e-08
-2.303522801e-08
-2.641653507e-08
-2.57679267e-08
-2.685860354e-08
-3.211257034e-08
-2.602220125e-08
-2.04131852e-08
-1.482518207e-08
-2.1199006e-08
-2.855694803e-08
-1.361347137e-08
-2.078344926e-08
-2.32791731e-07
-2.200802468e-07
-2.330274707e-07
-3.713828291e-08
-4.261601523e-08
-4.315867556e-08
-4.658396362e-08
-5.320739572e-08
-4.794079344e-08
-3.520274583e-08
-4.038773169e-08
-4.225442219e-08
-5.311029401e-08
-4.564692879e-08
-4.756505649e-08
-1.985435792e-10
-8.910244485e-11
-2.394741035e-11
-2.249489143e-10
-1.047729326e-10
-2.941824309e-11
-1.532347875e-10
-6.465694883e-11
-1.59267901e-11
-2.075498158e-10
-9.520026829e-11
-2.625511637e-11
)
;
    }
}


// ************************************************************************* //
