/*--------------------------------*- C++ -*----------------------------------*\
| =========                 |                                                 |
| \\      /  F ield         | OpenFOAM: The Open Source CFD Toolbox           |
|  \\    /   O peration     | Version:                                        |
|   \\  /    A nd           | Website:  www.openfoam.com                      |
|    \\/     M anipulation  |                                                 |
\*---------------------------------------------------------------------------*/
FoamFile
{
    version     2.0;
    format      ascii;
    class       volScalarField;
    location    "4.1";
    object      p;
}
// * * * * * * * * * * * * * * * * * * * * * * * * * * * * * * * * * * * * * //

dimensions      [0 2 -2 0 0 0 0];


internalField   nonuniform List<scalar> 
2403
(
-0.3553809035
-0.4048184486
-0.4444719467
-0.3948946376
-0.3020506165
-0.1948334903
-0.09473877572
-0.01757280531
0.03333267541
0.06090381448
0.0718756865
0.07265120419
0.06793444847
0.06075168385
0.05287866897
0.04526731097
0.03837093893
0.03236315991
0.02726543465
0.02301565063
0.01950651656
0.01661390421
0.01421917518
0.0122221099
0.01054388246
0.009123961762
0.007915564356
0.006882016185
0.005994266601
0.005229043301
0.004567493537
0.003994168278
0.003496267729
0.003063087536
0.002685612948
0.002356215002
0.002068482224
0.001816915968
0.001596697427
0.001403685814
0.001234381089
0.001085772603
0.0009552544481
0.0008405604137
0.0007397181027
0.0006510115274
0.0005729448228
0.00050421779
0.0004436946096
0.0003903800746
0.0003434026811
0.000301996631
0.0002654897949
0.0002332913031
0.0002048797177
0.0001797945139
0.0001576281847
0.0001380190352
0.0001206454961
0.0001052212788
9.149119552e-05
7.922792449e-05
6.822959984e-05
5.831776411e-05
4.933481306e-05
4.114169916e-05
3.361162155e-05
2.66371039e-05
2.008513393e-05
1.396211709e-05
7.806370103e-06
3.42785699e-06
-0.3887755543
-0.4372280761
-0.493704668
-0.4385158609
-0.3390668532
-0.2287592152
-0.1245911987
-0.04318358936
0.01110317861
0.04192027477
0.05616498992
0.06002867947
0.05802607025
0.05312733756
0.04712221829
0.04099988074
0.03526049403
0.03012774427
0.02567338892
0.0218808496
0.01868760371
0.01600988887
0.01376153506
0.01186588114
0.01025985233
0.008893170809
0.007725391123
0.006723757556
0.005861636349
0.005117290587
0.00447290736
0.003913786654
0.00342770041
0.003004397988
0.002635217926
0.002312813744
0.002031035001
0.001784527756
0.001568605747
0.001379266132
0.001213112791
0.001067219567
0.000939045601
0.0008263804196
0.0007273002036
0.0006401284755
0.0005634051281
0.0004958529391
0.0004363568591
0.0003839395378
0.000337749531
0.0002970346774
0.0002611350187
0.0002294699895
0.000201526147
0.0001768515149
0.0001550463611
0.0001357555325
0.0001186629247
0.0001034870703
8.997745108e-05
7.791134776e-05
6.709114833e-05
5.734195722e-05
4.850882615e-05
4.045445002e-05
3.305313595e-05
2.619807056e-05
1.97574007e-05
1.373684448e-05
7.68166443e-06
3.373660097e-06
-0.393561635
-0.4462410007
-0.4927177775
-0.435745884
-0.3447699783
-0.2420719913
-0.1452552507
-0.06814395532
-0.01516275498
0.01706066289
0.03435389294
0.04190042671
0.0435266157
0.04184521086
0.03851934068
0.03453760087
0.03045856314
0.02658390034
0.02306210576
0.01994794458
0.01724025511
0.01490731434
0.01290473614
0.01118694893
0.009712521554
0.008445603787
0.007355424026
0.006415313795
0.005602763379
0.004898856235
0.004287754999
0.003756204869
0.003293065286
0.002888970709
0.002535933867
0.002227210185
0.001957063752
0.001720490296
0.001513015507
0.001330907025
0.001170973876
0.001030448259
0.0009069162838
0.0007982744511
0.0007026899605
0.0006185633011
0.0005444963628
0.0004792652305
0.0004217991752
0.0003711632383
0.0003265314829
0.00028718361
0.00025248392
0.0002218748473
0.0001948597796
0.0001710033027
0.0001499185292
0.0001312625646
0.0001147309774
0.0001000525179
8.69854873e-05
7.531511016e-05
6.48509182e-05
5.54241606e-05
4.688499537e-05
3.910029194e-05
3.19478944e-05
2.532379283e-05
1.909974345e-05
1.328089554e-05
7.426857951e-06
3.263034752e-06
-0.3933487418
-0.4338887446
-0.4225771816
-0.3808756161
-0.3106928683
-0.226612058
-0.1469274852
-0.08223524824
-0.03580823398
-0.005229256332
0.01336115424
0.02362112402
0.02838330699
0.02970249558
0.02898895884
0.02716078983
0.02479763902
0.02225895057
0.01975916036
0.01741570936
0.01528306397
0.01337736322
0.01169340164
0.01021561779
0.008924432559
0.00779938323
0.006820471828
0.005968936107
0.005227804344
0.004582115557
0.004018902157
0.003527034683
0.003096977489
0.002720592991
0.002390948718
0.002102049643
0.001848803905
0.001626583039
0.001431385161
0.001259830752
0.001108996532
0.0009763326318
0.0008596085135
0.0007568750424
0.0006664289028
0.0005867790215
0.0005166183361
0.0004548010134
0.0004003223144
0.0003523013017
0.0003099645874
0.0002726326118
0.0002397062465
0.0002106540695
0.0001850053739
0.0001623550823
0.0001423355639
0.0001246203732
0.0001089202626
9.497895056e-05
8.256815621e-05
7.148447035e-05
6.154736734e-05
5.259689236e-05
4.449080904e-05
3.710245586e-05
3.03153745e-05
2.403025109e-05
1.812471428e-05
1.26034219e-05
7.047440718e-06
3.098333874e-06
-0.35400107
-0.345674824
-0.3359591819
-0.3056685999
-0.2542345564
-0.1933647251
-0.1352182089
-0.08626269653
-0.04860027474
-0.02148417396
-0.003205143784
0.008388044459
0.01516549713
0.01864551052
0.01995606607
0.01989340456
0.01900607998
0.01766754079
0.0161252758
0.0145354353
0.01299057027
0.01154140898
0.01021229233
0.009011466856
0.007937744312
0.006984611255
0.006142692091
0.005401318894
0.004749601342
0.004177129686
0.003674353451
0.003232725637
0.0028447031
0.002503679305
0.002203873402
0.001940258578
0.001708545123
0.001504752339
0.00132538105
0.001167456154
0.001028387518
0.0009059028633
0.0007980044919
0.0007029388666
0.0006191667547
0.0005453352291
0.0004802544238
0.000422878328
0.000372287713
0.0003276748949
0.0002883290544
0.0002536230819
0.0002230031467
0.000195979332
0.0001721250386
0.0001510500464
0.0001324193053
0.0001159335271
0.000101322821
8.834729639e-05
7.679564222e-05
6.647992734e-05
5.723253507e-05
4.890467268e-05
4.136402622e-05
3.4492601e-05
2.818166885e-05
2.233836334e-05
1.684830237e-05
1.171571573e-05
6.549824506e-06
2.882325751e-06
-0.266020973
-0.2720654057
-0.2723753871
-0.2639048431
-0.2423465515
-0.2075391638
-0.1656455457
-0.1238629281
-0.08671964487
-0.05621709751
-0.03271412217
-0.01554898763
-0.003599457858
0.004256534365
0.009113352363
0.01184180668
0.01310676725
0.01339979243
0.01307455538
0.01237972952
0.01148553567
0.01050496392
0.00951052704
0.008546775228
0.007639366953
0.006801542598
0.006038541091
0.005350485551
0.0047343094
0.004185126207
0.003697210119
0.003264639345
0.002881673062
0.002542946134
0.002243551284
0.00197905654
0.001745490746
0.001539404012
0.001357674491
0.001197272596
0.001055700023
0.0009307724271
0.0008205440379
0.0007232884313
0.0006374810595
0.0005617760368
0.0004949841146
0.0004360547774
0.0003840611202
0.0003381859253
0.0002977085823
0.0002619928498
0.0002304763992
0.0002026620316
0.0001781093868
0.0001564295233
0.0001372748518
0.0001203375199
0.0001053457982
9.206117675e-05
8.026426272e-05
6.976115393e-05
6.038199487e-05
5.197552136e-05
4.440659239e-05
3.755478828e-05
3.131271712e-05
2.558127036e-05
2.027566351e-05
1.529145747e-05
1.063249324e-05
5.942360517e-06
2.618636954e-06
-0.212917735
-0.220413221
-0.2214156727
-0.2144622519
-0.1982740696
-0.1735131719
-0.143436265
-0.112408985
-0.08376316895
-0.05925299152
-0.03939301674
-0.02399889225
-0.01256300007
-0.004399992037
0.001205846741
0.004856498865
0.007057928232
0.008237242604
0.008718049582
0.008731665395
0.008443229242
0.007971555248
0.007400579442
0.00678730987
0.006168954831
0.005569013225
0.005001694941
0.004474820951
0.003991786743
0.003553025053
0.003157119944
0.002801603762
0.002483486003
0.002199587613
0.001946744754
0.001721925325
0.001522286747
0.001345265917
0.001188540805
0.001049727757
0.0009268251363
0.0008180787963
0.000721901719
0.0006368695438
0.000561712452
0.0004953001732
0.0004366271641
0.0003848000849
0.0003390266897
0.0002986052259
0.0002629142246
0.0002314029861
0.0002035831762
0.0001790215075
0.0001573333054
0.0001381776684
0.0001212513981
0.0001062832126
9.303369073e-05
8.128867597e-05
7.085997652e-05
6.157718173e-05
5.328848363e-05
4.586055611e-05
3.917456779e-05
3.312402111e-05
2.761376826e-05
2.255597264e-05
1.787542442e-05
1.347940775e-05
9.371397619e-06
5.234998773e-06
2.311570705e-06
-0.1727126327
-0.1797969442
-0.1808038716
-0.1756154986
-0.1637949457
-0.1460519236
-0.1243376206
-0.1012999611
-0.07927360166
-0.05967467557
-0.04309177517
-0.02962810634
-0.01908250819
-0.01108479926
-0.005213934722
-0.001022149555
0.001811924256
0.003627530745
0.004719374922
0.005299505567
0.005517707274
0.005487199025
0.005294632167
0.005003224117
0.004657000861
0.004286091258
0.003910991794
0.003545297798
0.00319750949
0.002872440672
0.00257236463
0.00229787993
0.002048518595
0.001823163025
0.001620330585
0.001438363191
0.001275545416
0.001130213878
0.001000821697
0.0008856969457
0.0007833514826
0.0006924642199
0.0006118272712
0.0005403404878
0.0004770065237
0.000420926347
0.0003712927737
0.0003273829467
0.0002885510703
0.0002542213697
0.0002238810228
0.0001970732921
0.0001733913043
0.0001524726219
0.0001339944899
0.0001176695569
0.0001032420038
9.048412731e-05
7.919166439e-05
6.918276006e-05
6.028766712e-05
5.237483334e-05
4.531262562e-05
3.898544979e-05
3.329225532e-05
2.814250533e-05
2.345486946e-05
1.91541861e-05
1.51761231e-05
1.144126792e-05
7.95273884e-06
4.439156925e-06
1.966068436e-06
-0.1406700279
-0.1474034706
-0.1489597957
-0.1456301677
-0.1373102819
-0.1245128699
-0.1086025415
-0.09129112476
-0.07419901892
-0.05845633166
-0.04465975855
-0.03303255732
-0.0235523719
-0.01604424089
-0.01024894265
-0.005847230663
-0.002633892735
-0.0003847205046
0.001149791967
0.002161709624
0.002785147423
0.00312253908
0.003256277097
0.003250114833
0.003150932436
0.002992569084
0.002799490317
0.002589222028
0.002373959862
0.00216186846
0.001958182811
0.001766065547
0.001587231097
0.001422398101
0.001271620094
0.001134522487
0.001010462489
0.0008986565704
0.0007982888621
0.000708408845
0.0006280381294
0.0005562912245
0.0004923523846
0.0004354539858
0.0003848786405
0.000339967424
0.0003001206158
0.0002647943249
0.0002334970675
0.0002057864092
0.0001812650691
0.0001595766553
0.0001404016217
0.0001234536379
0.0001084763426
9.524040829e-05
8.354086361e-05
7.319509895e-05
6.404130807e-05
5.594246723e-05
4.871618753e-05
4.230139913e-05
3.658179138e-05
3.145994801e-05
2.685357043e-05
2.268969828e-05
1.890231338e-05
1.543015811e-05
1.22208508e-05
9.209617768e-06
6.399225863e-06
3.56759514e-06
1.587663199e-06
-0.1157123915
-0.1220709913
-0.1241830584
-0.1221178903
-0.1162626444
-0.1069818425
-0.09520967951
-0.08211664326
-0.06882328033
-0.05620338882
-0.04479548378
-0.03486217727
-0.02647994963
-0.01959609984
-0.01407553024
-0.009719186059
-0.006339886582
-0.003817808221
-0.001969545931
-0.0006393527129
0.0002935507251
0.0009247549483
0.001330159055
0.001569298317
0.001687962238
0.001721116193
0.001695360955
0.001630622876
0.001541498122
0.001438486125
0.001329035185
0.001218331739
0.001109881607
0.00100595827
0.00090795312
0.0008166375677
0.0007323482548
0.0006551198436
0.0005847998091
0.0005212063356
0.0004637598873
0.000412036826
0.0003656184787
0.0003240646946
0.0002869377818
0.0002538218211
0.0002243280488
0.0001980953166
0.0001747906028
0.0001541091764
0.0001357736262
0.0001195320818
0.0001051562205
9.243940993e-05
8.119498898e-05
7.125466107e-05
6.246688699e-05
5.469514786e-05
4.781503908e-05
4.170551681e-05
3.631866913e-05
3.151706218e-05
2.723544131e-05
2.340404771e-05
1.996112084e-05
1.685244978e-05
1.402854062e-05
1.144311005e-05
9.056599599e-06
6.819946394e-06
4.735563872e-06
2.634170727e-06
1.182366074e-06
-0.09608634507
-0.1018954883
-0.1042089308
-0.1032054444
-0.09920727041
-0.09256080105
-0.0838493295
-0.07391045276
-0.06354813532
-0.05343018099
-0.04402154074
-0.0355903954
-0.02826055198
-0.02205100223
-0.01690752858
-0.01272452637
-0.009365126365
-0.006721436422
-0.004665322554
-0.003101010524
-0.001935499632
-0.001077818968
-0.0004544421798
-1.058038381e-05
0.0002954410043
0.0004970984769
0.0006214709283
0.0006896934706
0.0007177319404
0.0007175323672
0.0006980482448
0.0006659524975
0.0006261390899
0.0005821343498
0.0005364435224
0.0004908198769
0.000446459487
0.000404147204
0.0003643669172
0.0003274651568
0.0002934274626
0.0002622381623
0.0002338351047
0.0002080951921
0.0001848586157
0.0001639503859
0.0001451907696
0.0001284008587
0.0001134068973
0.00010004336
8.815453323e-05
7.759503634e-05
6.822981088e-05
5.993395887e-05
5.259253907e-05
4.610029796e-05
4.036123812e-05
3.528799653e-05
3.080123935e-05
2.682979204e-05
2.331984415e-05
2.020013971e-05
1.7424364e-05
1.494633715e-05
1.272453543e-05
1.072343965e-05
8.910832364e-06
7.256211103e-06
5.733483227e-06
4.310093346e-06
2.988093122e-06
1.653660525e-06
7.56595799e-07
-0.08046784832
-0.08573419356
-0.08819939178
-0.08798300167
-0.08538037858
-0.08065063174
-0.07419839016
-0.06662301192
-0.05852417922
-0.05041009327
-0.04266734146
-0.03554836152
-0.02919418983
-0.02366230073
-0.01894838486
-0.01500380447
-0.01174780873
-0.009096433313
-0.006956245078
-0.005242765726
-0.003902951354
-0.002871888281
-0.002078437457
-0.001469456039
-0.001007035699
-0.000660618772
-0.0004043364107
-0.0002171200592
-8.252172562e-05
1.216286247e-05
7.68093309e-05
0.0001190848028
0.0001448751619
0.0001586553209
0.0001638153436
0.0001629168773
0.0001578830879
0.0001501449504
0.0001407534567
0.0001305305772
0.0001199709147
0.00010944969
9.923133928e-05
8.949334104e-05
8.034482044e-05
7.184415987e-05
6.401449591e-05
5.685513334e-05
5.03492606e-05
4.446927624e-05
3.918056751e-05
3.444412296e-05
3.021840233e-05
2.64607781e-05
2.312875802e-05
2.018098713e-05
1.757795032e-05
1.528241204e-05
1.325985089e-05
1.147898842e-05
9.912524814e-06
8.527328392e-06
7.304215318e-06
6.221273469e-06
5.258620257e-06
4.399829601e-06
3.630224568e-06
2.935665719e-06
2.30399874e-06
1.719683225e-06
1.184389396e-06
6.415292253e-07
3.170722681e-07
-0.06797204877
-0.0727496425
-0.07529113029
-0.07564832812
-0.0740311759
-0.07069628473
-0.06594734393
-0.06017783533
-0.05384460135
-0.04734035229
-0.0409797869
-0.03499039806
-0.02951533285
-0.02463101357
-0.02036279181
-0.01669754483
-0.01359396906
-0.01099794894
-0.008848100782
-0.007075066585
-0.005623502837
-0.004462481152
-0.003534760055
-0.00279430729
-0.002205363925
-0.001738279383
-0.001368720689
-0.001076976963
-0.0008471975523
-0.0006665660066
-0.0005247120281
-0.0004133569292
-0.0003259797257
-0.0002574530021
-0.0002037282201
-0.0001616078391
-0.0001285764688
-0.0001026628949
-8.23215691e-05
-6.633025937e-05
-5.374206538e-05
-4.381648324e-05
-3.59898818e-05
-2.980572708e-05
-2.490283665e-05
-2.100224858e-05
-1.788725596e-05
-1.53871475e-05
-1.336688826e-05
-1.171995571e-05
-1.036265092e-05
-9.229575499e-06
-8.270109907e-06
-7.44548511e-06
-6.726255145e-06
-6.090154589e-06
-5.520402423e-06
-5.004403948e-06
-4.532647575e-06
-4.097481235e-06
-3.692953121e-06
-3.316933685e-06
-2.964907454e-06
-2.633272261e-06
-2.318832573e-06
-2.018683402e-06
-1.730048549e-06
-1.450459071e-06
-1.177855985e-06
-9.105095277e-07
-6.471564632e-07
-3.862924465e-07
-1.292774598e-07
-0.05789923322
-0.06223982239
-0.06477743568
-0.06554106882
-0.06466685637
-0.06238785179
-0.05891893618
-0.05453110623
-0.04957516629
-0.04436035038
-0.03913976892
-0.03411142951
-0.02941196042
-0.02512519475
-0.02129334469
-0.01792593815
-0.01500776192
-0.01250842725
-0.01038928108
-0.008605353986
-0.007107813409
-0.005864415489
-0.00483233245
-0.003984205739
-0.00329238064
-0.002726757722
-0.00226234963
-0.001880583952
-0.001567112593
-0.001309800255
-0.001098212885
-0.00092374196
-0.0007794950255
-0.0006599397941
-0.0005605784095
-0.000477743719
-0.0004084589807
-0.0003503164845
-0.0003013514475
-0.0002600136374
-0.0002249595577
-0.0001951299516
-0.000169685322
-0.0001479108678
-0.0001292155469
-0.0001131168754
-9.921649777e-05
-8.718148833e-05
-7.673245152e-05
-6.763470963e-05
-5.969090132e-05
-5.273486467e-05
-4.66266431e-05
-4.124825675e-05
-3.650001743e-05
-3.229738965e-05
-2.856840435e-05
-2.525155744e-05
-2.229412052e-05
-1.965049516e-05
-1.728095287e-05
-1.514693064e-05
-1.322194226e-05
-1.147762592e-05
-9.888143783e-06
-8.430935211e-06
-7.085620905e-06
-5.833171345e-06
-4.657339673e-06
-3.539144247e-06
-2.477756299e-06
-1.413650814e-06
-5.754312488e-07
-0.04973105332
-0.05369480861
-0.05619463481
-0.05724551989
-0.05693570914
-0.05543175201
-0.05291758774
-0.04959789008
-0.04572498583
-0.04154398148
-0.03726098366
-0.03304481982
-0.02902080564
-0.02527334297
-0.02185325592
-0.01878417588
-0.01606827054
-0.01369255911
-0.01163461431
-0.009866152117
-0.008353638112
-0.007067509195
-0.005974315302
-0.005045865343
-0.004268450055
-0.003621245234
-0.003078429566
-0.002620929254
-0.002235418065
-0.001910791327
-0.001637086564
-0.001405760819
-0.00120978497
-0.001043391603
-0.0009017947281
-0.0007810080319
-0.0006777188103
-0.000589179406
-0.0005131000376
-0.0004476485765
-0.0003910983744
-0.0003421889861
-0.0002998082502
-0.000263004947
-0.000230982484
-0.0002030730129
-0.0001787102886
-0.0001574105275
-0.0001387593978
-0.0001224017324
-0.0001080327163
-9.539047802e-05
-8.424985993e-05
-7.441703819e-05
-6.572485004e-05
-5.802877233e-05
-5.120355443e-05
-4.514038616e-05
-3.974465222e-05
-3.493350972e-05
-3.063313777e-05
-2.677395652e-05
-2.33045196e-05
-2.017271127e-05
-1.733055818e-05
-1.473635522e-05
-1.235249137e-05
-1.014371547e-05
-8.079854298e-06
-6.124962559e-06
-4.278667278e-06
-2.424411132e-06
-1.014375744e-06
-0.04307969905
-0.0467231036
-0.04916433039
-0.05040764734
-0.05051334873
-0.04959533767
-0.04781108496
-0.04532146356
-0.04230266542
-0.03895057514
-0.03543526707
-0.03189932463
-0.02845540932
-0.02518475325
-0.0221415176
-0.01935752456
-0.01684629837
-0.01460731759
-0.01263022873
-0.01089830135
-0.009390095521
-0.008083579412
-0.006955494536
-0.005980006647
-0.005138479445
-0.004423549196
-0.003813894965
-0.003292616219
-0.00284647228
-0.002464138868
-0.002136059143
-0.0018542377
-0.001611874053
-0.001403132917
-0.00122304664
-0.001067422856
-0.0009327240536
-0.0008159552598
-0.0007145706954
-0.000626475616
-0.0005497550865
-0.0004828509827
-0.000424436073
-0.0003733701102
-0.0003286739301
-0.0002895103893
-0.0002551601489
-0.0002250016892
-0.0001984966521
-0.0001751783379
-0.0001546419615
-0.0001365362307
-0.0001205560398
-0.0001064361344
-9.394556372e-05
-8.288292711e-05
-7.307231253e-05
-6.435982381e-05
-5.661076385e-05
-4.970553953e-05
-4.353953486e-05
-3.801540819e-05
-3.305499497e-05
-2.858239606e-05
-2.452936564e-05
-2.083610247e-05
-1.744813833e-05
-1.431454132e-05
-1.139174563e-05
-8.627413339e-06
-6.021638859e-06
-3.402716846e-06
-1.439220882e-06
-0.03765362227
-0.04102748233
-0.04340195602
-0.04477348311
-0.04518340565
-0.04471349178
-0.04349267897
-0.04164218394
-0.03929370758
-0.03660455681
-0.03371541643
-0.03074583254
-0.02779533786
-0.02494000923
-0.02223425719
-0.01971420079
-0.01740053793
-0.01530144287
-0.01341561445
-0.01173507332
-0.01024713385
-0.008936809643
-0.007788025269
-0.006783158889
-0.005903621443
-0.005138805717
-0.004472265282
-0.003895043129
-0.003397017779
-0.002965848425
-0.002591140441
-0.00226521725
-0.001981816862
-0.001735306995
-0.001520662652
-0.001333554912
-0.001170295121
-0.001027719982
-0.0009030967814
-0.0007941245237
-0.0006987279887
-0.0006151207078
-0.000541780553
-0.000477405708
-0.0004208582445
-0.0003711505605
-0.0003274263379
-0.0002889403092
-0.0002550419721
-0.0002251631378
-0.0001988075825
-0.0001755418548
-0.0001549870907
-0.0001368118749
-0.0001207259597
-0.0001064748302
-9.38351384e-05
-8.261101089e-05
-7.263064019e-05
-6.374003758e-05
-5.580025385e-05
-4.869725446e-05
-4.232187029e-05
-3.657542326e-05
-3.13722187e-05
-2.663492742e-05
-2.229288534e-05
-1.828037894e-05
-1.454115263e-05
-1.100728835e-05
-7.679351264e-06
-4.333230552e-06
-1.843302034e-06
-0.03323019055
-0.03637942263
-0.03868611249
-0.04014252534
-0.04077847291
-0.04065235367
-0.0398578543
-0.03849820191
-0.03667940545
-0.03452123261
-0.03214051239
-0.0296388942
-0.02710361188
-0.02460469946
-0.02219509272
-0.01991275554
-0.01778272091
-0.01581908216
-0.01402717064
-0.01240571703
-0.01094866096
-0.00964685541
-0.008489406606
-0.007464280068
-0.006557791017
-0.005758536453
-0.005053153659
-0.004430625205
-0.003886853616
-0.003413343589
-0.002999088914
-0.00263551166
-0.002316477999
-0.002036775951
-0.001791561534
-0.001576460471
-0.001387669146
-0.00122190407
-0.001076303692
-0.0009484117044
-0.0008360322353
-0.0007371975575
-0.0006502161288
-0.000573647749
-0.0005062192966
-0.0004468131024
-0.0003944526137
-0.0003482830707
-0.0003075542644
-0.0002716073065
-0.0002398638446
-0.000211816304
-0.0001870189464
-0.0001650801837
-0.000145655623
-0.0001284419796
-0.0001131720128
-9.96103825e-05
-8.755320869e-05
-7.681569235e-05
-6.722940082e-05
-5.865515591e-05
-5.096019578e-05
-4.402711901e-05
-3.775251556e-05
-3.204234922e-05
-2.681105889e-05
-2.197924174e-05
-1.747881486e-05
-1.322734034e-05
-9.225849619e-06
-5.201382457e-06
-2.220289263e-06
-0.02964068091
-0.03260491655
-0.0348477713
-0.0363590753
-0.03715926164
-0.03729203937
-0.03682543436
-0.03584715225
-0.03444468413
-0.03270883688
-0.03073736272
-0.02861800386
-0.02642718333
-0.02422894054
-0.02207386192
-0.0200002092
-0.01803541203
-0.01619745316
-0.01449639326
-0.01293600064
-0.01151525969
-0.01022971324
-0.009072586527
-0.00803563811
-0.007109289808
-0.006284226641
-0.005550647071
-0.00489746168
-0.004316991396
-0.003806167658
-0.003357699754
-0.002962435621
-0.002613253215
-0.002305003805
-0.002033220463
-0.001793667039
-0.001582484389
-0.001396290247
-0.001232128218
-0.001087429682
-0.0009599167022
-0.0008474807333
-0.0007482865743
-0.0006607774931
-0.0005835669246
-0.0005154269154
-0.0004552774572
-0.0004021687795
-0.0003552637657
-0.0003138240621
-0.0002771989923
-0.000244815439
-0.0002161682599
-0.0001908123866
-0.0001683550432
-0.0001484491283
-0.000130787581
-0.0001150937659
-0.0001011595956
-8.873538007e-05
-7.76500177e-05
-6.773420899e-05
-5.883622837e-05
-5.082196647e-05
-4.357103201e-05
-3.69740905e-05
-3.093216087e-05
-2.535336291e-05
-2.015880922e-05
-1.525283511e-05
-1.063691933e-05
-5.993566437e-06
-2.564268195e-06
-0.02675640417
-0.02957041249
-0.03175610942
-0.033302033
-0.03422142521
-0.03454799636
-0.03433363577
-0.03365066902
-0.03257029003
-0.03116583334
-0.02951997211
-0.02770888122
-0.02579964231
-0.02385058088
-0.02190960589
-0.02001446628
-0.01819377863
-0.01646800233
-0.01485050086
-0.01334875126
-0.01196555363
-0.01070013163
-0.009549078277
-0.008507150162
-0.007567739439
-0.006723723791
-0.005967693009
-0.005291401352
-0.004685851302
-0.004145237867
-0.003666699372
-0.003244285803
-0.002870007118
-0.002537940779
-0.002243663914
-0.001983198415
-0.001752785227
-0.001548999965
-0.00136880375
-0.001209535157
-0.001068861946
-0.0009445721743
-0.0008347127357
-0.0007376306486
-0.0006518457238
-0.0005760384513
-0.0005090419059
-0.0004498258898
-0.0003974793479
-0.0003511958109
-0.0003102622567
-0.0002740490193
-0.0002419992087
-0.000213621351
-0.0001884812409
-0.000166194064
-0.0001464191739
-0.0001288650159
-0.0001132310575
-9.931461709e-05
-8.689890483e-05
-7.579263698e-05
-6.582795397e-05
-5.685470826e-05
-4.873740165e-05
-4.135345068e-05
-3.459203721e-05
-2.835015499e-05
-2.253931911e-05
-1.705213851e-05
-1.189050566e-05
-6.697396498e-06
-2.869863988e-06
-0.02447926877
-0.02717384572
-0.02931068562
-0.03087770039
-0.03188326565
-0.03235429417
-0.03233152339
-0.0318713713
-0.03103636657
-0.02988889387
-0.0284980413
-0.02693055455
-0.02524633518
-0.02349870345
-0.02173286923
-0.01998569562
-0.0182862768
-0.01665659447
-0.01511226488
-0.01366343819
-0.01231575615
-0.01107126164
-0.009929209957
-0.008886775061
-0.007939604762
-0.00708240047
-0.006309353867
-0.005614149211
-0.004989880413
-0.004429160548
-0.003926679452
-0.003480871902
-0.003085294307
-0.002733780337
-0.002421171445
-0.002143427593
-0.001896978478
-0.001678477755
-0.001484844388
-0.001313334518
-0.00116157373
-0.001027276817
-0.0009083974161
-0.000803205189
-0.0007101445976
-0.0006278223862
-0.000555000746
-0.0004905834025
-0.0004335984533
-0.0003831827896
-0.0003385706155
-0.0002990853461
-0.0002641275735
-0.0002331659976
-0.0002057287531
-0.0001814020658
-0.0001598138217
-0.0001406362373
-0.0001235790733
-0.0001083881689
-9.483192503e-05
-8.27057879e-05
-7.182716794e-05
-6.203164653e-05
-5.317123892e-05
-4.511223966e-05
-3.773362683e-05
-3.09228162e-05
-2.458310228e-05
-1.859704861e-05
-1.296692038e-05
-7.30179432e-06
-3.132252787e-06
-0.02273558395
-0.0253382316
-0.02743542046
-0.02901483491
-0.03008143978
-0.03065686884
-0.03077478012
-0.0304806077
-0.02982924795
-0.02887518887
-0.02767780221
-0.02629649384
-0.02478581551
-0.02319502754
-0.0215668942
-0.01993727056
-0.0183353233
-0.01678392584
-0.01530018717
-0.01389613139
-0.01257945922
-0.01135430558
-0.01022194317
-0.009181415505
-0.008230081165
-0.007364101913
-0.006578865283
-0.005869245706
-0.005229685042
-0.004654219672
-0.004137308455
-0.003672532709
-0.003258861402
-0.002891430527
-0.002564370387
-0.002273036416
-0.00201381917
-0.001783503966
-0.001579054334
-0.001397683106
-0.001236978119
-0.001094596881
-0.000968419644
-0.000856656284
-0.0007576925731
-0.0006700781365
-0.0005925202568
-0.0005238704575
-0.0004631084408
-0.0004093273905
-0.0003617171816
-0.0003195588984
-0.0002822250926
-0.0002491552501
-0.0002198409998
-0.0001938422015
-0.0001707726122
-0.0001502805998
-0.0001320536329
-0.0001158174773
-0.000101328364
-8.8368323e-05
-7.674174024e-05
-6.627298848e-05
-5.680416696e-05
-4.819241658e-05
-4.030831924e-05
-3.303146603e-05
-2.625843708e-05
-1.986358135e-05
-1.384946464e-05
-7.797429943e-06
-3.347389375e-06
-0.02147136218
-0.0240071233
-0.02607433272
-0.02766063289
-0.02876869642
-0.02941648782
-0.02963288346
-0.02945672778
-0.02893592071
-0.02811986462
-0.02706157356
-0.02581503448
-0.02443082927
-0.02295515409
-0.02142881758
-0.01988676127
-0.01835804177
-0.01686603166
-0.01542879471
-0.0140596144
-0.01276761481
-0.01155840505
-0.01043470123
-0.009396902802
-0.008443608063
-0.007572069373
-0.006778585768
-0.006058826194
-0.005408046421
-0.004821128412
-0.004292528263
-0.003817309939
-0.00339091643
-0.00301069557
-0.002672366991
-0.002370870724
-0.002102231576
-0.001863117304
-0.001650534328
-0.001461720654
-0.001294258898
-0.00114576698
-0.001014067272
-0.0008973257455
-0.0007938860248
-0.0007022543393
-0.0006210974522
-0.0005492297684
-0.0004855940155
-0.0004292508918
-0.0003793605591
-0.0003351708577
-0.0002960276602
-0.0002613441557
-0.0002306028389
-0.0002033383807
-0.0001791404764
-0.0001576431894
-0.0001385215747
-0.0001214886767
-0.0001062886383
-9.269242171e-05
-8.049501372e-05
-6.95125147e-05
-5.95793613e-05
-5.054565026e-05
-4.227558551e-05
-3.464281373e-05
-2.753878795e-05
-2.083160028e-05
-1.452400059e-05
-8.176280849e-06
-3.511635002e-06
-0.02064756601
-0.02313991479
-0.02518736189
-0.02677749442
-0.0279113592
-0.02860485672
-0.02888391062
-0.02878361295
-0.02834623937
-0.02761883169
-0.02665056499
-0.02549167475
-0.02419004374
-0.02278984598
-0.02133057416
-0.01984650492
-0.01836655133
-0.01691434692
-0.01550852092
-0.01416313047
-0.0128881917
-0.01169025063
-0.01057295061
-0.009537570135
-0.008583514625
-0.007708753933
-0.006910201123
-0.006184027996
-0.005525916218
-0.004931236586
-0.00439517909
-0.003912960159
-0.003479923163
-0.00309159704
-0.002745249405
-0.002436416417
-0.002161372369
-0.001916426488
-0.001698458001
-0.001504691445
-0.001332718912
-0.001180147239
-0.001044757397
-0.0009246827172
-0.0008182423029
-0.0007239184799
-0.000640346794
-0.0005663179376
-0.0005007504863
-0.0004426772452
-0.000391242803
-0.0003456910208
-0.0003053352559
-0.0002695713408
-0.0002378684636
-0.0002097488094
-0.0001847885302
-0.0001626129246
-0.0001428885755
-0.0001253187809
-0.0001096391414
-9.561363249e-05
-8.30310808e-05
-7.170189334e-05
-6.145529733e-05
-5.213667598e-05
-4.360594876e-05
-3.573274972e-05
-2.840505643e-05
-2.148680595e-05
-1.498072989e-05
-8.433384956e-06
-3.6218741e-06
-0.02024076516
-0.02271122993
-0.02474864641
-0.02634038108
-0.02748714884
-0.02820308479
-0.02851289818
-0.02845025046
-0.02805460519
-0.02737093926
-0.02644702334
-0.0253313125
-0.02407030866
-0.02270722157
-0.02128093338
-0.01982540485
-0.0183694782
-0.01693691341
-0.01554661443
-0.01421301378
-0.01294656078
-0.01175425738
-0.01064019927
-0.009606094815
-0.00865174435
-0.007775469291
-0.006974485325
-0.006245217685
-0.005583559045
-0.004985097305
-0.004445272171
-0.0039593908
-0.003523093995
-0.003132331113
-0.002782397826
-0.002469932321
-0.002191337514
-0.001943237651
-0.001722490243
-0.001526216992
-0.00135196411
-0.001197345716
-0.001060110667
-0.0009383675321
-0.0008304219666
-0.0007347467062
-0.0006499721704
-0.0005748649016
-0.000508330151
-0.0004493947133
-0.0003971949748
-0.0003509606959
-0.0003099983181
-0.0002736950695
-0.0002415099574
-0.0002129614221
-0.0001876203144
-0.0001651060598
-0.0001450802109
-0.0001272415241
-0.0001113217293
-9.708133028e-05
-8.430591633e-05
-7.280298782e-05
-6.239919313e-05
-5.293757865e-05
-4.427591366e-05
-3.628185408e-05
-2.884153051e-05
-2.181717814e-05
-1.521020139e-05
-8.565821449e-06
-3.671519976e-06
-0.3479875995
-0.3734789187
-0.3479790365
-0.3735087722
-0.3842731528
-0.3906221822
-0.3842588727
-0.3905105832
-0.3902308522
-0.3796677218
-0.4128045773
-0.3553803351
-0.390223384
-0.3797447721
-0.4128110682
-0.3882154975
-0.3921760764
-0.3932533788
-0.3884004774
-0.3890255626
-0.3887131712
-0.3889444237
-0.3886538425
-0.3519870606
-0.3479060861
-0.3442740667
-0.3541503556
-0.3440453969
-0.3540073491
-0.3521756771
-0.3747500082
-0.372498782
-0.3663897565
-0.3735395359
-0.3646415471
-0.3699926161
-0.3648437499
-0.3697007669
-0.3656020634
-0.3519890524
-0.3479073193
-0.3442706866
-0.3541436661
-0.344046347
-0.354010437
-0.3521769749
-0.3747591339
-0.3725007021
-0.3663919254
-0.373542847
-0.3646319632
-0.369988498
-0.3648460242
-0.3697020637
-0.3656029842
-0.3960294308
-0.3951700766
-0.3882110608
-0.392164053
-0.3932501505
-0.3883891008
-0.3960262295
-0.3951548593
-0.3551645395
-0.3608333137
-0.3606149131
-0.3696553977
-0.3650008327
-0.3645329122
-0.3701006606
-0.4391054371
-0.427001456
-0.4519522008
-0.4048047386
-0.4390989027
-0.4269380411
-0.4519953802
-0.4220289622
-0.3949135952
-0.4292874157
-0.3887721125
-0.4221514686
-0.3949541044
-0.4292459122
-0.4901115559
-0.4423239104
-0.4742096192
-0.4373118658
-0.4900648778
-0.4422734031
-0.4742071974
-0.4285569087
-0.3911226199
-0.4020212989
-0.3934293227
-0.428616362
-0.3911771139
-0.4020873315
-0.3899106303
-0.3721007486
-0.3898656482
-0.3721877772
-0.4368707043
-0.3715093275
-0.3924565037
-0.3933076229
-0.4368911152
-0.3715344981
-0.3924700631
-0.3884217196
-0.3845453599
-0.3856483239
-0.3890549663
-0.3865888317
-0.3889480761
-0.3883163661
-0.3908984104
-0.3904038693
-0.3907965901
-0.3900751501
-0.390838434
-0.3899088604
-0.390700187
-0.3884139283
-0.3845449276
-0.385665306
-0.3889848408
-0.3865888582
-0.3889357969
-0.3882938677
-0.3908950477
-0.3903921714
-0.3907921106
-0.389985636
-0.3908361974
-0.3899015734
-0.3906735306
-0.3808772013
-0.376813208
-0.3949167816
-0.3884847178
-0.3759463236
-0.3933283604
-0.3816765002
-0.3796678339
-0.370096141
-0.3700591358
-0.3784901464
-0.3883832169
-0.3880570545
-0.3787813645
-0.3894927895
-0.4032593734
-0.3997467069
-0.4115509521
-0.4020368431
-0.3990557716
-0.3901286448
-0.3551670841
-0.3608283235
-0.3606192917
-0.3696616492
-0.3650080213
-0.3645367047
-0.3701104975
-0.3808860253
-0.3884885332
-0.3768243179
-0.3949290692
-0.3759518569
-0.3933339016
-0.381699053
-0.3796713758
-0.3701015966
-0.3700618437
-0.378498407
-0.3885171287
-0.3880605424
-0.3788324566
-0.3895062335
-0.4115551817
-0.4033195838
-0.3999251096
-0.4020498468
-0.3990608922
-0.3901895627
-0.3888256109
-0.3883490853
-0.3885312959
-0.3873360287
-0.3871142464
-0.3870650788
-0.38739502
-0.3876715884
-0.3872088111
-0.3883819173
-0.3884829644
-0.3871392464
-0.3883392312
-0.3876817995
-0.3888184369
-0.3884555843
-0.3885376812
-0.3873329237
-0.3871723964
-0.3870680035
-0.3874208157
-0.3876717785
-0.3884702015
-0.3872477681
-0.3883940988
-0.3871407133
-0.3883413812
-0.3876921775
-0.4093473573
-0.4008604689
-0.4057661689
-0.4148745219
-0.4204370111
-0.4098383469
-0.4246292655
-0.443172398
-0.4538466422
-0.4346848443
-0.444470928
-0.4431690062
-0.453848345
-0.434684015
-0.3888973191
-0.3939629545
-0.3939142282
-0.3970050655
-0.3970383845
-0.4024799513
-0.4023158504
-0.4361065638
-0.4557414994
-0.4534057913
-0.4431659848
-0.4506167392
-0.4417240679
-0.4578661676
-0.5068152618
-0.4737100257
-0.4589194192
-0.4936929998
-0.5068128478
-0.4737241915
-0.4589594665
-0.3931508271
-0.3914174681
-0.3910817894
-0.3996128637
-0.4022709371
-0.4021016348
-0.4000795526
-0.4980333113
-0.4307909343
-0.4376968982
-0.4463173503
-0.4979617214
-0.4307584382
-0.4376398237
-0.3931036866
-0.3910052455
-0.3995572953
-0.3904032462
-0.3992252049
-0.3893988251
-0.392297722
-0.461002006
-0.3948752231
-0.3905361622
-0.4338999099
-0.4609358041
-0.394831279
-0.3904679792
-0.3538889222
-0.3225906093
-0.3538639476
-0.3225328304
-0.3613419219
-0.3208960521
-0.3270912153
-0.3540611034
-0.3613747595
-0.3209190466
-0.3270564171
-0.4204650186
-0.4351910577
-0.4428068572
-0.4322885848
-0.414936069
-0.4369452793
-0.4394202561
-0.4178560528
-0.4244421539
-0.4150481553
-0.4255598664
-0.441481431
-0.4353326405
-0.4331029233
-0.4343577682
-0.4596205668
-0.452994602
-0.4454595066
-0.4564796405
-0.4404171407
-0.4488525451
-0.4008598383
-0.4093622709
-0.4057665842
-0.4148783413
-0.420440944
-0.4098381926
-0.4246619301
-0.420466073
-0.4322882311
-0.4351939276
-0.4428436001
-0.4149357761
-0.4369494415
-0.4394312131
-0.4244461834
-0.4178672796
-0.4150535207
-0.4255592504
-0.4414240339
-0.4353239486
-0.433078999
-0.4343546779
-0.4454635647
-0.4596113922
-0.4530237855
-0.4564762541
-0.4404171213
-0.4488479892
-0.408520706
-0.4215492114
-0.4082997087
-0.414069286
-0.4280391041
-0.427492385
-0.4141558183
-0.3948834635
-0.3957656461
-0.3958029303
-0.4046112808
-0.4036992668
-0.4036105626
-0.4045996672
-0.416577452
-0.4311186738
-0.4154570888
-0.4281996799
-0.4309437067
-0.415039662
-0.4166410149
-0.3889010357
-0.3938394359
-0.3939070666
-0.3971363536
-0.397047528
-0.4024597097
-0.4018888957
-0.4215564621
-0.4089254917
-0.4083058979
-0.4140193668
-0.4279486101
-0.4274667254
-0.4138499693
-0.394886589
-0.3957334195
-0.3958065143
-0.4046304389
-0.4037328318
-0.4036132273
-0.4045451237
-0.4165842713
-0.4281943029
-0.4311989289
-0.4154614295
-0.4309521824
-0.4150411842
-0.4166094095
-0.4643679896
-0.4702712953
-0.4778605276
-0.4883570871
-0.4640423172
-0.475150466
-0.4684322505
-0.4673081364
-0.4477063875
-0.4491429667
-0.4396134559
-0.4465331303
-0.4456968874
-0.4666366523
-0.4361219767
-0.4557262772
-0.4533949338
-0.4430743884
-0.4506111778
-0.4417071506
-0.4578254759
-0.4643630103
-0.4883526379
-0.4702235425
-0.4778570506
-0.4640372502
-0.4751544448
-0.4684180952
-0.4672978391
-0.4396079262
-0.4477502344
-0.4490828385
-0.446534583
-0.445683122
-0.4666121505
-0.4103902929
-0.4138888064
-0.4243273983
-0.428051122
-0.4136579926
-0.4231759139
-0.4111721717
-0.3908330435
-0.3907544447
-0.3907814836
-0.3987350106
-0.3966426978
-0.3957400341
-0.3990454331
-0.4101705814
-0.4283797558
-0.4029767479
-0.3990629257
-0.4294600253
-0.4009550411
-0.4111313242
-0.3931413183
-0.3913984958
-0.391082131
-0.3996086387
-0.4022305848
-0.4020964397
-0.4000214913
-0.4103939371
-0.4280547472
-0.4139221981
-0.4243602603
-0.4136605122
-0.4231741308
-0.4111814902
-0.3907651066
-0.3909241445
-0.3907902286
-0.3987328847
-0.3966800526
-0.3957465036
-0.3990564658
-0.4101719773
-0.399060955
-0.4283812688
-0.402998999
-0.4294535524
-0.4009575428
-0.4111397364
-0.3884858871
-0.3897670384
-0.3884735371
-0.386654776
-0.3874365548
-0.3868705589
-0.3870460061
-0.3816942391
-0.3840098664
-0.3695968623
-0.3713314354
-0.3828220148
-0.3686457634
-0.3824809785
-0.3897575818
-0.3885972355
-0.3884960648
-0.3866690821
-0.3874889358
-0.3868832775
-0.3870905513
-0.3816989931
-0.3713393423
-0.3840635978
-0.3695580864
-0.3828353338
-0.3686304319
-0.3824955087
-0.3900636396
-0.4114823097
-0.3874117648
-0.4373265471
-0.409454357
-0.3843084425
-0.391879814
-0.4062041783
-0.3893484148
-0.3678426823
-0.3696394525
-0.387158504
-0.365315877
-0.4060988624
-0.3931023329
-0.3910153206
-0.3995983566
-0.3903901774
-0.3992399073
-0.3893958245
-0.392322501
-0.3900750244
-0.4373334881
-0.4115226369
-0.38745737
-0.4094653262
-0.3843203074
-0.3919118852
-0.4062098817
-0.3696479551
-0.3893694897
-0.3678637142
-0.3871619816
-0.3653248994
-0.4061113643
-0.4687353515
-0.4373584502
-0.4442052286
-0.4681212086
-0.4353775357
-0.4452877859
-0.4482084956
-0.4442066265
-0.4687870043
-0.4374193416
-0.4681014203
-0.4353675496
-0.4452617997
-0.4482184704
-0.3408917516
-0.3383152312
-0.3358053708
-0.3375335303
-0.336318534
-0.3363536253
-0.3343688028
-0.3317328303
-0.3290912825
-0.3441108577
-0.3429587374
-0.3431973128
-0.3580301454
-0.3565270262
-0.3547748465
-0.3607863148
-0.3607324231
-0.3619596808
-0.3408932881
-0.3383167987
-0.3358069938
-0.3375307095
-0.3363156415
-0.336350614
-0.334369373
-0.3317334223
-0.3290919002
-0.3441113219
-0.3429590764
-0.3431976259
-0.3580320695
-0.3565290424
-0.354776967
-0.360787938
-0.3607341304
-0.3619614806
)
;

boundaryField
{
    inlet
    {
        type            zeroGradient;
    }
    outlet
    {
        type            fixedValue;
        value           uniform 0;
    }
    topAndBottom
    {
        type            symmetry;
    }
    frontAndBack
    {
        type            empty;
    }
    cylinder
    {
        type            zeroGradient;
    }
    procBoundary3to1
    {
        type            processor;
        value           nonuniform List<scalar> 
125
(
-0.3948716855
-0.3020281341
-0.1948163067
-0.09472863732
-0.01756814118
0.03333330217
0.06090195648
0.071873404
0.07265012015
0.06793570292
0.06075567257
0.05288427059
0.04527394685
0.03837830243
0.03237034402
0.02727185177
0.02302107746
0.01951092295
0.01661738941
0.01422190494
0.01222425881
0.01054557947
0.00912529015
0.007916595336
0.006882826212
0.005994908661
0.005229553859
0.004567902407
0.003994500624
0.003496542537
0.003063318552
0.002685809326
0.0023563803
0.002068551706
0.001816915453
0.001596688801
0.001403683779
0.001234384864
0.001085780453
0.0009552622698
0.0008405648596
0.0007397194256
0.000651012484
0.000572947747
0.0005042225314
0.000443699496
0.0003903839805
0.0003434060024
0.0003020002361
0.0002654935664
0.0002332938619
0.0002048794264
0.0001797908082
0.0001576221619
0.0001380129045
0.0001206413783
0.0001052202268
9.149295273e-05
7.923135687e-05
6.823340137e-05
5.832102578e-05
4.933723289e-05
4.114345924e-05
3.361310788e-05
2.66386445e-05
2.008685563e-05
1.396393003e-05
7.808007474e-06
3.428712171e-06
-0.3553810606
-0.4048148438
-0.4444595997
-0.3479864624
-0.3479765703
-0.3902289434
-0.3553777519
-0.3902168051
-0.3479055183
-0.3442713445
-0.3440430681
-0.3479062196
-0.3442673061
-0.3440437206
-0.4390978401
-0.4047983133
-0.439091159
-0.3551657126
-0.3650016358
-0.3645354291
-0.3768121735
-0.3884843354
-0.375946691
-0.355167319
-0.3650038958
-0.364537482
-0.3884863733
-0.3768170795
-0.3759499029
-0.4431507148
-0.4444586851
-0.4431474637
-0.4008578003
-0.420432981
-0.4098346504
-0.4351858063
-0.4322807213
-0.4149303267
-0.4008560443
-0.4204354923
-0.4098339298
-0.432280299
-0.4351880863
-0.4149297872
-0.3375303763
-0.3363151848
-0.3363501255
-0.3343659633
-0.3317297829
-0.329088097
-0.3375263866
-0.3363110059
-0.3363457502
-0.3343660305
-0.3317298269
-0.3290881459
)
;
    }
    procBoundary3to2
    {
        type            processor;
        value           nonuniform List<scalar> 
103
(
-0.3142098432
-0.314121494
-0.267409137
-0.2477555176
-0.2674597294
-0.2477744866
-0.1978518505
-0.1585065803
-0.1281948812
-0.1048635346
-0.08675009641
-0.07243204694
-0.06100896747
-0.05181546086
-0.04436220651
-0.03828917789
-0.03333017645
-0.02928281971
-0.0259945112
-0.02334932387
-0.02125879895
-0.01965664366
-0.0184942621
-0.01773638564
-0.01736287391
-0.3932879984
-0.3943562431
-0.3953263068
-0.3917697667
-0.3788706298
-0.3749859198
-0.3788776348
-0.3749875103
-0.4040239709
-0.3934173833
-0.4031480895
-0.3933509244
-0.3933509244
-0.3934173833
-0.3932852694
-0.3943470474
-0.3953257496
-0.3917675027
-0.4040192946
-0.3934115696
-0.4031329762
-0.3933267032
-0.3933267032
-0.3934115696
-0.3928175065
-0.3930844085
-0.3921346669
-0.3921777882
-0.3916219583
-0.39158999
-0.3915164259
-0.3916301805
-0.392887215
-0.3930847443
-0.3921262228
-0.3921508343
-0.3916210827
-0.3916616591
-0.3915289651
-0.3916590754
-0.3921234761
-0.3919902476
-0.3906469087
-0.3907951391
-0.3624400337
-0.3616209748
-0.3406272698
-0.3418289354
-0.3142098432
-0.3624902221
-0.3616192378
-0.3406110071
-0.3418423884
-0.314121494
-0.3838278079
-0.3715062431
-0.3708044424
-0.3840187334
-0.3921545183
-0.3920008031
-0.3906392921
-0.3907439391
-0.3838290866
-0.3715218925
-0.3708049188
-0.3840153504
-0.3788706298
-0.3801234769
-0.3816548397
-0.3788776348
-0.3801297111
-0.381660982
-0.3749859198
-0.3746809462
-0.3730392984
-0.3749875103
-0.3746824912
-0.3730407632
)
;
    }
}


// ************************************************************************* //
