/*--------------------------------*- C++ -*----------------------------------*\
| =========                 |                                                 |
| \\      /  F ield         | OpenFOAM: The Open Source CFD Toolbox           |
|  \\    /   O peration     | Version:                                        |
|   \\  /    A nd           | Website:  www.openfoam.com                      |
|    \\/     M anipulation  |                                                 |
\*---------------------------------------------------------------------------*/
FoamFile
{
    version     2.0;
    format      ascii;
    class       surfaceScalarField;
    location    "4.1";
    object      phi;
}
// * * * * * * * * * * * * * * * * * * * * * * * * * * * * * * * * * * * * * //

dimensions      [0 3 -1 0 0 0 0];
oriented        oriented;


internalField   nonuniform List<scalar> 
5126
(
0.0001315833393
-9.221485072e-08
7.865298856e-05
-0.0002100886487
0.0004205046642
5.55133739e-05
-1.669882272e-06
-0.0004742713241
0.0005642391884
-0.002358491502
7.586692594e-05
-9.750228899e-10
0.0005386725212
0.0006038380085
0.0005760905667
-0.007079009889
-0.00130988484
0.002285092864
0.001909409761
0.00228508129
0.00190944975
-0.004851191707
-0.002228043137
-0.00201674267
-0.002834970342
0.001065038953
-0.003082444358
0.004108060732
-0.003043703312
0.006911702765
-0.00280423815
0.009375656708
-0.002464409222
0.01147593824
-0.002100583541
0.01323178078
-0.001756002841
0.01468136335
-0.001449641066
0.01586745604
-0.00118609292
0.01682973953
-0.0009622455177
0.01760154161
-0.0007717547743
0.0182100504
-0.0006084678203
0.01867680694
-0.0004667260921
0.01902368014
-0.0003468526337
0.01927200326
-0.0002483097941
0.01944388408
-0.0001718708052
0.01956095666
-0.0001170632723
0.01964228967
-8.132365664e-05
0.0197026238
-6.032504043e-05
0.01975173797
-4.910557255e-05
0.01979501404
-4.326816348e-05
0.01983471037
-3.968901277e-05
0.0198713286
-3.661108354e-05
0.0199046706
-3.333459372e-05
0.01993446569
-2.978719704e-05
0.01996064108
-2.616703602e-05
0.01998336615
-2.271635969e-05
0.0200029852
-1.961011579e-05
0.02001991825
-1.692407666e-05
0.02003457735
-1.465025995e-05
0.02004731874
-1.273307958e-05
0.0200562408
-8.914307263e-06
0.02006244979
-6.201644667e-06
0.02006739254
-4.936096042e-06
0.02007123006
-3.831415757e-06
0.02007410184
-2.866169165e-06
0.02007613
-2.023009418e-06
0.02007742123
-1.286455981e-06
0.02007806827
-6.425861992e-07
0.0200781515
-7.907239928e-08
0.0200777409
4.145106202e-07
0.02007689723
8.473475419e-07
0.02007567354
1.227157e-06
0.02007411618
1.560630496e-06
0.02007226569
1.853573423e-06
0.02007015761
2.110993044e-06
0.02006782306
2.337325697e-06
0.02006528932
2.536382861e-06
0.02006258036
2.711483868e-06
0.02005971727
2.86552868e-06
0.02005671853
3.001072301e-06
0.02005360046
3.12031524e-06
0.02005037739
3.225226885e-06
0.02004706195
3.317506861e-06
0.02004366528
3.398643247e-06
0.02004019722
3.469968052e-06
0.02003666644
3.532608761e-06
0.02003308062
3.587587659e-06
0.02002944658
3.635760395e-06
0.02002577035
3.677902512e-06
0.02002205729
3.714694259e-06
0.02001831217
3.746698144e-06
0.02001453925
3.774456862e-06
0.02001074243
3.798315607e-06
0.02000692368
3.820210359e-06
0.02000307577
3.849344775e-06
3.841378871e-06
7.933761191e-05
-0.0002384362622
5.096163231e-08
0.0002540795403
-9.503185132e-05
-0.0001924219707
0.0001552431602
-4.647116831e-07
-0.000173324174
0.0002109676945
0.0001714452175
-0.0002005700614
-0.0004452164157
0.0001336013842
-1.404336394e-08
7.945714101e-05
0.0001778413739
8.345540041e-05
0.001611404168
-0.002313094376
0.0002638938047
-0.0005678312736
0.0002639108843
-0.0005681680435
0.003246476814
-0.003863115777
0.005266173007
-0.004854666538
0.007386401743
-0.005202673087
0.009410383287
-0.005067684844
0.01122907574
-0.004622930611
0.0127999205
-0.004035253996
0.01412027247
-0.003420935518
0.01521089376
-0.002846624135
0.0161030001
-0.002341747413
0.01682978429
-0.00191287713
0.01742184284
-0.001554304069
0.01790506607
-0.001254978008
0.01829976406
-0.001003165814
0.01862254615
-0.0007895081828
0.01888413146
-0.0006084379466
0.01909370528
-0.0004578836269
0.01925934492
-0.0003375104463
0.01938880629
-0.0002465246535
0.01948965344
-0.0001821708054
0.01956890141
-0.0001395730077
0.01963292379
-0.0001131279473
0.01968489733
-9.524170401e-05
0.01972903724
-8.382892559e-05
0.01976731469
-7.488854415e-05
0.01980085581
-6.687571703e-05
0.01983029735
-5.922874551e-05
0.01985605953
-5.192922265e-05
0.01987850646
-4.516329941e-05
0.01989800811
-3.911177173e-05
0.01991494019
-3.385615585e-05
0.01992965958
-2.936965899e-05
0.01994216978
-2.524327906e-05
0.01995133873
-1.808325588e-05
0.01996034497
-1.520789023e-05
0.0199681178
-1.270892024e-05
0.01997481524
-1.052885675e-05
0.01998057372
-8.624656833e-06
0.01998551181
-6.961095105e-06
0.01998973263
-5.507279167e-06
0.0199933259
-4.235849217e-06
0.01999636962
-3.12279718e-06
0.01999893157
-2.147440004e-06
0.02000107089
-1.291974311e-06
0.02000283928
-5.412289369e-07
0.02000428174
1.181641628e-07
0.02000543785
6.974677337e-07
0.02000634216
1.206677684e-06
0.02000702501
1.654475567e-06
0.02000751309
2.048303929e-06
0.02000782979
2.394782928e-06
0.02000799566
2.699655194e-06
0.02000802879
2.967941443e-06
0.02000794509
3.204022426e-06
0.02000775857
3.411752997e-06
0.02000748157
3.594505595e-06
0.02000712499
3.755226356e-06
0.02000669844
3.896523522e-06
0.02000621042
4.020631588e-06
0.02000566844
4.129571602e-06
0.02000507917
4.225037668e-06
0.02000444851
4.308566588e-06
0.02000378172
4.381485915e-06
0.02000308347
4.444947421e-06
0.02000235794
4.499983845e-06
0.02000160893
4.547324553e-06
0.02000084071
4.588427413e-06
0.02000006791
4.62213745e-06
4.661452949e-06
-0.0001183218398
-0.0001970243425
-1.769368413e-07
0.0001511794372
0.0001643436834
-0.0001883488658
-0.0002791486417
0.0003205283586
0.0001477988765
-8.297283076e-07
0.01117136943
-0.001548077103
-7.602133635e-05
0.000159849224
-7.621236914e-05
0.0001604812772
-0.002008740679
-0.002886851284
-0.002008818461
-0.002886978721
0.01226337396
-0.003405098873
0.01318105384
-0.004780795656
0.01402752087
-0.005701133571
0.01477646951
-0.005951621723
0.01545600319
-0.005747218528
0.01604800317
-0.005214930608
0.01656358333
-0.004550834155
0.01700775709
-0.003865109272
0.01738809715
-0.00322696421
0.01771216016
-0.002665810435
0.0179879387
-0.002188655679
0.01822382181
-0.001790187174
0.01842852829
-0.001459684492
0.01861050882
-0.001185146351
0.01877682123
-0.0009558205896
0.01893196814
-0.0007635848556
0.01907733141
-0.0006032468919
0.01921164504
-0.0004718240727
0.01933233044
-0.0003672100523
0.0194370855
-0.0002869258724
0.01952503334
-0.0002275208409
0.01959664486
-0.0001847394695
0.01965554596
-0.0001541428166
0.01970348053
-0.0001317634952
0.01974311035
-0.0001145183797
0.01977655615
-0.0001003215209
0.01980530118
-8.797377728e-05
0.01983030079
-7.6928836e-05
0.01985216266
-6.702517803e-05
0.01987176154
-5.871066539e-05
0.01988805919
-5.015380303e-05
0.01990229299
-4.360346659e-05
0.01991280973
-3.576001375e-05
0.01992365671
-2.893024133e-05
0.01993314391
-2.469508485e-05
0.01994144966
-2.101467567e-05
0.01994872674
-1.780593137e-05
0.01995510602
-1.50039431e-05
0.01996070029
-1.255535985e-05
0.01996560737
-1.041436456e-05
0.0199699124
-8.540875107e-06
0.01997368956
-6.899966308e-06
0.01997700366
-5.461534568e-06
0.01997991124
-4.199561856e-06
0.01998246168
-3.091668124e-06
0.0199846983
-2.11845922e-06
0.01998665899
-1.263218406e-06
0.01998837708
-5.114108732e-07
0.01998988161
1.499398775e-07
0.01999119824
7.316699722e-07
0.01999234945
1.243574075e-06
0.01999335506
1.694050611e-06
0.01999423249
2.090513879e-06
0.01999499707
2.439441112e-06
0.01999566229
2.746531105e-06
0.01999624009
3.016715569e-06
0.01999674096
3.254357537e-06
0.01999717422
3.463274799e-06
0.01999754803
3.646821345e-06
0.01999786968
3.807925071e-06
0.01999814559
3.949129075e-06
0.01999838147
4.072695183e-06
0.01999858238
4.180574035e-06
0.01999875284
4.274485499e-06
0.0199988969
4.355923116e-06
0.01999901824
4.425987176e-06
0.01999911983
4.486832657e-06
0.01999920798
4.533985441e-06
4.597666131e-06
-4.403229671e-05
-0.0008437719603
-1.0014363e-07
0.0008458142256
4.209016416e-05
-0.000933423795
-0.0001657679311
0.004314123522
-9.263737258e-05
8.928035515e-09
-0.001096328862
-0.0009327254795
-0.00109324906
0.02095683395
-0.002152095901
-0.00457136348
-0.00560537141
-0.00457071591
-0.005605364345
0.02111014242
-0.00355840737
0.02100792647
-0.00467857971
0.02061360797
-0.005306815064
0.02007533822
-0.005413351982
0.01961339016
-0.005285270482
0.01923474806
-0.004836288502
0.01898473414
-0.00430082023
0.01883068203
-0.00371105717
0.01875622101
-0.003152503198
0.01873810962
-0.002647699054
0.0187584715
-0.002209017561
0.01880324298
-0.001834958652
0.01886313978
-0.001519581301
0.01893320481
-0.001255211378
0.01901156702
-0.001034182792
0.01909754922
-0.0008495670528
0.01918983057
-0.0006955282454
0.01928544421
-0.0005674377093
0.01937997454
-0.0004617403798
0.01946867036
-0.0003756216884
0.01954776201
-0.0003066124884
0.01961530403
-0.0002522814987
0.01967126091
-0.0002100997024
0.0197169832
-0.0001774857992
0.01975445049
-0.0001519856754
0.01978562673
-0.0001314977702
0.0198120939
-0.0001144409529
0.01983495799
-9.979293088e-05
0.01985492677
-8.699396179e-05
0.01987199113
-7.577503658e-05
0.0198878284
-6.599107385e-05
0.01990173931
-5.751437164e-05
0.01991459332
-4.86140291e-05
0.0199248752
-3.921211881e-05
0.01993388918
-3.370906001e-05
0.01994179937
-2.892487472e-05
0.01994874724
-2.475379688e-05
0.01995485412
-2.111082448e-05
0.01996022455
-1.792579353e-05
0.01996494922
-1.513902839e-05
0.01996910725
-1.269890618e-05
0.01997276788
-1.056059868e-05
0.01997599165
-8.685311416e-06
0.01997883158
-7.039492669e-06
0.01998133407
-5.594156348e-06
0.0199835398
-4.32419271e-06
0.01998548442
-3.207837579e-06
0.01998719911
-2.226100829e-06
0.01998871152
-1.362473063e-06
0.01999004582
-6.026309334e-07
0.01999122326
6.612950884e-08
0.01999226253
6.547853361e-07
0.01999318007
1.172979562e-06
0.01999399042
1.62909377e-06
0.01999470642
2.030531755e-06
0.01999533933
2.383803384e-06
0.01999589915
2.694547724e-06
0.01999639466
2.967761802e-06
0.01999683367
3.207821844e-06
0.01999722308
3.418522877e-06
0.01999756897
3.603234442e-06
0.01999787678
3.764895219e-06
0.01999815131
3.906045944e-06
0.01999839687
4.02892591e-06
0.01999861729
4.135494366e-06
0.01999881605
4.227224458e-06
0.01999899605
4.306833661e-06
0.01999916145
4.368579543e-06
4.451941983e-06
-5.246088934e-05
-0.006692139014
0.006592211716
0.0002794030427
6.098678428e-08
-3.957817518e-05
-5.039435885e-05
-3.710330826e-05
0.02641767547
-0.0004703600293
0.0001022963952
0.0002468623415
0.0001020160376
0.0002466343864
-0.006579633279
-0.006743192172
-0.006579265574
-0.006743033546
0.02599000492
-0.001724425351
0.02530690281
-0.002875305251
0.02438864427
-0.003760321176
0.02332895408
-0.004247124885
0.02237974663
-0.004464144546
0.02146961942
-0.004375143267
0.02067372913
-0.004040398203
0.02010094794
-0.003728039044
0.01968997766
-0.003300086897
0.01943670943
-0.002899234978
0.01928480488
-0.002495794495
0.01920662554
-0.002130838233
0.01917723407
-0.001805567182
0.0191800116
-0.001522358828
0.01920411363
-0.001279313404
0.01924276744
-0.001072836599
0.01929197135
-0.0008987709705
0.01934906036
-0.0007526172482
0.01941151752
-0.0006298948681
0.01947639217
-0.0005266150295
0.01954041145
-0.0004396409639
0.01960054215
-0.0003667431908
0.01965458992
-0.0003063292859
0.01970151146
-0.0002570212427
0.01974134271
-0.0002173170593
0.01977485536
-0.0001854983329
0.01980313839
-0.000159780802
0.01982726267
-0.000138565239
0.01984809943
-0.0001206297013
0.01986627789
-0.0001051724289
0.0198822281
-9.172524802e-05
0.0198962511
-8.001407351e-05
0.01990857931
-6.984258084e-05
0.01992085202
-6.088674327e-05
0.01993029165
-4.865174748e-05
0.01993858485
-4.200225321e-05
0.01994587604
-3.621607146e-05
0.01995229056
-3.116831697e-05
0.01995793671
-2.675697136e-05
0.01996290845
-2.289753398e-05
0.01996728744
-1.951801873e-05
0.01997114548
-1.655694839e-05
0.01997454526
-1.396037886e-05
0.01997754198
-1.168204054e-05
0.01998018413
-9.681640366e-06
0.01998251413
-7.924159226e-06
0.01998456945
-6.379509065e-06
0.01998638269
-5.021076921e-06
0.01998798275
-3.826169891e-06
0.01998939499
-2.774712408e-06
0.01999064181
-1.849451152e-06
0.01999174279
-1.034845314e-06
0.01999271533
-3.177525698e-07
0.0199935747
3.136023302e-07
0.01999433429
8.695057664e-07
0.01999500594
1.358883081e-06
0.01999560034
1.789411498e-06
0.0199961265
2.168395194e-06
0.01999659278
2.501482947e-06
0.01999700632
2.794282119e-06
0.01999737371
3.051145961e-06
0.01999770039
3.276551104e-06
0.01999799153
3.473764601e-06
0.01999825167
3.645904839e-06
0.01999848472
3.795875022e-06
0.01999869431
3.925897958e-06
0.01999888373
4.03780627e-06
0.01999905548
4.135085414e-06
0.0199992137
4.210356285e-06
4.312120053e-06
0.02632150778
0.001630302538
-0.0003794249137
-0.0003796223712
0.02639338746
0.0007110810917
-0.000273227099
-0.0001183065872
-0.0002726304791
-0.0001187965998
0.02623484193
-0.00031181451
0.02579905312
-0.00128863655
0.02513089792
-0.002207150059
0.02431585159
-0.002945274864
0.02346362338
-0.003394896668
0.02260927333
-0.003609794498
0.02180545722
-0.00357132716
0.02120278381
-0.003437724786
0.02066122871
-0.003186483955
0.02019742264
-0.002836280821
0.01988511021
-0.002586922551
0.01966446229
-0.002275146575
0.019535858
-0.00200223395
0.01946861619
-0.001738325367
0.019438256
-0.001491998638
0.01943319965
-0.001274257056
0.01944567911
-0.00108531606
0.01947013808
-0.000923229947
0.01950267485
-0.0007851540134
0.01954048084
-0.0006677008597
0.01958134643
-0.0005674806195
0.0196233373
-0.0004816318328
0.01966469298
-0.0004080988793
0.01970390674
-0.0003455430529
0.01973987135
-0.0002929858564
0.01977197745
-0.0002494231654
0.01980010278
-0.000213623666
0.01982449673
-0.0001841747597
0.01984561574
-0.0001596842559
0.01986396735
-0.0001389813159
0.01988000766
-0.000121212734
0.01989409866
-0.0001058162567
0.0199065136
-9.242901163e-05
0.01991746159
-8.079056715e-05
0.01992725766
-7.068281652e-05
0.01993696423
-5.835831635e-05
0.01994439093
-4.942895287e-05
0.01995093511
-4.276025963e-05
0.01995670402
-3.693722154e-05
0.01996179106
-3.184401122e-05
0.0199662779
-2.738437935e-05
0.01997023579
-2.347590485e-05
0.01997372722
-2.004837985e-05
0.01997680759
-1.704074981e-05
0.01997952559
-1.440004858e-05
0.01998192407
-1.208012164e-05
0.01998404115
-1.004123324e-05
0.01998590992
-8.248281454e-06
0.01998755982
-6.670979475e-06
0.01998901669
-5.28304192e-06
0.0199903035
-4.061528743e-06
0.01999143996
-2.985903724e-06
0.01999244416
-2.039054444e-06
0.01999333167
-1.205258628e-06
0.01999411623
-4.709600721e-07
0.01999481019
1.75548867e-07
0.01999542414
7.449340557e-07
0.01999596759
1.24597072e-06
0.01999644902
1.686969338e-06
0.01999687576
2.07474574e-06
0.01999725458
2.415462682e-06
0.01999759111
2.714624048e-06
0.0199978907
2.976963416e-06
0.01999815784
3.206624272e-06
0.01999839662
3.407131044e-06
0.01999861067
3.581826448e-06
0.01999880334
3.733227397e-06
0.01999897739
3.86374803e-06
0.01999913565
3.976827145e-06
0.01999928119
4.064820785e-06
4.183246598e-06
0.02540661971
0.001352546047
0.02551822514
0.0005994756527
0.02537164358
-0.0001652329289
0.02505677291
-0.0009737658793
0.02451022632
-0.001660603484
0.02385464011
-0.002289688659
0.02317013511
-0.002710391668
0.02249419629
-0.002933855674
0.02190294241
-0.002980073283
0.02137954442
-0.002914326799
0.02091406175
-0.002721001279
0.02060477028
-0.002526989352
0.02030697582
-0.002289128092
0.02002453551
-0.001992706266
0.01981922925
-0.001796927697
0.01971369465
-0.001632790763
0.01965645205
-0.001434756043
0.01962709429
-0.001244899303
0.01961747456
-0.00107569633
0.01962165864
-0.0009274140291
0.01963512699
-0.0007986223654
0.01965462784
-0.0006872017083
0.01967793619
-0.000590788973
0.01970352058
-0.0005072162246
0.01973021212
-0.0004347904304
0.01975698852
-0.0003723194576
0.01978291945
-0.0003189167941
0.01980723249
-0.0002737362083
0.01982940929
-0.0002358004688
0.01984922951
-0.0002039949751
0.01986673363
-0.0001771883791
0.01988212867
-0.0001543763605
0.01989568362
-0.0001347676839
0.01990765508
-0.0001177877163
0.01991825433
-0.0001030282685
0.01992764719
-9.018342757e-05
0.01993596709
-7.900272021e-05
0.01994464681
-6.703803205e-05
0.01995108763
-5.586977683e-05
0.01995677939
-4.845202383e-05
0.01996180902
-4.196684236e-05
0.01996625442
-3.62894141e-05
0.0199701833
-3.131326676e-05
0.01997365586
-2.694846692e-05
0.01997672456
-2.311707967e-05
0.01997943619
-1.975237388e-05
0.01998183206
-1.679592558e-05
0.01998394897
-1.419702931e-05
0.01998581932
-1.191158206e-05
0.01998747187
-9.900835236e-06
0.01998893235
-8.131464024e-06
0.01999022302
-6.573715622e-06
0.01999136363
-5.202135234e-06
0.0199923721
-3.994379471e-06
0.01999326374
-2.930693912e-06
0.01999405214
-1.99365124e-06
0.01999474962
-1.168440596e-06
0.01999536694
-4.417764215e-07
0.01999591343
1.984531007e-07
0.01999639751
7.618937336e-07
0.01999682667
1.257804893e-06
0.01999720738
1.694049595e-06
0.01999754542
2.077424482e-06
0.01999784605
2.41399791e-06
0.01999811373
2.709286079e-06
0.01999835262
2.967738009e-06
0.01999856633
3.193423033e-06
0.01999875818
3.389971177e-06
0.01999893076
3.560647895e-06
0.01999908719
3.707315495e-06
0.01999922902
3.835003349e-06
0.01999936
3.933832746e-06
4.067348247e-06
0.02466280792
0.001106853273
0.0247036376
0.0005586459626
0.02459299008
-5.45854213e-05
0.0243392149
-0.0007199907103
0.02395446833
-0.001275856913
0.02345155917
-0.001786779501
0.02290726649
-0.002166098989
0.02236086801
-0.002387457193
0.02186117922
-0.002480384496
0.02141890852
-0.002472056098
0.02106986877
-0.002371961523
0.0207736622
-0.002230782784
0.02050252015
-0.002017986045
0.02032177399
-0.001811960104
0.0200760708
-0.001551224509
0.01992525814
-0.001481978102
0.01984508033
-0.001354578243
0.01979608563
-0.001195904604
0.01976776786
-0.001047378567
0.01975435042
-0.0009139965853
0.01975153859
-0.0007958105365
0.01975608022
-0.0006917433388
0.01976566759
-0.0006003763468
0.01977871876
-0.0005202674078
0.0197940955
-0.0004501671764
0.01981086264
-0.0003890866054
0.01982816502
-0.0003362191787
0.01984523171
-0.0002908028955
0.01986144699
-0.0002520157502
0.01987641426
-0.0002189622472
0.01988996297
-0.0001907370823
0.01990209925
-0.0001665126451
0.01991292911
-0.0001455975463
0.01992259187
-0.000127450469
0.0199312183
-0.0001116547079
0.01993891843
-9.788355866e-05
0.01994578303
-8.586732258e-05
0.01995317825
-7.443325257e-05
0.0199585366
-6.122812557e-05
0.01996329031
-5.32057413e-05
0.01996750526
-4.618178981e-05
0.01997124096
-4.002511454e-05
0.01997455174
-3.462404561e-05
0.01997748504
-2.988176811e-05
0.01998008346
-2.57155008e-05
0.01998238412
-2.20530398e-05
0.0199844207
-1.883249972e-05
0.01998622291
-1.599924278e-05
0.01998781742
-1.350609868e-05
0.01998922831
-1.131172547e-05
0.0199904764
-9.37955571e-06
0.01999158063
-7.67794828e-06
0.01999255771
-6.179216252e-06
0.01999342225
-4.858921508e-06
0.01999418729
-3.695729824e-06
0.01999486457
-2.670926842e-06
0.01999546421
-1.768085987e-06
0.01999599512
-9.726823824e-07
0.01999646586
-2.722859696e-07
0.01999688307
3.446846198e-07
0.01999725314
8.877400709e-07
0.01999758183
1.365361688e-06
0.01999787399
1.785270682e-06
0.01999813391
2.154087842e-06
0.01999836577
2.477424101e-06
0.01999857285
2.760659525e-06
0.01999875824
3.008040084e-06
0.01999892478
3.223425612e-06
0.01999907495
3.41047791e-06
0.0199992109
3.571371378e-06
0.01999933464
3.711254598e-06
0.01999944872
3.819760672e-06
3.966060443e-06
0.02399100286
0.0009309505796
0.0240656292
0.000484019629
0.02402869102
-1.764723832e-05
0.02381151857
-0.000502818268
0.02353394298
-0.0009982813232
0.02312638643
-0.001379222945
0.02268796103
-0.001727673588
0.02224826918
-0.001947765347
0.02182637639
-0.002058491703
0.02144078297
-0.002086462673
0.0211163477
-0.002047526263
0.02084570705
-0.001960142131
0.02065048036
-0.001822759356
0.0204876928
-0.001649172545
0.02029996298
-0.001363494692
0.02011863339
-0.001300648511
0.0200156634
-0.001251608262
0.01994576346
-0.001126004666
0.01990156254
-0.001003177646
0.01987360032
-0.0008860343632
0.01985706662
-0.0007792768398
0.01984898434
-0.0006836610604
0.01984710437
-0.0005984963808
0.01984977546
-0.0005229385017
0.01985576238
-0.0004561541075
0.01986406976
-0.000397393986
0.01987383516
-0.0003459845884
0.01988430204
-0.0003012697757
0.01989484911
-0.0002625628199
0.01990502594
-0.0002291390718
0.01991456111
-0.0002002722489
0.01992333433
-0.0001752858645
0.0199313273
-0.0001535905225
0.01993857438
-0.0001346975446
0.01994512813
-0.0001182084638
0.01995104122
-0.0001037966479
0.01995636239
-9.118848954e-05
0.01996238588
-8.045675412e-05
0.01996658912
-6.543136901e-05
0.01997034042
-5.695703826e-05
0.01997368255
-4.952391706e-05
0.01997665711
-4.299968305e-05
0.0199793026
-3.726952997e-05
0.01998165446
-3.223363395e-05
0.01998374389
-2.7804925e-05
0.01998559946
-2.390861309e-05
0.01998724605
-2.047909059e-05
0.01998870652
-1.745971621e-05
0.01999000142
-1.480100175e-05
0.01999114897
-1.245927787e-05
0.01999216599
-1.039657164e-05
0.01999306712
-8.579080426e-06
0.0199938655
-6.977601953e-06
0.01999457303
-5.566446661e-06
0.01999519988
-4.322583225e-06
0.01999575549
-3.226540834e-06
0.01999624797
-2.26055701e-06
0.01999668468
-1.409390638e-06
0.01999707206
-6.596704793e-07
0.01999741606
6.913319474e-10
0.01999772156
5.822411995e-07
0.01999799314
1.093790583e-06
0.01999823487
1.543537511e-06
0.01999845033
1.938634754e-06
0.01999864267
2.285082292e-06
0.01999881473
2.588609656e-06
0.019998969
2.853768566e-06
0.01999910774
3.084684158e-06
0.01999923316
3.285058967e-06
0.01999934679
3.457738977e-06
0.01999945043
3.607614606e-06
0.0199995461
3.724091006e-06
3.880970668e-06
0.02348284579
0.0007871153628
0.02356706309
0.0003998023205
0.02351100496
3.841088731e-05
0.02335633127
-0.0003481445799
0.0231258065
-0.00076775655
0.02283438792
-0.001087804357
0.02248833775
-0.00138162342
0.0221347754
-0.001594202987
0.02178817063
-0.001711886938
0.02146179801
-0.001760090055
0.02116817057
-0.001753898827
0.02091314165
-0.001705113206
0.0207130499
-0.001622667605
0.02057301643
-0.001509139083
0.02052945325
-0.001319931519
0.02035770346
-0.001128898724
0.02021789744
-0.001111802243
0.02009331958
-0.001001426811
0.02002146476
-0.0009313228192
0.01998058087
-0.0008451504728
0.01995311165
-0.0007518076178
0.01993465239
-0.0006652018026
0.01992313551
-0.000586979508
0.01991695198
-0.0005167549764
0.01991483521
-0.0004540373431
0.01991575148
-0.000398310259
0.0199188259
-0.0003490590099
0.01992331419
-0.0003057580646
0.0199286043
-0.0002678529335
0.01993422844
-0.0002347632114
0.01993986237
-0.0002059061764
0.01994530598
-0.0001807294705
0.01995045192
-0.0001587364639
0.01995525202
-0.0001394976451
0.01995969092
-0.0001226473618
0.0199637695
-0.0001078752275
0.01996749651
-9.491550537e-05
0.01997057885
-8.353910134e-05
0.01997509197
-6.994449177e-05
0.0199777968
-5.966187065e-05
0.01998022631
-5.195342408e-05
0.0199824032
-4.517657357e-05
0.01998435043
-3.92167643e-05
0.01998608992
-3.397312296e-05
0.01998764244
-2.935743822e-05
0.01998902668
-2.529285579e-05
0.01999026
-2.171241205e-05
0.01999135767
-1.855738528e-05
0.01999233397
-1.577730302e-05
0.01999320173
-1.332704716e-05
0.01999397264
-1.116748207e-05
0.01999465735
-9.263787086e-06
0.01999526535
-7.585605689e-06
0.01999580516
-6.10626281e-06
0.0199962845
-4.801922787e-06
0.01999671006
-3.652100348e-06
0.019997088
-2.638497847e-06
0.01999742393
-1.745311624e-06
0.01999772232
-9.580655811e-07
0.01999798789
-2.648724556e-07
0.01999822412
3.460179295e-07
0.01999843463
8.832839691e-07
0.01999862234
1.355829429e-06
0.01999879003
1.770942748e-06
0.01999893991
2.135213843e-06
0.01999907438
2.454132649e-06
0.01999919537
2.732780604e-06
0.01999930438
2.975682452e-06
0.01999940302
3.186420837e-06
0.01999949269
3.368070465e-06
0.01999957462
3.52568107e-06
0.01999965051
3.648201942e-06
3.813294352e-06
0.02306136799
0.0006764547455
0.02311309202
0.0003480782921
0.02310098879
5.051412347e-05
0.02302144581
-0.0002686015922
0.02282312915
-0.0005694398871
0.02260948933
-0.0008741645371
0.02231772496
-0.001089859054
0.02202267053
-0.00129914856
0.02173677005
-0.001425986462
0.02146304011
-0.001486360114
0.02120923583
-0.001500094543
0.02098112357
-0.001477000936
0.02078383856
-0.001425382598
0.02062685504
-0.001352155568
0.02055999508
-0.001253071572
0.02055869635
-0.001127599989
0.02046999646
-0.001023102357
0.02029154079
-0.0008229711371
0.02014749034
-0.0007872723728
0.0200777645
-0.0007754246323
0.02004008792
-0.0007141310368
0.02001305784
-0.0006381717211
0.01999356843
-0.0005674900952
0.01997987773
-0.000503064287
0.01997076407
-0.000444923685
0.01996520924
-0.0003927554257
0.01996235335
-0.0003462031214
0.01996147047
-0.0003048751952
0.01996196199
-0.0002683444544
0.01996335445
-0.0002361556648
0.01996529358
-0.0002078453097
0.01996752948
-0.0001829653674
0.01996989421
-0.0001611011955
0.01997227878
-0.0001418822109
0.01997461359
-0.0001249821759
0.01997685474
-0.0001101163791
0.01997897526
-9.703602897e-05
0.01998095905
-8.552288998e-05
0.01998389209
-7.287753582e-05
0.01998552622
-6.129600576e-05
0.01998701999
-5.344719715e-05
0.01998837761
-4.653419032e-05
0.01998960611
-4.044526847e-05
0.01999071424
-3.508125036e-05
0.01999171165
-3.035484683e-05
0.01999260766
-2.618886672e-05
0.01999341155
-2.251630445e-05
0.01999413196
-1.927779022e-05
0.01999477636
-1.642170732e-05
0.01999535228
-1.390296762e-05
0.01999586643
-1.168163921e-05
0.01999632506
-9.722419525e-06
0.01999673402
-7.994562557e-06
0.01999709845
-6.470694178e-06
0.01999742321
-5.126685404e-06
0.01999771269
-3.941577716e-06
0.01999797073
-2.89654272e-06
0.0199982007
-1.975280742e-06
0.019998406
-1.163361025e-06
0.01999858897
-4.478424497e-07
0.01999875268
1.823135599e-07
0.01999889886
7.371030768e-07
0.01999902984
1.224860562e-06
0.01999914726
1.653525479e-06
0.01999925271
2.029770432e-06
0.01999934769
2.359150505e-06
0.01999943338
2.647096512e-06
0.0199995111
2.897963695e-06
0.01999958167
3.11585223e-06
0.01999964622
3.303521306e-06
0.01999970531
3.466593257e-06
0.01999976027
3.593241754e-06
3.763956861e-06
0.02272377868
0.000584683637
0.0227669124
0.0003049445819
0.02277606136
4.136517688e-05
0.02269222146
-0.0001847616887
0.02254820655
-0.0004254249811
0.02236507498
-0.0006910329605
0.02215430848
-0.0008790925576
0.02191416157
-0.00105900165
0.02167687231
-0.00118869721
0.02144677953
-0.001256267327
0.02122914863
-0.001282463643
0.02102910946
-0.001276961769
0.02084982074
-0.001246093877
0.02069354976
-0.001195884599
0.02057162192
-0.001131143736
0.02049779451
-0.001053772577
0.02044158988
-0.0009668977266
0.02043779451
-0.0008191757584
0.02031054013
-0.0006600179991
0.0201835913
-0.0006484757978
0.02012480221
-0.0006553419436
0.02008497028
-0.0005983397922
0.02005806988
-0.0005405896996
0.02003813951
-0.0004831339138
0.0200230772
-0.0004298613757
0.02001192435
-0.0003816025782
0.02000386468
-0.0003381434587
0.0199982055
-0.0002992160127
0.01999436833
-0.0002645072914
0.01999188374
-0.0002336710771
0.01999038343
-0.0002063449967
0.01998958761
-0.0001821695456
0.01998928938
-0.0001608029677
0.01998933695
-0.0001419297832
0.01998961993
-0.000125265155
0.01999005796
-0.0001105544101
0.01999059265
-9.757072052e-05
0.01999118171
-8.61119513e-05
0.01999283738
-7.453320407e-05
0.01999339756
-6.185618784e-05
0.01999394854
-5.399818147e-05
0.01999447858
-4.706422804e-05
0.01999497998
-4.094667381e-05
0.01999544841
-3.554967673e-05
0.01999588229
-3.078873054e-05
0.01999628197
-2.658854434e-05
0.01999664846
-2.288279665e-05
0.01999698331
-1.961263594e-05
0.01999728838
-1.672678596e-05
0.01999756545
-1.418003648e-05
0.01999781624
-1.193243246e-05
0.01999804298
-9.949157677e-06
0.01999824752
-8.199106058e-06
0.0199984318
-6.654978849e-06
0.01999859778
-5.292665273e-06
0.01999874719
-4.090991495e-06
0.01999888165
-3.030998612e-06
0.01999900273
-2.09635557e-06
0.01999911167
-1.272305997e-06
0.01999920993
-5.460971075e-07
0.01999929856
9.368222942e-08
0.01999937863
6.570398914e-07
0.01999945087
1.15262543e-06
0.01999951641
1.58798921e-06
0.019999576
1.970186171e-06
0.01999963011
2.305044701e-06
0.01999967954
2.59766392e-06
0.01999972475
2.852758158e-06
0.01999976632
3.074281259e-06
0.01999980472
3.26513109e-06
0.0199998403
3.431013332e-06
0.01999987363
3.559912898e-06
3.73357845e-06
0.02244484841
0.0005077503558
0.02247656332
0.0002732296717
0.02247127867
4.664983013e-05
0.02242978698
-0.0001432699956
0.02234902329
-0.0003446612965
0.0221862284
-0.0005282380704
0.02203024281
-0.0007231069643
0.02181901769
-0.0008477765273
0.02161473107
-0.000984410592
0.02141968937
-0.001061225626
0.02123293383
-0.0010957081
0.02105802187
-0.001102049814
0.02089798102
-0.001086053028
0.02075446645
-0.00105237003
0.02062872417
-0.001005401456
0.02052390903
-0.0009489574312
0.02044272296
-0.0008857116608
0.02042771031
-0.0008041631044
0.02044358883
-0.0006758965195
0.02033762014
-0.0005425071097
0.02025084471
-0.0005685665165
0.02016562413
-0.0005131192063
0.02011818928
-0.0004931548496
0.02009149181
-0.0004564364471
0.02007144635
-0.0004098159195
0.02005551416
-0.0003656703814
0.0200429403
-0.0003255696022
0.02003307851
-0.0002893542295
0.02002538058
-0.0002568093647
0.02001938928
-0.0002276797782
0.02001473362
-0.000201689341
0.02001111896
-0.0001785548821
0.02000831442
-0.0001579984325
0.02000614015
-0.0001397555112
0.02000445669
-0.0001235816979
0.02000315534
-0.0001092530587
0.02000215172
-9.656709629e-05
0.0200013809
-8.534113592e-05
0.02000177843
-7.493073316e-05
0.02000128099
-6.13587473e-05
0.02000089894
-5.36161326e-05
0.02000060699
-4.67722883e-05
0.02000038408
-4.072375763e-05
0.02000021455
-3.538015073e-05
0.02000008595
-3.066013304e-05
0.01999998921
-2.649180549e-05
0.01999991745
-2.281103686e-05
0.01999986557
-1.956075148e-05
0.01999982942
-1.669063997e-05
0.01999980535
-1.415596217e-05
0.01999979082
-1.191790518e-05
0.01999978337
-9.941710482e-06
0.01999978142
-8.197164118e-06
0.01999978361
-6.657171086e-06
0.01999978899
-5.298040302e-06
0.01999979663
-4.098635863e-06
0.01999980611
-3.040478652e-06
0.01999981673
-2.106977736e-06
0.01999982821
-1.283780055e-06
0.01999984049
-5.583753394e-07
0.019999853
8.117459848e-08
0.01999986571
6.443386666e-07
0.01999987877
1.139561043e-06
0.01999989158
1.575182501e-06
0.01999990444
1.957336427e-06
0.01999991716
2.292326852e-06
0.01999992959
2.585235802e-06
0.01999994189
2.840465697e-06
0.01999995401
3.062160685e-06
0.01999996593
3.253211134e-06
0.01999997753
3.419416213e-06
0.01999998878
3.54866119e-06
3.722465553e-06
0.02221394799
0.0004416829555
0.02224226837
0.0002449092868
0.02223916978
4.974841907e-05
0.02221922941
-0.0001233296277
0.02213285778
-0.0002582896651
0.0220052881
-0.0004006683905
0.02187201852
-0.000589837389
0.021715249
-0.0006910070054
0.02155077122
-0.0008199328077
0.02138654348
-0.0008969978839
0.02122598303
-0.0009351476638
0.02107298215
-0.000949048936
0.02093044915
-0.0009435200262
0.02080019312
-0.0009221139991
0.02068309325
-0.0008883015792
0.02057945859
-0.000845322769
0.02048979445
-0.0007960475152
0.02042734132
-0.0007417099758
0.02042656583
-0.0006751210297
0.02047473471
-0.0005906759933
0.02043477573
-0.0005286075436
0.02030216378
-0.0003805072503
0.02019150637
-0.0003824974431
0.02014166499
-0.0004065950619
0.02011587581
-0.0003840267471
0.02009569124
-0.0003454858129
0.0200792541
-0.0003091324635
0.02006574045
-0.0002758405874
0.02005463957
-0.0002457084887
0.02004551609
-0.0002185563014
0.02003800589
-0.0001941791337
0.02003180962
-0.0001723586148
0.02002668393
-0.0001528727402
0.02002243196
-0.0001355035469
0.02001889388
-0.0001200436116
0.02001594092
-0.0001063001025
0.02001346884
-9.409501882e-05
0.02001139315
-8.326544482e-05
0.02001057057
-7.410814629e-05
0.02000904935
-5.983753426e-05
0.0200077606
-5.232738574e-05
0.02000666581
-4.567749642e-05
0.02000573353
-3.97914794e-05
0.02000493726
-3.458387988e-05
0.02000425535
-2.997822701e-05
0.02000366979
-2.590624023e-05
0.02000316612
-2.23073687e-05
0.02000273233
-1.91269612e-05
0.02000235842
-1.631673059e-05
0.02000203613
-1.383367626e-05
0.02000175812
-1.163989368e-05
0.02000151823
-9.701830373e-06
0.02000131111
-7.990046552e-06
0.02000113226
-6.478324155e-06
0.02000097777
-5.143551285e-06
0.02000084431
-3.965174018e-06
0.02000072903
-2.925199127e-06
0.02000062969
-2.007633821e-06
0.02000054407
-1.198162784e-06
0.02000047037
-4.84675262e-07
0.02000040705
1.445030485e-07
0.02000035286
6.985272181e-07
0.02000030628
1.186147514e-06
0.02000026665
1.614823023e-06
0.02000023283
1.991155922e-06
0.02000020412
2.321042783e-06
0.02000017979
2.609568768e-06
0.02000015911
2.861151868e-06
0.02000014171
3.079562876e-06
0.02000012698
3.267939214e-06
0.02000011462
3.431783763e-06
0.02000010401
3.559271477e-06
3.730706096e-06
0.02202142175
0.0003840509783
0.02204714345
0.0002191875893
0.02204194673
5.494513325e-05
0.02201281987
-9.420276494e-05
0.02195059294
-0.0001960627355
0.02187049872
-0.0003205741726
0.02175408201
-0.0004734206717
0.02163465887
-0.0005715838693
0.02149246355
-0.0006777374894
0.0213509673
-0.0007555016431
0.0212123034
-0.0007964837642
0.02107825895
-0.0008150044889
0.02095133916
-0.0008166002267
0.02083335714
-0.0008041319785
0.02072539167
-0.0007803361063
0.02062790903
-0.0007478401223
0.02054090365
-0.0007090421446
0.02046523597
-0.0006660422934
0.02041007392
-0.0006199589868
0.02038893585
-0.0005695379229
0.0203753384
-0.0005150100957
0.02040152832
-0.0004066971686
0.02030673399
-0.0002877031152
0.02020570906
-0.0003055701345
0.02016272273
-0.0003410404115
0.02013324636
-0.0003160094482
0.02011261522
-0.000288501326
0.02009595948
-0.0002591848517
0.02008189021
-0.0002316392175
0.02006999886
-0.0002066649605
0.02005993613
-0.0001841164013
0.02005140634
-0.0001638288261
0.02004416118
-0.0001456275834
0.0200379939
-0.0001293362615
0.02003273251
-0.0001147822247
0.02002823404
-0.0001018016275
0.0200243794
-9.024037948e-05
0.02002106966
-7.99557052e-05
0.0200177774
-7.081588598e-05
0.02001658366
-5.864379513e-05
0.02001442737
-5.017109961e-05
0.02001256194
-4.381207145e-05
0.02001094603
-3.817557069e-05
0.02000954413
-3.318197759e-05
0.02000832617
-2.876026456e-05
0.02000726648
-2.484655107e-05
0.02000634325
-2.138413819e-05
0.02000553817
-1.832188626e-05
0.02000483569
-1.56142468e-05
0.02000422262
-1.3220608e-05
0.0200036874
-1.110467638e-05
0.02000322033
-9.23476136e-06
0.02000281245
-7.582173459e-06
0.02000245622
-6.122097632e-06
0.02000214509
-4.832422267e-06
0.02000187339
-3.693477875e-06
0.02000163604
-2.687842156e-06
0.02000142868
-1.800279003e-06
0.02000124775
-1.017230325e-06
0.02000108977
-3.266862863e-07
0.02000095191
2.823603354e-07
0.02000083164
8.188025249e-07
0.02000072687
1.29091952e-06
0.02000063553
1.706167038e-06
0.02000055577
2.070917182e-06
0.02000048636
2.390466478e-06
0.02000042571
2.670221644e-06
0.02000037281
2.914047766e-06
0.0200003264
3.125980608e-06
0.02000028558
3.308760629e-06
0.02000024956
3.467805873e-06
0.02000021727
3.59156831e-06
3.757870499e-06
0.02186059537
0.0003329287381
0.02188488933
0.0001948936243
0.02188227404
5.756042346e-05
0.02185716383
-6.909255752e-05
0.02182572782
-0.0001646267195
0.02177599864
-0.0002708449994
0.02166863991
-0.0003660619409
0.02157517502
-0.0004781189808
0.02144264195
-0.0005452044301
0.02131596154
-0.0006288212376
0.02119493789
-0.0006754601134
0.02107708445
-0.0006971510482
0.02096386322
-0.0007033789894
0.02085696663
-0.000697235389
0.02075756117
-0.0006809306422
0.02066631806
-0.0006565970121
0.02058350143
-0.0006262255191
0.02050906075
-0.0005916016094
0.02044337436
-0.0005542726061
0.02038922383
-0.0005153873995
0.02034953689
-0.0004753231571
0.02036436102
-0.0004215213002
0.02040202705
-0.0003253691375
0.02032076305
-0.0002243061391
0.02025305032
-0.0002733276798
0.02018253393
-0.0002454930606
0.0201444824
-0.000250449802
0.02012356827
-0.000238270719
0.02010694259
-0.0002150135466
0.02009263632
-0.0001923586905
0.02008031927
-0.000171799347
0.02006970527
-0.0001532148363
0.02006054868
-0.000136470993
0.02005263932
-0.0001214269029
0.0200457987
-0.0001079416023
0.02003987458
-9.587749979e-05
0.02003473741
-8.510320784e-05
0.02003027695
-7.549525157e-05
0.02002639935
-6.693828096e-05
0.02002377456
-5.601900607e-05
0.02002080116
-4.719770847e-05
0.02001820757
-4.121848052e-05
0.02001594353
-3.591153105e-05
0.02001396581
-3.120426294e-05
0.02001223695
-2.70313963e-05
0.02001072432
-2.333392803e-05
0.02000939987
-2.005968386e-05
0.02000823945
-1.716146458e-05
0.02000722216
-1.45969593e-05
0.02000633021
-1.232865857e-05
0.02000554828
-1.032275255e-05
0.02000486273
-8.54921081e-06
0.02000426173
-6.981181497e-06
0.02000373482
-5.595184153e-06
0.02000327277
-4.370381268e-06
0.02000286765
-3.28835371e-06
0.0200025124
-2.332593417e-06
0.02000220097
-1.48885182e-06
0.02000192789
-7.44143062e-07
0.02000168854
-8.733373435e-08
0.02000147876
4.921452257e-07
0.02000129487
1.002690688e-06
0.02000113362
1.452178282e-06
0.02000099233
1.847455061e-06
0.02000086839
2.194867129e-06
0.02000075944
2.499421309e-06
0.02000066379
2.765870566e-06
0.02000057948
2.998362286e-06
0.02000050503
3.200437203e-06
0.0200004389
3.374896255e-06
0.02000038022
3.526488458e-06
0.02000032697
3.644822642e-06
3.803417316e-06
0.02172620384
0.0002868262778
0.02174952346
0.0001715739969
0.02175040165
5.66822311e-05
0.02173416579
-5.285669744e-05
0.02171472947
-0.0001451904005
0.02165323837
-0.0002093539078
0.02156833671
-0.000281160278
0.02148328779
-0.0003930700769
0.02138464958
-0.000446566218
0.02128057058
-0.0005247422461
0.0211758637
-0.0005707532326
0.02107188142
-0.0005931687624
0.02097055175
-0.0006020493177
0.02087349561
-0.0006001792492
0.02078190109
-0.0005893361186
0.02069656096
-0.0005712568843
0.02061792554
-0.0005475901081
0.02054616138
-0.0005198374555
0.02048121203
-0.0004893232572
0.02042300751
-0.0004571828779
0.0203720416
-0.0004243572482
0.02034098698
-0.0003904666866
0.02036293645
-0.0003473186017
0.02042685381
-0.0002882235059
0.02040421989
-0.0002506937597
0.02028907742
-0.0001303505935
0.02019176438
-0.0001531367624
0.02015026582
-0.0001967721546
0.02012965513
-0.0001944028646
0.02011326236
-0.000175965924
0.02009897711
-0.0001575140963
0.02008652614
-0.0001407638635
0.02007566997
-0.0001256148322
0.02006619996
-0.0001119568881
0.02005793468
-9.967631976e-05
0.02005071638
-8.865920199e-05
0.02004440865
-7.879547257e-05
0.02003889271
-6.997931261e-05
0.02003406618
-6.2111755e-05
0.02003052053
-5.247335625e-05
0.02002679016
-4.346734267e-05
0.02002352
-3.794831375e-05
0.02002065226
-3.304380207e-05
0.0200181368
-2.868879562e-05
0.02001592947
-2.482406587e-05
0.02001399192
-2.13963822e-05
0.02001229033
-1.835809958e-05
0.02001079531
-1.566644041e-05
0.02000948169
-1.328334497e-05
0.020008327
-1.11739717e-05
0.02000731215
-9.307896162e-06
0.02000642024
-7.657311819e-06
0.02000563647
-6.19741155e-06
0.02000494795
-4.906660024e-06
0.02000434302
-3.765455937e-06
0.02000381151
-2.756846945e-06
0.02000334457
-1.865655216e-06
0.02000293435
-1.078625655e-06
0.02000257407
-3.838615589e-07
0.02000225729
2.294517011e-07
0.02000197916
7.702755812e-07
0.02000173494
1.246909445e-06
0.0200015202
1.666929629e-06
0.02000133143
2.036231312e-06
0.02000116535
2.360942067e-06
0.02000101908
2.645697695e-06
0.02000089003
2.894927612e-06
0.020000776
3.112399105e-06
0.02000067484
3.301602173e-06
0.02000058488
3.464857927e-06
0.0200005044
3.606965902e-06
0.02000043136
3.717864027e-06
3.866504048e-06
0.02161426135
0.0002445812594
0.02163680306
0.0001490322824
0.02163956484
5.39204444e-05
0.02162425101
-3.754287031e-05
0.02159640573
-0.0001173451205
0.02155082027
-0.0001637684549
0.02149680646
-0.0002271464692
0.02141951352
-0.0003157771453
0.02134298765
-0.0003700403467
0.02125010695
-0.0004318615515
0.02115700573
-0.0004776520102
0.02106460246
-0.0005007654913
0.020973463
-0.0005109098598
0.02088497733
-0.0005116935825
0.02080032278
-0.0005046815722
0.02072036578
-0.0004912998885
0.02064568477
-0.0004729091005
0.02057660717
-0.0004507598528
0.02051325069
-0.0004259667817
0.02045556486
-0.0003994970474
0.02040337531
-0.0003721676961
0.02035755753
-0.0003446489116
0.02032707862
-0.0003168396917
0.0203253623
-0.0002865071888
0.02032768187
-0.000253013337
0.02036479901
-0.000167467733
0.02028268162
-7.101937005e-05
0.02019190203
-0.0001059925673
0.02015172801
-0.0001542288431
0.02013176622
-0.000156004138
0.02011578364
-0.0001415315164
0.02010173575
-0.0001267159783
0.02008939097
-0.0001132700503
0.02007854424
-0.0001011101563
0.02006901396
-9.014604839e-05
0.02006063978
-8.028501255e-05
0.02005328051
-7.143620215e-05
0.02004681219
-6.35109936e-05
0.02004112608
-5.642564587e-05
0.02003673382
-4.808109767e-05
0.02003231421
-3.904772953e-05
0.02002842647
-3.406058105e-05
0.02002500645
-2.962378375e-05
0.02002199757
-2.567991884e-05
0.02001935041
-2.217690077e-05
0.02001702125
-1.906722711e-05
0.0200149716
-1.630844661e-05
0.02001316785
-1.386269746e-05
0.02001157997
-1.169546033e-05
0.02001018219
-9.776200395e-06
0.02000895166
-8.077363877e-06
0.02000786853
-6.574186967e-06
0.0200069154
-5.244282643e-06
0.02000607672
-4.067980962e-06
0.02000533892
-3.027657051e-06
0.02000469
-2.107925389e-06
0.02000411916
-1.294815861e-06
0.02000361721
-5.766723958e-07
0.02000317549
5.786001745e-08
0.02000278709
6.178504551e-07
0.02000244549
1.111877473e-06
0.02000214476
1.547648162e-06
0.02000188025
1.931445976e-06
0.02000164729
2.269194197e-06
0.02000144202
2.566212856e-06
0.02000126093
2.82679178e-06
0.02000110089
3.054972578e-06
0.02000095911
3.254184823e-06
0.0200008332
3.427515365e-06
0.0200007208
3.577268992e-06
0.02000062014
3.707620728e-06
0.02000052851
3.809497832e-06
3.945702241e-06
0.02152165815
0.0002052826639
0.02154365658
0.0001270338473
0.02154828484
4.929218755e-05
0.02153630849
-2.55665189e-05
0.02151123925
-9.22758883e-05
0.02148536468
-0.0001378938929
0.02144963568
-0.0001914174681
0.02137651728
-0.0002426587504
0.02131503271
-0.0003085557727
0.02122602028
-0.00034284912
0.0211399659
-0.0003915976299
0.02105672236
-0.0004175219593
0.02097414627
-0.0004283337723
0.02089297078
-0.0004305181027
0.02081432256
-0.0004260333591
0.02073911433
-0.0004160916577
0.02066801469
-0.0004018094645
0.02060146777
-0.000384212932
0.02053972262
-0.0003642216355
0.02048286601
-0.0003426404373
0.02043085644
-0.0003201581252
0.02038355571
-0.000297348181
0.02034139336
-0.0002746773485
0.02030724713
-0.0002523609657
0.02028424564
-0.0002300118444
0.02031147756
-0.0001946996537
0.0203576935
-0.0001172353093
0.02027798195
-2.628101551e-05
0.02018890897
-6.515585947e-05
0.02014984821
-0.0001169433852
0.02013065194
-0.000122335247
0.02011523715
-0.000111301193
0.02010160858
-9.964147972e-05
0.02008956647
-8.906804173e-05
0.02007893104
-7.951062206e-05
0.02006954193
-7.089590573e-05
0.02006125555
-6.314981387e-05
0.02005394431
-5.619975952e-05
0.02004749449
-4.997582222e-05
0.02004233681
-4.292341536e-05
0.02003730205
-3.4012975e-05
0.02003286176
-2.962029245e-05
0.02002894646
-2.570848633e-05
0.02002549433
-2.22277928e-05
0.02002245117
-1.913373729e-05
0.02001976887
-1.638492818e-05
0.02001740495
-1.394453251e-05
0.02001532161
-1.177935307e-05
0.02001348566
-9.85951824e-06
0.02001186778
-8.158322238e-06
0.02001044198
-6.651563225e-06
0.02000918553
-5.31774609e-06
0.0200080787
-4.13744932e-06
0.02000710378
-3.093063963e-06
0.02000624543
-2.169305501e-06
0.02000548964
-1.352135469e-06
0.02000482446
-6.296358392e-07
0.02000423876
9.028539311e-09
0.02000372329
5.733355145e-07
0.02000326941
1.071727173e-06
0.02000286984
1.511453771e-06
0.02000251809
1.899404087e-06
0.02000220812
2.241415901e-06
0.02000193488
2.542445968e-06
0.02000169397
2.807129047e-06
0.02000148112
3.039645588e-06
0.0200012928
3.243289683e-06
0.02000112589
3.42110132e-06
0.0200009774
3.576017006e-06
0.02000084478
3.709891254e-06
0.02000072579
3.826607338e-06
0.02000061736
3.917927768e-06
4.039816925e-06
0.02144594975
0.0001682142348
0.02146756386
0.0001054197383
0.02147373443
4.312162248e-05
0.02146532717
-1.715926084e-05
0.02144623385
-7.318256633e-05
0.02142662636
-0.0001182864106
0.02138095343
-0.0001457445397
0.02132175808
-0.0001834633955
0.02126381473
-0.0002506124198
0.02119598727
-0.0002750216576
0.02112374735
-0.0003193577161
0.02104929203
-0.0003430666492
0.02097384735
-0.0003528890961
0.02089873705
-0.0003554078144
0.02082511973
-0.0003524160455
0.02075394489
-0.0003449168222
0.02068594592
-0.0003338104901
0.02062165061
-0.0003199176253
0.02056140428
-0.0003039752966
0.02050539618
-0.000286632347
0.02045368669
-0.0002684486323
0.02040623471
-0.0002498962076
0.02036292193
-0.0002313645746
0.02032372709
-0.0002131661204
0.02028925686
-0.0001955416235
0.02027193889
-0.000177381675
0.02030138514
-0.0001466815661
0.02034879265
-7.36885227e-05
0.02027068906
1.294773293e-05
0.02018319254
-2.944686816e-05
0.02014527397
-8.441667676e-05
0.02012694409
-9.297131193e-05
0.02011223049
-8.492788887e-05
0.02009917294
-7.601048688e-05
0.02008759424
-6.793192022e-05
0.02007733444
-6.063611342e-05
0.02006824938
-5.406474807e-05
0.02006020904
-4.81594217e-05
0.02005309683
-4.286361458e-05
0.02004726082
-3.708739955e-05
0.02004169029
-2.844244461e-05
0.02003676797
-2.46979751e-05
0.02003241944
-2.135995833e-05
0.02002857914
-1.83874966e-05
0.02002518854
-1.574314068e-05
0.0200221959
-1.33922897e-05
0.02001955538
-1.130401353e-05
0.02001722594
-9.449919383e-06
0.0200151712
-7.804776387e-06
0.02001335886
-6.345982739e-06
0.02001176065
-5.05336139e-06
0.02001035123
-3.908329985e-06
0.02000910859
-2.89480877e-06
0.02000801332
-1.997793206e-06
0.02000704811
-1.20409271e-06
0.02000619791
-5.019411422e-07
0.02000544905
1.192298443e-07
0.02000478936
6.687152071e-07
0.0200042084
1.154297483e-06
0.02000369675
1.583386287e-06
0.02000324597
1.962235934e-06
0.0200028487
2.296681888e-06
0.0200024987
2.591417112e-06
0.0200021899
2.851253261e-06
0.02000191726
3.079775939e-06
0.02000167641
3.280497725e-06
0.02000146309
3.456612944e-06
0.02000127377
3.610426416e-06
0.02000110521
3.744583054e-06
0.02000095454
3.860557845e-06
0.02000081927
3.961881688e-06
0.02000069592
4.041282812e-06
4.14681094e-06
0.0213852947
0.0001328130771
0.02140664155
8.407288076e-05
0.02141397699
3.578618652e-05
0.02140778256
-1.096484043e-05
0.02138949025
-5.489025429e-05
0.02136311921
-9.191536678e-05
0.02132632267
-0.0001089479959
0.02128275045
-0.0001398911725
0.0212313494
-0.000199211371
0.021175093
-0.0002187652583
0.02111131087
-0.0002555755927
0.02104339656
-0.0002751523525
0.02097358415
-0.000283076686
0.02090328917
-0.0002851128416
0.02083369105
-0.0002828179322
0.02076577277
-0.0002769985394
0.02070031343
-0.0002683511477
0.02063789884
-0.0002575030351
0.02057894115
-0.0002450176111
0.02052370217
-0.000231393374
0.02047231781
-0.0002170642712
0.02042482122
-0.0002023996217
0.02038116367
-0.0001877070231
0.02034123325
-0.0001732357021
0.02030487307
-0.0001591814528
0.02027318265
-0.0001456912533
0.02025808861
-0.0001315875256
0.02028923702
-0.0001048369253
0.02033791242
-3.572766967e-05
0.02026130038
4.716516482e-05
0.02017529839
1.585315664e-06
0.02013855733
-5.623025117e-05
0.02012119009
-6.756065002e-05
0.0201072921
-6.211249489e-05
0.02009493018
-5.557000578e-05
0.020083945
-4.96509353e-05
0.02007419207
-4.431181127e-05
0.02006554016
-3.950751369e-05
0.02005787046
-3.519391278e-05
0.02005144773
-3.066467262e-05
0.02004542533
-2.242004423e-05
0.02004009517
-1.936781341e-05
0.02003537993
-1.66447191e-05
0.02003121056
-1.42181299e-05
0.02002752503
-1.205761738e-05
0.02002426879
-1.013605343e-05
0.02002139263
-8.42784843e-06
0.02001885324
-6.910541152e-06
0.0200166118
-5.563334159e-06
0.02001463369
-4.367882501e-06
0.02001288815
-3.307823843e-06
0.02001134809
-2.368267952e-06
0.02000998953
-1.536255114e-06
0.02000879138
-7.996426075e-07
0.02000773521
-1.479184536e-07
0.02000680396
4.293075912e-07
0.02000598334
9.398488321e-07
0.02000526041
1.391646787e-06
0.02000462349
1.791220329e-06
0.02000406227
2.14461371e-06
0.02000356763
2.456878204e-06
0.02000313163
2.732685833e-06
0.02000274705
2.976000946e-06
0.02000240789
3.190426746e-06
0.02000210832
3.37934259e-06
0.02000184328
3.545542544e-06
0.02000160862
3.691277862e-06
0.02000140028
3.818779849e-06
0.0200012147
3.930167315e-06
0.02000104865
4.026610049e-06
0.0200008996
4.110935079e-06
0.02000076353
4.177348243e-06
4.265031077e-06
0.02133828006
9.86308396e-05
0.02135944368
6.290925265e-05
0.0213676704
2.755946461e-05
0.02136336611
-6.660551676e-06
0.02134735038
-3.887451602e-05
0.02132206064
-6.662562048e-05
0.0212941822
-8.106955998e-05
0.02125645457
-0.0001021635321
0.02121065041
-0.0001534072203
0.02116105675
-0.0001691716003
0.02110287758
-0.0001973964373
0.02103977518
-0.0002120499538
0.02097410963
-0.0002174111363
0.02090736141
-0.0002183646216
0.02084074714
-0.0002162036619
0.02077527383
-0.0002115252366
0.02071174559
-0.0002048229068
0.02065078166
-0.0001965391068
0.02059283537
-0.0001870713253
0.02053821684
-0.0001767748433
0.02048711337
-0.0001659608082
0.02043961073
-0.0001548969787
0.0203957115
-0.0001438077957
0.02035535262
-0.0001328768229
0.02031842052
-0.0001222493565
0.02028476541
-0.000112036142
0.02025549559
-0.0001023177088
0.02024252448
-9.186581972e-05
0.02027541197
-6.861515394e-05
0.02032546811
-2.890982105e-06
0.0202502789
7.677452885e-05
0.02016570975
2.833889965e-05
0.02013019416
-3.204505719e-05
0.02011409113
-4.600946279e-05
0.02010088462
-4.236349937e-05
0.02008931852
-3.808483617e-05
0.02007902899
-3.402228373e-05
0.02006988416
-3.036268149e-05
0.02006176408
-2.707384168e-05
0.02005484997
-2.375055533e-05
0.0200484623
-1.603237965e-05
0.02004280251
-1.370801705e-05
0.02003779027
-1.163247856e-05
0.0200333539
-9.781769119e-06
0.0200294291
-8.132819583e-06
0.02002595853
-6.665483359e-06
0.02002289095
-5.360272772e-06
0.02002018066
-4.200260521e-06
0.0200177869
-3.169574442e-06
0.02001567352
-2.254507835e-06
0.02001380779
-1.442092622e-06
0.02001216111
-7.215877965e-07
0.02001070829
-8.343845239e-08
0.0200094262
4.824485577e-07
0.02000829523
9.8304439e-07
0.0200072982
1.42634157e-06
0.02000641928
1.818774401e-06
0.02000564468
2.1662433e-06
0.02000496185
2.474059961e-06
0.0200043602
2.746268337e-06
0.02000382981
2.987269417e-06
0.02000336218
3.20031587e-06
0.02000294971
3.38848016e-06
0.02000258554
3.554596907e-06
0.0200022638
3.701089046e-06
0.02000197936
3.829991383e-06
0.02000172736
3.943277309e-06
0.02000150337
4.042774543e-06
0.0200013039
4.129646846e-06
0.02000112547
4.205039326e-06
0.02000096508
4.271331267e-06
0.02000081883
4.323601489e-06
4.392340834e-06
0.02130384703
6.530035749e-05
0.02132488741
4.186887398e-05
0.02133374767
1.869920533e-05
0.02133082013
-3.733003828e-06
0.02131692411
-2.497849074e-05
0.02129453469
-4.423619918e-05
0.02127097724
-5.751211355e-05
0.0212397877
-7.097399461e-05
0.02119907158
-0.0001126911117
0.02115371267
-0.0001238126887
0.02109908856
-0.0001427723313
0.02103899667
-0.0001519580658
0.02097592627
-0.0001543407323
0.02091143905
-0.0001538773966
0.02084676898
-0.0001515335953
0.02078291888
-0.0001476751375
0.02072069235
-0.0001425963844
0.02066071665
-0.0001365634056
0.0206034637
-0.000129818381
0.02054926965
-0.0001225807967
0.02049835337
-0.0001150445291
0.0204508343
-0.0001073779071
0.02040674965
-9.972314794e-05
0.02036606922
-9.219639458e-05
0.02032871051
-8.489065018e-05
0.02029455072
-7.787635083e-05
0.0202634388
-7.12057913e-05
0.0202364871
-6.491412344e-05
0.02022561051
-5.773856133e-05
0.02026030454
-3.758501317e-05
0.02031182959
2.524948005e-05
0.02023805092
0.0001021175741
0.02015547794
5.052792241e-05
0.02012557827
-1.6109794e-05
0.02010611681
-2.290204131e-05
0.02009341079
-2.537882618e-05
0.0200827164
-2.332789575e-05
0.02007319904
-2.084531319e-05
0.02006473798
-1.861279056e-05
0.02005743052
-1.644309224e-05
0.02005076683
-9.368687063e-06
0.02004485723
-7.79842162e-06
0.02003962017
-6.395418763e-06
0.02003498147
-5.143068416e-06
0.02003087522
-4.026569214e-06
0.02002724188
-3.032149267e-06
0.02002402885
-2.14725065e-06
0.02002118849
-1.359905291e-06
0.02001867886
-6.599475212e-07
0.02001646269
-3.834501787e-08
0.02001450542
5.151772535e-07
0.02001277782
1.006016289e-06
0.02001125272
1.441653477e-06
0.02000990716
1.828012202e-06
0.02000872003
2.170171015e-06
0.02000767303
2.473348398e-06
0.02000674976
2.742040351e-06
0.02000593586
2.980155361e-06
0.02000521852
3.191401527e-06
0.02000458599
3.378802615e-06
0.02000402839
3.544875122e-06
0.0200035367
3.692011326e-06
0.02000310293
3.822248499e-06
0.02000272002
3.937511086e-06
0.02000238169
4.039428584e-06
0.02000208244
4.129243757e-06
0.0200018171
4.208624677e-06
0.02000158151
4.278372033e-06
0.02000137158
4.339572716e-06
0.02000118359
4.393033221e-06
0.02000101488
4.440048322e-06
0.02000086073
4.477750707e-06
4.526243309e-06
0.02128126126
3.251241023e-05
0.02130222311
2.090704574e-05
0.02131148388
9.43844405e-06
0.02130941436
-1.663483858e-06
0.02129662816
-1.219228873e-05
0.02127424501
-2.18530555e-05
0.02124574053
-2.900763094e-05
0.0212281278
-5.336127642e-05
0.02119743085
-8.199416188e-05
0.02115418568
-8.05675257e-05
0.02110046482
-8.905146291e-05
0.02104132927
-9.282251396e-05
0.02097926186
-9.227331539e-05
0.02091577167
-9.038720772e-05
0.02085203386
-8.779578931e-05
0.02078900253
-8.464380841e-05
0.02072744982
-8.104368029e-05
0.02066798869
-7.710228005e-05
0.02061108983
-7.291952483e-05
0.02055709706
-6.858802848e-05
0.02050624329
-6.419075971e-05
0.02045866549
-5.980010635e-05
0.02041441948
-5.547713947e-05
0.02037349499
-5.127190568e-05
0.02033582743
-4.722309454e-05
0.02030131135
-4.336027116e-05
0.02026980997
-3.970441517e-05
0.02024116476
-3.626891861e-05
0.02021648708
-3.306087209e-05
0.0202076962
-2.879414069e-05
0.02024428756
-1.13418755e-05
0.02029774842
4.865671984e-05
0.02023284679
0.0001154295468
0.02017934781
3.738918598e-05
0.02012067169
3.577407386e-05
0.02009698814
-1.69527838e-06
0.02008521982
-1.155957672e-05
0.02007545109
-1.107658617e-05
0.02006676006
-9.921759834e-06
0.02005915948
-8.842509688e-06
0.02005231085
-2.520055915e-06
0.0200462341
-1.721668232e-06
0.02004084589
-1.007208603e-06
0.02003607163
-3.688179834e-07
0.02003184348
2.015846766e-07
0.02002810119
7.101365902e-07
0.02002479042
1.163508332e-06
0.02002186289
1.567624975e-06
0.02001927542
1.927517735e-06
0.02001698898
2.248092686e-06
0.02001497026
2.533887086e-06
0.02001318797
2.788314098e-06
0.0200116151
3.014516331e-06
0.02001022722
3.215893178e-06
0.02000900266
3.394731217e-06
0.02000792253
3.55347988e-06
0.02000696985
3.694721847e-06
0.0200061297
3.820313794e-06
0.02000538904
3.932063919e-06
0.02000473603
4.031813421e-06
0.02000416024
4.120667861e-06
0.02000365251
4.199753279e-06
0.02000320449
4.270267756e-06
0.0200028091
4.332911519e-06
0.02000245973
4.388797517e-06
0.02000215053
4.438451636e-06
0.02000187664
4.482513696e-06
0.02000163338
4.521639075e-06
0.02000141654
4.55642132e-06
0.02000122255
4.587021913e-06
0.02000104819
4.614414766e-06
0.02000088904
4.636903369e-06
4.664588363e-06
0.02127002904
0.02129093609
0.02130037453
0.02129871105
0.02128651876
0.0212646657
0.02123565806
0.02118229678
0.02110030262
0.0210197351
0.02093068364
0.02083786113
0.02074558782
0.02065520061
0.02056740481
0.020482761
0.02040171732
0.02032461504
0.02025169551
0.02018310748
0.02011891672
0.02005911662
0.02000363948
0.01995236757
0.01990514447
0.0198617842
0.01982207978
0.01978581087
0.01975275
0.01972395586
0.01971261398
0.0197612707
0.01987670025
0.01991408943
0.0199498635
0.01994816822
0.01993660865
0.01992553206
0.0199156103
0.01990676779
0.01990424774
0.01990252607
0.01990151886
0.01990115004
0.01990135162
0.01990206175
0.01990322526
0.01990479288
0.0199067204
0.01990896849
0.01991150238
0.01991429069
0.01991730521
0.0199205211
0.01992391583
0.01992746931
0.01993116404
0.01993498435
0.01993891642
0.01994294824
0.01994706891
0.01995126866
0.01995553893
0.01995987185
0.01996426065
0.0199686991
0.01997318162
0.01997770326
0.01998225968
0.0199868467
0.01999146112
0.01999609802
-3.446714708e-08
5.66176578e-05
7.504588917e-05
0.0002210176566
-0.0001058154802
2.58147245e-08
-0.0001913468247
7.611883425e-05
-0.0001315876388
-3.03243693e-08
5.662525653e-05
7.504236654e-05
0.0002209675019
-0.0001057651151
1.451270439e-08
-0.00019128468
7.606778133e-05
1.123532663e-07
6.809900285e-05
0.0002321439164
0.0001787269432
4.964667482e-05
-9.346090195e-08
-0.0002108577029
-1.742245384e-05
-7.93435559e-05
1.180628592e-07
6.809302612e-05
0.0002320999712
0.0001786551272
4.96571382e-05
-5.067499872e-08
-0.0002107876721
-1.74739177e-05
0.0003567374922
6.458555378e-05
-7.415530104e-07
4.731077723e-11
-0.0002026458583
-0.0001416059222
-0.0002576589439
0.0002129302571
-0.0001741474411
0.0002194017147
-5.255874149e-07
-9.088761533e-08
7.865605895e-05
-0.0002100888075
-0.0004204957291
-7.367171163e-07
0.0003567614654
6.455722211e-05
0.0002384395943
-3.097962245e-08
-0.0002026376052
-0.0001415361217
-0.0002576969405
0.000212878303
-5.262959121e-07
-0.0001741737442
0.0002195186767
-0.0001396040849
8.993912552e-08
0.0001272585556
-2.438652498e-09
-4.01680444e-05
3.859906859e-07
0.0001393279059
-8.326451041e-05
-5.460932933e-05
-8.270714651e-05
-9.342558048e-10
-5.496882971e-05
0.0001277584646
-3.984831863e-05
-8.648050878e-08
-7.058758317e-05
0.0001310791633
0.0005721484891
4.384846654e-05
-5.588253269e-05
-0.0005600181916
-9.624327002e-08
0.0001182032765
-5.447463404e-08
-7.059143566e-05
0.0001310977489
0.0005721600649
4.375177449e-05
-7.675591191e-08
-5.584578346e-05
-0.0005599893118
-5.107887825e-05
-5.973960443e-05
7.247004315e-08
0.0001062521068
8.943562609e-10
4.493011439e-06
5.71048432e-05
7.485846256e-05
5.041787357e-10
-0.0001319522063
-8.397798893e-08
5.123186632e-05
5.497991608e-06
-6.108622998e-08
5.943215044e-05
0.0001425587497
-0.0001268839201
3.376267467e-10
5.969794816e-06
0.0001422673724
1.275429177e-09
-0.000127210874
0.0001066920659
4.044420174e-06
-4.309869918e-07
-8.215054785e-05
-8.3299632e-05
3.053795132e-10
-7.199523617e-05
0.000176899403
-3.401037409e-07
1.089231051e-09
1.686951385e-06
-0.0001911442267
7.657694831e-05
1.363722262e-09
0.0002206044797
-0.0001060127537
8.663950777e-08
7.152858131e-05
-0.0001204032944
-1.511702648e-07
-0.0001765366443
0.0001706561028
9.427087925e-10
-0.0001207863992
6.491756911e-10
0.0001700249087
1.34389839e-06
-5.108123717e-05
-5.973710092e-05
7.220427657e-08
0.0001062543292
4.492697864e-06
5.710436141e-05
7.486058689e-05
-0.0001319471712
-8.23898131e-08
5.123856466e-05
5.498550855e-06
-5.690915056e-08
5.943088009e-05
0.0001425481625
-0.0001268797682
5.969642547e-06
0.0001422719717
-0.0001272041094
0.0001066972692
4.044367509e-06
-4.324501216e-07
-8.215684347e-05
8.32735336e-05
-8.329771592e-05
8.270496369e-05
-7.199211139e-05
0.0001769016927
-3.406410003e-07
1.686483183e-06
-0.0001911432072
7.656422176e-05
0.0002205923116
-0.0001059974533
9.171430782e-08
7.152499453e-05
-0.0001203532358
-1.483636318e-07
-0.0001765382709
0.000170597573
-0.0001207706971
0.0001700204762
1.343353342e-06
-3.495420761e-07
-1.067107748e-09
-3.067883544e-05
-3.050282493e-05
-0.0001396019731
8.656709749e-08
0.0001272562321
-4.017585307e-05
3.891229472e-07
0.0001393232967
-5.459886286e-05
-5.496782213e-05
0.000127750587
-3.986762428e-05
-3.54444314e-07
-3.068657056e-05
-3.052918912e-05
7.852231107e-05
-0.0002105116606
1.169071875e-09
-9.296179792e-08
-0.0001972570797
0.0001491191119
-0.000197623732
0.0001488404084
1.802304599e-09
-7.610222935e-05
1.885963088e-07
-0.0002666315528
0.000144918264
3.192443885e-09
-1.997688678e-07
7.619750423e-05
-0.0002860207797
-0.0002867490498
1.944429822e-09
-0.0002659613037
0.0001450903445
0.0005450613312
2.208327404e-05
-2.840962395e-06
-0.0001545728898
-1.071490608e-06
-0.0002944365342
0.0001138839014
-0.0003915226653
-7.435569216e-05
0.0003546645774
-2.670121748e-06
-1.66425071e-06
5.550407409e-05
-0.0004742538896
-0.000564168097
-2.838053965e-06
0.0005450590405
2.201159742e-05
0.0001922547358
-1.042890969e-06
-0.0001545470884
-0.0002943617
0.0001139064913
-0.000391586152
-2.686874011e-06
-7.432836979e-05
0.0003546949035
0.0001350432444
-1.989950917e-07
0.0002333291691
-1.261987364e-08
-0.0002315953496
8.423029898e-05
0.0001695574567
0.0002015346743
-0.0002263656858
-0.0001442733513
-4.530957072e-07
5.394232442e-08
0.0002539858513
-9.494375256e-05
-0.0001552998395
-2.466687842e-07
0.0001352815643
0.0002331432439
0.0001971414633
-2.828663744e-08
-0.0002316713263
8.421527667e-05
0.0001695534401
0.000201500436
-4.379595935e-07
-0.0002263192135
-0.000144296704
0.0001868932161
9.917521695e-05
-7.39313437e-07
-0.0002027146491
0.0001850566307
-1.133398701e-06
-2.360621471e-09
0.0005725492786
0.0005110296519
-0.0001452815919
-0.000117158711
-0.0001152733274
-0.0001468050873
-9.710900447e-05
-0.0001827011138
-0.000179377812
-9.986993618e-05
-4.931184017e-07
-0.0001733750727
0.000210823089
-0.0001713765589
-7.21301032e-07
0.0001868862898
9.911806022e-05
0.0001883023603
-1.114435468e-06
-0.0002027300476
0.0001850955559
0.0005722059404
0.0005112490512
-0.000145275075
-0.0001170218612
-0.0001152911622
-0.0001468100486
-9.710139905e-05
-0.0001827587865
-0.000179345582
-9.985345146e-05
-0.0002396611789
0.0001622542834
-2.07080617e-07
-6.356527666e-05
-1.507785585e-07
0.0005918322273
4.94142746e-05
0.0006656345348
-6.50701512e-05
-0.0006487774919
-1.201170171e-06
-1.2398537e-07
0.0001511367582
0.0001643319661
0.0002792378065
-2.299741957e-07
-0.0002397537633
0.0001622463596
4.408308877e-05
-1.687591918e-07
-6.359151449e-05
0.0005918372545
4.937972445e-05
0.0006658083573
-1.229105509e-06
-6.514754032e-05
-0.0006488114394
-0.0008348098766
-5.88642134e-08
3.494526737e-05
0.001510036521
7.535102493e-05
-5.826518175e-05
-0.00152682642
-2.95954595e-07
0.0008436402549
-4.42929005e-08
-0.0008348690802
3.502490425e-05
0.0015099454
7.562958939e-05
-3.264829781e-07
-5.82875409e-05
-0.001526960977
-0.0008866989754
2.508521085e-06
1.809319952e-07
-3.726326442e-05
0.001495554432
-7.155319528e-07
1.41290791e-08
0.005651364974
9.531979447e-05
-2.324346139e-05
1.657896172e-07
2.553895294e-06
-2.528039935e-05
-0.001372255648
-0.001479533115
-0.001476877346
-0.001372228633
-8.387210208e-08
0.0008458199996
4.198720532e-05
0.0009334352299
1.755835611e-07
-0.0008867607447
2.529665241e-06
5.242847181e-05
-7.219088453e-07
-3.732507703e-05
0.001495563915
0.005651816046
9.495804998e-05
-2.323633541e-05
1.263379856e-07
2.536539339e-06
-2.525798012e-05
-0.001372266927
-0.001479518699
-0.001476895323
-0.001372247576
-0.000183824928
-4.347665123e-05
-4.232063505e-08
0.0001871790945
-3.237038094e-09
6.839091717e-05
0.0002320030448
-1.725237127e-10
-7.967695531e-05
3.779458606e-07
0.0001837678324
-4.380079759e-08
4.350270753e-05
0.0002293939413
-4.070893119e-05
1.032520846e-11
0.0002292167979
-4.420409608e-09
-4.072978726e-05
0.0001873799039
-1.802437857e-05
0.0001746075103
-8.153200258e-08
-1.337680487e-09
-0.0002107193173
-1.766428615e-05
-4.841925176e-09
0.0001788172027
4.947776097e-05
1.725073647e-08
1.791876144e-05
6.002206244e-07
-7.185269908e-08
-0.0001747142986
0.0001444500837
-1.102337628e-09
4.914469472e-07
-3.045118483e-09
0.000144100249
-0.0001838105234
-4.349288808e-05
-4.822697304e-08
0.000187172551
6.838668685e-05
0.0002319790186
-7.965550632e-05
3.711709393e-07
0.0001837205629
-2.0095633e-08
4.355935403e-05
0.0002293134202
-4.075270745e-05
0.0002292187564
-4.075714735e-05
0.000187364065
-1.802984599e-05
0.0001746056076
-9.111572441e-08
-0.0002107068789
-1.763226205e-05
0.0001787661656
4.951744495e-05
1.817946909e-08
1.792113139e-05
5.864280498e-07
-3.631051024e-08
-0.0001746648762
0.0001442990766
4.991012634e-07
0.0001441355944
-7.111353283e-05
-0.0003318703094
3.373637481e-07
0.0001360107062
4.223637318e-09
-3.695218312e-07
7.116169183e-05
-6.672638688e-07
0.0003305656095
0.000123485101
-0.0003887978917
0.000358158465
6.453854962e-05
1.567609844e-09
-0.0004233631356
2.818724757e-09
0.0001233577101
2.710376937e-09
-0.0003913594333
0.0001361033662
-0.0002022853816
-0.0001419950594
1.446837637e-09
0.0002382662858
-1.564343846e-08
-0.0001739143943
-0.000174248339
1.324912722e-09
0.0001992436497
1.214047599e-07
-0.0002286982657
3.143983503e-09
-1.375394892e-07
-0.0001994734607
-0.000180387558
0.0002383926324
-0.0001809063539
1.422935588e-09
0.0002380159773
-0.0002281761177
-0.0002819837391
0.0001890279526
2.636669747e-07
4.558443678e-09
-5.06112875e-07
0.0002810540475
-0.0003312102704
-2.906205534e-07
-0.0001892449414
0.0002285497178
-0.0001741479556
0.0002202996188
2.123524817e-09
-0.000259384775
0.0002127054051
4.423935901e-09
-0.00033328453
2.082731245e-09
0.000228128508
7.853149867e-05
-0.0002105088166
-8.897037487e-08
-0.0001972343801
0.0001490996429
-0.0001976112053
0.0001488514245
-7.611361347e-05
1.901040358e-07
-0.0002666285331
0.000144944046
-2.012176923e-07
7.622177503e-05
-0.0002860300015
-0.0002867497129
-0.0002659508281
0.0001451283352
-7.112589798e-05
-0.00033187491
3.431646484e-07
0.00013603334
0.0003581624709
6.453052577e-05
-0.0004233473722
-3.71895308e-07
7.119333961e-05
-6.700710537e-07
0.0003305803518
0.000123430778
-0.000388783836
0.0001233400071
-0.000391351764
0.0001361660226
-0.000202307428
-0.0001419647966
0.0002382452317
-1.680410777e-08
-0.0001738743926
-0.0001742421863
0.0001992578061
1.392598568e-07
-0.0002286920741
-1.924368662e-07
-0.0001995593972
-0.0001803207892
0.0002385365036
-0.0001808596606
0.0002379616404
-0.0002281662022
-0.0002820009729
0.0001890634395
2.833443034e-07
-0.0001741597538
0.0002203048197
-0.0002593764936
0.0002127072457
-5.257378939e-07
0.000281094187
-0.0003313114202
-3.631730218e-07
-0.0001893773401
0.0002289383922
-0.0003333420467
0.0002281474947
-7.059733982e-05
0.0001310909745
-3.001397452e-09
0.0001182400826
7.807370098e-08
0.0001049508222
0.0001048894712
2.647063293e-09
0.0001654392195
2.513625862e-08
6.936948904e-05
-1.27802832e-09
-2.069613161e-08
-0.0001655105867
8.692413209e-05
0.0002096863202
8.681168357e-05
1.190733239e-09
0.00020969662
6.937129231e-05
0.0003260946923
4.661732933e-05
4.361364256e-09
7.860355905e-11
-2.907548054e-08
-0.0003261163491
0.0003571870355
-1.792074328e-08
-4.640418514e-05
3.21127445e-05
-5.574861744e-05
-0.0005601763676
-4.390880595e-09
0.0005718847901
4.394835674e-05
5.929199011e-10
0.0003571280925
8.015226545e-10
3.203347957e-05
-7.060024301e-05
0.0001311473925
0.000118161552
3.519330935e-08
0.0001049314235
0.0001048986061
0.0001654395769
3.745122757e-08
6.936356586e-05
-4.395338076e-08
-0.0001655234884
8.690429297e-05
0.0002097609022
8.683359446e-05
0.0002097106228
6.935581631e-05
0.0003261020367
4.660932021e-05
8.712955178e-09
-5.572857598e-05
-0.0005601225521
0.0005719274751
4.384252118e-05
-4.474928746e-08
-0.0003261431249
0.0003572463804
-2.21310227e-08
-4.638291253e-05
3.214374369e-05
0.0003571628779
3.208862345e-05
-1.490237667e-06
-0.0004369517021
0.0001051574219
5.576715573e-05
-0.0004807232609
-2.573997193e-10
-0.0004425854594
0.0001055027753
1.671493014e-10
-4.795016638e-05
4.009679214e-06
-0.0004914154421
9.27689507e-05
1.517792353e-09
-4.437072923e-06
4.726423297e-05
-0.0005170246047
-0.0005330366073
-6.25433613e-11
-0.000477065439
9.13876387e-05
-7.324784919e-05
-3.243780873e-09
-0.001876932469
1.630179962e-09
0.0004595338856
0.0004141418514
0.0004870293144
-7.934620673e-10
-4.076976333e-05
-0.002358504629
7.58121093e-05
0.0006037856831
0.000538768682
0.0005761829771
-7.327963398e-05
-0.001876934088
0.0002005213613
0.0004141888936
0.0004594725552
0.0004869788695
-4.07647474e-05
0.0002539201564
-9.528146176e-05
1.592986201e-09
-2.02401195e-08
-3.933719977e-05
0.0002527280499
-3.949057832e-05
0.0002526635785
-2.87646514e-09
1.397503886e-08
0.0002576690426
-0.0001143222428
0.000257356966
-0.000114612186
3.709633126e-09
-6.83984733e-08
-4.003206132e-05
0.000257975026
-8.180753202e-09
-3.975112486e-05
0.0002580145665
-0.0001751740713
0.0002109641397
-0.0001925199775
0.0001562596383
5.562333472e-09
-0.000181780416
5.341307478e-05
8.86821621e-07
-6.183754237e-05
0.0001893251509
-7.091761392e-09
-1.162580739e-06
0.0001807502939
-0.0001656522949
-0.0001872595913
-6.059142438e-07
-5.21052147e-05
4.684025429e-05
0.0002168385707
-0.0001670593551
-0.0001910549204
-2.786252933e-09
4.767045484e-05
0.0002161069555
-6.114616938e-09
-5.995785942e-05
0.000189489763
-0.0002220902073
-2.170348624e-09
0.0006301176447
1.16824936e-08
4.538442107e-08
-0.0004451680589
0.0001336601988
0.000177809778
7.93619373e-05
8.346689737e-05
-0.0002220240818
0.000629665465
0.0001509988009
0.0001643378114
-0.0001972695177
-3.959858476e-09
-1.409569922e-07
0.000258164723
0.0001028419959
0.0002578392441
0.0001027150815
1.385973974e-10
-0.0001708011074
1.986881339e-07
0.0003097905313
0.0001186528759
-1.740889552e-09
-7.219111703e-08
0.0001704571189
-0.0002083701483
0.0002023289072
-0.0002084944776
0.0002019611279
-2.14505543e-09
0.0003098625153
0.0001189579858
0.00015952601
-8.067872939e-08
-0.0003734021342
-0.0003702184873
-0.0004545819762
-0.0004589537477
0.002681808638
-3.783877108e-08
-0.0005599183398
-0.0006624379218
-0.0005584360393
-0.0001116242724
-0.0001097924637
-8.885176178e-05
-9.084339364e-05
-6.499034017e-08
-4.5451651e-05
-8.604692685e-07
0.000320607221
0.0001477934145
0.0001595874371
-0.0003734710373
-0.0003701925106
-0.0004545891755
-0.0004589847937
0.002682211576
0.000165281918
-0.00066252144
-0.0005598169225
-0.0005582531687
-0.0001117223041
-0.0001098208742
-8.881556381e-05
-9.077269203e-05
-4.524470819e-05
0.000845508971
4.219509835e-05
-4.398805411e-05
-0.0008438156044
-5.355634918e-10
-3.165092139e-05
-0.001113280559
5.165467674e-07
0.001098692616
4.571777084e-05
4.542822854e-09
-1.331453607e-07
3.158379398e-05
-4.384101989e-05
0.0008582045851
-4.024792045e-07
0.001113125022
-0.001110269628
3.963725141e-05
-4.363806906e-05
0.0008573567308
6.249840004e-09
-0.001109999143
3.851220605e-05
-9.89845535e-10
0.001099246085
4.597928316e-05
-0.000302628215
-6.336611167e-08
0.005661065383
-4.138703105e-08
-7.192288703e-08
0.004314082402
-9.304720128e-05
-0.0009327099622
-0.001096345992
-0.001093253168
-0.0003019416029
0.005660743494
0.0003805851333
-2.825911452e-08
-0.0001250868885
-7.326835493e-05
-0.0001241165089
-6.091680013e-08
0.006747444594
0.0003810535691
0.006691556506
-7.347771833e-05
-0.0001248060314
-0.0001237719699
0.006747593429
0.0001078625982
3.565320646e-08
0.006753598088
2.244724702e-08
-3.806833123e-08
0.006591978794
0.0002791758774
-5.036835278e-05
-3.96233055e-05
-3.711710166e-05
0.0001077069205
0.006754161289
-3.73315683e-05
-0.0005381129095
7.741785445e-06
7.628683196e-05
4.16023461e-10
-8.431263101e-06
3.653856845e-05
-2.397967361e-06
0.0005069079622
5.624579795e-05
0.0005787274392
2.233866205e-05
-1.424728515e-10
-1.179846773e-10
5.791670825e-05
1.645251717e-09
7.412286942e-05
-1.167495654e-06
-0.000379458242
-0.0001550087399
-0.0002979691275
1.631566606e-09
-0.0003839606474
2.652864043e-09
0.0001334763784
3.135807222e-06
-0.0004278036362
-2.477862455e-10
-2.556987505e-06
-0.0001320665449
-0.0003254652891
-0.0003341057146
-3.371805104e-09
-0.0004170013439
-0.0004659735901
0.0001084634892
5.994829023e-06
-1.538179659e-09
-1.302317319e-06
0.0004427263074
-5.167499257e-06
-0.0001058426726
0.000140209459
-7.767132528e-05
0.0003735885393
1.613581047e-09
0.0001155529047
-1.203796414e-09
-7.714792292e-12
0.000142778829
5.578493396e-05
-0.0004807182083
-1.496325857e-06
-0.0004370036613
0.0001052202254
-0.000442628828
0.0001055658351
-4.794969312e-05
4.022073958e-06
-0.0004914185008
9.27188037e-05
-4.438670652e-06
4.727809395e-05
-0.0005170174213
-0.0005330320078
-0.0004770818438
9.137834322e-05
-3.733241295e-05
-0.0005381236841
7.745992874e-06
7.62920152e-05
0.0005787247553
2.229159793e-05
-8.432349855e-06
3.654520081e-05
-2.411773296e-06
0.0005069173911
5.627465861e-05
5.794075473e-05
7.412673894e-05
-0.0001549919981
-0.0002979379038
0.0001925121485
-1.169957024e-06
-0.0003794683326
-0.0003839355218
0.0001334641328
3.125854282e-06
-0.0004278069555
-2.536331154e-06
-0.0001320294072
-0.000325447653
0.0001656516933
-0.0003341193861
0.0001671059098
-0.0004169935428
-0.0004659687416
0.0001084581099
5.99416905e-06
-7.764993334e-05
0.0003736109179
0.000115542649
-1.29974245e-06
0.0004427185906
-5.180521118e-06
-0.0001058459511
0.0001402737214
0.0001427691084
-9.230517351e-08
0.000249363025
0.0001355903217
0.0002331728198
2.908838908e-09
0.0002490118409
2.495820432e-09
-4.290686027e-05
3.64090617e-08
0.0002518692245
-1.899204371e-08
-2.307563037e-07
4.227954264e-05
0.0002381206393
0.0002377145624
-8.912441449e-09
0.0002519278464
-0.0002316697227
8.386406517e-05
1.266318164e-09
1.552178749e-08
2.17173891e-05
2.149937741e-05
1.443350437e-09
0.0002395874359
-4.872865985e-09
3.988406362e-05
7.776380525e-09
-3.687213294e-08
-0.0002395486772
0.0001154456857
0.0001149190759
1.070946461e-09
4.017840224e-05
5.493340339e-05
0.0002367903367
2.676880026e-08
2.779422545e-09
-7.366192375e-08
-5.532109837e-05
6.714971149e-05
-1.726366938e-07
-0.0002368119171
0.0002081568878
-0.0002263859871
-0.000143438853
-2.165899537e-09
0.0001680454028
0.0002013285088
3.455024103e-09
6.618485724e-05
7.473509726e-10
0.0002080971659
0.0002538994334
-9.525417728e-05
2.811077516e-08
-3.955351939e-05
0.0002527585549
-3.94806374e-05
0.0002526481519
-3.72174022e-08
0.0002582635721
-0.0001146336096
0.0002572832186
-0.0001146092602
-2.38457225e-07
-3.998865881e-05
0.0002580215186
-3.990737843e-05
0.0002583789718
0.0001356201963
0.0002331419509
-0.0001562986554
-2.582781845e-07
0.0002498446254
0.0002489026534
-4.28666755e-05
-7.135173955e-08
0.0002518330232
-2.034311559e-07
4.211207696e-05
0.0002379983311
-4.676373174e-05
0.0002377307142
-4.766776997e-05
0.0002519779799
-0.0002316810897
8.389224708e-05
0.0001972792566
3.043361063e-08
2.164321318e-05
2.149804049e-05
0.0002396157855
-3.581900517e-08
3.994737579e-05
-4.972884911e-08
-0.0002396561835
0.0001154729677
0.0002084482189
0.0001149437452
0.0002085156244
4.033018318e-05
5.497647633e-05
0.0002367961192
1.059014857e-08
-0.0002263742881
-0.0001434320028
0.0001680163895
0.0002013497679
-1.039218616e-07
-5.54833821e-05
6.726641891e-05
-1.738121831e-07
-0.0002368353614
0.0002081854276
6.623245101e-05
0.0002081347986
-0.0001426827034
-6.613553769e-05
1.701308918e-06
-2.199626604e-09
-2.606102694e-06
0.0001424491841
-1.138830015e-06
6.261247522e-05
0.000193562855
9.909391536e-05
-1.81289343e-09
-2.050949549e-09
1.615885014e-09
-7.89602624e-05
0.0001714657809
-2.844301971e-07
-4.939603614e-09
-4.930788667e-07
8.176670816e-05
-1.45156454e-06
-0.0001711020938
0.000174909171
-0.0002028378783
0.0001824991112
-2.23641719e-09
0.0001872529971
5.903859385e-10
-4.684509235e-09
0.0001731401972
-0.0001752143315
0.0002109402747
-0.0001817739625
5.341451278e-05
8.760977952e-07
-6.182999676e-05
0.0001893062608
-1.160220966e-06
0.0001807256025
-0.000187288758
-5.743649043e-07
-5.20840645e-05
0.0002167177887
-0.0001910453884
0.0002161065399
-5.994037096e-05
0.0001894580084
-0.0001426795418
-6.612541865e-05
1.697676549e-06
0.0001935454606
9.908384782e-05
-2.587587121e-06
0.0001424588386
-1.135774495e-06
6.259391014e-05
-7.896941667e-05
0.0001714597585
-2.904259698e-07
-0.0002028590571
0.0001824728435
0.0001872859268
-5.111145656e-07
8.176527986e-05
-1.431707142e-06
-0.0001710794163
0.0001748478916
0.0001731506306
-0.0001708362331
0.000348999048
3.304093122e-07
0.0001312956112
1.693094073e-09
-9.575961834e-08
0.0001709203685
-4.743976205e-07
-0.0003497864413
0.0001231816238
0.0003893334988
-0.0002391252948
0.00016226947
1.435838539e-09
0.0002779758046
1.010682028e-09
0.0001226583997
-7.103753004e-10
0.0003881364185
0.0001313268461
-2.125109509e-08
0.0003964850186
-6.351720086e-05
0.0005912594742
3.69593067e-09
0.0003963012384
3.48879407e-09
7.06054874e-05
1.284768332e-07
0.0004442209901
-8.507458979e-10
-3.654380935e-07
-7.06711103e-05
0.0006190277752
0.0006178591593
2.31036325e-09
0.0004449003768
0.000500521535
7.459100315e-05
4.035449143e-07
5.203106819e-10
4.549887501e-07
-0.00050226186
-8.182062402e-07
-7.436891924e-05
4.543741012e-05
-6.520212203e-05
-0.0006470636334
-7.747315995e-10
4.862744298e-05
-3.224956217e-09
9.79388741e-10
4.456736388e-05
0.0001509915895
0.0001643212674
-1.328444206e-07
0.0002581923799
0.0001028381297
0.0002578047783
0.0001027647219
-0.0001707950022
1.757251566e-07
0.0003098070904
0.0001186152173
-5.719318051e-08
0.0001704410659
0.0002023963186
0.0002019825425
0.0003099293144
0.0001188798562
-0.0001708495419
0.000349018944
3.328216064e-07
0.000131306568
-0.0002391602176
0.0001622808293
0.0002780006023
-1.085812573e-07
0.0001709365667
-4.887234e-07
-0.0003498426755
0.0001232023764
0.0003893753835
0.0001226193395
0.0003881909988
0.0001313560113
-6.353684137e-05
0.0005912883196
4.401093499e-05
-5.521177039e-08
0.0003965482087
0.0003963390221
7.062028869e-05
1.339165972e-07
0.0004441992013
-3.779749169e-07
-7.070589934e-05
0.0006190353081
4.38858149e-05
0.0006178538996
4.36790426e-05
0.0004448560679
0.0005004952651
7.460457141e-05
4.064666317e-07
-6.530970209e-05
-0.0006470380046
4.859639568e-05
4.515111039e-07
-0.0005022136003
-8.261882972e-07
-7.44049351e-05
4.545499976e-05
4.459525272e-05
-5.003016601e-09
3.30855424e-05
-0.0008347705689
3.484766317e-05
-3.217446085e-09
3.294827324e-05
7.648988938e-09
0.001114890142
1.556932518e-07
5.805296241e-05
5.194016641e-09
-2.241418992e-07
-0.001115342345
4.024214199e-05
3.951037289e-05
4.107111506e-09
5.849854302e-05
0.001362846704
9.874886143e-05
3.131816202e-07
1.75357682e-09
-4.60765962e-07
-0.001363210462
0.0013456482
-3.763367926e-07
-9.875619879e-05
-5.664167212e-05
-0.001526586361
2.95022348e-09
0.001509660731
4.226964785e-09
0.001345250425
-6.869129376e-09
-0.000834827661
3.493404184e-05
0.0008436886324
-4.099994417e-08
3.319047154e-05
3.30283809e-05
0.001114904811
1.677210837e-07
5.8014188e-05
-2.398939679e-07
-0.001115385167
4.028987178e-05
0.001110360106
3.955834449e-05
0.001110044701
5.842236228e-05
0.001362852239
9.87074982e-05
3.170537737e-07
-5.661171998e-05
-0.001526795478
0.001509605955
-4.764847033e-07
-0.001363230654
0.001345709459
-3.669674278e-07
-9.867130567e-05
0.001345326599
-1.680408113e-05
0.00109153035
7.18115766e-07
4.777007327e-09
-8.035193464e-07
1.774654124e-05
-1.224237048e-06
-0.00109243031
-0.0008843129146
3.928962904e-07
2.91137009e-09
3.584106443e-09
3.845126034e-09
-0.00134711584
2.061690954e-05
-4.155224011e-08
2.609834049e-09
-8.494531547e-07
0.001348871632
-9.761326344e-07
-2.258072062e-05
-3.57961292e-05
0.001494343844
3.115498491e-09
1.220779538e-09
3.983702866e-09
0.0008454962818
4.211886465e-05
-3.166199944e-05
-0.001113261839
5.224103152e-07
0.001098683863
4.572211335e-05
-1.437206081e-07
3.160469394e-05
0.0008582448083
-3.984064857e-07
0.001113093826
3.965188583e-05
0.000857375851
3.850232414e-05
0.001099229821
4.599109561e-05
-1.680946455e-05
0.00109153549
7.262812619e-07
-0.0008843499782
4.148989163e-07
-8.152283694e-07
1.775429452e-05
-1.23758888e-06
-0.001092452402
-0.001347128522
2.062519382e-05
-3.887079232e-08
-3.58452627e-05
0.00149436406
-8.563615336e-07
0.001348892646
-9.807917736e-07
-2.25972855e-05
-2.507492395e-07
0.0001222861364
-8.109549295e-07
0.0004263190695
0.0003178542783
0.0001465442346
5.515323241e-10
0.0001205330713
-7.822122387e-09
0.0004240811938
-3.955982613e-09
1.191949274e-06
-1.141816232e-08
0.0003178832381
0.0001465433624
-2.799848961e-07
0.000122264066
-8.401390243e-07
0.0004262866321
0.0001205535391
0.0004240693839
1.206777934e-06
1.767179604e-06
-3.556454969e-06
9.709390449e-08
6.185139426e-06
4.987061643e-11
4.170931747e-07
-1.711887467e-06
7.328629327e-08
2.988669059e-06
2.58703582e-11
-4.699213293e-07
5.49567709e-08
8.320464823e-07
1.238232211e-11
2.045959897e-06
-1.008073011e-07
3.555030159e-06
4.12510057e-07
-7.688736417e-08
1.711369673e-06
-5.728311443e-08
4.700729091e-07
2.314689926e-06
1.786125152e-11
5.269361984e-07
9.819554003e-12
4.842835451e-12
1.512003331e-06
6.184542402e-06
3.074873725e-07
2.989165001e-06
8.325168563e-07
6.663686882e-07
7.647020963e-08
5.862885048e-11
1.611346082e-07
5.996836621e-08
3.045129917e-11
4.818832235e-08
1.468874223e-11
4.614382045e-07
6.797737833e-08
1.76704572e-06
-3.556550903e-06
9.705996415e-08
6.185193478e-06
4.170497611e-07
-1.711935401e-06
7.326536322e-08
2.98869377e-06
-4.699342224e-07
5.494574536e-08
8.320518952e-07
2.046186581e-06
-1.0070024e-07
3.555341977e-06
4.125751951e-07
-7.682968587e-08
1.711532016e-06
-5.72551061e-08
4.701231514e-07
2.314621217e-06
5.268987071e-07
1.511990503e-06
6.184782015e-06
3.074867678e-07
2.989293816e-06
8.325565851e-07
6.661867166e-07
7.646047534e-08
1.610849088e-07
5.996257654e-08
4.818492937e-08
4.61226922e-07
6.793482531e-08
)
;

boundaryField
{
    inlet
    {
        type            calculated;
        value           nonuniform 0();
    }
    outlet
    {
        type            calculated;
        value           nonuniform List<scalar> 
25
(
0.01999923577
0.01999924784
0.01999927177
0.01999930718
0.01999935352
0.01999941006
0.0199994759
0.01999955
0.01999963119
0.01999971819
0.01999980961
0.01999990401
0.0199999999
0.02000009577
0.0200001901
0.02000028142
0.02000036828
0.02000044931
0.02000052325
0.02000058893
0.02000064531
0.02000069152
0.02000072683
0.02000075069
0.02000076261
)
;
    }
    topAndBottom
    {
        type            symmetry;
        value           uniform 0;
    }
    frontAndBack
    {
        type            empty;
        value           nonuniform 0();
    }
    cylinder
    {
        type            calculated;
        value           uniform 0;
    }
    procBoundary3to1
    {
        type            processor;
        value           nonuniform List<scalar> 
125
(
-1.389541149e-07
2.249122856e-07
5.212627314e-07
6.626822388e-07
6.815196633e-07
5.961423172e-07
4.552954383e-07
3.020194051e-07
1.603185179e-07
5.851547697e-08
2.18762097e-10
-3.79981834e-08
-4.732620385e-08
-4.098053157e-08
-3.045266052e-08
-2.056380176e-08
-1.330054798e-08
-9.975176352e-09
-9.283827686e-09
-9.328053843e-09
-9.100441226e-09
-8.623304375e-09
-7.954861383e-09
-7.351636475e-09
-7.17515545e-09
-7.425070469e-09
-7.883696246e-09
-8.341963057e-09
-8.696949695e-09
-8.919699548e-09
-8.971875855e-09
-8.843400892e-09
-8.319018382e-09
-7.768402784e-09
-7.366884123e-09
-6.656523451e-09
-6.119300546e-09
-5.61725003e-09
-5.169559593e-09
-4.782039708e-09
-4.447887069e-09
-4.158510767e-09
-3.90240509e-09
-3.671973396e-09
-3.46057618e-09
-3.265571716e-09
-3.086902073e-09
-2.923219648e-09
-2.775709683e-09
-2.647072943e-09
-2.532949893e-09
-2.429966522e-09
-2.334602628e-09
-2.242190501e-09
-2.149934321e-09
-2.058164971e-09
-1.969806894e-09
-1.888960378e-09
-1.818678439e-09
-1.759398724e-09
-1.709090909e-09
-1.664563498e-09
-1.622929024e-09
-1.582534503e-09
-1.542930152e-09
-1.504624887e-09
-1.467474446e-09
-1.438035554e-09
-1.382889995e-09
-5.546789064e-08
-7.683224047e-08
-2.147214139e-07
-4.573446315e-08
-4.966162294e-08
-7.683641809e-08
-6.40071081e-08
-8.623845642e-08
-4.607331331e-08
-2.821498707e-08
-2.814394347e-08
-4.759702237e-08
-2.946536727e-08
-2.857447249e-08
-6.445120062e-08
-8.166137824e-08
-6.448769071e-08
-5.623229735e-08
-6.560184986e-08
-6.654047566e-08
-7.545483511e-08
-7.6997237e-08
-7.645147199e-08
-5.957618329e-08
-7.936534509e-08
-7.198717322e-08
-8.077252444e-08
-8.9977527e-08
-8.2219041e-08
-1.475314535e-07
-2.138928169e-07
-1.469539755e-07
-7.665683804e-08
-7.387806107e-08
-7.384180111e-08
-7.058931781e-08
-6.890654436e-08
-7.189090408e-08
-7.860553511e-08
-7.589125777e-08
-7.46399474e-08
-6.887437168e-08
-7.124196524e-08
-7.214036053e-08
-2.18911456e-09
-1.035443026e-09
-2.808371391e-10
-2.173920683e-09
-1.025527732e-09
-2.770027574e-10
-2.281287766e-09
-1.083873396e-09
-2.960107128e-10
-2.210327826e-09
-1.044857323e-09
-2.830785151e-10
)
;
    }
    procBoundary3to2
    {
        type            processor;
        value           nonuniform List<scalar> 
103
(
-0.0004912625216
-0.00049176021
-0.006571498701
-0.006533783939
-0.006572191473
-0.006532266214
-0.02512886321
-0.02441711517
-0.02381510014
-0.0233390106
-0.02295070737
-0.02263200755
-0.02236791513
-0.02214788059
-0.02196378978
-0.02180947313
-0.02168010137
-0.02157201632
-0.02148235955
-0.02140888131
-0.02134989351
-0.02130409781
-0.02127051656
-0.02124847333
-0.02123751664
5.242607767e-05
-1.840067196e-06
5.150768295e-05
-1.541176797e-06
-6.829883452e-07
1.612004011e-07
-6.842094782e-07
1.606041838e-07
3.232062874e-05
0.0001259673765
3.197107574e-05
0.0001259406896
1.291360712e-05
1.277416979e-05
5.243260988e-05
-1.840027098e-06
5.152690059e-05
-1.54100147e-06
3.23235733e-05
0.00012597263
3.197958845e-05
0.0001259457471
1.292818369e-05
1.279840597e-05
-3.116639887e-05
-3.131114233e-05
-0.0001299431126
-0.0001299059277
-0.0003033469871
-0.0005457088147
-0.0005456112481
-0.0003031448534
-3.125897434e-05
-3.132541791e-05
-0.0001299432768
-0.0001299104186
-0.0003033564208
-0.0005457280337
-0.0005456232003
-0.0003031614974
-0.0008357776706
-0.0008356980447
-0.001140155704
-0.001140599656
-0.001657885986
-0.001657039264
-0.001679209599
-0.001680738201
-0.006746223474
-0.001658019512
-0.001657123158
-0.001679157522
-0.001680652861
-0.006746223142
-0.001403857519
-0.001552780764
-0.001552323485
-0.001403154936
-0.0008358747954
-0.0008358007756
-0.001140053141
-0.001140449298
-0.001403860871
-0.001552728754
-0.001552233763
-0.001403162568
7.143478227e-06
3.44259136e-06
9.486828418e-07
7.143372749e-06
3.442546439e-06
9.486773209e-07
7.129192528e-06
3.433901989e-06
9.449744541e-07
7.12909107e-06
3.433858354e-06
9.449640225e-07
)
;
    }
}


// ************************************************************************* //
