/*--------------------------------*- C++ -*----------------------------------*\
| =========                 |                                                 |
| \\      /  F ield         | OpenFOAM: The Open Source CFD Toolbox           |
|  \\    /   O peration     | Version:                                        |
|   \\  /    A nd           | Website:  www.openfoam.com                      |
|    \\/     M anipulation  |                                                 |
\*---------------------------------------------------------------------------*/
FoamFile
{
    version     2.0;
    format      ascii;
    class       surfaceScalarField;
    location    "6";
    object      phi;
}
// * * * * * * * * * * * * * * * * * * * * * * * * * * * * * * * * * * * * * //

dimensions      [0 3 -1 0 0 0 0];
oriented        oriented;


internalField   nonuniform List<scalar> 
5191
(
0.02140401335
-4.489798024e-05
0.02144000115
-3.598779714e-05
0.0214674287
-2.742753938e-05
0.02148634555
-1.891685385e-05
0.02149669568
-1.035013866e-05
0.02149829394
-1.598258672e-06
0.02149088251
7.411419547e-06
0.02147420459
1.667791759e-05
0.02144818729
2.601729005e-05
0.02141310744
3.507985128e-05
0.02136994489
4.31625386e-05
0.02132174971
4.819517551e-05
0.02127143836
5.031134655e-05
0.02119226997
7.916838331e-05
0.02108779601
0.0001044739636
0.02097916165
0.0001086343599
0.02087216445
0.0001069972
0.0207684564
0.0001037080435
0.02066875635
9.970004981e-05
0.02057348457
9.527177278e-05
0.0204829087
9.057588312e-05
0.02039719437
8.571433061e-05
0.02031642723
8.07671314e-05
0.02024062367
7.580355669e-05
0.02016974122
7.088244725e-05
0.02010368671
6.605452575e-05
0.02004232575
6.136096707e-05
0.01998549118
5.683457068e-05
0.01993298998
5.250119082e-05
0.01988461054
4.837942835e-05
0.0198401283
4.448223367e-05
0.01979931088
4.081742363e-05
0.01976192293
3.738794806e-05
0.01972772941
3.419352305e-05
0.01969649923
3.123018223e-05
0.01966800753
2.849170297e-05
0.01964203789
2.596964626e-05
0.01961838404
2.365385138e-05
0.01959685023
2.153381444e-05
0.01957725275
1.959747391e-05
0.01955941954
1.78332056e-05
0.01954318999
1.622954986e-05
0.0195284163
1.477368923e-05
0.0195368671
-8.450806185e-06
0.01954687169
-1.000458289e-05
0.01955776742
-1.089572493e-05
0.01956946438
-1.169695935e-05
0.01958188105
-1.241666783e-05
0.01959494351
-1.306245723e-05
0.01960858518
-1.364167254e-05
0.01962274552
-1.416034384e-05
0.01963736966
-1.462414121e-05
0.01965240788
-1.503821988e-05
0.01966781527
-1.540739168e-05
0.0196835511
-1.573582027e-05
0.01969957812
-1.60270241e-05
0.0197159557
-1.637757229e-05
0.01973246053
-1.650482853e-05
0.01974916243
-1.670190081e-05
0.01976603398
-1.687155037e-05
0.01978304851
-1.701452171e-05
0.01980017936
-1.713084874e-05
0.01981739812
-1.721876167e-05
0.01983483555
-1.743742884e-05
0.01985328388
-1.844833402e-05
0.01987051589
-1.723200803e-05
0.01988750358
-1.69876934e-05
0.01990427593
-1.677234588e-05
0.0199206371
-1.636117133e-05
0.01993621159
-1.557449037e-05
0.01995020793
-1.39963433e-05
0.01996089914
-1.069120878e-05
-4.449916475e-06
0.02141770937
-9.049108322e-05
0.02145414391
-7.24223422e-05
0.02148175244
-5.5036072e-05
0.02150057471
-3.773912427e-05
0.02151056055
-2.033598822e-05
0.02151153844
-2.576151169e-06
0.02150330471
1.564513628e-05
0.02148563156
3.435105386e-05
0.02145850026
5.314858246e-05
0.0214224602
7.111990973e-05
0.02138036872
8.525401085e-05
0.02134064843
8.791545754e-05
0.0212865521
0.0001044076702
0.02123067981
0.0001350406761
0.02117444279
0.0001607109805
0.02111219149
0.0001708856542
0.02104597426
0.0001732144212
0.02097812969
0.0001715526142
0.020910257
0.0001675727399
0.02084344089
0.0001620878727
0.02077845723
0.0001555595397
0.02071587422
0.0001482973321
0.02065610337
0.0001405379896
0.02059943195
0.0001324749863
0.02054604362
0.0001242707877
0.02049603815
0.0001160599853
0.02044944509
0.0001079540114
0.02040623813
0.0001000415188
0.02036634593
9.239338626e-05
0.02032966247
8.506290013e-05
0.02029605475
7.808996577e-05
0.02026537095
7.150122292e-05
0.0202374457
6.531320001e-05
0.02021210602
5.95332055e-05
0.0201891753
5.416090195e-05
0.02016847702
4.918998906e-05
0.02014983757
4.460909564e-05
0.02013308841
4.040301141e-05
0.02011806834
3.655388765e-05
0.02010462363
3.304217211e-05
0.02009260947
2.98473664e-05
0.02008189044
2.694858097e-05
0.02007290592
2.375820344e-05
0.02006502317
-5.680495607e-07
0.02005752378
-2.505183795e-06
0.02005087325
-4.245190092e-06
0.02004498259
-5.806303575e-06
0.020039771
-7.205075401e-06
0.02003516586
-8.457323189e-06
0.02003110206
-9.577871443e-06
0.0200276484
-1.070668055e-05
0.02002449156
-1.146730307e-05
0.02002171764
-1.226430226e-05
0.02001928528
-1.297502765e-05
0.02001715733
-1.360786015e-05
0.02001560145
-1.447114011e-05
0.02001616026
-1.693637548e-05
0.02001487207
-1.5216643e-05
0.02001350482
-1.53346427e-05
0.02001231682
-1.568354587e-05
0.02001129366
-1.59913643e-05
0.02001042498
-1.626216407e-05
0.02000988722
-1.668100792e-05
0.02001180998
-1.93601909e-05
0.02002045259
-2.709093471e-05
0.02002084601
-1.762543545e-05
0.02001918505
-1.532673514e-05
0.0200176627
-1.52499984e-05
0.0200165401
-1.523856442e-05
0.02001605768
-1.509207118e-05
0.02001667418
-1.461284578e-05
0.02001898355
-1.300058651e-05
-6.586809127e-06
0.02144515952
-0.0001374769501
0.02148246998
-0.0001097328051
0.02151040365
-8.296974908e-05
0.02152898422
-5.631969206e-05
0.02153817391
-2.952568221e-05
0.02153784082
-2.24305829e-06
0.02152787242
2.56135306e-05
0.02150810993
5.411353624e-05
0.02147872028
8.253823388e-05
0.0214410451
0.0001087950854
0.02139951059
0.0001267885222
0.0213557532
0.0001316728438
0.02129386257
0.000166298292
0.021230542
0.0001983612453
0.02116915336
0.0002220996103
0.02110504331
0.0002349956948
0.02103821058
0.0002400471528
0.02097005807
0.0002397051172
0.02090193144
0.0002356993532
0.02083488889
0.0002291304165
0.02076972709
0.0002207213474
0.02070703496
0.0002109894716
0.02064723606
0.000200336884
0.02059062007
0.000189090961
0.02053736746
0.0001775233811
0.02048756958
0.0001658578588
0.02044124626
0.0001542773337
0.02039835975
0.0001429280406
0.02035882776
0.0001319253911
0.02032253332
0.0001213573527
0.02028933388
0.0001112894047
0.02025906864
0.0001017664552
0.0202315649
9.281693522e-05
0.02020664351
8.445458779e-05
0.02018412263
7.668178528e-05
0.02016382158
6.949105154e-05
0.02014556387
6.286680399e-05
0.02012917875
5.678813318e-05
0.02011450266
5.122997515e-05
0.02010138092
4.616390515e-05
0.02008966819
4.156009409e-05
0.02007922832
3.738845882e-05
0.02007106672
3.191980151e-05
0.0200628081
7.690579319e-06
0.02005547747
4.825449066e-06
0.02004913362
2.098662631e-06
0.02004336867
-4.135622829e-08
0.02003826638
-2.102788626e-06
0.02003375419
-3.945136832e-06
0.02003017404
-5.997724684e-06
0.02002964376
-1.017639223e-05
0.0200267507
-8.574240701e-06
0.0200238477
-9.361299238e-06
0.02002127202
-1.039934734e-05
0.02001931366
-1.164950046e-05
0.02002198918
-1.714665564e-05
0.02003850086
-3.344805552e-05
0.02003989281
-1.660858528e-05
0.02003700777
-1.244960104e-05
0.02003399348
-1.266925436e-05
0.02003112131
-1.311919106e-05
0.02002845396
-1.359481739e-05
0.0200273393
-1.556634106e-05
0.02003541383
-2.743472681e-05
0.02006186614
-5.354324577e-05
0.0200648573
-2.061658924e-05
0.02005720241
-7.6718448e-06
0.02004832539
-6.372988104e-06
0.02003956219
-6.475360744e-06
0.02003108043
-6.61030939e-06
0.02002319176
-6.724184611e-06
0.02001697253
-6.781357442e-06
-6.980769543e-06
0.02148683353
-0.0001866027058
0.02152548848
-0.000148387763
0.02155391122
-0.0001113924827
0.02157209859
-7.450706483e-05
0.02158004498
-3.74720687e-05
0.02157763393
1.679903335e-07
0.02156495226
3.829520245e-05
0.02154205532
7.701047531e-05
0.02151068725
0.0001139063091
0.02147709733
0.000142385002
0.02144359738
0.0001602884685
0.02137945998
0.0001958102426
0.02130698233
0.0002387759379
0.02123836422
0.0002669793525
0.0211707752
0.0002896886153
0.02110216461
0.0003036062831
0.02103241328
0.0003097984797
0.02096226417
0.0003098542242
0.02089268202
0.0003052815053
0.02082455225
0.0002972601819
0.02075859425
0.0002866793408
0.02069535595
0.0002742277675
0.02063523205
0.000260460782
0.02057848609
0.0002458369083
0.02052527283
0.0002307366367
0.02047565813
0.0002154725638
0.0204296372
0.0002002982743
0.02038714921
0.0001854160245
0.02034809021
0.0001709843945
0.02031232371
0.0001571238489
0.02027968998
0.0001439231323
0.02025001336
0.0001314430706
0.02022310843
0.0001197218721
0.02019878505
0.0001087779718
0.0201768532
9.861363976e-05
0.02015712535
8.921890439e-05
0.02013941943
8.057271753e-05
0.020123561
7.264656819e-05
0.02010938347
6.540750022e-05
0.02009673003
5.88173483e-05
0.02008545446
5.28356581e-05
0.02007559336
4.724956502e-05
0.02006798928
3.952387816e-05
0.02006002927
1.565059866e-05
0.0200534634
1.139131923e-05
0.02005087974
4.682322975e-06
0.02004563728
5.201099592e-06
0.0200405676
2.966894237e-06
0.02003649968
1.227775097e-07
0.02003887212
-8.37016087e-06
0.02006061519
-3.191945768e-05
0.02006223127
-1.01903266e-05
0.02005808365
-5.213670609e-06
0.02005397427
-6.289966911e-06
0.02005273198
-1.040720986e-05
0.02006916581
-3.358047471e-05
0.0201249349
-8.921714975e-05
0.02013889236
-3.056603825e-05
0.02013190568
-5.462916837e-06
0.02012220121
-2.964782899e-06
0.02011249129
-3.409268968e-06
0.02010280984
-3.913372618e-06
0.02009184991
-4.606409768e-06
0.02007282565
-8.410466656e-06
0.02003845295
-1.917054595e-05
0.02002404964
-6.213281297e-06
0.02001952622
-3.148425195e-06
0.02001633925
-3.186018781e-06
0.02001324751
-3.383620092e-06
0.02001019076
-3.55356045e-06
0.02000716723
-3.700654984e-06
0.020004195
-3.809129796e-06
-3.970210744e-06
0.02154341489
-0.0002387093055
0.02158394217
-0.0001889150325
0.02161303808
-0.000140488396
0.02163065479
-9.212377215e-05
0.02163680148
-4.361875739e-05
0.02163161159
5.357884528e-06
0.02161518984
5.471695616e-05
0.0215893223
0.0001028780185
0.02156314228
0.0001400863255
0.02153860689
0.0001669203955
0.02147975278
0.0002191425775
0.02139854918
0.000277013835
0.02132389561
0.0003134295101
0.0212501449
0.0003407300586
0.02117618663
0.0003636468842
0.02110199662
0.000377796288
0.0210278636
0.0003839315083
0.02095437206
0.0003833457579
0.02088225205
0.0003774015117
0.02081221258
0.0003672996429
0.02074485531
0.0003540366068
0.02068064572
0.0003384373543
0.02061991434
0.000321192162
0.02056287058
0.000302880664
0.02050962045
0.0002839867713
0.02046018594
0.0002649070661
0.02041452172
0.000245962498
0.0203725305
0.0002274072353
0.02033407603
0.0002094388659
0.02029899323
0.0001922066403
0.02026709755
0.0001758188257
0.02023819208
0.0001603485405
0.02021207348
0.0001458404795
0.02018853715
0.000132314304
0.02016738087
0.0001197699161
0.02014840741
0.0001081923663
0.02013142837
9.755175934e-05
0.02011643198
8.764295643e-05
0.02010291094
7.892853477e-05
0.02009087317
7.085512714e-05
0.02008069843
6.301040071e-05
0.0200753085
5.263949507e-05
0.02006907298
4.575939964e-05
0.02006189264
2.283093819e-05
0.02006280894
1.04750147e-05
0.02008785571
-2.03644417e-05
0.02008871978
4.337027765e-06
0.02008286762
8.819053605e-06
0.02008051698
2.473417059e-06
0.02010234119
-3.019437236e-05
0.02017939096
-0.0001089692286
0.02020092293
-3.172228584e-05
0.02019391008
1.799177267e-06
0.02018305655
4.563564636e-06
0.02016979654
2.852809609e-06
0.02014112712
-4.911051639e-06
0.02007958596
-2.767599334e-05
0.02005345653
-4.436602201e-06
0.02004672173
1.271880536e-06
0.02004285863
8.983167346e-07
0.02003924067
2.086948415e-07
0.02003572705
-3.997468608e-07
0.02003205638
-9.357385014e-07
0.02002528699
-1.641082739e-06
0.02000964314
-3.526688726e-06
0.02000556215
-2.132298079e-06
0.02000464712
-2.233394136e-06
0.02000397036
-2.509260867e-06
0.02000333532
-2.748581732e-06
0.02000273563
-2.953867241e-06
0.02000216647
-3.13149636e-06
0.02000162643
-3.269091569e-06
-3.449599012e-06
0.02161584624
-0.0002947676568
0.02165885792
-0.0002319267002
0.0216888518
-0.0001704822776
0.02170573025
-0.0001090022215
0.02170955058
-4.743908855e-05
0.02170059633
1.431213857e-05
0.02167983517
7.547811503e-05
0.02165387073
0.0001288424564
0.02164266088
0.0001512961807
0.02158669915
0.0002228821192
0.02150246482
0.0003033769089
0.02142374011
0.0003557385459
0.02134537112
0.0003917985038
0.0212647665
0.0004213346792
0.02118372755
0.0004446858233
0.02110309874
0.0004584250972
0.02102352614
0.0004635041043
0.02094564203
0.0004612298587
0.02087007695
0.0004529665874
0.02079740874
0.0004399678419
0.0207281171
0.0004233282417
0.02066256303
0.0004039914219
0.02060098752
0.0003827676681
0.02054352058
0.0003603476036
0.02049019804
0.0003373093094
0.02044097822
0.0003141268868
0.0203957597
0.00029118102
0.02035439516
0.0002687717747
0.02031670496
0.0002471290698
0.02028248581
0.0002264257988
0.0202515214
0.0002067832393
0.02022358725
0.0001882826938
0.02019845689
0.0001709708345
0.02017590817
0.0001548630232
0.02015588882
0.0001397892606
0.02013786053
0.0001262206523
0.02012230218
0.0001131101092
0.02011200784
9.793730274e-05
0.02009985242
9.108396175e-05
0.02008916238
8.154517203e-05
0.02008754399
6.462878781e-05
0.02011393812
2.624536239e-05
0.02011699645
4.270107392e-05
0.02011305814
2.676924402e-05
0.02013829202
-1.475886191e-05
0.02023221534
-0.000114287763
0.02025922126
-2.266889451e-05
0.02025124975
1.679056951e-05
0.020235527
1.819616921e-05
0.02019876163
6.570991081e-06
0.02011599838
-2.620597658e-05
0.02008040163
3.874471232e-06
0.02007141866
1.078215209e-05
0.02006652603
9.456196083e-06
0.02006160324
7.775605144e-06
0.02005084587
5.846316421e-06
0.0200216332
1.536677374e-06
0.0200135557
3.640902623e-06
0.02001178404
3.043545419e-06
0.0200105479
2.134457304e-06
0.02000942428
1.332309032e-06
0.02000839971
6.248316063e-07
0.02000746189
2.077171226e-09
0.02000636688
-5.460735402e-07
0.02000393886
-1.098662845e-06
0.02000324627
-1.439714984e-06
0.02000282054
-1.807664478e-06
0.02000243921
-2.127933147e-06
0.0200020959
-2.405269085e-06
0.02000178553
-2.64349483e-06
0.02000150309
-2.849064811e-06
0.0200012421
-3.008099615e-06
-3.21734994e-06
0.02170536264
-0.0003559243165
0.02175158361
-0.0002781476622
0.02178274566
-0.0002016443234
0.02179868435
-0.0001249409192
0.02179958645
-4.834119002e-05
0.02178633398
2.75646022e-05
0.02176057602
0.0001012360768
0.02173138627
0.0001580321985
0.02169418912
0.0001884933271
0.02161946848
0.0002976027607
0.02153944523
0.0003834001613
0.02145723261
0.0004379511626
0.02137052007
0.0004785110422
0.02128140409
0.0005104506645
0.02119222664
0.0005338632586
0.02110421106
0.0005464406735
0.02101826737
0.0005494477864
0.02093511791
0.0005443793051
0.02085535727
0.000532727225
0.02077946529
0.0005158598173
0.02070780396
0.0004949895697
0.02064061722
0.0004711781498
0.02057803501
0.0004453498771
0.02052008663
0.0004182959801
0.02046671618
0.0003906797581
0.0204178009
0.000363042167
0.02037316612
0.0003358158089
0.02033260192
0.0003093359784
0.02029587349
0.0002838574998
0.02026273034
0.0002595689474
0.02023291741
0.0002365961689
0.02020633872
0.0002148613808
0.0201824189
0.0001948906492
0.02016157638
0.0001757055426
0.02014650093
0.0001548647097
0.02013068618
0.0001420354071
0.0201238814
0.0001199148898
0.02014505671
7.676199626e-05
0.02014274725
9.339343219e-05
0.02013798831
8.630411604e-05
0.02016541925
3.719784955e-05
0.02027365447
-8.198986029e-05
0.02031138084
4.9746981e-06
0.0202980668
4.008328435e-05
0.02025384577
2.946216715e-05
0.02015246166
-1.290364539e-05
0.02010821758
2.157518648e-05
0.02009671108
2.829706916e-05
0.02008979799
2.510925782e-05
0.0200753188
2.105018142e-05
0.02003527284
1.383998567e-05
0.02002362908
1.55182343e-05
0.02002071585
1.369538856e-05
0.02001861805
1.155399143e-05
0.02001673614
9.65752524e-06
0.02001460352
7.978933467e-06
0.02000978909
6.351113201e-06
0.02000823961
5.190383188e-06
0.02000725236
4.0307989e-06
0.02000637989
3.006921604e-06
0.02000560856
2.103641457e-06
0.02000492602
1.307377377e-06
0.02000432168
6.064171708e-07
0.02000378556
-9.950572597e-09
0.02000323784
-5.50950525e-07
0.02000282274
-1.024615395e-06
0.02000245337
-1.438289563e-06
0.02000212332
-1.797885134e-06
0.02000182734
-2.109290531e-06
0.02000156034
-2.376498569e-06
0.02000131832
-2.607046978e-06
0.0200010954
-2.785178802e-06
-3.019853886e-06
0.02181358443
-0.0004235465234
0.02186387808
-0.0003284413115
0.02189653219
-0.0002342984336
0.02191144609
-0.0001398548304
0.02191029867
-4.719377325e-05
0.02189726118
4.060208723e-05
0.02187689433
0.000121602926
0.02185943244
0.0001754940839
0.02177380315
0.0002741226077
0.02167806325
0.0003933426584
0.02158925029
0.0004722131163
0.02149614371
0.0005310577458
0.02139858975
0.000576065006
0.02129927727
0.0006097631419
0.02120063807
0.0006325024578
0.02110415387
0.0006429248694
0.02101091837
0.0006426832803
0.02092172542
0.000633572257
0.0208371418
0.0006173108398
0.02075755547
0.0005954461366
0.02068320602
0.0005693390255
0.02061420392
0.0005401802401
0.02055054915
0.0005090046425
0.0204921476
0.0004766975218
0.02043883234
0.0004439950228
0.02039038028
0.0004114942262
0.02034652802
0.0003796680704
0.0203069909
0.0003488730929
0.0202716253
0.0003192230978
0.02023981102
0.0002913832309
0.02021189535
0.0002645118379
0.02019045004
0.0002363066831
0.02016903704
0.0002163036502
0.02015716063
0.0001875819509
0.02017364361
0.0001383817301
0.0201716645
0.0001440145226
0.0201944308
9.714859742e-05
0.0202965869
-2.539410492e-05
0.02033228101
5.769933367e-05
0.02032652778
9.205734757e-05
0.02028792584
7.579978225e-05
0.02018257303
2.336295524e-05
0.02013459438
5.295334529e-05
0.02011979205
5.488561411e-05
0.02010114802
4.810619408e-05
0.02005135405
3.689033134e-05
0.02003613346
3.67957689e-05
0.02003174985
3.268068413e-05
0.02002848287
2.837623978e-05
0.02002497857
2.455448548e-05
0.02001785098
2.096757638e-05
0.02001520096
1.816825536e-05
0.02001338954
1.55068098e-05
0.02001179326
1.315027362e-05
0.02001038652
1.106426975e-05
0.02000914624
9.219213506e-06
0.02000790959
7.587764704e-06
0.02000695357
6.146406568e-06
0.02000611095
4.873423019e-06
0.02000536805
3.74981484e-06
0.02000471274
2.758962317e-06
0.02000413439
1.885729347e-06
0.02000362338
1.117419655e-06
0.0200031714
4.420369366e-07
0.02000277108
-1.506321586e-07
0.02000241584
-6.69377173e-07
0.02000209976
-1.12221186e-06
0.02000181757
-1.515692699e-06
0.02000156464
-1.856364298e-06
0.02000133658
-2.148437945e-06
0.02000113005
-2.400524576e-06
0.02000093981
-2.594934735e-06
-2.851465446e-06
0.02194258266
-0.0004992759181
0.02199797923
-0.000383837911
0.02203262286
-0.0002689420626
0.02204800823
-0.000155240205
0.02205360794
-5.279348598e-05
0.02205570147
3.850854705e-05
0.02204476812
0.0001325362776
0.02196242017
0.0002578420244
0.0218465093
0.0003900334737
0.02174722848
0.000492623481
0.02164638848
0.0005730531174
0.0215394811
0.0006379651265
0.02142883241
0.0006867136944
0.02131741818
0.0007211773719
0.02120779854
0.0007421220982
0.02110165172
0.0007490716951
0.02100019329
0.0007441417155
0.02090424645
0.0007295190853
0.02081432476
0.0007072325346
0.02073070476
0.0006790661269
0.02065348185
0.0006465619405
0.02058261111
0.0006110509764
0.02051793661
0.0005736791397
0.02045921695
0.0005354171792
0.02040615517
0.0004970567975
0.02035856394
0.0004590854487
0.02031576734
0.0004224646692
0.02027802977
0.0003866106523
0.02024778929
0.0003494635811
0.02021863571
0.0003205368073
0.02019982292
0.0002833246345
0.0202098144
0.0002263151989
0.020202451
0.0002236670495
0.02022024795
0.0001697850052
0.02031701403
4.161565504e-05
0.02034491676
0.0001161117913
0.02030885334
0.0001332120184
0.02020268247
8.077677521e-05
0.0201532293
0.0001071525068
0.02013908786
0.0001061987875
0.02012051742
9.437021923e-05
0.02006597704
7.790333491e-05
0.02004863689
7.029349974e-05
0.02004268011
6.084238938e-05
0.02003742013
5.336617546e-05
0.02002783876
4.647169736e-05
0.02002382523
4.080930403e-05
0.02002094567
3.556024319e-05
0.0200184191
3.090281683e-05
0.02001620085
2.677273126e-05
0.02001405555
2.311288642e-05
0.02001235202
1.987178662e-05
0.0200108557
1.700313241e-05
0.02000954082
1.446514924e-05
0.02000838473
1.222036661e-05
0.02000736813
1.023580746e-05
0.02000647366
8.482244083e-06
0.02000568662
6.933444963e-06
0.02000499402
5.566027453e-06
0.02000438399
4.359847839e-06
0.02000384653
3.296423896e-06
0.02000337266
2.359600686e-06
0.02000295466
1.535417348e-06
0.02000258541
8.1129231e-07
0.0200022585
1.762724751e-07
0.02000196877
-3.796493242e-07
0.02000171118
-8.64623652e-07
0.0200014815
-1.286013116e-06
0.02000127585
-1.650716185e-06
0.0200010906
-1.963184632e-06
0.02000092294
-2.232865639e-06
0.02000076871
-2.440709775e-06
-2.715282705e-06
0.0220948776
-0.0005851035967
0.02215664738
-0.0004456077131
0.02219436112
-0.0003066558186
0.02221360158
-0.0001744806659
0.0222276843
-6.687620485e-05
0.02220384323
6.234961902e-05
0.02214424124
0.0001921382665
0.02204232262
0.0003597606451
0.0219372726
0.0004950834842
0.02182799726
0.0006018988223
0.02171017948
0.0006908708945
0.02158647474
0.0007616698678
0.02146017175
0.000813016681
0.02133451622
0.0008468328949
0.02121223158
0.0008644067343
0.02109515041
0.0008661528735
0.02098454874
0.0008547433787
0.02088122037
0.0008328474487
0.02078557493
0.0008028779751
0.02069773489
0.0007669061507
0.02061761361
0.0007266832262
0.0205449777
0.000683686883
0.02047963635
0.0006390204911
0.02042086731
0.000594186212
0.02036885251
0.0005490715955
0.02032589274
0.0005020452117
0.02028552881
0.0004628285943
0.02025678519
0.0004153542733
0.02025777563
0.0003484731439
0.02024277325
0.0003355391818
0.02025372753
0.000272370354
0.02034392024
0.0001361224987
0.02036675128
0.0002008360086
0.02032709867
0.0002094376203
0.02021899996
0.0001497143647
0.0201664121
0.0001686996469
0.02013921666
0.0001604074673
0.0200823024
0.0001376910344
0.02006204956
0.0001274053524
0.02005433412
0.0001139142339
0.02004758371
0.0001011206265
0.02003605987
8.942717496e-05
0.0200315938
7.475956982e-05
0.02002762953
6.480665856e-05
0.02002418164
5.681406081e-05
0.02002093716
4.971618221e-05
0.02001832791
4.341855593e-05
0.02001605234
3.783581619e-05
0.02001406586
3.288929452e-05
0.02001232976
2.850883538e-05
0.02001081118
2.46314667e-05
0.0200094819
2.12010714e-05
0.02000831764
1.816738968e-05
0.02000729745
1.548534718e-05
0.02000640282
1.311499952e-05
0.02000561796
1.102066483e-05
0.02000492911
9.171093789e-06
0.02000432436
7.538197318e-06
0.02000379301
6.097379353e-06
0.02000332626
4.82660148e-06
0.02000291582
3.706866085e-06
0.02000255459
2.720834472e-06
0.02000223633
1.85367877e-06
0.02000195575
1.091868149e-06
0.02000170783
4.241976579e-07
0.02000148839
-1.602154453e-07
0.02000129368
-6.6991794e-07
0.0200011204
-1.112730884e-06
0.02000096555
-1.495867831e-06
0.02000082641
-1.824042717e-06
0.02000070073
-2.107185499e-06
0.0200005854
-2.325383117e-06
-2.613551442e-06
0.02227365552
-0.000683439807
0.02234331761
-0.0005152698191
0.02238497293
-0.0003483111424
0.02240604142
-0.0001955491608
0.02240618049
-6.701527676e-05
0.02238097573
8.755438142e-05
0.02228033414
0.0002927798568
0.02216729716
0.0004727976317
0.02204892492
0.0006134557155
0.02191900368
0.0007318200581
0.02177998327
0.0008298913
0.02163607512
0.00090557801
0.02149117805
0.000957913748
0.02134888702
0.0009891239153
0.02121210871
0.001001185048
0.02108278025
0.0009954813312
0.02096220019
0.0009753234464
0.02085098024
0.0009440673893
0.02074938799
0.0009044702229
0.02065732731
0.0008589668193
0.0205744744
0.000809536129
0.02050083951
0.0007573217717
0.0204386445
0.0007012154969
0.02038125294
0.0006515777678
0.02033753256
0.0005927919755
0.02032533174
0.0005142460284
0.02029888758
0.0004892727523
0.02029986777
0.0004143740842
0.02038142162
0.0002669192934
0.02039686439
0.0003200964119
0.02035144922
0.0003177855247
0.02023950061
0.0002480711131
0.02018302711
0.0002573095073
0.02015239691
0.0002400678207
0.02009296792
0.0002091433592
0.02007042106
0.0001912465089
0.02006000696
0.0001708215655
0.02004624099
0.0001514570104
0.02003902146
0.0001346248909
0.02003358079
0.0001193549018
0.02002894824
0.0001057531806
0.02002476461
9.361079935e-05
0.02002228793
7.723624771e-05
0.02001933966
6.775492851e-05
0.02001680356
5.935015986e-05
0.0200146168
5.190294918e-05
0.02001272741
4.530794568e-05
0.02001109257
3.947066352e-05
0.02000967556
3.430630618e-05
0.02000844531
2.973908203e-05
0.02000737587
2.570091334e-05
0.02000644502
2.213192552e-05
0.02000563405
1.897835662e-05
0.02000492694
1.619245354e-05
0.02000430974
1.373220307e-05
0.02000377066
1.155975161e-05
0.02000329957
9.642182889e-06
0.02000288764
7.950123034e-06
0.02000252712
6.457906537e-06
0.02000221143
5.142297313e-06
0.02000193485
3.983439958e-06
0.02000169234
2.963349224e-06
0.02000147947
2.066548107e-06
0.02000129229
1.279048741e-06
0.02000112765
5.888433034e-07
0.02000098233
-1.489534943e-08
0.02000085401
-5.415986398e-07
0.02000074036
-9.990892361e-07
0.02000063903
-1.39453886e-06
0.02000054853
-1.733545686e-06
0.02000046701
-2.025667485e-06
0.02000039247
-2.250841489e-06
-2.54831237e-06
0.02248303369
-0.0007972360018
0.02256328062
-0.00059551675
0.02261613723
-0.0004011677572
0.02265463055
-0.0002340424816
0.02262596256
-3.834728926e-05
0.02255343437
0.0001600825758
0.02244291153
0.000403302699
0.0223177342
0.0005979749535
0.02217582012
0.0007553697985
0.02201973133
0.0008879088324
0.02185496532
0.0009946573184
0.02168683393
0.0010737094
0.02151997511
0.001124772562
0.02135843777
0.001150661257
0.02120522344
0.001154399372
0.02106246145
0.001138243326
0.02093195179
0.001105833107
0.02081260908
0.001063410098
0.02070505599
0.001012023313
0.02060900441
0.0009550183896
0.02052431236
0.0008942281754
0.02045689513
0.000824738999
0.02042411209
0.0007339985301
0.0203796337
0.0006960561628
0.02036492382
0.0006075018453
0.02043268551
0.0004464843369
0.02043640058
0.0004855576873
0.02038187104
0.0004689036184
0.02026733276
0.0003814575765
0.02020493232
0.0003824968461
0.02016878282
0.000353935026
0.02010504824
0.0003118056958
0.02007887847
0.0002834792735
0.02006553291
0.0002534133864
0.02004950266
0.0002251736117
0.02004053465
0.0002002145173
0.02003380049
0.0001775557378
0.02002797583
0.0001572816666
0.02002339784
0.0001392028893
0.02001962093
0.0001231318064
0.02001649601
0.0001088781094
0.02001498267
9.512413253e-05
0.02001275991
7.945900367e-05
0.02001089459
6.962025095e-05
0.0200093237
6.092105671e-05
0.0200079957
5.323094483e-05
0.0200068696
4.643405498e-05
0.02000591202
4.042824417e-05
0.02000509557
3.51227608e-05
0.02000439781
3.043684775e-05
0.02000379997
2.629875495e-05
0.02000328677
2.264512558e-05
0.02000284544
1.941967838e-05
0.02000246533
1.657257175e-05
0.02000213763
1.405990248e-05
0.02000185467
1.184270771e-05
0.02000161016
9.886697894e-06
0.02000139855
8.16173433e-06
0.02000121551
6.64095279e-06
0.02000105677
5.301040494e-06
0.02000091914
4.121073823e-06
0.0200007996
3.082881699e-06
0.02000069588
2.170278058e-06
0.02000060581
1.369117367e-06
0.02000052742
6.672256274e-07
0.02000045906
5.346531126e-08
0.02000039955
-4.820908671e-07
0.0200003474
-9.469333279e-07
0.02000030169
-1.348837165e-06
0.02000026134
-1.693193058e-06
0.02000022561
-1.989938724e-06
0.02000019335
-2.218582924e-06
-2.520606541e-06
0.02272800485
-0.000929984802
0.02282125493
-0.0006887668301
0.02288329167
-0.0004632044946
0.02291090071
-0.0002616515215
0.02289537751
-2.282408816e-05
0.02278002664
0.0002754334377
0.02264371209
0.0005396172542
0.02249124889
0.0007504381383
0.02231803504
0.0009285836646
0.02212976198
0.00107618188
0.02193380602
0.00119061328
0.02173670167
0.001270813753
0.02154416446
0.001317309777
0.02136139671
0.001333429004
0.02118997346
0.001325822616
0.02103417324
0.001294043549
0.02089878371
0.001241222629
0.02077274579
0.001189448026
0.02065953995
0.001125229146
0.02056014532
0.001054413014
0.02047719102
0.0009771824742
0.02043249692
0.0008694330997
0.02046990346
0.0006965919937
0.02045317271
0.0007127869033
0.0203860191
0.0006746554503
0.02025356753
0.0005789359066
0.02017967434
0.000559450871
0.02014360469
0.0005049732612
0.02011094144
0.000414120829
0.02008854401
0.0004048942681
0.02007104993
0.0003714291166
0.02005125376
0.0003316018592
0.02003937881
0.0002953542348
0.02003047473
0.0002623174623
0.02002310848
0.0002325398653
0.0200175169
0.0002058061025
0.02001316231
0.0001819103317
0.0200098042
0.000160639775
0.02000723238
0.000141774717
0.02000527156
0.0001250926243
0.02000377909
0.0001103705747
0.02000379466
9.510856765e-05
0.02000286577
8.038788839e-05
0.02000214878
7.033724925e-05
0.02000159505
6.147478125e-05
0.02000116802
5.365798697e-05
0.02000083936
4.676271443e-05
0.02000058731
4.06803003e-05
0.02000039469
3.531538283e-05
0.02000024825
3.058328986e-05
0.02000013771
2.640929457e-05
0.02000005507
2.272776966e-05
0.01999999433
1.948041512e-05
0.01999995047
1.661642728e-05
0.0199999199
1.409048168e-05
0.01999989949
1.186311814e-05
0.01999988697
9.899218745e-06
0.01999988047
8.168233115e-06
0.01999987863
6.642793525e-06
0.01999988021
5.299463523e-06
0.01999988453
4.116761544e-06
0.01999989079
3.076621608e-06
0.01999989856
2.162503355e-06
0.01999990723
1.360447248e-06
0.01999991681
6.576522949e-07
0.0199999269
4.337672882e-08
0.01999993724
-4.924386473e-07
0.01999994797
-9.576651485e-07
0.01999995877
-1.359635285e-06
0.01999996953
-1.703957843e-06
0.01999998028
-2.000688709e-06
0.01999999083
-2.229133349e-06
-2.531177779e-06
0.02301612706
-0.001086911197
0.02313322507
-0.0008058648363
0.02322508661
-0.0005550660344
0.02322300929
-0.000259574215
0.02315572713
4.445807031e-05
0.02303039092
0.0004007696316
0.02287517614
0.0006948320432
0.02268847686
0.0009371374159
0.02247624458
0.001140815952
0.02224847765
0.001303948807
0.02201570173
0.001423389199
0.0217842449
0.001502270582
0.02156347275
0.001538081938
0.02136268718
0.001534214574
0.02117332101
0.001515188775
0.02100699379
0.001460370769
0.02087179327
0.001376423146
0.02074316853
0.001318072766
0.02062536414
0.001243033531
0.02052305535
0.001156721807
0.02043380517
0.001066432651
0.02033082599
0.0009724122728
0.02017438865
0.0008530293349
0.02008866072
0.0007985148306
0.02006110282
0.00070221334
0.01998477165
0.0006552670707
0.0199467192
0.0005975033195
0.01995142375
0.0005002687084
0.02001389052
0.0003516540479
0.02003151787
0.0003872669219
0.0200234964
0.0003794505895
0.02001352361
0.0003415746543
0.02000594218
0.0003029356655
0.02000030744
0.0002679522116
0.01999626967
0.0002365776336
0.01999352023
0.0002085555466
0.01999178766
0.0001836429078
0.01999083022
0.0001615972162
0.01999043733
0.0001421676103
0.01999043538
0.0001250945745
0.01999068921
0.0001101167454
0.01999231556
9.348221524e-05
0.01999274884
7.995460949e-05
0.01999323153
6.985455927e-05
0.01999373431
6.097200854e-05
0.01999423775
5.315454624e-05
0.01999472919
4.627127403e-05
0.01999519999
4.020950935e-05
0.01999564475
3.48706216e-05
0.0199960605
3.016754164e-05
0.01999644571
2.602408538e-05
0.01999680036
2.237311733e-05
0.01999712513
1.915564485e-05
0.01999742163
1.631992635e-05
0.01999769117
1.382094256e-05
0.0199979358
1.161849562e-05
0.01999815722
9.677798121e-06
0.01999835737
7.968092014e-06
0.01999853794
6.462223106e-06
0.019998701
5.136408681e-06
0.01999884781
3.969947706e-06
0.01999898036
2.944074237e-06
0.01999909981
2.0430599e-06
0.01999920789
1.252362276e-06
0.01999930552
5.600177387e-07
0.01999939421
-4.531066645e-08
0.01999947474
-5.729668394e-07
0.01999954817
-1.031098195e-06
0.01999961546
-1.42692747e-06
0.01999967741
-1.765911536e-06
0.01999973469
-2.057970705e-06
0.0199997883
-2.282737136e-06
-2.579961764e-06
0.02335456484
-0.001273113849
0.02349455302
-0.0009458530124
0.02358193758
-0.0006424506011
0.02360442725
-0.0002820638919
0.02349081749
0.0001580678386
0.02333542232
0.0005561647907
0.02314377257
0.0008864817758
0.02291221309
0.001168696907
0.02265263812
0.001400390911
0.02237835513
0.001578231808
0.02210786836
0.001693875957
0.02183772861
0.001772410322
0.02158748191
0.001788328635
0.02137088214
0.001750814341
0.02116304046
0.001723030467
0.02096987119
0.001653540047
0.0208018343
0.001544460037
0.0206573281
0.001462578971
0.02053474026
0.001365621367
0.02043598
0.001255482051
0.02036772637
0.00113468628
0.02029088681
0.001049251823
0.02019598057
0.0009479355736
0.0201677063
0.0008267890875
0.02021834859
0.0006515710487
0.02021660944
0.0006570062177
0.02019120875
0.0006229040015
0.02014096857
0.0005505088868
0.02003882102
0.0004538015948
0.01999333896
0.0004327489843
0.01998038456
0.0003924049941
0.01997444084
0.0003475183839
0.01997078397
0.0003065925306
0.01996879192
0.0002699442713
0.01996812741
0.0002372421455
0.01996849375
0.0002081892013
0.01996962292
0.000182513743
0.01997127173
0.0001599484077
0.01997322805
0.0001402112931
0.01997532032
0.0001230023032
0.01997742268
0.0001080143844
0.01998072589
9.017901372e-05
0.01998257161
7.810888949e-05
0.0199842874
6.813876609e-05
0.0199858682
5.939121443e-05
0.01998731628
5.170647172e-05
0.0199886368
4.495075909e-05
0.01998983643
3.900987761e-05
0.01999092229
3.3784759e-05
0.01999190198
2.918786208e-05
0.01999278352
2.514253816e-05
0.01999357504
2.158160346e-05
0.01999428451
1.844617015e-05
0.01999491971
1.568472659e-05
0.01999548792
1.325273511e-05
0.01999599568
1.111073711e-05
0.0199964492
9.224287281e-06
0.01999685396
7.563335369e-06
0.01999721528
6.10090643e-06
0.01999753772
4.813966571e-06
0.01999782563
3.682035043e-06
0.01999808276
2.686947816e-06
0.01999831288
1.812944947e-06
0.01999851871
1.046531696e-06
0.01999870332
3.754089422e-07
0.01999886944
-2.114348331e-07
0.01999901916
-7.226886992e-07
0.01999915454
-1.166473041e-06
0.01999927752
-1.549909445e-06
0.01999938981
-1.878208098e-06
0.01999949294
-2.161096629e-06
0.01999958885
-2.378650809e-06
-2.666379463e-06
0.02376529421
-0.001504492984
0.02395642168
-0.001136980506
0.02401872755
-0.0007047564761
0.02398773834
-0.0002510746892
0.02386905275
0.0002767534214
0.02369220431
0.0007330132368
0.02345593726
0.001122748816
0.0231699335
0.001454700688
0.02285969536
0.001710629013
0.02253359696
0.001904330203
0.02222179915
0.002005673763
0.02190597355
0.002088235921
0.02160227964
0.002092022547
0.02132915794
0.002023936043
0.02109047744
0.001961710969
0.02089450456
0.001849512933
0.02075109749
0.001687867102
0.02063713473
0.001576541736
0.0205220281
0.001480727984
0.02044018691
0.001337323237
0.0204168454
0.001158027779
0.02036911212
0.001096985098
0.02030644755
0.001010600133
0.02023228651
0.0009009501234
0.02011419319
0.0007696643728
0.02005350793
0.0007176914745
0.02002852757
0.0006478843543
0.02000428375
0.000574752705
0.01995441803
0.0005036673213
0.01993818742
0.0004489795987
0.01993431089
0.0003962815204
0.01993329001
0.0003485392635
0.0199339647
0.0003059178489
0.01993596169
0.0002679472754
0.01993897437
0.0002342294737
0.01994272667
0.000204436898
0.01994695561
0.0001782848017
0.01995141287
0.0001554911483
0.01995587992
0.0001357442495
0.01996018534
0.0001186968836
0.01996493421
0.0001032655199
0.01996923627
8.587695697e-05
0.01997251788
7.482728073e-05
0.0199754753
6.518134827e-05
0.01997813414
5.673238075e-05
0.01998052229
4.931831757e-05
0.01998266583
4.280722233e-05
0.01998458714
3.708857566e-05
0.01998630652
3.206537604e-05
0.01998784253
2.765185226e-05
0.01998921253
2.377254128e-05
0.01999043327
2.036085877e-05
0.01999152012
1.735932463e-05
0.01999248689
1.471796236e-05
0.0199933468
1.239281856e-05
0.01999411127
1.034627575e-05
0.01999479081
8.544751031e-06
0.019995395
6.959148507e-06
0.01999593196
5.563947232e-06
0.01999640945
4.336472465e-06
0.01999683437
3.257121718e-06
0.01999721269
2.308630246e-06
0.01999754975
1.475881464e-06
0.01999785074
7.455453711e-07
0.01999811991
1.062397238e-07
0.0199983611
-4.526297114e-07
0.01999857784
-9.394251049e-07
0.01999877327
-1.361910441e-06
0.01999895023
-1.726871353e-06
0.01999911142
-2.039390639e-06
0.01999925876
-2.30843878e-06
0.01999939565
-2.515547889e-06
-2.789242502e-06
0.02424398918
-0.001777991696
0.0244426055
-0.001335596846
0.02455191535
-0.0008140663213
0.02447994511
-0.0001791044688
0.02433644289
0.0004202556606
0.02412060416
0.0009488519564
0.02383543836
0.001407914596
0.02348590716
0.001804231892
0.02311172092
0.002084815272
0.0226999354
0.002316115726
0.02228913318
0.002416475976
0.02190599491
0.002471374193
0.02157123324
0.002426784211
0.02130247816
0.002292691109
0.02107563692
0.002188552192
0.02084949166
0.002075658186
0.02065262454
0.001884734229
0.02055048345
0.00167868282
0.02044449716
0.001586714268
0.02032700316
0.001454817235
0.02019330224
0.001291728701
0.02010991658
0.001180370745
0.0200578947
0.001062622016
0.02001104251
0.0009478023062
0.01994293112
0.0008377757584
0.01991353483
0.0007470877625
0.01990045962
0.0006609595619
0.0198926057
0.0005826066246
0.01988418952
0.0005120835101
0.01988356729
0.0004496018254
0.01988599198
0.0003938568305
0.01989014927
0.0003443819751
0.01989558249
0.0003004846252
0.01990195847
0.0002615712957
0.01990900595
0.0002271819969
0.01991646606
0.0001969767862
0.01992407167
0.0001706791909
0.01993155876
0.0001480040685
0.01993869582
0.0001286071919
0.01994531435
0.0001120783502
0.01995276867
9.581120384e-05
0.01995806572
8.057991115e-05
0.01996277508
7.011792751e-05
0.0199669548
6.100163499e-05
0.01997066871
5.301847182e-05
0.01997397456
4.601246625e-05
0.01997691966
3.986212391e-05
0.01997954283
3.446540687e-05
0.01998187721
2.973099965e-05
0.0199839518
2.55772608e-05
0.01998579397
2.193037325e-05
0.01998742824
1.872659139e-05
0.01998887771
1.590985267e-05
0.01999016311
1.343256755e-05
0.0199913027
1.125322323e-05
0.01999231319
9.335794853e-06
0.01999320925
7.648694269e-06
0.01999400376
6.164632532e-06
0.0199947088
4.858918673e-06
0.01999533442
3.710850836e-06
0.01999589008
2.701462645e-06
0.01999638391
1.814798867e-06
0.01999682335
1.036443865e-06
0.01999721489
3.540054319e-07
0.0199975645
-2.433708195e-07
0.01999787721
-7.653397597e-07
0.01999815777
-1.219980272e-06
0.0199984103
-1.614449765e-06
0.01999863876
-1.955332038e-06
0.01999884628
-2.246909271e-06
0.01999903599
-2.498149801e-06
0.01999921178
-2.691338545e-06
-2.946771429e-06
0.02485966782
-0.002124630464
0.02504063345
-0.001516562489
0.02510255905
-0.0008759919206
0.0250501842
-0.0001267296096
0.02490944319
0.0005609966517
0.02465271484
0.001205580303
0.02430608534
0.001754544103
0.02385037655
0.002259940664
0.02334366634
0.002591525467
0.02284276926
0.002817012809
0.02239135334
0.002867891892
0.02197897412
0.002883753408
0.0215725461
0.002833212224
0.02121464677
0.002650590429
0.02098214139
0.002421057574
0.02076005105
0.002297748518
0.02053108209
0.002113703194
0.02031525104
0.001894513873
0.02017371045
0.001728254848
0.02007291678
0.001555610901
0.01997738586
0.001387259616
0.01991900195
0.001238754658
0.01988072679
0.001100897167
0.01985337979
0.0009751493076
0.01983031473
0.0008608408221
0.01981944919
0.0007579532954
0.01981525981
0.0006651489436
0.01981576199
0.0005821044465
0.01981959998
0.0005082455151
0.01982629213
0.0004429096694
0.01983484715
0.0003853018155
0.01984469554
0.0003345335843
0.01985542956
0.0002897506067
0.01986674556
0.0002502552874
0.01987837141
0.000215556153
0.0198900187
0.0001853294912
0.01990137815
0.0001593197447
0.01991215164
0.0001372305842
0.01992210011
0.0001186587285
0.01993107973
0.0001030987286
0.019940535
8.635594396e-05
0.01994746601
7.364890642e-05
0.01995354695
6.403698821e-05
0.01995889414
5.565444405e-05
0.01996361429
4.829833042e-05
0.01996779514
4.183161491e-05
0.01997150452
3.615274583e-05
0.01997479602
3.117390858e-05
0.01997771412
2.681289102e-05
0.01998029872
2.299266647e-05
0.01998258629
1.964280535e-05
0.01998461048
1.670239822e-05
0.01998640147
1.411887052e-05
0.01998798624
1.184779293e-05
0.01998938873
9.850735967e-06
0.01999063028
8.094249913e-06
0.0199917294
6.549580994e-06
0.01999270286
5.191171752e-06
0.01999356527
3.996507126e-06
0.01999432978
2.946346392e-06
0.01999500785
2.023396183e-06
0.01999560995
1.21270216e-06
0.01999614507
5.013239641e-07
0.01999662136
-1.22285966e-07
0.0199970462
-6.68206711e-07
0.01999742581
-1.144957582e-06
0.01999776597
-1.560136631e-06
0.0199980719
-1.920384326e-06
0.01999834822
-2.231655877e-06
0.01999859906
-2.497749733e-06
0.01999882811
-2.727192573e-06
0.01999904016
-2.903398507e-06
-3.136621058e-06
0.02549833974
-0.002521516269
0.02577345487
-0.001791677628
0.02583534246
-0.0009378795334
0.02579941045
-9.079758167e-05
0.025649369
0.0007110381042
0.02529757558
0.001557373723
0.02479885787
0.002253261809
0.02422035635
0.002838442176
0.02362551434
0.003186367468
0.0230203441
0.003422183043
0.02241270527
0.003475530715
0.02194243272
0.003354025959
0.02149913589
0.003276509047
0.02107506917
0.003074657145
0.02069646598
0.002799660762
0.02042984831
0.002564366187
0.02023109468
0.002312456821
0.02006157524
0.002064033309
0.01994961277
0.001840217319
0.01987176517
0.001633458504
0.01981306242
0.001445962365
0.01977428625
0.001277530825
0.01974907885
0.001126104573
0.01973412295
0.0009901052057
0.01972699265
0.0008679711253
0.01972648508
0.0007584608561
0.01973100285
0.0006606311682
0.01973940787
0.0005736994305
0.01975075032
0.0004969030596
0.01976427092
0.0004293890627
0.01977938654
0.0003701861882
0.01979563811
0.0003182820194
0.01981262524
0.0002727634748
0.01982994603
0.0002329344894
0.01984716467
0.000198337522
0.01986382344
0.0001686707194
0.01987949365
0.0001436495381
0.01989384079
0.0001228834526
0.01990667187
0.0001058276564
0.01991799031
9.178028915e-05
0.01992926925
7.507700405e-05
0.01993769768
6.522048101e-05
0.0199450316
5.670307335e-05
0.01995145132
4.923472596e-05
0.01995710359
4.264606465e-05
0.0199620989
3.683630529e-05
0.01996652
3.173164302e-05
0.0199704321
2.726180466e-05
0.01997389057
2.335442915e-05
0.01997694588
1.993734926e-05
0.01997964405
1.694464253e-05
0.01998202703
1.431941739e-05
0.01998413211
1.201379526e-05
0.01998599233
9.987570676e-06
0.01998763672
8.206350518e-06
0.01998909048
6.640491655e-06
0.01999037632
5.263746097e-06
0.01999151384
4.05364974e-06
0.01999252069
2.989667475e-06
0.01999341246
2.054579802e-06
0.01999420268
1.233174035e-06
0.01999490372
5.116620954e-07
0.01999552636
-1.213080661e-07
0.01999608014
-6.760714566e-07
0.01999657348
-1.161550062e-06
0.01999701406
-1.585529545e-06
0.01999740859
-1.954674963e-06
0.01999776324
-2.275034442e-06
0.01999808311
-2.551525323e-06
0.01999837365
-2.788290049e-06
0.01999863834
-2.991884988e-06
0.01999888365
-3.148706216e-06
-3.355815063e-06
0.02624895349
-0.0006323496744
-0.0006324583181
0.02647938955
-0.0005753955475
-0.0004360035102
-0.0005746597788
-0.0004360548375
0.02649191832
-0.0009504082967
0.02648478818
-8.366745245e-05
0.02623788205
0.0009579442527
0.02581894878
0.00197630698
0.02526544061
0.002806769982
0.02457407764
0.00352980515
0.02377951268
0.003980932431
0.02307130619
0.004130389525
0.02233766977
0.00420916714
0.02164333492
0.004048360797
0.0211086094
0.00381123456
0.02069269539
0.003490571146
0.02035177322
0.003140582929
0.02011269925
0.002803440167
0.01994224772
0.002482908359
0.0198175022
0.002188778825
0.01973309629
0.001924623233
0.01967700621
0.001689548581
0.01964139771
0.001481570863
0.01962113179
0.001297796749
0.01961202434
0.001135212014
0.01961111463
0.000991014912
0.01961625227
0.0008628334857
0.01962591089
0.0007488022377
0.01963905371
0.0006474883351
0.01965502268
0.0005577304585
0.01967344037
0.0004784853598
0.0196940832
0.0004087462283
0.019716718
0.0003475513847
0.01974094921
0.0002940508086
0.01976614025
0.0002475724391
0.01979144634
0.0002076283989
0.01981594386
0.000173840004
0.01983880094
0.0001458136415
0.01985942299
0.0001230274945
0.01987752472
0.0001047817314
0.01989311566
9.023671608e-05
0.01990804973
7.684623198e-05
0.01991931598
6.381075541e-05
0.01992899804
5.553842301e-05
0.01993740284
4.829827173e-05
0.0199447658
4.187177194e-05
0.01995125525
3.61566151e-05
0.01995698935
3.110219999e-05
0.01996205647
2.666452165e-05
0.01996652959
2.278869224e-05
0.0199704746
1.940941424e-05
0.01997395242
1.645953307e-05
0.01997701853
1.38785343e-05
0.0199797229
1.161504548e-05
0.01998210938
9.627322092e-06
0.01998421637
7.880577756e-06
0.01998607703
6.345693154e-06
0.0199877207
4.996831319e-06
0.01998917301
3.811434305e-06
0.01999045712
2.769543054e-06
0.01999159264
1.854154913e-06
0.01999259763
1.049588519e-06
0.01999348764
3.4316714e-07
0.01999427674
-2.774316162e-07
0.01999497718
-8.217503611e-07
0.01999559978
-1.298668585e-06
0.01999615408
-1.715853589e-06
0.01999664886
-2.080312813e-06
0.01999709167
-2.397487826e-06
0.01999748936
-2.672719021e-06
0.01999784813
-2.910298918e-06
0.01999817339
-3.113552282e-06
0.01999847015
-3.288649544e-06
0.01999874454
-3.423091384e-06
-3.60108969e-06
-0.00663878781
0.006626050661
-0.0005626669097
8.514399296e-09
0.02558585801
-0.0002831649876
-0.006587381004
-0.006245521313
-0.006587739283
-0.006245754216
-0.0001520676425
-0.0002827292337
-0.0001519086293
0.0254114761
9.071447475e-05
0.02520695624
0.001162464099
0.02486735565
0.002315907574
0.02432071802
0.00335340761
0.02373573471
0.004114788446
0.02300065154
0.004716015612
0.02220790289
0.004923138183
0.02152523407
0.00489183596
0.02093879721
0.004634797665
0.02048805014
0.004261981628
0.02014494733
0.00383367395
0.01988743307
0.003398097187
0.01970718354
0.002983689696
0.0195855696
0.002604522295
0.01950789873
0.002266449698
0.01946283522
0.001969686751
0.01944098508
0.001711398714
0.01943527822
0.00148727773
0.01944045709
0.001292617869
0.01945271843
0.001122950676
0.01946939071
0.0009743426226
0.01948872759
0.0008434966059
0.01950979818
0.0007277316455
0.01953239347
0.0006248930286
0.01955686106
0.0005332628662
0.01958381903
0.0004515273866
0.01961377251
0.0003787927384
0.01964674161
0.0003145822866
0.019682047
0.0002587454183
0.01971835611
0.0002112633314
0.01975397674
0.000172007765
0.01978727205
0.0001405446961
0.0198170287
0.0001160570001
0.01984265264
9.740356443e-05
0.01986415663
8.327774121e-05
0.01988199287
7.240048411e-05
0.01989846634
6.037276399e-05
0.01991087442
5.140268295e-05
0.01992151612
4.489672418e-05
0.01993079083
3.902355812e-05
0.01993895773
3.370487403e-05
0.01994617899
2.893536277e-05
0.01995256373
2.471745313e-05
0.01995819821
2.103003829e-05
0.01996316141
1.782549698e-05
0.01996752917
1.504165731e-05
0.01997137277
1.26159281e-05
0.01997475727
1.049403632e-05
0.01997773971
8.632609049e-06
0.01998036961
6.997424658e-06
0.01998268958
5.560610863e-06
0.01998473696
4.298317397e-06
0.01998654431
3.189478644e-06
0.01998814033
2.215421807e-06
0.01998955022
1.35965089e-06
0.01999079656
6.078222506e-07
0.01999189888
-5.272749185e-08
0.01999287492
-6.328670735e-07
0.01999373965
-1.142159797e-06
0.01999450673
-1.588833194e-06
0.01999518824
-1.98018008e-06
0.01999579493
-2.322535848e-06
0.01999633603
-2.621418695e-06
0.01999682018
-2.881639112e-06
0.01999725478
-3.107324483e-06
0.01999764667
-3.302189942e-06
0.01999800199
-3.468867244e-06
0.01999832569
-3.612349906e-06
0.01999862524
-3.72264546e-06
-3.868576654e-06
-0.001390481497
0.0001125178959
0.001363658121
-8.499615302e-05
-6.98369389e-07
-0.004981470467
0.004889566788
-0.0001912959719
3.46543027e-08
0.01761340458
-0.0005146757048
-0.004804182867
-0.00369984495
-0.004804628374
-0.003699358211
0.01818896233
0.0005869063445
0.01870678971
0.001798080201
0.01898502629
0.003075171034
0.01904604536
0.004053769362
0.0190456006
0.004716460371
0.01897575474
0.004992984039
0.01890761852
0.004959972166
0.01884319969
0.004699216499
0.01880013861
0.00430504271
0.01878199475
0.003851817813
0.01878853787
0.003391554062
0.01881649249
0.002955735079
0.01886040805
0.00256060674
0.01891490019
0.002211957552
0.0189752988
0.001909288149
0.01903791629
0.001648781222
0.01909999363
0.001425200383
0.01915957781
0.001233033688
0.01921542496
0.001067103522
0.0192669622
0.0009228053749
0.01931431569
0.0007961431079
0.01935833794
0.0006837093946
0.01940051546
0.0005827154958
0.01944266654
0.0004911117797
0.01948644511
0.0004077488156
0.01953279366
0.0003324441846
0.01958156182
0.0002658141291
0.01963147081
0.0002088364289
0.0196804621
0.0001622720423
0.01972629583
0.0001261740311
0.01976715917
9.968136529e-05
0.01980206303
8.115314065e-05
0.01983092437
6.854223529e-05
0.01985437364
5.982847737e-05
0.01987358135
5.319277553e-05
0.01989078178
4.317233685e-05
0.01990396392
3.82205414e-05
0.01991535848
3.35021726e-05
0.01992536856
2.901348136e-05
0.01993422703
2.484639688e-05
0.01994207164
2.109075819e-05
0.01994900071
1.77883844e-05
0.01995510289
1.492785056e-05
0.01996046666
1.246173276e-05
0.01996517893
1.032938511e-05
0.01996932092
8.473942706e-06
0.01997296501
6.849951392e-06
0.01997617388
5.42373767e-06
0.01997900138
4.169922623e-06
0.01998149392
3.068072337e-06
0.01998369195
2.100293315e-06
0.01998563085
1.25058651e-06
0.01998734173
5.045379544e-07
0.01998885218
-1.507915064e-07
0.01999018644
-7.264342909e-07
0.01999136581
-1.232093569e-06
0.01999240909
-1.676141721e-06
0.01999333278
-2.065852817e-06
0.01999415159
-2.407641379e-06
0.01999487847
-2.707053868e-06
0.01999552488
-2.968946333e-06
0.01999610103
-3.19756923e-06
0.01999661596
-3.396576374e-06
0.0199970778
-3.569168168e-06
0.01999749378
-3.718166582e-06
0.01999787053
-3.8456241e-06
0.01999821351
-3.955324692e-06
0.0199985305
-4.039640971e-06
-4.151206377e-06
-0.0004649480696
6.720051141e-05
-7.328087021e-05
-1.848977792e-07
0.0004712133264
-0.0005042195923
0.0003654251172
0.001974248944
-2.983394889e-08
-0.0004155285393
-0.0005015848255
-0.0004140930093
-0.0001317136996
-0.0001301819515
-0.0001202778827
-0.0001220447324
0.007773215481
-0.0004378539131
-0.002074817922
-0.001370888388
-0.002074930192
-0.001370943054
-0.0002603045104
-0.0004383842889
-0.0002597689143
0.008579803903
-0.0002196820875
0.009412915905
0.0009649681875
0.01031900098
0.002169085957
0.01126338677
0.003109383581
0.01221290718
0.003766939965
0.01311629544
0.004089595784
0.01395524059
0.004121027013
0.01471464466
0.003939812426
0.01539049321
0.003629194155
0.01598473368
0.003257577342
0.01650282081
0.002873466932
0.01695198864
0.00250656725
0.01734018266
0.002172412723
0.01767521847
0.001876921739
0.01796429817
0.00162020845
0.01821378725
0.001399292132
0.01842916452
0.00120982311
0.01861511493
0.001047083282
0.01877572775
0.0009064906935
0.01891473583
0.0007837972924
0.01903571774
0.0006751611901
0.01914218006
0.0005772470647
0.01923745564
0.0004874399061
0.01932442941
0.0004041380109
0.01940519569
0.0003269825298
0.0194808109
0.0002568289683
0.01955128613
0.0001953389029
0.01961586679
0.0001442557694
0.01967351681
0.0001046220275
0.01972343097
7.625987413e-05
0.0197653927
5.77196365e-05
0.01979987451
4.66713415e-05
0.01982789474
4.052200996e-05
0.01985073617
3.698704494e-05
0.01987137152
3.255742771e-05
0.01988723143
2.731243364e-05
0.01990094998
2.450198683e-05
0.01991299163
2.146052676e-05
0.01992362807
1.837704782e-05
0.01993302431
1.545015415e-05
0.01994130143
1.281364283e-05
0.01994856987
1.051994556e-05
0.01995493969
8.558031896e-06
0.01996051847
6.882952414e-06
0.0199654061
5.441757169e-06
0.01996969125
4.188788927e-06
0.01997345052
3.090681121e-06
0.01997674959
2.124677902e-06
0.01997964496
1.274550734e-06
0.01998218568
5.273516203e-07
0.01998441477
-1.287923755e-07
0.01998636994
-7.045842927e-07
0.01998808444
-1.209959332e-06
0.01998958738
-1.653725066e-06
0.01999090442
-2.043466432e-06
0.01999205809
-2.385766945e-06
0.01999306828
-2.686324155e-06
0.01999395253
-2.950102755e-06
0.01999472629
-3.181393812e-06
0.01999540324
-3.384003175e-06
0.01999599548
-3.561185701e-06
0.01999651374
-3.715834645e-06
0.01999696761
-3.850448821e-06
0.01999736562
-3.967184573e-06
0.01999771542
-4.067961405e-06
0.01999802394
-4.154147065e-06
0.01999829695
-4.228342338e-06
0.01999854453
-4.287216644e-06
-4.358946491e-06
-1.729455008e-05
0.0001596491111
1.636786645e-09
-0.0001812700611
3.891386342e-05
-8.991000608e-05
0.0001825455901
9.695156649e-05
-0.0001885781234
-1.00902723e-06
-0.000203449984
0.0001607175719
-0.0003951869118
6.540315095e-08
-0.0008610518502
-0.0003038616893
-6.518134084e-05
0.0005377746557
-6.520075291e-05
0.0005378388887
-0.0003051335475
0.0004090498724
0.000787937996
0.001076014407
0.002219290799
0.001678030782
0.003889525197
0.00209670557
0.005656989459
0.002322131521
0.007406538435
0.00237147804
0.009053307475
0.00229304339
0.01055250987
0.002129991761
0.01188538959
0.001924697617
0.0130512017
0.001707654805
0.01406037794
0.001497391011
0.01492893457
0.001303856093
0.01567461788
0.001131238431
0.01631464449
0.0009801818466
0.01686458358
0.0008493530409
0.0173379404
0.0007364662861
0.01774614024
0.0006388834355
0.01809871248
0.0005539184628
0.01840352522
0.000478984551
0.01866698762
0.0004116987851
0.0188942096
0.0003500250815
0.01908915418
0.00029249533
0.01925485341
0.0002384387689
0.01939372734
0.0001881086009
0.01950798334
0.000142572966
0.01960000047
0.000103321777
0.01967257178
7.168445824e-05
0.01972891756
4.827625193e-05
0.01977247291
3.270452614e-05
0.01980654629
2.364626454e-05
0.01983398588
1.92317609e-05
0.01985696747
1.754041964e-05
0.01987694952
1.700500483e-05
0.01989579177
1.371518209e-05
0.01991089174
1.221246253e-05
0.01992438365
1.101007201e-05
0.0199363276
9.516576852e-06
0.01994678223
7.922418873e-06
0.01995584321
6.389169374e-06
0.01996364327
5.013585773e-06
0.01997033368
3.829534165e-06
0.01997606375
2.82795966e-06
0.01998096704
1.97966304e-06
0.01998515625
1.252549045e-06
0.01998872445
6.205989287e-07
0.01999174916
6.596741263e-08
0.01999429648
-4.226396442e-07
0.01999642408
-8.530454853e-07
0.01999818285
-1.231420675e-06
0.01999961763
-1.563568279e-06
0.02000076797
-1.85491615e-06
0.02000166853
-2.110521907e-06
0.02000234972
-2.334915046e-06
0.02000283822
-2.531962301e-06
0.02000315748
-2.705017754e-06
0.02000332812
-2.856957284e-06
0.02000336829
-2.990270194e-06
0.02000329406
-3.107161761e-06
0.02000311958
-3.209523756e-06
0.02000285743
-3.299036375e-06
0.02000251876
-3.377165004e-06
0.02000211346
-3.445156252e-06
0.0200016504
-3.504122778e-06
0.02000113745
-3.555016797e-06
0.02000058185
-3.598545731e-06
0.01999999069
-3.637181944e-06
0.01999938253
-3.679057803e-06
-3.687513233e-06
8.226511145e-05
0.0001751956817
2.687619801e-08
-0.0001468268903
-0.0001106607791
0.0002071006527
0.0001638348068
-0.0001300553386
-7.948837321e-07
-0.0002400852375
0.0003343473432
0.0003863605652
-0.001667387293
-0.0001853189303
4.390024341e-09
0.0003797979793
0.0003517846729
0.0004004112743
-0.008152572045
0.001817302083
0.002106852743
0.001817323295
0.002106849144
-0.007744228363
-0.006669211884
-0.004992283675
-0.002896541496
-0.0005750356694
0.001796210444
0.004089377072
0.006219757296
0.00814497856
0.009853190472
0.01135110737
0.01265541078
0.01378702365
0.01476749444
0.01561705383
0.01635365576
0.01699261482
0.01754656137
0.01802553994
0.01843720642
0.01878718879
0.01907964096
0.01931804129
0.01950611796
0.01964866537
0.01975196686
0.01982363515
0.01987189853
0.01990459311
0.01992823215
0.01994745908
0.0199649969
0.01998200025
0.01999571375
0.02000792416
0.02001893117
0.02002844358
0.0200363609
0.02004274432
0.02004775182
0.02005157519
0.02005439712
0.02005637106
0.0200576183
0.02005823405
0.02005829561
0.02005786898
0.02005701229
0.02005577753
0.02005421086
0.02005235306
0.02005023984
0.02004790238
0.02004536803
0.02004266074
0.02003980162
0.02003680927
0.02003370011
0.02003048865
0.02002718772
0.02002380871
0.02002036175
0.02001685586
0.02001329912
0.02000969888
0.02000606003
0.02000237933
0.0001434824522
-5.001602289e-08
2.679336401e-06
-0.0001634063273
-0.0001592100984
-6.937342211e-05
9.708796439e-08
0.0001707430633
5.774336943e-05
0.0001433960502
1.726858088e-05
-2.707862032e-08
2.705021369e-06
-0.0001633425738
-0.0001591977042
-6.940294501e-05
9.796101867e-08
0.0001707386809
5.776400738e-05
4.457120081e-08
5.832763082e-05
-0.0001353172025
-8.97173891e-05
4.567493263e-08
5.18582645e-05
3.783331273e-05
-8.227071055e-05
3.410986819e-08
5.830603253e-05
-0.0001352671372
-8.972477118e-05
5.008038155e-08
5.184888719e-05
3.784251206e-05
5.294541732e-05
-0.0004539930424
-6.380429829e-05
-9.615197701e-08
7.26109262e-05
-5.112087278e-08
-4.064044158e-05
0.0001115630838
5.284067644e-05
0.0004649362653
-7.448197225e-08
-0.0004539295669
-6.377289337e-05
7.250049176e-05
-2.925314728e-08
-4.061904522e-05
0.0001115438564
-3.251738231e-07
-9.90015972e-05
3.834491995e-09
-3.360585711e-05
-9.936608174e-05
-3.339719704e-05
-3.583811933e-07
5.989654538e-05
-5.940690497e-05
5.9449442e-05
-6.046725046e-05
1.249143808e-09
0.0001723343299
0.0001741055789
-0.0001389677409
-3.715091266e-07
-2.310651213e-08
5.60195098e-05
-0.0001456905997
-0.0003049483244
5.062563405e-05
0.0002548098226
-4.726724673e-07
0.0001752246189
7.442361663e-09
-0.0001468022555
-0.0001107005199
0.0001722759886
-0.0002070699735
-3.476096431e-07
0.0001741043428
-0.0001389627482
-2.104384464e-08
5.600491368e-05
-0.0001456927213
-0.0003049382341
-4.671826761e-07
5.058315365e-05
0.0002548276824
-0.000105212733
8.120299787e-09
6.703830171e-09
-3.750963947e-05
2.91028401e-07
0.0001050145213
-4.441919389e-05
3.654287994e-09
-4.476976348e-05
-3.719888503e-05
-3.069324323e-07
-9.901461482e-05
-3.362015155e-05
-9.940354063e-05
-3.344854309e-05
-0.0001052278251
1.975860065e-08
-3.752135403e-05
2.872832235e-07
0.000105055161
-5.992565861e-05
-4.442693975e-05
-5.945540977e-05
-4.477542345e-05
-3.722724445e-05
0.0001230844062
-5.191251045e-05
-2.505806721e-07
-7.230566423e-05
1.456700689e-09
1.382892411e-06
5.868865052e-05
-0.0001351608784
1.669538311e-09
-8.239227875e-05
0.0001589074157
-4.447387189e-08
-0.0001227601719
0.0001217253875
1.024131229e-07
5.147716519e-05
-9.937614668e-05
-8.752063904e-05
2.732381832e-09
0.0001212585971
-9.917943263e-05
6.09601978e-10
-8.779214427e-05
-7.259036782e-05
1.056790266e-06
-4.124040584e-05
-3.426130237e-05
6.232341274e-08
6.001590767e-10
3.133124575e-06
5.173517646e-05
3.834047731e-05
2.228796492e-10
-9.001056919e-05
1.655193187e-08
4.087524548e-05
-8.840967727e-05
-8.574929672e-08
3.436974774e-05
3.558426957e-06
6.513321824e-10
-8.866875881e-05
1.552612166e-10
4.002521848e-06
2.716929242e-06
-3.613638351e-07
-5.943312485e-05
-6.047378694e-05
0.0001230943411
-5.191518088e-05
-2.505871284e-07
-7.231005496e-05
1.38296276e-06
5.868755148e-05
-0.0001351649334
0.0001589103889
-8.239722779e-05
-4.479482018e-08
-0.0001227813324
0.0001216990475
1.081582057e-07
5.148853568e-05
-9.936376567e-05
-8.7500068e-05
0.0001212660326
-9.91837281e-05
-8.778762209e-05
-7.260096729e-05
1.057577971e-06
-4.124101905e-05
-3.426332366e-05
6.171001627e-08
3.133184426e-06
5.173534981e-05
3.834064594e-05
-9.000726871e-05
2.159772849e-08
4.08815864e-05
-8.841806039e-05
-8.393290809e-08
3.437547176e-05
3.559289445e-06
-8.866716598e-05
4.002505305e-06
2.717794089e-06
0.0001290368342
-0.00141625385
-0.0001029112972
-3.53199626e-07
0.0006964113609
-0.0006998256075
-4.082799824e-08
5.640049715e-05
0.00139036895
0.0001292881455
-3.822421896e-07
-0.001416402938
-0.0001028719175
0.0006974418365
-8.035951623e-08
-0.0006999430719
5.542226395e-05
3.084005949e-08
0.0003667243321
-0.001197548294
-0.001331056107
-0.001328824259
-0.001198230919
-8.336000868e-05
-6.375932798e-05
-6.094045688e-05
-8.450629117e-05
-1.352603991e-07
6.54706852e-05
0.0006982764522
-8.520050507e-05
0.000748478545
4.81559523e-05
-0.0007116814716
2.4747849e-07
0.0001124701691
-6.982020288e-07
0.001363579069
-8.498206919e-05
0.0003670450307
0.004981107482
-0.001197424564
-0.001331025477
-0.001328831697
-0.0011979564
-8.344374966e-05
-6.3792872e-05
-6.096490767e-05
-8.46819788e-05
-6.612916631e-05
-8.447444036e-08
6.307091873e-05
0.0007005845666
-8.520767145e-05
0.0007484773954
2.419489907e-07
4.826201585e-05
-0.0007117736895
-2.309734433e-08
0.0004489055595
4.172492956e-05
0.0004488031916
5.274442192e-09
4.188060787e-05
-0.0004997198127
-8.861003093e-05
-1.090244888e-06
-1.346652837e-07
0.0001291508089
0.0001032438873
-0.0001829416767
0.0001788104796
0.0001567365187
-0.0001523950544
-2.102671226e-07
-1.266620355e-07
-7.316110072e-05
0.0004720948715
0.0005043882445
-1.116603629e-06
-0.0004998121088
-8.866718855e-05
-0.0001597223344
-9.229214831e-08
0.0001290876746
0.0001032274521
-0.0001829084901
0.0001788787465
-2.298912676e-07
0.000156720652
-0.0001524610172
-7.550990862e-05
-0.0001969084837
-4.332932647e-07
4.023778073e-08
0.0001898784773
-8.409647016e-05
-0.0001411701663
0.0001209304222
-1.362164432e-07
0.0001927102925
-2.110988788e-08
-0.0001813063079
3.887366768e-05
8.98877582e-05
-4.095769659e-07
-7.548499487e-05
-0.0001969016869
3.588814632e-08
0.0001898560125
-8.407023023e-05
-0.0001411831503
-1.668490627e-07
0.0001209429467
0.00019268304
1.671200667e-08
0.0006504155678
-2.686794473e-05
-9.065326188e-05
-8.795374296e-05
-2.935845571e-05
-0.0001625213762
-0.0001464909259
-0.0001465470036
-0.0001634895696
-3.843035979e-07
0.0001841227831
-0.0001610738295
-0.0001279157228
-0.0001859890673
0.0001265053867
0.0001883245769
-9.25173917e-07
0.0001825001072
-9.901558045e-07
9.698067031e-05
-0.0001886028639
0.0006506142199
0.0002032440656
-2.687228301e-05
-9.070797445e-05
-8.793858372e-05
-2.935727797e-05
-0.000162524247
-0.0001463816494
-0.000146565743
-0.0001634938058
-0.0001637441913
-4.140401961e-07
0.0001840986607
-0.0001611235761
-0.0001279530339
-0.0001859200536
-9.077863283e-07
0.00012645852
0.0001883223535
-0.0001465740849
-0.0001109069117
1.77300182e-09
0.0001751138149
1.216079884e-08
-0.0001274526068
-0.0001069070863
-0.0001276408726
-0.0001067138975
6.970811922e-10
0.0001483210485
6.410162853e-08
-0.0001692072475
-0.0001068203382
1.560263981e-09
-6.608148065e-08
-0.000148431311
-0.000141730827
0.0001795674327
-0.0001420815809
1.081526916e-09
0.00017942855
-0.0001689025407
-0.0001069172873
0.0002986079825
-9.001564205e-05
-2.160721299e-06
4.603141706e-05
-1.078762078e-06
-0.0003498882152
-0.0004487934791
2.963225077e-05
0.0004209467918
-1.780106744e-06
-7.676522123e-07
-0.0001300415206
-0.0002400049826
-0.0003344082684
-2.178855958e-06
0.0002986331292
-8.999903355e-05
-1.073398031e-06
4.601308799e-05
-0.000349869934
-0.0004487338961
-1.776679393e-06
2.956750407e-05
0.0004209483353
0.000136559285
-2.851446958e-05
-1.011398051e-07
-0.000141554627
5.0919643e-09
2.56777882e-06
-0.0001632802538
6.195317203e-10
0.0001435085935
1.715323813e-05
7.031566446e-10
-0.0001366356091
0.0001177912482
3.925045338e-08
2.841679448e-05
-0.0001728825122
-1.897986672e-05
4.497755837e-09
0.0001175223419
-0.0001727194433
3.340039657e-09
-1.903937227e-05
-0.0001417171571
-4.423709118e-05
-0.0001347766027
-5.433694619e-08
3.766559238e-09
0.0001706497311
5.79863885e-05
2.265525661e-09
-6.963389065e-05
-2.649546607e-08
4.422513677e-05
-4.633809831e-05
3.043036123e-07
0.000134745253
1.91763558e-09
-4.633521783e-05
2.926446702e-09
0.0001365621904
-2.852360706e-05
-9.419752842e-08
-0.0001415594375
2.605963845e-06
-0.0001632681677
0.0001434625456
1.717320546e-05
4.49724036e-09
-0.0001366190443
0.0001176716175
2.555324896e-08
2.842762076e-05
-0.000172823552
-1.897219528e-05
0.0001175420609
-0.000172726016
-1.903686633e-05
-0.0001417341623
-4.424902038e-05
-0.0001347792325
-4.876974853e-08
0.0001706478886
5.799306706e-05
-6.963035171e-05
-1.926859976e-08
4.426669984e-05
-4.633230458e-05
2.926255153e-07
0.0001347434835
-4.634449589e-05
4.795037865e-05
0.0002590998051
-7.023471114e-10
-6.716630298e-05
1.934360959e-09
-2.909378184e-08
-4.79260816e-05
4.28677014e-05
-4.124830271e-09
-0.0002589814836
-8.261522498e-05
0.000277796547
-0.0004538124033
-6.398433049e-05
-4.816624048e-09
0.0004649338846
5.277152494e-05
2.313041566e-09
4.290976046e-05
-8.255283864e-05
-2.947818736e-10
0.0002776644964
-6.703442642e-05
-4.061381945e-05
0.0001115256234
-4.559900098e-10
7.25461121e-05
1.118343749e-07
9.121809139e-05
9.12331254e-05
5.032358614e-09
0.0001214777535
-2.357465702e-08
2.108111886e-09
3.976449888e-09
-0.0001215109094
0.0001504547935
2.27192792e-09
0.0001504522344
-4.962463177e-08
0.0004488908291
4.183200983e-05
0.0004488235952
4.192380468e-05
4.795931884e-05
0.0002590839591
5.333926174e-09
-6.715958389e-05
-0.0004537759963
-6.394286012e-05
5.279475307e-05
0.000464844804
-4.487701422e-08
-4.795264578e-05
4.295878351e-05
-8.059093636e-09
-0.0002589424809
-8.258360706e-05
0.0002777612556
4.296432544e-05
-8.254835705e-05
0.0002776810784
-6.70142882e-05
-4.060859721e-05
0.000111557753
7.248367551e-05
6.019400503e-08
9.121157258e-05
9.123545528e-05
0.0001214755608
-8.48169605e-09
-1.968989927e-08
-0.0001215150071
0.0001504949401
0.0001504675473
0.000145112071
-0.0002111792949
1.659228388e-07
-0.0001033079463
1.999422977e-09
-1.716712357e-07
-0.0001452215369
0.0001777679645
-3.378405993e-07
0.000210613553
-9.74851628e-05
-0.000251758289
0.0001747367552
-0.0001389801711
-1.422758559e-10
-0.000208311451
0.0001721835035
7.384792015e-10
0.0001775948293
-9.736617675e-05
1.963329655e-09
-0.0002531330959
-0.0001033446149
5.593591058e-05
-0.0001459476022
6.310777963e-10
-3.303020617e-08
-0.0001392642292
-0.0001394805317
7.597932425e-10
-5.575240302e-05
1.087191586e-07
-0.0001906577964
6.001058277e-10
-1.09211145e-07
5.580491672e-05
-0.000201365724
-0.0002017904191
1.002083214e-09
-0.0001902678838
-0.0002405140768
-5.366081443e-05
2.083662785e-07
7.755873916e-10
-4.312035016e-07
0.0002397215913
-0.0002861499134
-2.234351243e-07
5.368253362e-05
5.057053728e-05
0.0002556620973
9.039571282e-10
-0.0003066919503
3.552913166e-10
-0.000287741273
1.52282742e-09
-0.000146591906
-0.000110910173
0.0001751140549
1.564601182e-08
-0.0001274486698
-0.0001068693048
-0.0001276444289
-0.0001067187621
0.0001483278763
6.756748721e-08
-0.0001692108183
-0.0001068275049
-6.774730916e-08
-0.000148441545
-0.0001417430224
0.0001795517934
-0.0001420820495
0.0001794330818
-0.0001689160662
-0.0001069065874
0.00014511742
-0.0002111834932
1.665349272e-07
-0.0001033092956
0.0001747312722
-0.0001389870862
0.0001721956308
-0.0002082875581
-1.60811547e-07
-0.0001452118458
0.0001777339807
-3.465482119e-07
0.0002106113611
-9.741562856e-05
-0.0002518119316
0.000177606567
-9.73471947e-05
-0.0002531679774
-0.0001033500248
5.593766963e-05
-0.0001459455754
-2.683708282e-08
-0.0001392556122
-0.0001394743322
-5.575156698e-05
1.056219668e-07
-0.0001906552978
-1.092852571e-07
5.579793434e-05
-0.0002013730279
-0.0002017904474
-0.0001902586467
-0.0002405126705
-5.365954204e-05
2.083992626e-07
5.055941785e-05
0.0002556638501
-0.0003066788809
-4.302468117e-07
0.0002397205138
-0.0002861227426
-2.241070029e-07
5.36797586e-05
-0.0002877303357
-0.0006296061761
-5.133706036e-08
-3.4321855e-08
0.006413780377
-0.0001758925049
-0.0001269866751
-0.0001749047081
-0.001590967737
-0.001590189114
-0.001626951181
-0.001628423467
-0.0006300595571
0.006638944479
0.006413181608
-0.0001271832265
-0.0001756001537
-0.0001745588571
-0.001591108745
-0.001590279325
-0.001626905848
-0.001628351171
-0.0003973014729
-3.239505966e-08
0.006276100986
3.563955547e-08
-0.0001023120921
-0.0001104407828
-9.9752419e-05
2.549717509e-09
0.006626865996
-0.0005625727931
-0.0003969605207
0.006275667178
-0.0001104010578
-0.0001023744985
-9.977697851e-05
6.370186838e-08
0.001277805936
-0.0001102080851
2.754469738e-09
0.001277111948
-0.0001094012917
6.698212074e-05
-0.001186637885
-1.606197349e-07
-7.774047321e-05
8.559953148e-09
-1.105742318e-06
-6.860432671e-05
-7.470457757e-07
0.001188540469
-0.001200092412
-7.269714325e-05
0.001362703358
-8.379320507e-05
-0.001390045018
-4.332320264e-09
3.087164654e-09
-0.001199690718
-7.14626056e-05
-2.481500495e-08
-7.845539895e-05
-6.665665796e-05
-2.706308497e-08
0.003468259858
3.607023952e-08
-0.0009003918022
-0.0007475055722
-0.000897790894
-3.976512454e-08
-0.0002982019472
0.004889502403
-0.0001910894732
-6.706167597e-05
0.003468069641
-0.0003650456716
-0.0007474898316
-0.0009003471869
-0.0008977629552
-0.0002983900374
-1.130482819e-08
0.0003012061554
-9.667916759e-05
-7.323313074e-05
0.0004711938716
6.68025277e-05
-1.428860518e-08
0.0003010247004
-9.660568203e-05
1.048218565e-09
8.102374873e-05
1.299174502e-07
0.0003328950491
-0.0001130250272
1.005922119e-09
-3.629823437e-07
-8.117677791e-05
6.908498079e-05
0.0004836681084
6.917980875e-05
0.0004826693087
5.525276843e-09
0.0003334770745
-0.00011331778
-0.0003987167217
-5.418755183e-08
0.0001547971679
0.0002073004995
-7.41599439e-07
-6.915826188e-08
-0.0002466033987
-0.0002438266586
-0.0003125021951
-0.0003161881474
0.001974616413
-0.0005016558499
-0.0004154652588
-0.0004139481185
-0.0001318002086
-0.0001302008733
-0.0001202491621
-0.0001219842055
-0.0003987580237
-7.667611758e-07
0.0001547927704
0.0002073528388
-0.0002466542441
-0.0002437980688
-0.0003125018014
-0.0003162018892
-0.0001813439237
3.863981225e-05
0.0001598555803
3.398695149e-09
-2.228664949e-10
-7.646030826e-06
-0.0001926036764
-7.826334307e-06
-0.0001925588327
1.64399841e-09
0.0001920997304
2.337716988e-08
1.692592774e-06
-0.0002016441411
2.109093789e-09
-3.249355946e-08
-0.000192063862
0.0001728658944
5.81443199e-05
0.0001729519179
5.775357307e-05
1.569269642e-09
1.862639183e-06
-0.0002015491475
0.0001746171372
-1.706936372e-05
-1.688027643e-07
-0.0001842487021
1.791613903e-09
-1.228092091e-06
-0.0001742489787
0.0001817753852
-4.67300554e-07
1.939881381e-05
-1.331810664e-05
-0.0001941915256
9.475808257e-05
-0.0001887612713
-8.863372733e-05
1.108896128e-09
0.0001816267652
-3.518890348e-10
0.0001801937381
-1.249967836e-05
-0.0001938014048
3.145270662e-09
-0.000184377429
-0.0001647253369
-4.292267943e-08
-0.000631879304
6.272511144e-09
0.0001197105407
0.0001927947884
0.0001245522897
-3.691153923e-09
-0.0002588262957
0.0001603333028
-0.0003954081339
-0.0001646793085
-0.0006319341262
-0.0003863569857
0.0001927637422
0.0001196410687
0.0001245643849
-0.0002587782463
-8.201974074e-07
-0.0002931414473
-8.785198173e-05
-0.0001303009781
-0.0002426749082
0.0001638697702
-2.111116813e-10
-0.0002962436843
-8.801143965e-05
8.514726748e-10
0.0001205708705
2.222575517e-06
-0.000335950294
-8.30861877e-05
-6.493700252e-10
-1.923304273e-06
-0.0001197016266
0.000151174667
-0.000269634972
0.0001521031242
-0.0002761282623
-2.201888871e-09
-0.000328353379
-8.226711282e-05
-0.0001089080371
-3.476153373e-09
-0.001997911099
6.780741977e-10
0.0004306692476
0.0004763260472
0.0004567972241
-1.981894443e-09
-0.001667422256
-0.000185285607
0.0003518265284
0.0003797483604
0.0004003721001
-0.0001088806972
-0.001997931206
0.0004762859831
0.0004307503949
0.0004568711009
0.0001397233971
0.001227700069
2.777219509e-07
-8.989746144e-05
2.208303628e-09
-3.807636562e-07
-0.000139755863
-4.296719595e-07
-0.001227977578
-7.459642296e-05
-0.001416044897
-0.0001013412226
1.228972552e-09
-7.298639743e-09
-7.376280609e-05
1.254174264e-09
-9.034380809e-05
-7.396706962e-08
6.601534302e-05
0.0007125108247
6.583960011e-05
0.0007124156468
6.802246223e-09
6.27990402e-08
0.001005014789
4.331417345e-09
0.001005411464
-6.749398195e-09
5.555965956e-05
-0.0006997748352
5.571218636e-05
-1.079980623e-09
0.000696794421
5.553506393e-05
8.764437549e-09
0.0009704983883
1.444009116e-07
9.613738713e-09
-2.099601097e-07
-0.0009707717052
0.0009527857371
6.552896924e-09
0.0009522312356
0.0001319868302
6.830696577e-08
0.001277827906
-0.0001102347818
-2.988163605e-07
-0.0001321794104
0.001451978733
0.0001586960998
0.001451521171
0.000158012722
0.00127716679
-0.0001094730334
0.0001396747239
0.001227713923
2.894344513e-07
-8.984796506e-05
-0.001416255169
-0.0001012902693
0.001389981213
-3.745449768e-07
-0.0001396498253
-4.579815188e-07
-0.00122803766
-7.426394785e-05
0.001199887662
-7.369155254e-05
0.001199658463
-9.023127805e-05
-7.924876234e-08
6.603774943e-05
0.0007125522141
6.578931572e-05
0.0007124839738
5.754793286e-08
0.001004927757
0.001005301645
-0.0006998213467
5.55602365e-05
0.000696974399
-5.280045694e-08
5.56207305e-05
5.558294499e-05
0.0009704917956
1.805679502e-07
-2.993921887e-07
-0.0009708716617
0.0009523293739
0.0009520676158
6.45657465e-05
0.0006989440196
-4.810395338e-08
-0.0009449493876
-6.888179833e-05
5.599841577e-07
0.0009355005961
3.013672111e-08
-4.476961104e-07
0.0009460069696
-1.062964494e-07
6.777242743e-05
0.0006996952859
-6.269418473e-08
0.0006990982329
3.750522084e-08
0.0009358839809
0.0009134254335
-6.206262535e-05
7.586323662e-07
1.915040583e-08
-1.190584141e-06
-0.0009148046034
-6.600772826e-07
6.266831383e-05
-7.399442126e-05
4.650593752e-05
-0.0007095646814
2.579155535e-09
-8.420193243e-05
9.425875344e-09
1.523415453e-08
-7.320441083e-05
6.703316014e-05
-0.001186164958
-1.591232102e-07
-7.812506602e-05
0.001362682944
-8.380531544e-05
-1.110491201e-06
-6.871040496e-05
-7.286106806e-07
0.001187596144
-7.196191233e-05
-7.106526004e-05
-7.922982134e-05
6.328446254e-05
0.0007000819097
-6.652457426e-05
-0.0009438321969
-6.995234083e-05
5.825371273e-07
0.0009351070725
-3.919379739e-07
0.0009438303055
-1.370904921e-07
6.991270005e-05
0.000700358397
-6.954943549e-05
0.0006994296365
-6.939962895e-05
0.0009350957241
0.0009133613568
-6.24618832e-05
7.830003651e-07
4.656335044e-05
-0.0007096129052
-8.419575924e-05
-1.206269585e-06
-0.0009146717639
-6.81432848e-07
6.347501936e-05
-7.420887654e-05
-7.331136253e-05
8.939905163e-05
0.0003721238294
3.601259578e-07
-0.0001289923667
4.416242327e-09
-7.829539197e-07
-8.926317475e-05
3.755216348e-07
-0.0003736687149
-0.000130845377
-0.0004980727352
-8.880567537e-05
1.399501736e-09
8.260551552e-09
-0.0001303980593
-1.285346075e-09
-0.0001290946815
0.0001290178861
0.00010325084
-1.694199697e-09
-9.241341485e-08
0.0001830188495
0.0001827711748
8.44857921e-10
-0.0001484757019
1.637875291e-07
0.0002180601186
-2.052393187e-09
-5.729104796e-08
0.0001482441153
0.0001279229603
0.0001276701445
-3.876037915e-10
0.000218108959
0.0002438631658
-0.000155087122
2.895506124e-07
2.146357102e-09
-4.190255149e-07
-0.0002444893277
0.0002707995004
-9.044410407e-08
0.0001551855076
-0.0001795671627
0.0001567233688
-0.0001519853165
2.656866779e-09
-0.0001827568906
0.0001778059049
3.963494812e-11
0.0002697694076
2.317234928e-09
-0.0001794950575
-7.320923145e-05
0.0004713884854
-3.395761918e-08
0.0003012807711
-9.664666686e-05
0.0003010710985
-9.663216223e-05
8.103964398e-05
1.221518072e-07
0.0003328853593
-0.000112975032
-2.983932937e-07
-8.111724696e-05
0.0004839610691
0.0004827356205
0.0003334739834
-0.0001131883213
8.941408726e-05
0.0003721072809
3.609109374e-07
-0.0001289925029
-0.000498068999
-8.889782825e-05
-7.776056379e-07
-8.928230721e-05
3.740493839e-07
-0.000373643634
-0.0001308628735
-0.0001303658991
-0.0001290910463
0.0001290009169
0.0001032373598
-0.0001598485699
-9.421410367e-08
0.0001830301722
0.0001827429312
-0.000148453727
1.433540298e-07
0.0002180762011
-4.660644336e-08
0.0001481877513
0.0001279713505
-0.0001728850394
0.0001276854245
-0.0001729487808
0.0002181729533
0.000243881128
-0.0001550867195
2.914330115e-07
0.0001567290647
-0.0001520083053
-0.0001827698767
0.000177821886
-4.32613724e-07
-0.0002445411891
0.0002708315764
-1.033926986e-07
0.0001551678531
-0.0001795541289
0.0002698117173
-0.0001795106633
0.0001967433257
8.551966927e-06
6.101933392e-08
-0.0002036660324
2.314040608e-09
-1.635552129e-07
-0.0001967692042
-1.323786171e-07
-8.882358547e-06
-0.0002012118582
-7.483637296e-05
-0.0001969869219
-6.167329787e-10
1.920898293e-09
-0.0002010685657
1.565366624e-09
-0.0002037278983
0.0001897532084
-8.423495352e-05
1.90162466e-09
-4.049050999e-08
-4.902281801e-05
-4.918213062e-05
7.981261381e-10
2.65827892e-08
0.0001970385573
-0.0001015941835
0.0001970573855
-0.0001018399149
2.709500383e-09
2.954358332e-08
-5.379915885e-05
7.284789073e-10
-5.35038692e-05
-1.075395814e-08
0.0001971149665
0.000121353884
0.0001926461492
3.897524245e-09
-0.000141956638
0.000197093532
4.515152947e-09
-6.045839661e-05
8.67362748e-08
5.632473333e-12
-2.043324115e-07
6.003005705e-05
-6.832729092e-05
-9.723888145e-10
-6.908416818e-05
-0.0001813455766
3.865251335e-05
-5.992353947e-09
-7.695325515e-06
-0.000192577183
-7.836506116e-06
-0.0001925502934
0.000192096679
2.478669258e-08
1.689454989e-06
-0.0002016453119
-4.847461946e-08
-0.0001920793413
5.811645313e-05
5.775350828e-05
1.856901392e-06
-0.0002016067638
0.0001967400715
8.551323668e-06
6.314067847e-08
-0.0002036627627
-7.481979037e-05
-0.0001969650307
8.860475018e-05
-1.650431149e-07
-0.0001967576283
-1.398300883e-07
-8.886136067e-06
-0.0002011910748
1.331535472e-05
-0.0002010642161
1.251224101e-05
-0.000203723719
0.0001897504601
-8.422896999e-05
-2.863076091e-08
-4.902484843e-05
-4.917215934e-05
4.306716492e-09
0.0001970744637
-0.0001015972121
0.000197052033
-0.0001018409025
3.101481946e-08
-5.37957187e-05
-5.352613423e-05
0.0001213661569
0.0001926443473
-0.0001419778189
-4.855031996e-08
0.0001971282665
0.0001970877885
-6.045965141e-05
8.89699761e-08
-2.064101207e-07
6.003261677e-05
-6.833423699e-05
-6.908690266e-05
0.0001841917652
-0.0001626673504
4.418995869e-09
7.919080838e-05
-0.0001713093249
8.64933333e-07
-9.299489731e-05
-2.256174279e-10
-4.969588557e-07
-7.789907363e-05
-1.077161022e-06
0.0001705593866
-0.0001793813835
3.933660664e-11
-0.0001829502324
-4.759050164e-10
-9.085219527e-05
-0.0001052438622
-0.0001519579134
1.683294488e-06
2.206485427e-09
-1.310522003e-06
0.0001010355235
-2.444256975e-06
0.0001516229553
-0.0001402355029
0.0001285534231
0.0001949462967
-7.289818054e-10
-0.0001316293768
4.327227269e-09
-5.135007652e-10
-0.0001424055919
0.0001746130151
-1.706753616e-05
-1.693306345e-07
-0.0001842466425
9.474144403e-05
-0.0001887682438
0.0001816424956
-1.214483837e-06
-0.0001742276829
0.0001817148617
-4.810121457e-07
1.938113185e-05
-0.0001941876259
0.0001802010298
-0.0001938014158
-0.0001843731608
0.0001841896388
-0.0001626976196
-0.0001638794605
7.91987397e-05
-0.0001713126876
8.650889628e-07
-9.299800903e-05
-5.00094646e-07
-7.792310182e-05
-1.076385602e-06
0.0001705663432
-0.0001794103349
-0.0001512031896
-0.0001829417236
-0.0001521454379
-9.086483393e-05
-0.0001052409198
-0.0001519611822
1.682051397e-06
0.0001285488672
0.0001949310312
-0.0001316246732
-1.310910444e-06
0.0001010288525
-2.427904562e-06
0.0001516477369
-0.0001403078125
-0.0001424002965
0.000109450314
-0.000373552822
4.400076671e-06
-7.62466487e-05
-1.213401847e-09
-4.007046009e-06
-0.0001072554374
-1.055073976e-06
0.0003567370529
-6.589964e-05
0.0003130913271
-9.509905287e-05
2.30454225e-09
7.431424473e-10
-6.929483473e-05
-8.457243786e-10
-7.447168462e-05
-9.814567508e-07
-0.0003269890213
4.614920699e-05
-0.000353906767
-2.071373261e-10
-0.0003305845898
-3.683747662e-10
-4.281744475e-05
2.660596738e-06
-0.0003735149572
1.024062379e-09
-2.886250734e-06
4.23991423e-05
-0.0003893894416
-0.0003995983883
5.912629004e-11
-0.000364196387
-0.0004170537341
-3.804552885e-05
5.337126468e-06
5.304145147e-10
-1.69060347e-06
0.0003960924678
-5.672369992e-06
3.723848146e-05
3.124382715e-05
0.0004433072943
7.911990613e-11
1.871227912e-09
1.640159564e-10
-0.0001302901958
-0.0002426446782
-8.193447042e-07
-0.0002931391833
-8.789492918e-05
-0.0002962196788
-8.805698631e-05
0.0001205642694
2.213555958e-06
-0.0003359504331
-8.304772653e-05
-1.909283371e-06
-0.0001196830167
-0.0002696158747
-0.0002761373261
-0.000328338888
-8.22697526e-05
0.0001094485148
-0.0003735488521
4.400354277e-06
-7.625166446e-05
0.0003131100063
-9.508470025e-05
-4.021642657e-06
-0.0001072689084
-1.052984376e-06
0.0003567318255
-6.592951364e-05
-6.931528048e-05
-7.447561435e-05
4.616009728e-05
-0.0003539015503
-9.856301384e-07
-0.0003270189526
-0.0003306132154
-4.28163227e-05
2.671726824e-06
-0.0003735153175
-2.887933627e-06
4.241082427e-05
-0.0003893832677
-0.0003995944603
-0.0003642061523
-0.000417061192
-3.804682451e-05
5.341558913e-06
3.120876817e-05
0.0004433058235
-1.705260389e-06
0.0003960936517
-5.673531973e-06
3.72465511e-05
-1.770583832e-07
0.0001612986728
0.0001599081564
-2.463834288e-09
5.692510044e-07
-6.775310602e-09
-1.935121278e-07
0.0001612892289
0.0001599032195
5.785684984e-07
-6.605246411e-07
0.0002945434881
-2.062894136e-07
0.000142678764
0.0001536436385
0.0002050453666
2.071021993e-09
0.0002925728429
-2.261910358e-09
0.0001412106711
-4.50190611e-09
1.010665463e-06
-7.220818816e-09
0.000153641869
0.0002050578159
-6.887535228e-07
0.000294512883
-2.332049059e-07
0.000142646661
0.0002925616812
0.0001412230488
1.02655677e-06
5.540628247e-07
7.299263022e-08
-4.156831575e-06
5.51837662e-11
1.38596618e-07
5.673368466e-08
-1.997756955e-06
2.563538013e-11
4.536902085e-08
-5.52924171e-07
1.156826408e-11
3.595243542e-07
-4.15460498e-06
5.053369551e-08
-1.997603537e-06
-5.530944287e-07
1.238929148e-06
-2.352009084e-06
8.935766494e-08
1.434343363e-11
2.978782478e-07
-1.12467947e-06
6.796828814e-08
5.654152613e-12
-3.066527048e-07
5.159836154e-08
2.542353888e-12
1.303350338e-06
-9.384866374e-08
2.349473469e-06
2.521470319e-07
-7.199177255e-08
1.123468897e-06
-5.42762417e-08
3.065003489e-07
1.557234557e-06
-2.824557974e-12
3.608477766e-07
-1.842199621e-12
-6.912378329e-13
1.001161286e-06
1.9499546e-07
5.540881037e-07
7.298831208e-08
-4.157087679e-06
1.385965952e-07
5.672739458e-08
-1.997889266e-06
4.536383022e-08
-5.529619602e-07
3.598450266e-07
-4.155327215e-06
5.061198775e-08
-1.99798859e-06
-5.532095343e-07
1.238940402e-06
-2.35211127e-06
8.928189496e-08
2.978717346e-07
-1.12472945e-06
6.792397936e-08
-3.066659606e-07
5.157512924e-08
1.303703527e-06
-9.371854426e-08
2.349783621e-06
2.52241241e-07
-7.192115432e-08
1.123627172e-06
-5.42414417e-08
3.065474582e-07
1.557220203e-06
3.608324692e-07
1.001533297e-06
1.950869755e-07
)
;

boundaryField
{
    inlet
    {
        type            calculated;
        value           nonuniform 0();
    }
    outlet
    {
        type            calculated;
        value           nonuniform List<scalar> 
25
(
0.01996534905
0.02002112045
0.02001736649
0.02000118444
0.02000110582
0.02000100985
0.0200008979
0.02000077142
0.02000063253
0.02000048367
0.02000032723
0.02000016564
0.0200000014
0.01999983708
0.01999967527
0.01999951852
0.01999936931
0.01999923001
0.01999910284
0.01999898981
0.01999889273
0.01999881313
0.01999875227
0.01999871109
0.01999869021
)
;
    }
    topAndBottom
    {
        type            symmetry;
        value           uniform 0;
    }
    frontAndBack
    {
        type            empty;
        value           nonuniform 0();
    }
    cylinder
    {
        type            calculated;
        value           uniform 0;
    }
    procBoundary1to0
    {
        type            processor;
        value           nonuniform List<scalar> 
116
(
-0.02135911542
-0.0213721163
-0.02139817365
-0.02143770776
-0.02149130828
-0.02155978789
-0.021644206
-0.02174596225
-0.02186685325
-0.02200904986
-0.02217531923
-0.02236923746
-0.02259525608
-0.0228592007
-0.0231683622
-0.02353391507
-0.02397049043
-0.02451302899
-0.02510145392
-0.0007308114451
-0.006476682681
-0.006546478461
-0.006475044029
-0.006545675531
-0.0007309696508
-0.006641479959
0.0001722097352
0.0001742215149
-0.0004545249822
-0.0004545716274
0.0001020142013
3.091458937e-05
0.0001018609874
2.152298699e-05
3.057710059e-05
2.160091844e-05
-1.312708301e-07
6.581526649e-07
4.370594595e-05
4.285545508e-05
-9.898118908e-07
-7.061446522e-07
0.0001020250139
3.092051969e-05
0.0001019492722
2.164794854e-05
3.059587612e-05
2.163508163e-05
4.37214939e-05
4.289860364e-05
-9.898410198e-07
-7.060369358e-07
-1.311336984e-07
6.582415142e-07
-0.0007367272843
-0.001478196621
-0.0007366787366
-0.0004546393666
-3.607282157e-05
-0.0002398851355
-3.608245159e-05
-0.0002398738544
-1.417912448e-05
-1.421779843e-05
-9.738945935e-05
-9.735082803e-05
-0.0004547132309
-3.607852291e-05
-0.00023988708
-3.610156869e-05
-0.0002398755022
-1.421919062e-05
-1.423676437e-05
-9.738911045e-05
-9.732619064e-05
-0.00159349671
-0.006641394544
0.0001722731045
0.0001743128634
-0.00159350833
0.0001319646297
-0.001299628952
0.000132128512
-0.00145200974
-0.0001585926332
-0.001299775424
-0.001451599661
-1.28602879e-10
-0.0001578999094
-0.0007364554287
-0.001049450403
-0.001048734573
-0.001299645543
-0.001477845737
-0.001299804826
-0.0007364219264
-0.00104942646
-0.001048679373
-0.001640777111
-0.001592371981
-0.001639815236
-0.001592365809
-0.001640796218
-0.001639861053
4.924867949e-06
2.363330173e-06
6.489940214e-07
4.926043429e-06
2.363947041e-06
6.491853863e-07
4.912616467e-06
2.35646668e-06
6.461346101e-07
4.913030204e-06
2.356687092e-06
6.462023594e-07
)
;
    }
    procBoundary1to3
    {
        type            processor;
        value           nonuniform List<scalar> 
125
(
3.830900862e-07
7.061790057e-07
9.979296938e-07
1.102549138e-06
9.633364535e-07
6.256542641e-07
2.319159406e-07
-1.232398342e-07
-3.884652405e-07
-5.236523941e-07
-5.571165776e-07
-5.259056517e-07
-4.473284439e-07
-3.744654773e-07
-2.889534457e-07
-2.063717927e-07
-1.356769014e-07
-7.565644012e-08
-2.811715042e-08
5.957932944e-09
3.228611162e-08
4.270136868e-08
4.315555015e-08
3.84278249e-08
3.192285997e-08
2.556074022e-08
2.028350034e-08
1.618555773e-08
1.287926137e-08
9.959043159e-09
7.226425822e-09
4.815700347e-09
2.593973677e-09
1.655096416e-09
1.69371267e-09
2.077970348e-09
3.080597079e-09
4.190018892e-09
5.109561816e-09
5.743830786e-09
6.083364792e-09
6.160662694e-09
6.022637698e-09
5.721498184e-09
5.314635467e-09
4.860195179e-09
4.407862853e-09
3.997317932e-09
3.643205138e-09
3.346843955e-09
3.099697945e-09
2.889800902e-09
2.707570889e-09
2.547557767e-09
2.40665049e-09
2.282337988e-09
2.174181999e-09
2.081999945e-09
2.004317847e-09
1.939618246e-09
1.885772265e-09
1.839653672e-09
1.798255263e-09
1.759443832e-09
1.722382319e-09
1.687918199e-09
1.657444873e-09
1.637934576e-09
1.607258581e-09
-2.318783136e-08
-1.276660824e-08
5.504758421e-09
-1.98620086e-08
-1.670448967e-08
-1.446234298e-08
-1.591437042e-08
-5.418464927e-09
-1.963680879e-08
-9.111376773e-09
-9.252624855e-09
-1.841757708e-08
-8.312559509e-09
-8.974419279e-09
-5.448790423e-09
-7.986706852e-09
-5.257987761e-09
-2.26138909e-08
-2.058160831e-08
-1.978782353e-08
-1.498797355e-08
-1.424906376e-08
-1.40812289e-08
-1.977250013e-08
-8.339610125e-09
-1.496598234e-08
-1.065635193e-08
-9.894792033e-10
-8.716700035e-09
3.561562853e-08
4.908339386e-09
3.525359399e-08
-1.29461139e-08
-1.167061048e-08
-1.213178261e-08
-8.762366059e-09
-5.2560946e-09
-9.155961948e-09
-1.102937264e-08
-9.551559791e-09
-1.128068317e-08
-5.200755137e-09
-7.945993213e-09
-8.832079491e-09
-5.496450619e-10
-2.724632748e-10
-7.900436869e-11
-5.683169501e-10
-2.841676898e-10
-8.323409997e-11
-4.871792331e-10
-2.392630924e-10
-6.840397311e-11
-5.440859654e-10
-2.710884589e-10
-7.903317004e-11
)
;
    }
}


// ************************************************************************* //
