/*--------------------------------*- C++ -*----------------------------------*\
| =========                 |                                                 |
| \\      /  F ield         | OpenFOAM: The Open Source CFD Toolbox           |
|  \\    /   O peration     | Version:                                        |
|   \\  /    A nd           | Website:  www.openfoam.com                      |
|    \\/     M anipulation  |                                                 |
\*---------------------------------------------------------------------------*/
FoamFile
{
    version     2.0;
    format      ascii;
    class       volScalarField;
    location    "7.1";
    object      p;
}
// * * * * * * * * * * * * * * * * * * * * * * * * * * * * * * * * * * * * * //

dimensions      [0 2 -2 0 0 0 0];


internalField   nonuniform List<scalar> 
2429
(
0.08965091506
0.08995581324
0.09070658389
0.09192779793
0.0936129109
0.09579445053
0.09854206258
0.1019455628
0.1061149182
0.1111918247
0.11736331
0.1248773221
0.1340645482
0.1453730854
0.1594149588
0.1770579909
0.1994751811
0.2285364466
0.2660783381
0.3098337391
0.3639243921
0.465365243
0.576176747
0.08924406713
0.0895402351
0.09026864906
0.09145288447
0.09308539955
0.09519586612
0.09784903763
0.1011277636
0.1051321797
0.1099896746
0.115865979
0.1229767376
0.131602522
0.1421110948
0.1549826492
0.1708558282
0.1905174909
0.2151074579
0.2454015808
0.2856837685
0.3287718754
0.3911213456
0.40701358
0.08844288862
0.08872066297
0.08940557448
0.09051817815
0.09204880326
0.0940218285
0.09649291436
0.09953202268
0.1032212717
0.1076621169
0.1129821914
0.1193403995
0.1269312151
0.1359887281
0.146781023
0.159604653
0.1746791859
0.1921321239
0.2111526159
0.2298713812
0.2558027466
0.2567139076
0.1892606307
-0.1692867348
-0.3557386667
0.08727069932
0.08752273991
0.08814601085
0.08915710892
0.09054382999
0.09232353273
0.09453979104
0.09724575125
0.1005004595
0.1043727486
0.1089433034
0.11430321
0.1205463269
0.1277588536
0.1359729238
0.1451487915
0.1549565046
0.1647063807
0.172547637
0.175277571
0.1841154408
0.1548334853
0.07032278876
-0.1276782051
-0.3834803732
-0.4558949875
-0.3948329222
-0.3523020617
0.08575833159
0.08598101563
0.08652812772
0.08741338654
0.0886228103
0.0901657932
0.09207215694
0.09437647846
0.09711300347
0.1003161574
0.1040179932
0.1082434043
0.1129870467
0.1182086045
0.1237480387
0.1293234965
0.1343105139
0.1375943241
0.1371113741
0.1290971285
0.1073890508
0.08233807186
0.00574500772
-0.1096657797
-0.2262755927
-0.3040579275
-0.3234762037
-0.3249374087
0.08394921784
0.08413762338
0.08459784943
0.08534005636
0.08634877003
0.08762547608
0.08918613169
0.0910470724
0.09321893912
0.09570323903
0.09848590218
0.1015386653
0.1047784342
0.1080751625
0.111167014
0.1136315989
0.1147511606
0.1133312458
0.1076017161
0.09471833145
0.07090310838
0.03068964867
-0.02726948918
-0.08836306133
-0.1585109592
-0.2146391269
-0.2462036268
0.08189024004
0.08204062645
0.08240743111
0.08299657622
0.08379133965
0.08478611517
0.08598408458
0.08738518062
0.08897925671
0.09073770333
0.09261132461
0.09453720546
0.09639034231
0.09798170443
0.09900854879
0.0989955245
0.09727982901
0.0928508888
0.08433960401
0.06986405723
0.04721085878
0.01418733762
-0.02967698496
-0.07923036643
-0.1269199496
-0.1665215941
-0.1952005099
0.07963086352
0.07974219657
0.08001306469
0.08044555273
0.08102250356
0.08173247344
0.08256764628
0.08351432636
0.08454497416
0.08560632932
0.08663321945
0.08754282326
0.08818892404
0.08834724881
0.08772499321
0.08588668745
0.08225146791
0.07603552315
0.06623299744
0.05160556881
0.0310047146
0.003504655831
-0.03037680502
-0.0678337559
-0.1049004477
-0.1369782012
-0.1620569633
0.07722295557
0.0772956421
0.07747152018
0.07774945442
0.07811290856
0.07854610611
0.07903225972
0.07954715424
0.08004982095
0.08047288291
0.08074783092
0.08077643101
0.08041065308
0.07943184178
0.07756185178
0.07442935792
0.06956068481
0.0623692748
0.05214212707
0.03812318367
0.01975491036
-0.00329277018
-0.03035735879
-0.05966571384
-0.08870052053
-0.1147639036
-0.1362461251
0.07471783002
0.07475339871
0.07483809425
0.07496821232
0.0751288048
0.07530094313
0.0754605745
0.0755767412
0.07560123599
0.07546084239
0.07509178924
0.07439238372
0.07321200301
0.07135294346
0.06857086499
0.06456351751
0.05896629449
0.05133979387
0.04120009775
0.02813841753
0.01185261101
-0.00760977829
-0.02965474809
-0.05304689125
-0.07629187601
-0.09770733951
-0.1159939492
0.07216482377
0.07216567412
0.07216513369
0.07215743723
0.07212953646
0.07206014115
0.07192142388
0.07168015315
0.07128367613
0.07066933309
0.06976845416
0.06847676522
0.06665573956
0.06413625704
0.0607158691
0.05615674747
0.05017856038
0.04247099689
0.03272132584
0.02072178859
0.006323239597
-0.01028058709
-0.02853582466
-0.04764976708
-0.06667237906
-0.0844539483
-0.09999187131
0.06961009992
0.06957924045
0.069500926
0.06936769516
0.06916867525
0.06888200252
0.06847693831
0.06792393409
0.06717518366
0.06616937201
0.06483196998
0.06306758484
0.06075834721
0.05776404767
0.05392277618
0.04904751293
0.0429302516
0.03535074442
0.02613707312
0.01516073358
0.002433460263
-0.01183641104
-0.02720518073
-0.04313482501
-0.05896600796
-0.07387931596
-0.08711937638
0.06709583503
0.06703640561
0.06688837224
0.06664292874
0.06629218353
0.06581474896
0.06518448815
0.06437103119
0.06332797844
0.06199652071
0.06030737529
0.05817811586
0.05551026842
0.05219010423
0.04808824522
0.04306301851
0.0369645402
0.02964444999
0.02101797529
0.01101174909
-0.000291045666
-0.01266261219
-0.02579235051
-0.03928329845
-0.05265213563
-0.06530134196
-0.07665968053
0.06465997541
0.06457505376
0.06436520846
0.06402135152
0.06353846956
0.0629005374
0.06208308515
0.06105221847
0.0597648602
0.05816951552
0.05620603727
0.05380403379
0.05088233416
0.04735070481
0.04310875531
0.03804899783
0.03206477291
0.02507100542
0.0170136601
0.007901806656
-0.002171494975
-0.01300765246
-0.0243746988
-0.03596403815
-0.04741021001
-0.05826636424
-0.0680943402
0.06233326822
0.06222836539
0.06196505048
0.06153623143
0.06094312539
0.06017230342
0.05919777814
0.05798687769
0.05650205794
0.05469942686
0.05252764259
0.04992731838
0.04683370301
0.04317519355
0.03887707418
0.03386128855
0.02805494931
0.02141588174
0.01390494638
0.005576506887
-0.003455514491
-0.01304672295
-0.02300946438
-0.03309556313
-0.04302286843
-0.05244976784
-0.06103520235
0.06014842766
0.06002295434
0.05971598911
0.05921794666
0.05853333575
0.0576510619
0.05654652465
0.05519027151
0.05354991791
0.05158827211
0.04926194471
0.04652240874
0.04331819499
0.03959505212
0.03529697395
0.03037123594
0.02476978094
0.01847852469
0.01148319326
0.003848009602
-0.00431468708
-0.0128924497
-0.0217265451
-0.0306137593
-0.0393320794
-0.04761524976
-0.05519390617
0.05812386069
0.0579835987
0.05764127966
0.05708665655
0.05632655037
0.05535284224
0.0541436028
0.05267263992
0.0509121459
0.04883084578
0.04639262812
0.0435595603
0.04029180982
0.03654844115
0.03228823525
0.02747603942
0.0220879432
0.01611708303
0.009586073326
0.002552887208
-0.004886406941
-0.01263329562
-0.02055259145
-0.02847677651
-0.03622736435
-0.04359250026
-0.05035609347
0.05628389893
0.05613168279
0.05576006495
0.0551591385
0.0543380274
0.05329123414
0.0519993912
0.05043942128
0.04858775097
0.04641827671
0.04390197513
0.04100940237
0.03771061304
0.03397568852
0.02977683956
0.02509208796
0.01991468005
0.01424013453
0.008109523011
0.001588071724
-0.005250810332
-0.01231843711
-0.01949734684
-0.02664763398
-0.03362290421
-0.04025132241
-0.04635679723
0.05464447052
0.05448302057
0.05408774856
0.05344960359
0.05258010314
0.05147595894
0.05012006763
0.04849233538
0.04657270007
0.04433938329
0.04177039313
0.03884338287
0.03553549643
0.03182595376
0.02769833421
0.02314004247
0.01815612959
0.01275166443
0.006970279956
0.0008761343997
-0.005469703299
-0.01198592198
-0.01856859381
-0.02509890273
-0.03145452668
-0.03749362643
-0.04307042261
0.05321892136
0.05305055095
0.05263673962
0.05196930475
0.05106206207
0.04991368538
0.04850904406
0.04683057057
0.04486099082
0.04258304064
0.03998054255
0.0370362089
0.03373366718
0.03005871376
0.02600271572
0.02156316655
0.01674742586
0.01157723512
0.006092060944
0.0003486146792
-0.005596034606
-0.01166726786
-0.0177727304
-0.02380963672
-0.02967340399
-0.03524465368
-0.04040062562
0.05201775021
0.05184426937
0.0514163211
0.05072643763
0.04979044496
0.04860875395
0.04716793575
0.04545224805
0.04344640895
0.04113826144
0.03851540758
0.03556463463
0.03227494745
0.0286376887
0.02465052544
0.02031740388
0.01564719954
0.01066944305
0.005426208691
-3.540487511e-05
-0.005660528208
-0.01137970385
-0.01711002073
-0.02276084121
-0.02824046586
-0.0334462495
-0.03827291946
0.05104898593
0.05087187902
0.05043353335
0.04972704367
0.04876988014
0.04756392112
0.0460968907
0.04435382958
0.04232293724
0.03999524646
0.03736071199
0.03440983477
0.03113555385
0.02753355912
0.02360598267
0.01936100332
0.01481203224
0.009989967586
0.004935853413
-0.0003076734352
-0.005687093934
-0.0111367966
-0.01658113471
-0.02193853846
-0.02712650277
-0.03205469342
-0.03663102323
0.05031840737
0.0501390647
0.04969352101
0.0489754024
0.04800345234
0.04678064449
0.04529525732
0.04353315442
0.04148596978
0.03914598186
0.03650521765
0.03355697911
0.03029696411
0.02672393049
0.0228428964
0.01866477577
0.01420771486
0.009503066765
0.004588181658
-0.0004953284665
-0.005695273418
-0.01094920126
-0.01618666784
-0.02133237356
-0.02630993044
-0.03103773459
-0.03543343254
0.04983052077
0.04964978076
0.04919980025
0.04847441271
0.04749314444
0.04625958438
0.04476176829
0.04298814568
0.04093113238
0.03858393507
0.03594021922
0.03299499776
0.02974570122
0.02619304491
0.02234384707
0.01821078944
0.01381484604
0.00918864736
0.004365476034
-0.0006129969713
-0.005695508241
-0.01082187889
-0.01592500341
-0.02093340513
-0.02577415808
-0.03037132599
-0.03464946122
0.04958962005
0.04940833883
0.04895657392
0.04822807617
0.04724249598
0.04600285533
0.04449844237
0.04271898129
0.04065683981
0.03830581524
0.03566039207
0.03271642369
0.02947221459
0.02592928869
0.02209509898
0.01798548501
0.01362221824
0.00903425649
0.004255480356
-0.0006716851322
-0.005696590237
-0.01076035879
-0.01579761528
-0.02073867494
-0.02551171978
-0.03004333713
-0.03426215211
0.473440527
0.5761458546
0.4734595209
0.2361882778
0.002943470046
0.4069924935
0.2361381269
0.002979010856
-0.09759184962
-0.09756701531
-0.3582540494
-0.3582525232
-0.3517896357
-0.3518247299
-0.1377311975
-0.3689959217
-0.1693239119
-0.1377743265
-0.3689550454
-0.4528173528
-0.4925158534
-0.4527793696
-0.4924933236
-0.4939079614
-0.4159194425
-0.4938838307
-0.4159490288
-0.3624597349
-0.4026212678
-0.3618563817
-0.3623868045
-0.402567915
-0.3617449021
0.5521418363
0.4190747162
0.4663199027
0.4653405771
0.5521211237
0.4190119199
0.4663678894
0.5588802934
0.5785671376
0.5868378739
0.5568631879
0.5859777059
0.559653099
0.5590541895
-0.3471047041
-0.345379294
-0.03118482628
0.09176379989
-0.06428283718
0.1892239288
-0.03119192388
0.09173135409
-0.06429408993
-0.2367222979
-0.1743305266
-0.1859864011
-0.1728819391
-0.1789308608
-0.1750400276
-0.2378559183
-0.5347720116
-0.5381179498
-0.3863172093
-0.3842877382
-0.4065928418
-0.3825751306
-0.407246234
-0.3861450424
-0.353181761
-0.355721113
-0.3531089642
-0.450989957
-0.2518843629
-0.3228066712
-0.3833649923
-0.4509811711
-0.2518285261
-0.3227965186
-0.4072401468
-0.3358230153
-0.3461728244
-0.455888008
-0.4073388639
-0.3358423784
-0.3462692537
0.5002664938
0.4756407326
0.5181491253
0.4573461269
0.5201567012
0.4597811499
0.5019536063
0.4385973461
0.4394569208
0.5588749871
0.5785601349
0.5868149235
0.5568365783
0.5859709502
0.5596484193
0.5590380073
0.5002624327
0.475639081
0.5181255408
0.4573343819
0.5201546131
0.4597783595
0.5019412893
0.4385964987
0.4394556027
0.2483741369
0.2970817369
0.1836541663
0.2922947004
0.1848866644
0.2458293441
0.1720455109
0.004300098258
0.02945151007
0.120653106
0.02204622938
0.1221930617
0.1709672485
0.2483715051
0.2970724961
0.1836536309
0.2922937965
0.1848834002
0.2458250287
0.1720427429
0.004298469455
0.02945364148
0.1206559495
0.02203771453
0.1221979302
0.1709651734
-0.09820166708
-0.09817417723
-0.3574096194
-0.3574041175
-0.3520762386
-0.3539980391
-0.3473525869
-0.3546842493
-0.3474524463
-0.3471039894
-0.3453766989
-0.3520745896
-0.3539846588
-0.3473345914
-0.3546799628
-0.3474473978
-0.392186298
-0.3621541302
-0.3887042896
-0.3650882183
-0.3832163608
-0.3859127484
-0.2367197848
-0.1743112386
-0.1859863907
-0.1729083964
-0.1789349134
-0.1750303203
-0.2378516579
-0.3921919714
-0.3621752058
-0.3887066992
-0.3650942578
-0.3832206999
-0.3859279295
-0.4525633107
-0.4561514787
-0.5079054413
-0.4677934501
-0.5129437379
-0.469554789
-0.457179527
-0.501419983
-0.4937954646
-0.5068108257
-0.4888774118
-0.5052970403
-0.4919400794
-0.500530081
-0.5347664982
-0.5381136683
-0.4525550911
-0.4561321073
-0.5078736614
-0.4677535319
-0.5129327691
-0.4695475184
-0.4571546331
-0.5014116068
-0.4937898654
-0.506787877
-0.4888505433
-0.5052900569
-0.4919333661
-0.5005067088
-0.4182407509
-0.4158453148
-0.4850241537
-0.4962671373
-0.5187252303
-0.4690280838
-0.5197632259
-0.4698496645
-0.4857148524
-0.4617238361
-0.4156604162
-0.4177509038
-0.4422742759
-0.4170415493
-0.4430975504
-0.4602184234
-0.4182343838
-0.4158403048
-0.4850194817
-0.4962600337
-0.5187044187
-0.4690074796
-0.519756328
-0.4698454444
-0.4857004513
-0.4617167855
-0.4156617496
-0.4177294359
-0.4422525124
-0.4170351886
-0.4430917323
-0.4601991382
-0.3787713813
-0.3629323996
-0.3725717323
-0.3645827473
-0.3723747736
-0.3647612679
-0.377801568
-0.3863026384
-0.3842516995
-0.4065548474
-0.3825600738
-0.4072331019
-0.3861059262
-0.3787603542
-0.3629207038
-0.3725183253
-0.3645652613
-0.3723618766
-0.3647525064
-0.3777692303
0.435807854
0.3420869584
0.3978715112
0.3639099634
0.4357820249
0.3421211333
0.3977989059
0.4867962934
0.4947207389
0.4571410782
0.4694711986
0.4968949538
0.4613301901
0.4845847128
0.3747208049
0.2953110236
0.2796516484
0.3287052667
0.3747950048
0.2952848919
0.279617417
0.4159646359
0.2884440204
0.2663641908
0.3911998839
0.4159595206
0.2884071309
0.2663882358
0.3164074882
0.4076208046
0.3737689618
0.3463477656
0.3752260758
0.3473003958
0.314215359
0.2229605611
0.1781462105
0.1216648617
0.2567553512
0.2228975359
0.1782100831
0.1216797361
0.1910144775
0.1364212903
0.1372770899
0.1000848075
0.148226304
0.1506709553
0.09867714153
-0.3563316374
-0.347981369
-0.3545384962
-0.3482452015
-0.3547046001
-0.3475979961
-0.347591122
0.09878209499
0.1105694474
0.03484098442
0.1548499485
0.09876044856
0.1105753445
0.03483463003
-0.06585895215
0.01721578832
-0.067633332
0.07027162742
-0.06590313539
0.01720396233
-0.06768170445
-0.3219007856
-0.1056301778
-0.2173315262
-0.1278001873
-0.3217602
-0.1056814662
-0.2172060622
-0.3840555386
-0.4164790481
-0.416234107
-0.3615061191
-0.3273417165
-0.3271828311
-0.3618217428
-0.4566227945
-0.4435014414
-0.4438107869
-0.411566228
-0.4139163874
-0.4141497687
-0.4114272095
-0.3586584937
-0.3445077461
-0.3366510338
-0.3946557928
-0.3587088486
-0.3444726401
-0.3366349786
-0.3337554333
-0.3521773871
-0.3338406072
-0.1959533048
-0.09572089424
-0.1852439526
-0.1096991365
-0.195933777
-0.09573896736
-0.185221672
-0.2906032801
-0.1911465373
-0.2228105031
-0.2262243445
-0.2905989976
-0.1911723806
-0.2228044735
-0.322305182
-0.2352971465
-0.2628256078
-0.304075944
-0.322330765
-0.2353052827
-0.2628679127
-0.3248557461
-0.2680216728
-0.2855289231
-0.3235818472
-0.3248164973
-0.2679970963
-0.2855400645
0.2452801678
0.2375604021
0.2883209921
0.1868160089
0.2893488035
0.187301064
0.2448066855
0.3164041558
0.4076131949
0.3737903344
0.3463228534
0.3752287688
0.3472973285
0.3142080845
0.2452786924
0.2375491018
0.2883443313
0.1867898711
0.2893545624
0.1872980222
0.2448035307
-0.2324324415
-0.1375519275
-0.152340456
-0.2117163401
-0.1524894247
-0.2110879596
-0.2334251771
-0.3468990205
-0.3685848596
-0.3954129405
-0.2983099518
-0.3942881417
-0.2988470625
-0.3445737319
-0.2324432806
-0.1375757071
-0.1523455357
-0.2118123864
-0.1524948629
-0.2111164615
-0.2334559579
-0.3469099464
-0.3685708568
-0.3954328311
-0.2983607206
-0.3942895691
-0.2988646921
-0.3446049939
-0.3928354626
-0.4029487951
-0.4161413004
-0.3871771554
-0.4182716944
-0.3870517171
-0.3926677094
-0.3762039497
-0.3617399551
-0.3636557767
-0.3724999689
-0.3636590471
-0.3724245112
-0.3760641321
-0.3928149513
-0.402927505
-0.4161330415
-0.387035225
-0.4182622632
-0.3870169292
-0.3926119794
-0.3761893025
-0.3617234804
-0.36358138
-0.3724528943
-0.3636410043
-0.3724123245
-0.3760152635
0.5532807563
0.5367239809
0.5378668834
0.5131218326
0.5242758418
0.5256072755
0.5117887125
0.4672616864
0.4411307572
0.4380841146
0.4235031107
0.4454506924
0.4405316644
0.4650194845
0.4673694028
0.506438297
0.5072230628
0.4888143688
0.454712941
0.4562112717
0.487535526
0.4867929138
0.4694678605
0.4947127844
0.4571288771
0.4968926969
0.4613263443
0.4845745359
0.5532746042
0.5366943205
0.537862061
0.5131169348
0.5242630525
0.525602858
0.5117677324
0.4672611969
0.423499903
0.4411545725
0.4380529589
0.4454522973
0.440530992
0.4650173351
0.467371207
0.5064200006
0.5072189596
0.488814182
0.4547121276
0.4562117251
0.4875418824
-0.02970068766
0.06432950642
-0.05593393946
0.06481635058
-0.05515324085
0.0312233976
0.03051079301
0.07415544003
0.1168080135
0.05053847777
0.09697296464
0.1206466044
0.05350123983
0.07192696771
-0.06332005539
-0.06183935031
-0.06090692916
0.0132952752
-0.002112507706
-0.0006559092065
0.0120655557
0.1910013497
0.1364764373
0.1372889926
0.1000838831
0.1482619492
0.150680228
0.09868907289
-0.02973049874
0.06436506332
-0.05598067491
0.06481848161
-0.05517945372
0.03121176002
0.03049482513
0.07414630147
0.09696261239
0.1168100244
0.05051779951
0.1206436219
0.05349328054
0.07190744546
-0.06332735066
-0.06188221441
-0.06091647741
0.01328377489
-0.002133713347
-0.0006624104045
0.01203749905
-0.3531578746
-0.3532545936
-0.353443067
-0.3465506829
-0.3453135038
-0.345262618
-0.3465167576
-0.3563262389
-0.3480379424
-0.3545789657
-0.348243747
-0.3547053692
-0.3475902192
-0.3475663885
-0.3531427112
-0.3533707681
-0.3534528592
-0.3465496424
-0.3453750184
-0.3452719792
-0.3465429819
-0.4510672948
-0.4386324564
-0.4387211889
-0.3867537949
-0.4046543797
-0.40461833
-0.3869669679
-0.3170243589
-0.2851190419
-0.2807768819
-0.250466595
-0.2845965514
-0.2795717872
-0.3174497871
-0.3422725732
-0.3612840317
-0.304412859
-0.3222662018
-0.361092688
-0.3035679968
-0.3425996511
-0.3840190843
-0.4164535162
-0.4162294157
-0.3615292881
-0.3269894328
-0.3271069403
-0.3618770073
-0.4510647808
-0.438623115
-0.4387210684
-0.3867610875
-0.4046432668
-0.4046153116
-0.3869804677
-0.3170822678
-0.2504761076
-0.2848493243
-0.2808912955
-0.2845682733
-0.2796141725
-0.317594144
-0.3422857857
-0.3222675835
-0.3612674149
-0.304437891
-0.3610891236
-0.3035808841
-0.342627363
-0.4072949437
-0.4252913354
-0.4255722707
-0.4021395177
-0.391472165
-0.3915396275
-0.4020530767
-0.3766653894
-0.3729438815
-0.3432341672
-0.3355136485
-0.3729113971
-0.343070633
-0.3766598175
-0.374344807
-0.3700007648
-0.3458282958
-0.3459995595
-0.3700244954
-0.3457056087
-0.3743782789
-0.4566206608
-0.4435023896
-0.4438144843
-0.4115851962
-0.4139269234
-0.4141538254
-0.4114793902
-0.4072947179
-0.4253124197
-0.4255731364
-0.4021671383
-0.3917540473
-0.3915474926
-0.4021901073
-0.376700279
-0.3355246053
-0.3729676464
-0.3433023645
-0.3729215989
-0.3430959483
-0.3767536195
-0.374406499
-0.3460078036
-0.3705134662
-0.3459455692
-0.3700838182
-0.3457372325
-0.3745973733
0.3391517802
0.3019452478
0.3279618604
0.309835825
0.339151496
0.3019413259
0.3279533077
0.4073588396
0.3736784302
0.360468168
0.3719885087
0.411550897
0.3688022278
0.3690145049
0.3077449042
0.2644757032
0.2826725098
0.2856724747
0.3077384614
0.2643736376
0.2825756314
0.3504171823
0.3317312971
0.3116540906
0.3366539464
0.3701145504
0.3208352618
0.3162222769
0.4045357456
0.3966774316
0.4077422966
0.3722246862
0.3595667548
0.3678223596
0.3679623037
0.2518815193
0.2189591336
0.211070392
0.2557782459
0.2519438231
0.2189290795
0.211078036
0.2341772385
0.2557914321
0.2314648656
0.2795861936
0.2654609543
0.2448609994
0.2221386353
0.1715839973
0.1510377125
0.1413295922
0.1841196279
0.1716142215
0.1510236561
0.141333249
0.1598439276
0.1227950724
0.1296555702
0.1669635845
0.1792979675
0.1458533448
0.1070287992
0.03280335588
0.07732774981
0.03674308876
0.0243994881
0.05109093527
0.06172745766
0.01939106797
-0.127328719
-0.1910532562
-0.190472137
-0.1704519354
-0.1181176022
-0.117017161
-0.1714761309
-0.3951451434
-0.3820574926
-0.3821645937
-0.3823582986
-0.3824873839
-0.3725024961
-0.3726169735
-0.3522747757
-0.3448040255
-0.3446607539
-0.3437623185
-0.3489779033
-0.3489794295
-0.343904411
0.05254564279
0.05960797912
0.03711551575
0.08234494456
0.05254463784
0.05960032016
0.03711517549
-0.08647641562
-0.005754985697
-0.04132667881
0.005730892596
-0.0865124178
-0.005756406634
-0.04133112973
-0.1125122751
-0.1323298088
-0.1076477433
-0.07977147939
-0.1243570325
-0.07045682829
-0.1201489095
-0.2516036177
-0.2220628192
-0.2485018866
-0.2226469413
-0.2077271732
-0.1972972014
-0.2285888395
-0.3133435732
-0.3034387988
-0.3129733501
-0.2869103502
-0.2773591545
-0.2762741209
-0.2875931488
-0.3233308602
-0.3049810388
-0.3241518987
-0.3032218598
-0.3238381556
-0.3026543351
-0.3054654079
-0.2920893922
-0.3250134276
-0.2920105877
-0.1253914332
-0.08326392455
-0.1089534808
-0.08838132941
-0.1253942819
-0.08327149939
-0.1089513997
-0.1894162999
-0.1398062553
-0.1653574285
-0.1585119525
-0.189421133
-0.1398077441
-0.1653629327
-0.2334539757
-0.1896794021
-0.2078683028
-0.214648915
-0.2334699579
-0.1896871184
-0.2078763521
-0.2539807867
-0.2225999851
-0.236777864
-0.2462359739
-0.2540270914
-0.2226072595
-0.236800438
0.4291492081
0.4450805589
0.4385416479
0.4217134882
0.4040287989
0.4270469427
0.3984680048
0.3991645489
0.3532657092
0.346815522
0.3501039039
0.3617318082
0.3861802039
0.3600613244
0.4160030417
0.4072230114
0.4254772108
0.4111171887
0.37262053
0.3959024129
0.387675225
0.407357321
0.3719886064
0.3736757092
0.360506826
0.4115503346
0.3688045136
0.3690214521
0.4450749521
0.4291481355
0.4385365993
0.4217119496
0.4040242304
0.4270441605
0.3984890053
0.3991586383
0.350099429
0.3532488203
0.3468338161
0.3617268468
0.3861724762
0.3600487085
0.4072175747
0.4159975516
0.4254757886
0.4111108639
0.372569485
0.3958919088
0.3876414119
0.3844803916
0.3496682356
0.3538330053
0.3481419166
0.3755301439
0.360227626
0.3349662099
0.3210188157
0.3120513217
0.2897062392
0.3201494107
0.344505114
0.2964473686
0.3160197626
0.3504095261
0.3366373623
0.3316785064
0.3116643987
0.3701065602
0.320827601
0.3162118288
0.3844899631
0.349664402
0.3538295185
0.3481374546
0.3755288462
0.3602241459
0.3349621016
0.3210097113
0.3201496222
0.3120733234
0.2896698737
0.3445040866
0.2964365529
0.3160092631
0.4167355345
0.3648363956
0.3661281458
0.4141937063
0.4159481386
0.3731082554
0.370882895
0.3361073777
0.3225868186
0.2912886176
0.311574182
0.3411977395
0.300027239
0.3290238725
0.2687754361
0.314434971
0.3162632793
0.329918073
0.2839647366
0.2881931654
0.3267040112
0.3966874427
0.4046299274
0.4077530118
0.3722182497
0.3595591227
0.3678174968
0.3679471983
0.4167320232
0.3647925694
0.3661185023
0.4142368767
0.4159496784
0.3731008313
0.370862019
0.3361066516
0.3115727106
0.3226026802
0.2912959911
0.3411980914
0.3000304743
0.3290226292
0.2687767197
0.314430871
0.3162591649
0.3299183173
0.2839892066
0.2881962916
0.3266993787
0.2261707941
0.1830202924
0.1877681681
0.2162210814
0.2446119434
0.2503369747
0.2071306301
0.2186501148
0.2090133544
0.1472093237
0.1855769918
0.2104823167
0.19751467
0.1812235652
0.1488972575
0.132761518
0.1574824889
0.1909354222
0.1383561688
0.1677375581
0.1684755243
0.2341779004
0.2795928668
0.255816358
0.2314871598
0.2654655802
0.2448619178
0.2221427177
0.2261610801
0.1830263721
0.1877712132
0.216220143
0.2445928097
0.2503336581
0.2071114638
0.2186541478
0.1855898444
0.2090064349
0.1472544832
0.2104827785
0.1975268106
0.181231894
0.1327588063
0.1489287039
0.1574852299
0.1909372141
0.1384276118
0.1677479097
0.1684925457
0.111010008
0.1184103131
0.1150644805
0.07807542701
0.1447308674
0.09279781055
0.1001009899
0.08969055079
0.04834160216
0.0639760073
0.08703161088
0.0941416247
0.07697865135
0.08785325848
0.1598402274
0.1669732689
0.1227798991
0.1296631893
0.1793129209
0.1458593381
0.107011152
0.1110104908
0.1184057742
0.1150062587
0.07819405121
0.1447451868
0.09284253526
0.1000972025
0.08968782912
0.08702658413
0.04836825476
0.06396870826
0.09414997539
0.0769764504
0.08784838204
-0.06494731695
-0.0126344324
-0.01085565753
-0.01813391959
-0.0660182664
-0.06511349418
-0.01968997359
0.01607340817
0.02958349156
0.005167148544
0.04544354339
0.05622998686
0.01061606713
0.008809059168
-0.02549837471
-0.06648182278
-0.02350136943
-0.06309804945
-0.06505566026
-0.03828483871
-0.0243497373
0.07731846247
0.03278930857
0.03673945052
0.0243938697
0.05110810915
0.06173940802
0.01937198472
-0.06497097874
-0.01264794223
-0.0108621736
-0.01814818858
-0.06609468819
-0.06514341463
-0.01972082263
0.01606198227
0.04543198574
0.02957391354
0.005146922683
0.05622380942
0.01060494109
0.008784653508
-0.02551216626
-0.06311432021
-0.06654890501
-0.02353776609
-0.06508005961
-0.0382964841
-0.02438582242
-0.3213513133
-0.2595699867
-0.2595088562
-0.27898966
-0.2784234589
-0.2264490516
-0.2268009841
-0.1528271628
-0.1105421808
-0.1418864558
-0.09747505018
-0.1072921292
-0.1380348136
-0.1550675152
-0.2448212439
-0.2165760585
-0.2441441646
-0.1999635244
-0.1800300835
-0.1790739295
-0.2008814183
-0.1273674635
-0.1911826769
-0.190505234
-0.1705000625
-0.1182544545
-0.1170654343
-0.1716988432
-0.3212907473
-0.2596309312
-0.2595139022
-0.2785125052
-0.2782675005
-0.2264543062
-0.2272749403
-0.1528575554
-0.09749175234
-0.1106442171
-0.1419709831
-0.1073279373
-0.1380448996
-0.1552322813
-0.2165359984
-0.2439666291
-0.24392914
-0.199872171
-0.1799057597
-0.1790272437
-0.2008456516
-0.3586532806
-0.3694220824
-0.3694945683
-0.3631502896
-0.3539426402
-0.3538735088
-0.3630678726
-0.3647399214
-0.3444591413
-0.3648869542
-0.3589683168
-0.3424295696
-0.3422469327
-0.3590710155
-0.3530623357
-0.3467255463
-0.3396183229
-0.3361405561
-0.3465873027
-0.3393227169
-0.3530314866
-0.3950847168
-0.3818612874
-0.3821557082
-0.382090494
-0.3823485621
-0.3723925721
-0.3715828203
-0.3586698655
-0.3693394872
-0.369497941
-0.3632024678
-0.354042113
-0.3539054809
-0.3630828476
-0.3443931296
-0.36511275
-0.364808559
-0.3588394806
-0.3421990471
-0.3421681542
-0.3584497239
-0.353124716
-0.3361609052
-0.3468645289
-0.3394711199
-0.346644269
-0.3393092562
-0.3531294836
-0.3395905898
-0.3424655679
-0.3316304321
-0.3331501461
-0.3423034135
-0.3308682836
-0.3397356648
-0.3522496542
-0.3448270157
-0.344668594
-0.3437567058
-0.3489142567
-0.3489598512
-0.343860436
-0.339594223
-0.3331775789
-0.3425129479
-0.331649856
-0.3423185309
-0.3308711413
-0.3397387993
-0.1940468519
-0.1576673309
-0.1624848815
-0.1811236822
-0.1635339527
-0.1744772568
-0.1437166821
-0.1503854256
-0.1911530619
-0.1440684772
-0.1102897334
-0.133106722
-0.1306437
-0.140254437
-0.1125174584
-0.07977687724
-0.1323454263
-0.1076622653
-0.1243514979
-0.07046262617
-0.1201616764
-0.19403458
-0.1576428622
-0.1623812556
-0.1810827352
-0.1635094718
-0.1744624993
-0.1436993782
-0.1503723996
-0.1102884992
-0.1911123807
-0.1440639581
-0.1331069778
-0.1306450161
-0.1402353642
-0.2730789274
-0.2895729887
-0.2713300411
-0.2444318697
-0.2639716141
-0.2621970358
-0.247431277
-0.1980593004
-0.2024781344
-0.1960186356
-0.1448895659
-0.1646433553
-0.178483996
-0.2122198851
-0.2212299919
-0.2420554358
-0.2092669084
-0.2194272813
-0.2388318501
-0.2021771799
-0.2269704957
-0.2220566344
-0.2516383606
-0.2485166223
-0.2226512687
-0.2076777148
-0.1972842035
-0.2285923152
-0.289574568
-0.2730984754
-0.2713368864
-0.2444420853
-0.2639781051
-0.262199806
-0.2474647258
-0.1980608288
-0.1448991335
-0.202490386
-0.1960110915
-0.1646500101
-0.1784828075
-0.2122204364
-0.2212340471
-0.2194285189
-0.2420605558
-0.2092872333
-0.2388341756
-0.2021811465
-0.2269823764
-0.3188890153
-0.3220004492
-0.3185758076
-0.2942895016
-0.300054183
-0.2995298952
-0.2948794426
-0.2642475048
-0.2549077633
-0.2464138327
-0.2332534841
-0.2528637174
-0.2454513578
-0.2656856972
-0.2724288447
-0.280291341
-0.2546077725
-0.2622413392
-0.2790941455
-0.2535999051
-0.2736755905
-0.3034480463
-0.3133948263
-0.3129913742
-0.2869229673
-0.277379171
-0.2762812741
-0.2876357923
-0.3220126182
-0.318933704
-0.3185929457
-0.294297749
-0.3000855382
-0.299542918
-0.2948935569
-0.2642573194
-0.2332589888
-0.2549214141
-0.2464554568
-0.2528691016
-0.2454627778
-0.2657133936
-0.2724383944
-0.2622514465
-0.2803370307
-0.2546203097
-0.2791055695
-0.2536071372
-0.2737027261
-0.3057461342
-0.3240297424
-0.3101491111
-0.3237217548
-0.3232131267
-0.3094756203
-0.3065174508
-0.2860526982
-0.2847265229
-0.2750652506
-0.2666501877
-0.2829700519
-0.274564966
-0.2873055215
-0.3233360422
-0.3049720802
-0.3241448529
-0.3032440247
-0.3238022356
-0.3026633624
-0.3054504589
-0.3057393239
-0.3237194535
-0.3239328537
-0.3101366492
-0.3231791714
-0.3094747967
-0.3065000786
-0.2860760358
-0.2666544806
-0.2847045944
-0.2751000107
-0.2829734492
-0.2745836808
-0.287321358
-0.3307926164
-0.309244951
-0.3232894421
-0.3304519922
-0.307810389
-0.3068380811
-0.3084248677
0.2652858322
0.229618728
0.2949359204
0.2745130316
0.2694398419
0.2503792135
0.2381901675
0.2949479023
0.2653461316
0.2296753694
0.2745259735
0.2694473465
0.2503909746
0.2382392992
-0.03391342804
-0.08954860431
-0.03819665643
-0.04328865126
-0.02479004242
-0.03562261072
-0.04912444931
-0.03820845965
-0.03394280993
-0.08957241738
-0.04329757606
-0.02479883501
-0.0356305028
-0.04914659728
-0.3233106532
-0.3308407647
-0.3092957696
-0.3304518745
-0.3078093921
-0.3068245104
-0.3084396789
-0.1025701496
-0.102603595
-0.1019850243
-0.1025858882
-0.1026250866
-0.1020066763
-0.3618383587
-0.3629636356
-0.3645546672
-0.3618328625
-0.3629575605
-0.364548775
0.5897967578
0.5945513453
0.5955972092
0.6114387168
0.6175775816
0.6231659518
0.6069853471
0.6107155606
0.6114163628
0.5934420307
0.6005304704
0.606334739
-0.3464032834
-0.346228511
-0.3449762471
-0.2285088574
-0.2321265072
-0.233354766
-0.2257003814
-0.2283537832
-0.2274692725
0.5373166383
0.5415562696
0.5421662321
0.5414172653
0.5477046096
0.5526805204
0.5897910722
0.5945456542
0.5955916307
0.6114161904
0.617554621
0.6231425302
0.6069781197
0.6107082249
0.611409036
0.5934247507
0.6005128334
0.6063169163
0.5373129576
0.541552637
0.5421627214
0.5414058016
0.5476930596
0.5526689632
0.4427537784
0.4451913815
0.4492280578
-0.3358025937
-0.3365874426
-0.3378747163
-0.3358080037
-0.3365921341
-0.3378794059
0.05740562981
0.06174429242
0.06406312288
0.05407088921
0.05837146561
0.06003351123
0.1755143035
0.1736839268
0.1736623944
0.05740499399
0.06174352976
0.06406272792
0.05406757778
0.05836829368
0.06003029158
-0.1024109792
-0.1020278373
-0.1006034436
-0.1024166834
-0.1020383317
-0.1006138833
-0.3585645106
-0.3582087942
-0.3567890016
-0.3585595267
-0.35820394
-0.3567842059
-0.3441876644
-0.3448296366
-0.3463983649
-0.349913895
-0.3511512361
-0.3527832644
-0.5332115259
-0.5340806225
-0.5382880446
-0.3889035082
-0.3906264614
-0.3925802206
-0.4220273596
-0.4250844899
-0.4278229767
0.4427554135
0.4451926487
0.4492278212
0.3323830562
0.3384690757
0.3425146367
0.1763586942
0.175305863
0.176561985
0.3323745188
0.3384621774
0.3425096053
0.1763562389
0.1753038182
0.1765610136
-0.3441782121
-0.3448208999
-0.3463895456
-0.3499098396
-0.3511459919
-0.3527777656
-0.448247241
-0.4549829272
-0.4579018896
-0.4482471549
-0.4549849097
-0.4579058417
-0.5332060629
-0.5340750577
-0.538283339
-0.4289905842
-0.4320876283
-0.434604362
-0.4289796729
-0.4320756191
-0.4345925973
-0.4219909778
-0.4250484895
-0.4277866944
-0.3417702056
-0.3410581263
-0.3397690571
-0.5322038448
-0.5308969589
-0.5309684107
-0.5029083265
-0.5057626661
-0.5036038017
-0.5072444418
-0.5119667375
-0.5142380661
-0.4918064303
-0.4931263785
-0.4930878138
-0.5459690243
-0.5526442264
-0.5582925064
-0.5433894332
-0.5479064378
-0.5492133006
-0.4958544352
-0.4990809564
-0.5030148274
-0.3849756496
-0.3851369198
-0.3839466885
-0.4195364048
-0.4209094313
-0.4202507475
0.4403351501
0.4409689823
0.4415992785
0.4403333145
0.4409679409
0.4415994862
-0.332235129
-0.3317425426
-0.3302494316
-0.3322361292
-0.3317434944
-0.3302503452
0.3283845711
0.3333157756
0.3346021304
0.1755181363
0.1736872182
0.1736648612
0.32838143
0.3333129303
0.3346004462
-0.3566434313
-0.3555548953
-0.3570618041
-0.2285134005
-0.2321324064
-0.2333610828
-0.225702246
-0.2283556628
-0.227471212
-0.356661404
-0.3555729841
-0.3570815285
-0.3562506867
-0.3536774219
-0.3524530379
-0.3562233696
-0.3570209058
-0.3585795794
-0.3807174017
-0.3823264049
-0.3842535735
-0.3536072802
-0.353044811
-0.3516325468
-0.3777298654
-0.3778635636
-0.3766234125
-0.3888655097
-0.3905874741
-0.3925407288
-0.3849607283
-0.3851220429
-0.3839318846
-0.3562068788
-0.3570052003
-0.3585644963
-0.3806754995
-0.3822850304
-0.384211123
-0.3536020768
-0.3530396415
-0.3516275104
-0.3777179116
-0.3778514779
-0.3766111499
-0.3417677554
-0.3410555849
-0.3397662829
-0.3464002254
-0.3462252401
-0.3449728325
-0.3562460206
-0.3536722583
-0.3524468592
-0.4440896481
-0.4491880082
-0.4482250486
-0.4440905094
-0.4491891853
-0.4482276211
-0.5517195374
-0.5580564324
-0.5586540452
-0.519302928
-0.5226318213
-0.526256643
-0.5148786098
-0.5162431076
-0.5157182713
-0.5536431587
-0.5621773677
-0.5672173339
-0.5321999281
-0.5308938482
-0.5309662665
-0.5028977162
-0.5057516011
-0.5035926641
-0.5072156289
-0.5119365899
-0.514207146
-0.551711127
-0.5580480296
-0.55864578
-0.519281053
-0.5226098397
-0.5262344345
-0.514871275
-0.5162357378
-0.5157109854
-0.5536194333
-0.5621533352
-0.5671930908
-0.4244623082
-0.4258572314
-0.4248962667
-0.4799994708
-0.482588236
-0.4828799834
-0.4826778102
-0.4871650981
-0.4913059396
-0.4918014621
-0.493121453
-0.4930830235
-0.5459500867
-0.5526252301
-0.5582732683
-0.5433829837
-0.5479000145
-0.5492069165
-0.4958398066
-0.4990662347
-0.503000084
-0.4244561827
-0.4258510726
-0.424890407
-0.479993769
-0.4825827399
-0.4828746845
-0.4826620503
-0.4871496701
-0.4912906582
-0.4195236402
-0.420896456
-0.4202376444
)
;

boundaryField
{
    inlet
    {
        type            zeroGradient;
    }
    outlet
    {
        type            fixedValue;
        value           nonuniform 0();
    }
    topAndBottom
    {
        type            symmetry;
    }
    frontAndBack
    {
        type            empty;
    }
    cylinder
    {
        type            zeroGradient;
    }
    procBoundary2to0
    {
        type            processor;
        value           nonuniform List<scalar> 
75
(
0.08965051826
0.08995582487
0.09070647971
0.09192764872
0.09361281442
0.09579445459
0.09854221085
0.1019459127
0.106115549
0.1111928506
0.1173648988
0.1248797108
0.1340680189
0.1453777934
0.159420323
0.1770605648
0.1994644476
0.2284989899
0.266050948
0.3098365047
0.3639242309
0.4653634898
0.5761696118
0.5761389326
0.5521368892
0.4653394229
0.5521164849
0.5785600265
0.5868268855
0.5859668762
0.5785531483
0.586804049
0.5859602203
0.4358066838
0.3639110014
0.4357814039
0.4947183966
0.469469612
0.4968927523
0.5532758548
0.5242725173
0.5256040653
0.4694665164
0.4947109497
0.4968906876
0.5532698355
0.5242601112
0.5255997978
0.3391540133
0.3098403773
0.3391562909
0.3736774741
0.3719887792
0.4115510523
0.4450794921
0.4040279194
0.4270466388
0.3719894974
0.3736757707
0.4115509331
0.4450741793
0.404024121
0.4270441976
0.6114285023
0.6175672394
0.6231554429
0.6069754509
0.6107056195
0.6114063711
0.6114062023
0.6175445325
0.6231322893
0.606968351
0.610698416
0.6113991779
)
;
    }
    procBoundary2to3
    {
        type            processor;
        value           nonuniform List<scalar> 
103
(
-0.2573694647
-0.2573694647
-0.2573694647
-0.2573694647
-0.2573694647
-0.2573694647
-0.2146163788
-0.1805217204
-0.152901622
-0.1306985103
-0.112813152
-0.09826408287
-0.08636977448
-0.07659892831
-0.06853770764
-0.06187068976
-0.05635586683
-0.05180454954
-0.04807148108
-0.04504424842
-0.04263579714
-0.04077995736
-0.03942785797
-0.03854360189
-0.0381057712
-0.3424149614
-0.3440076854
-0.3424212462
-0.3446892296
-0.33347054
-0.3317327788
-0.333477988
-0.3317339502
-0.3481894304
-0.3481894304
-0.347570896
-0.347570896
-0.344191996
-0.3440798311
-0.342410963
-0.3439964718
-0.3424109935
-0.3446861706
-0.3481864916
-0.3481864916
-0.3475576116
-0.3475576116
-0.3441081892
-0.3440734291
-0.3435238272
-0.3437404767
-0.3428515777
-0.3428403099
-0.3423869723
-0.3416618698
-0.3416358564
-0.3423535861
-0.343617085
-0.343745145
-0.3428486089
-0.3428636038
-0.3423876013
-0.3416738055
-0.3416380915
-0.3423638291
-0.3406994253
-0.3406694449
-0.3392587966
-0.3396456128
-0.322374654
-0.322374654
-0.322374654
-0.322374654
-0.3009012432
-0.3223525719
-0.3223525719
-0.3223525719
-0.3223525719
-0.3008497645
-0.3369552837
-0.3287377749
-0.3277879699
-0.3376105017
-0.340798022
-0.3406885593
-0.3392711093
-0.339684086
-0.336960133
-0.3287053802
-0.3277742118
-0.3376253981
-0.3262102085
-0.3262971814
-0.3274301521
-0.3262103563
-0.3262974047
-0.3274304578
-0.3236349237
-0.3224165217
-0.3208442513
-0.3236361233
-0.3224178154
-0.3208456512
)
;
    }
}


// ************************************************************************* //
