/*--------------------------------*- C++ -*----------------------------------*\
| =========                 |                                                 |
| \\      /  F ield         | OpenFOAM: The Open Source CFD Toolbox           |
|  \\    /   O peration     | Version:                                        |
|   \\  /    A nd           | Website:  www.openfoam.com                      |
|    \\/     M anipulation  |                                                 |
\*---------------------------------------------------------------------------*/
FoamFile
{
    version     2.0;
    format      ascii;
    class       surfaceScalarField;
    location    "7.9";
    object      phi;
}
// * * * * * * * * * * * * * * * * * * * * * * * * * * * * * * * * * * * * * //

dimensions      [0 3 -1 0 0 0 0];
oriented        oriented;


internalField   nonuniform List<scalar> 
5191
(
0.02157231085
-5.836806636e-05
0.0216206443
-4.833344344e-05
0.02165860551
-3.796120898e-05
0.02168569356
-2.708805084e-05
0.02170158649
-1.5892931e-05
0.02170620378
-4.617290701e-06
0.02169973033
6.473451233e-06
0.02168261634
1.71139851e-05
0.02165558636
2.702998225e-05
0.02161965749
3.592886797e-05
0.02157639885
4.325864071e-05
0.02152927607
4.712277171e-05
0.02148142345
4.785262825e-05
0.02140582334
7.560010938e-05
0.02130584495
9.997838342e-05
0.02120244484
0.000103400114
0.02110091263
0.000101532205
0.02100224155
9.867107481e-05
0.02090647536
9.576619477e-05
0.0208134659
9.300946361e-05
0.02072311462
9.035127573e-05
0.02063546552
8.764910039e-05
0.02055070757
8.475795731e-05
0.02046911935
8.158821935e-05
0.02039099593
7.812341312e-05
0.02031658437
7.441156271e-05
0.02024604841
7.053595436e-05
0.02017946183
6.658659018e-05
0.02011682115
6.26406898e-05
0.0200580675
5.875366982e-05
0.02000310585
5.496165918e-05
0.0199518185
5.128734325e-05
0.01990407297
4.774553404e-05
0.01985972504
4.434791996e-05
0.01981862159
4.110344179e-05
0.01978060233
3.801924986e-05
0.01974550238
3.509994806e-05
0.01971315486
3.234752778e-05
0.01968339235
2.976251313e-05
0.01965604967
2.734268328e-05
0.01963096462
2.50850565e-05
0.01960797878
2.298584178e-05
0.01958694081
2.103796896e-05
0.01958967381
-2.733002046e-06
0.01959441653
-4.742721491e-06
0.01960048829
-6.071755661e-06
0.0196077797
-7.291412442e-06
0.01961618715
-8.407447346e-06
0.01962561338
-9.426230977e-06
0.01963596646
-1.03530787e-05
0.0196471603
-1.119384635e-05
0.01965911473
-1.195442508e-05
0.01967175524
-1.264051373e-05
0.01968501292
-1.325767907e-05
0.019698824
-1.381107657e-05
0.0197131297
-1.430570139e-05
0.01972796931
-1.483960005e-05
0.01974310091
-1.513160199e-05
0.01975857751
-1.547660575e-05
0.01977435636
-1.577884795e-05
0.01979039675
-1.604038789e-05
0.01980665925
-1.626250773e-05
0.01982310381
-1.644456098e-05
0.01983985057
-1.674675573e-05
0.01985768218
-1.783160917e-05
0.0198743622
-1.668002445e-05
0.01989085492
-1.649272084e-05
0.01990718214
-1.632722076e-05
0.01992314152
-1.595938001e-05
0.01993835154
-1.521002196e-05
0.01995201568
-1.366414349e-05
0.01996239976
-1.038407914e-05
-4.176252925e-06
0.02158645413
-0.0001176767691
0.02163552984
-9.740915774e-05
0.0216740221
-7.645346463e-05
0.02170141547
-5.44814257e-05
0.02171738153
-3.185899187e-05
0.02172183723
-9.072996569e-06
0.0217149859
1.332478412e-05
0.02169728962
3.481026849e-05
0.02166950184
5.48177563e-05
0.02163289529
7.253541443e-05
0.02159092448
8.522944915e-05
0.02155248024
8.556701886e-05
0.02150082051
9.951235677e-05
0.02144866122
0.0001277593954
0.02139725361
0.0001513859926
0.02134051964
0.0001601340845
0.02127997657
0.0001620752772
0.02121732022
0.0001613274285
0.02115348578
0.0001596006412
0.02108899261
0.0001575026316
0.02102424918
0.0001550947036
0.02095970012
0.0001521981583
0.0208958602
0.0001485978774
0.02083328179
0.0001441666351
0.02077249144
0.0001389137672
0.02071393595
0.0001329670576
0.02065794995
0.000126521959
0.02060475445
0.0001197821111
0.02055447312
0.0001129220239
0.02050715731
0.0001060694875
0.02046280751
9.931146183e-05
0.02042139001
9.270483488e-05
0.02038284528
8.629026354e-05
0.02034709385
8.009933789e-05
0.02031403943
7.415786302e-05
0.02028357206
6.848661631e-05
0.02025557137
6.310063887e-05
0.02022990957
5.800933567e-05
0.02020645489
5.321720029e-05
0.02018507295
4.872462227e-05
0.02016562938
4.452862947e-05
0.02014799135
4.062387309e-05
0.02013259621
3.643310928e-05
0.02011880387
1.10593383e-05
0.02010587343
8.187716414e-06
0.0200942537
5.547982065e-06
0.0200838335
3.128779484e-06
0.02007450665
9.194038513e-07
0.02006617643
-1.096004052e-06
0.02005874963
-2.92628558e-06
0.02005226787
-4.712078949e-06
0.02004639024
-6.076799824e-06
0.02004117679
-7.427061102e-06
0.02003656069
-8.641578147e-06
0.02003248051
-9.730889214e-06
0.02002918151
-1.100670466e-05
0.02002818588
-1.384396821e-05
0.02002551104
-1.245675816e-05
0.02002290824
-1.287380867e-05
0.02002061999
-1.349060178e-05
0.0200186173
-1.403770367e-05
0.02001687659
-1.452179782e-05
0.02001556234
-1.513030953e-05
0.02001679358
-1.797799739e-05
0.0200248202
-2.585823193e-05
0.0200246619
-1.65217271e-05
0.02002250659
-1.433741222e-05
0.0200205403
-1.436093746e-05
0.02001901761
-1.443668818e-05
0.02001817289
-1.436530143e-05
0.0200184599
-1.395115221e-05
0.02002046516
-1.238933986e-05
-6.042723847e-06
0.02161473542
-0.0001788653757
0.02166528115
-0.0001479548807
0.02170480541
-0.0001159777237
0.02173276647
-8.244248956e-05
0.0217488236
-4.791612722e-05
0.02175289944
-1.314882774e-05
0.02174521865
2.100556967e-05
0.02172627524
5.375368548e-05
0.02169695584
8.413715655e-05
0.02165929467
0.0001101965889
0.02161831257
0.0001262115564
0.02157602964
0.0001278499542
0.02151651958
0.0001590224218
0.02145666808
0.000187610893
0.02139972094
0.0002083331408
0.02134063925
0.0002192157868
0.02127891177
0.0002238027612
0.02121532923
0.0002249099696
0.02115060361
0.0002243262571
0.0210852513
0.0002228549412
0.02101971683
0.0002206291674
0.02095447412
0.0002174408785
0.02089005437
0.0002130176265
0.02082701474
0.0002072062721
0.02076588027
0.0002000482386
0.02070709068
0.0001917566535
0.02065097183
0.0001826408001
0.02059773361
0.000173020332
0.02054748834
0.0001631672908
0.0205002753
0.0001532825351
0.02045608374
0.0001435030233
0.02041486891
0.0001339196709
0.02037656167
0.000124597512
0.02034107404
0.0001155869614
0.02030830215
0.0001069297602
0.02027812959
9.865916986e-05
0.02025043095
9.079928323e-05
0.02022507414
8.336614643e-05
0.02020192312
7.636822205e-05
0.02018084082
6.98069232e-05
0.02016169083
6.367862359e-05
0.02014433804
5.797666289e-05
0.0201297862
5.09849507e-05
0.02011564298
2.520255929e-05
0.02010291719
2.091350718e-05
0.02009164679
1.681838504e-05
0.02008139966
1.337590379e-05
0.02007223396
1.008510058e-05
0.02006404914
7.088815825e-06
0.0200571591
3.963756301e-06
0.0200536546
-1.20757135e-06
0.02004809049
-5.126958462e-07
0.02004279629
-2.132860992e-06
0.02003808249
-3.927769053e-06
0.02003421521
-5.863612391e-06
0.02003518974
-1.198123187e-05
0.02005018977
-2.884399986e-05
0.02005023011
-1.249709625e-05
0.02004614062
-8.784316344e-06
0.02004205466
-9.404642231e-06
0.02003822911
-1.021215844e-05
0.02003471377
-1.100646121e-05
0.02003284456
-1.326110049e-05
0.02004024832
-2.53817627e-05
0.02006610524
-5.171514868e-05
0.0200685609
-1.897739077e-05
0.02006042506
-6.201570084e-06
0.0200511162
-5.052083292e-06
0.02004196402
-5.284504455e-06
0.02003313021
-5.531492956e-06
0.02002492154
-5.742486551e-06
0.02001840731
-5.875111989e-06
-6.174608905e-06
0.02165754603
-0.0002429267289
0.02171033732
-0.0002007461643
0.02175142779
-0.0001570681928
0.02178023159
-0.0001112462889
0.02179639096
-6.407549127e-05
0.02179983496
-1.659282683e-05
0.02179082897
3.001156218e-05
0.02177004591
7.453675702e-05
0.02173988189
0.0001143011823
0.02170728468
0.0001427938035
0.0216750964
0.0001583998475
0.02161255718
0.0001903891775
0.02154237043
0.0002292091819
0.0214769085
0.0002530728218
0.02141318471
0.0002720569389
0.02134883882
0.0002835616885
0.02128330281
0.000289338771
0.02121676157
0.0002914512103
0.02114959353
0.0002914943006
0.02108217815
0.0002902703114
0.02101490588
0.0002879014468
0.02094822241
0.0002841243463
0.02088263641
0.0002786036324
0.020818682
0.0002711606855
0.02075686043
0.0002618698156
0.0206975873
0.000251029781
0.02064116463
0.0002390634594
0.0205877791
0.0002264058642
0.02053752015
0.0002134262385
0.02049040544
0.0002003972483
0.02044640426
0.0001875042126
0.02040545382
0.0001748701175
0.02036746889
0.0001625824491
0.02033234712
0.0001507087351
0.02029997308
0.0001393038019
0.0202702202
0.0001284120472
0.02024295432
0.0001180651574
0.02021803666
0.0001082838114
0.02019532522
9.907966116e-05
0.02017467819
9.045395158e-05
0.02015595613
8.240069171e-05
0.0201391941
7.473869028e-05
0.0201252305
6.494855082e-05
0.02011143035
3.900271691e-05
0.02009952699
3.281686225e-05
0.02009208578
2.425959901e-05
0.02008243421
2.302747299e-05
0.0200733782
1.914110715e-05
0.02006571934
1.474767616e-05
0.02006486516
4.817940391e-06
0.02008372558
-2.006798748e-05
0.02008274654
4.663431186e-07
0.02007628045
4.333230494e-06
0.02007010063
2.252054401e-06
0.02006701406
-2.777045785e-06
0.02008181128
-2.677844924e-05
0.02013613962
-8.317233983e-05
0.02014880088
-2.515835368e-05
0.02014065383
-6.372737949e-07
0.02012991764
1.331549689e-06
0.0201192905
4.149747954e-07
0.0201087944
-5.103554726e-07
0.02009710983
-1.576539354e-06
0.02007743954
-5.711472055e-06
0.02004248885
-1.676446514e-05
0.0200275725
-4.061039669e-06
0.02002259149
-1.220558054e-06
0.02001899401
-1.454607378e-06
0.02001553248
-1.822971632e-06
0.02001214098
-2.13999057e-06
0.02000881305
-2.414562106e-06
0.02000556002
-2.622083906e-06
-2.914500232e-06
0.02171544188
-0.0003109507009
0.02177132318
-0.0002566274493
0.02181455285
-0.0002002978656
0.0218444868
-0.000141180232
0.02186074461
-8.033329745e-05
0.0218632678
-1.911601156e-05
0.02185247762
4.080174508e-05
0.02183053753
9.647684884e-05
0.02180724698
0.0001375917428
0.02178512921
0.0001649115763
0.02172820258
0.0002153264804
0.02164885172
0.0002697400359
0.02157650233
0.0003015585825
0.0215054952
0.0003240799485
0.0214346254
0.0003429267475
0.02136365283
0.0003545342579
0.02129250545
0.0003604861523
0.02122129099
0.0003626656768
0.02115022213
0.000362563155
0.02107955342
0.0003609390223
0.02100959059
0.0003578642808
0.02094071492
0.0003530000199
0.02087337915
0.0003459394018
0.02080806663
0.0003364732207
0.02074523121
0.0003247052324
0.02068524528
0.000311015715
0.02062837011
0.0002959386359
0.02057475464
0.00028002133
0.02052445361
0.0002637272663
0.02047745263
0.0002473982379
0.02043369201
0.0002312648387
0.02039308331
0.0002154788155
0.02035551881
0.0002001469577
0.02032087722
0.000185350323
0.02028902652
0.0001711545032
0.02025982602
0.0001576125419
0.02023313142
0.0001447597581
0.02020896298
0.0001324522562
0.02018683329
0.0001212093476
0.02016676231
0.0001105249381
0.02014913459
0.0001000284106
0.02013686846
8.700482083e-05
0.02012431944
7.749757135e-05
0.0201113628
5.195936508e-05
0.02010702818
3.715148266e-05
0.02012732464
3.963138717e-06
0.02012388136
2.647075397e-05
0.02011414721
2.887525489e-05
0.0201083124
2.058248005e-05
0.0201270297
-1.38993507e-05
0.02020134079
-9.437907527e-05
0.02022039723
-1.859010141e-05
0.02021115513
1.357533599e-05
0.02019831593
1.509125587e-05
0.02018328981
1.224906844e-05
0.02015304653
3.464836221e-06
0.02009009658
-2.022239323e-05
0.02006272805
2.210174676e-06
0.02005490148
7.18929824e-06
0.02005007049
6.162537576e-06
0.02004559436
4.891102664e-06
0.02004131827
3.76573647e-06
0.02003697006
2.771666219e-06
0.02002959726
1.661320939e-06
0.02001341452
-5.817224839e-07
0.02000885462
4.988557724e-07
0.02000751162
1.224412727e-07
0.02000645094
-3.939281555e-07
0.02000547016
-8.421847792e-07
0.02000455754
-1.227373884e-06
0.02000370387
-1.56089879e-06
0.0200029014
-1.819608651e-06
-2.160710852e-06
0.02178918171
-0.0003841600458
0.02184909339
-0.0003165391204
0.02189509505
-0.0002462995196
0.02192646759
-0.0001725527739
0.02194280394
-9.666963448e-05
0.021944112
-2.042406783e-05
0.02193150246
5.341127983e-05
0.0219118987
0.0001160806179
0.02190592903
0.0001435614051
0.02185370283
0.0002171377795
0.0217722251
0.0002968042035
0.02169597662
0.0003459885187
0.02161991994
0.0003776152523
0.02154150615
0.000402493735
0.02146254519
0.0004218877033
0.02138377007
0.0004333093805
0.02130557865
0.0004386775778
0.02122823538
0.0004400089521
0.02115194665
0.0004388518882
0.02107690549
0.0004359801811
0.02100334045
0.0004314293319
0.02093155241
0.000424788062
0.02086191487
0.0004155769428
0.02079483463
0.0004035534697
0.02073069518
0.0003888446916
0.0206698038
0.000371907098
0.02061236354
0.0003533788986
0.02055847013
0.000333914737
0.02050813068
0.0003140667232
0.0204612873
0.0002942416215
0.02041784289
0.0002747092407
0.02037767555
0.0002556461612
0.02034064843
0.0002371740786
0.02030661723
0.0002193815182
0.02027559464
0.0002021770906
0.02024709254
0.0001861146454
0.02022163118
0.0001702211231
0.02020203451
0.0001520489246
0.02018118299
0.0001420608703
0.02016241699
0.0001292909431
0.02015334909
0.0001090963075
0.02017292176
6.743215573e-05
0.02016973276
8.068657088e-05
0.02016010073
6.159139861e-05
0.02018020167
1.705053913e-05
0.02026958294
-8.541812691e-05
0.02029243029
3.623403496e-06
0.02028070127
4.06042698e-05
0.02026161291
3.967084496e-05
0.02022184159
2.587197073e-05
0.02013637553
-8.913012407e-06
0.02009840304
1.938239061e-05
0.02008732755
2.46508234e-05
0.02008058208
2.183672189e-05
0.02007401633
1.881482719e-05
0.02006180094
1.568022664e-05
0.02003128941
1.028913072e-05
0.02002207106
1.142853011e-05
0.02001929149
9.968865294e-06
0.02001716271
8.291316414e-06
0.02001524795
6.805854541e-06
0.02001352168
5.492007139e-06
0.02001196116
4.33218632e-06
0.02001031264
3.309841093e-06
0.02000739176
2.339156137e-06
0.02000625999
1.630624172e-06
0.02000544172
9.407092374e-07
0.02000470831
3.394837249e-07
0.02000404812
-1.820032103e-07
0.02000345113
-6.303766746e-07
0.02000290825
-1.018022674e-06
0.02000240713
-1.318488278e-06
-1.715241252e-06
0.02187975283
-0.0004639549491
0.021944763
-0.0003815492806
0.02199424627
-0.0002957827865
0.02202739038
-0.0002056968914
0.02204383726
-0.0001131165038
0.02204404928
-2.063609607e-05
0.02202964356
6.781699769e-05
0.02200988608
0.0001358380987
0.02198035061
0.0001730968754
0.02191124379
0.0002862445911
0.02183548312
0.0003725648705
0.02175646715
0.0004250044778
0.02167201696
0.0004620654394
0.02158437579
0.0004901349077
0.02149599128
0.0005102722001
0.021408101
0.000521199665
0.02132150854
0.0005252700425
0.0212367078
0.0005248097051
0.02115398942
0.0005215702724
0.02107353891
0.0005164306977
0.02099552553
0.0005094427255
0.02092016424
0.0005001493476
0.02084772962
0.0004880115721
0.02077852917
0.0004727539246
0.0207128513
0.0004545225584
0.02065091733
0.0004338410779
0.0205928514
0.0004114448288
0.02053868045
0.0003880856888
0.02048834953
0.0003643976362
0.02044174598
0.0003408451733
0.02039872648
0.000317728744
0.02035929043
0.0002950822102
0.02032294338
0.0002735211283
0.02029017732
0.0002521475739
0.02026374297
0.0002286114421
0.02023716687
0.0002126907494
0.02022024828
0.0001871397172
0.02023199546
0.0001403017426
0.02022089414
0.0001531621907
0.02020801319
0.0001421718992
0.02022802198
8.908752318e-05
0.02032961054
-3.415641001e-05
0.0203612219
4.907521172e-05
0.02034229464
8.051866304e-05
0.02029300836
6.633681292e-05
0.02018703591
2.055432354e-05
0.02013874648
5.191283164e-05
0.02012367117
5.567958904e-05
0.02011359798
4.974402659e-05
0.0200963134
4.315655798e-05
0.02005376732
3.363306513e-05
0.02003993575
3.321396588e-05
0.02003509549
2.949108599e-05
0.02003129611
2.563610275e-05
0.02002791171
2.219922619e-05
0.02002445255
1.913938561e-05
0.02001846592
1.627575778e-05
0.02001588275
1.401169945e-05
0.02001398273
1.186889145e-05
0.02001230367
9.970371956e-06
0.02001081904
8.290485397e-06
0.02000950507
6.805973844e-06
0.02000834105
5.496206475e-06
0.02000730837
4.342518467e-06
0.02000631912
3.328400105e-06
0.02000551071
2.439033713e-06
0.02000479009
1.661325429e-06
0.02000414541
9.841683541e-07
0.0200035664
3.97002192e-07
0.02000304361
-1.075868482e-07
0.02000256933
-5.437379111e-07
0.0200021324
-8.81566582e-07
-1.327881381e-06
0.021988452
-0.0005519545613
0.02205978319
-0.0004528804728
0.02211354814
-0.0003495477348
0.02214897513
-0.0002411238825
0.02216714391
-0.0001312852773
0.02217168543
-2.517762041e-05
0.0221668763
7.26261281e-05
0.02216293715
0.0001397772405
0.02208757439
0.0002484596371
0.021999752
0.0003740669767
0.02191690278
0.0004554140868
0.02182778263
0.0005141246264
0.02173238945
0.0005574586251
0.02163363364
0.0005888907249
0.02153417106
0.0006097347767
0.02143565501
0.0006197157155
0.02133924943
0.0006216756316
0.02124569359
0.000618365561
0.02115540087
0.0006118629985
0.02106857887
0.0006032527149
0.02098534842
0.000592673174
0.02090583007
0.0005796677045
0.02083018206
0.0005636595889
0.02075858696
0.0005443490249
0.02069121355
0.0005218959579
0.0206281722
0.0004968824261
0.02056948729
0.0004701297391
0.0205151003
0.0004424726743
0.02046503748
0.0004144604528
0.02041880415
0.000387078508
0.02037685275
0.0003596801476
0.02034184482
0.0003300901356
0.02030739917
0.0003079667801
0.02028310447
0.0002764422834
0.02028785399
0.0002238619235
0.02027479177
0.0002257529704
0.02028723076
0.0001747007279
0.02037998073
4.755177477e-05
0.02040685012
0.0001262928069
0.02039289996
0.0001561220562
0.0203468014
0.0001351860825
0.02023458685
7.805814201e-05
0.02018048213
0.0001031799347
0.02016024442
0.0001007563682
0.02013675056
8.983067759e-05
0.02008261805
7.468682683e-05
0.02006360755
7.09233384e-05
0.02005589263
6.339450583e-05
0.02004969578
5.59408815e-05
0.02004361706
4.923527554e-05
0.02003422662
4.302350546e-05
0.02002959302
3.784757479e-05
0.02002604076
3.30433468e-05
0.02002291585
2.876100931e-05
0.0200201664
2.49486742e-05
0.02001774628
2.155950483e-05
0.02001547239
1.854964896e-05
0.02001360405
1.588004028e-05
0.02001195838
1.351456523e-05
0.0200105079
1.142085148e-05
0.02000922836
9.570015382e-06
0.02000809863
7.935708434e-06
0.02000709982
6.49500741e-06
0.02000621575
5.226590099e-06
0.02000543192
4.112233961e-06
0.0200047355
3.135449215e-06
0.02000411514
2.281685343e-06
0.02000356069
1.538619764e-06
0.02000306321
8.944809876e-07
0.02000261431
3.413109941e-07
0.02000220748
-1.369104572e-07
0.02000183283
-5.069167579e-07
-9.959937855e-07
0.02211692399
-0.0006500438221
0.02219598145
-0.0005319379331
0.02225504998
-0.0004086162599
0.0222949776
-0.0002810515007
0.02232472804
-0.0001610357218
0.02234982776
-5.027734326e-05
0.0223596548
6.279909332e-05
0.02229446663
0.0002049654151
0.02219239063
0.000350535635
0.02210420809
0.0004622495301
0.02201137997
0.0005482422047
0.02190936807
0.0006161365332
0.02180069862
0.0006661280852
0.02168866239
0.0007009269611
0.02157619679
0.0007222003831
0.02146534967
0.0007305628403
0.02135762572
0.0007293995896
0.02125400731
0.0007219839745
0.02115503929
0.0007108310279
0.02106095815
0.0006973338666
0.02097183182
0.0006817995012
0.02088767274
0.0006638267891
0.02080849756
0.0006428347697
0.02073433515
0.0006185114383
0.02066520767
0.0005910234323
0.02060124283
0.0005608472668
0.02054203091
0.0005293416472
0.02048804958
0.000496454001
0.02044189771
0.0004606123178
0.02039725267
0.0004317235488
0.02036348902
0.0003934438063
0.02035917346
0.0003344056964
0.02033810363
0.0003290366158
0.02034295797
0.0002715879513
0.02042779075
0.0001390291441
0.02044433013
0.0002092135991
0.0203975544
0.0002214764581
0.02028138331
0.0001637228706
0.02022283784
0.0001848382784
0.02020050764
0.0001784522568
0.0201745317
0.000161162018
0.02011328468
0.0001393051598
0.02009004975
0.0001264148706
0.02007888138
0.0001119247347
0.02006902717
9.968488741e-05
0.02005540962
8.830437281e-05
0.02004787485
7.845810987e-05
0.02004192842
6.934093792e-05
0.02003673476
6.113454768e-05
0.02003219899
5.377104255e-05
0.02002803966
4.718283916e-05
0.0200245848
4.130243819e-05
0.02002156411
3.606403175e-05
0.02001892086
3.14042621e-05
0.02001660578
2.726375851e-05
0.02001457681
2.358847128e-05
0.020012797
2.032945653e-05
0.02001123477
1.744226778e-05
0.02000986253
1.488681098e-05
0.02000865576
1.262762152e-05
0.02000759354
1.063222943e-05
0.02000665748
8.871769595e-06
0.0200058317
7.32078265e-06
0.02000510195
5.956343768e-06
0.02000445596
4.75822227e-06
0.02000388285
3.708553206e-06
0.02000337302
2.791514978e-06
0.02000291803
1.993607325e-06
0.0200025103
1.302210378e-06
0.02000214284
7.087755572e-07
0.02000181001
1.959165801e-07
0.02000150387
-2.007722863e-07
-7.251904758e-07
0.02226713495
-0.0007604361228
0.02235557535
-0.0006203783287
0.02242162999
-0.000474670897
0.02247039236
-0.0003298138763
0.02251456454
-0.0002052078937
0.02251915808
-5.487088634e-05
0.02248571568
9.624150131e-05
0.02240646558
0.0002842155138
0.02232050453
0.0004364966939
0.02222618313
0.0005565709459
0.02211880479
0.0006556205452
0.02200102539
0.0007339159449
0.02187638451
0.0007907689778
0.02174857706
0.0008287344182
0.02162090874
0.0008498687086
0.02149583393
0.0008556376523
0.02137518883
0.0008500446902
0.02126018666
0.0008369861358
0.02115149115
0.0008195265447
0.02104935346
0.0007994715619
0.02095376864
0.0007773843166
0.02086461539
0.000752980038
0.02078188938
0.0007255607813
0.02070512031
0.0006952805117
0.02063478765
0.0006613560949
0.02057348778
0.0006221471337
0.02051495834
0.0005878710801
0.02046845649
0.000542955852
0.02045227587
0.0004767929342
0.02042060907
0.000463390357
0.02041564781
0.0003984050698
0.02049100695
0.0002590465576
0.02049948999
0.0003205535809
0.02044611593
0.0003249620248
0.02032503348
0.0002601115933
0.02026048023
0.0002737668528
0.02022233064
0.0002596260524
0.02015531495
0.0002307385592
0.02012599729
0.0002141559376
0.0201101455
0.0001943040455
0.02009611961
0.0001751879108
0.02007812996
0.000157294811
0.02006799617
0.000136548657
0.02005906365
0.0001208572602
0.02005129824
0.0001074502927
0.02004432244
9.528017203e-05
0.02003850366
8.427689417e-05
0.02003347644
7.436815611e-05
0.02002913454
6.547644808e-05
0.02002538247
5.75231177e-05
0.02002213659
5.042872021e-05
0.02001932443
4.411459323e-05
0.02001688417
3.850429497e-05
0.02001476325
3.35251829e-05
0.02001291681
2.91101997e-05
0.02001130706
2.51982232e-05
0.0200099018
2.173471346e-05
0.0200086736
1.867046903e-05
0.02000759862
1.596178694e-05
0.02000665692
1.356932722e-05
0.0200058307
1.145844439e-05
0.02000510478
9.597690452e-06
0.02000446599
7.959572629e-06
0.02000390308
6.519245877e-06
0.02000340589
5.25541384e-06
0.02000296587
4.148570146e-06
0.02000257525
3.182130611e-06
0.02000222736
2.341499793e-06
0.02000191619
1.61338076e-06
0.02000163631
9.886584966e-07
0.02000138321
4.490165144e-07
0.02000115075
3.168114311e-08
-5.197908516e-07
0.0224415638
-0.0008857233105
0.02254129324
-0.000720107759
0.02261584802
-0.0005492256716
0.02267224819
-0.0003862140516
0.0227089768
-0.0002419364935
0.0227197527
-6.564678459e-05
0.02265211248
0.0001638817247
0.02256872857
0.0003675994253
0.02247548148
0.0005297437947
0.02236503489
0.0006670175536
0.02223930403
0.0007813514062
0.02210243575
0.000870784231
0.0219586547
0.0009345500349
0.02181219959
0.0009751895319
0.02166683662
0.0009952316847
0.02152544757
0.0009970267036
0.02139022737
0.0009852648851
0.02126251999
0.0009646935089
0.02114311256
0.0009389339671
0.02103223645
0.0009103476769
0.02092977608
0.0008798446798
0.02083592091
0.0008468352057
0.02075310764
0.0008083740512
0.02067485571
0.0007735324438
0.02061036462
0.0007258471934
0.02057780242
0.0006547093264
0.0205313014
0.0006343721074
0.02051294682
0.0005613104328
0.02057636071
0.0004133790421
0.02057399346
0.0004657576055
0.02051131156
0.0004610869754
0.02038280838
0.0003875497487
0.02031089085
0.0003924711156
0.02026592609
0.0003699267902
0.02019308146
0.0003329562225
0.02015831937
0.0003085289468
0.02013677499
0.0002811704329
0.02011290138
0.0002546121726
0.02009660594
0.0002304513716
0.0200830776
0.0002078323876
0.02007130044
0.0001869650748
0.02006086231
0.000167732935
0.02005297905
0.0001444319214
0.02004536642
0.0001284698929
0.02003885217
0.0001139645338
0.02003329714
0.0001008352062
0.0200285727
8.90013389e-05
0.02002456147
7.837938592e-05
0.02002115614
6.888178284e-05
0.02001826139
6.041786216e-05
0.0200157951
5.28950156e-05
0.02001368753
4.622216182e-05
0.02001188089
4.031093323e-05
0.02001032753
3.507854178e-05
0.02000898808
3.044965341e-05
0.02000783029
2.635601294e-05
0.02000682745
2.273754884e-05
0.02000595715
1.954077703e-05
0.02000520037
1.671856578e-05
0.0200045412
1.422848899e-05
0.02000396614
1.203350913e-05
0.02000346355
1.010027768e-05
0.02000302349
8.399629297e-06
0.02000263732
6.905418999e-06
0.02000229784
5.594884273e-06
0.02000199857
4.447841039e-06
0.02000173402
3.446685397e-06
0.02000149938
2.576135806e-06
0.02000129005
1.822706653e-06
0.02000110255
1.176160255e-06
0.02000093345
6.181207791e-07
0.02000077849
1.866347236e-07
-3.835338463e-07
0.02264341345
-0.001028961039
0.02275752846
-0.0008342227552
0.02284886438
-0.000640561586
0.0229301751
-0.0004675247702
0.02294550338
-0.000257264772
0.0229168876
-3.703099854e-05
0.02284857869
0.0002321906435
0.02276177564
0.0004544024693
0.02265230056
0.0006392188835
0.02252115663
0.0007981614892
0.02237300914
0.0009294989055
0.02221303963
0.00103075374
0.02204635947
0.001101230202
0.02187795926
0.001143589746
0.02171208207
0.001161108871
0.02155222459
0.001156884183
0.0214015128
0.001135976672
0.02125992918
0.001106277122
0.02112893856
0.001069924585
0.0210088094
0.001030476835
0.02089975402
0.0009889000657
0.02080800035
0.000938588871
0.02075123426
0.0008651401398
0.02068278379
0.0008419829176
0.02064473956
0.0007638914327
0.02069047555
0.0006089733322
0.02067225641
0.0006525912534
0.02059623491
0.0006373319399
0.02046090177
0.0005487121779
0.02037892336
0.0005477360221
0.02032440302
0.0005156073205
0.02024324122
0.0004687115496
0.02020098432
0.0004347280225
0.02017275169
0.0003981594259
0.02014297792
0.0003627299895
0.02012145966
0.0003300472088
0.02010334986
0.0002992802344
0.02008730677
0.0002706552557
0.02007364132
0.00024411683
0.02006186772
0.0002196059835
0.02005178237
0.0001970504231
0.02004429971
0.0001752155985
0.02003698071
0.0001517509228
0.02003082931
0.0001346212903
0.02002569553
0.0001190983127
0.02002143771
0.0001050930239
0.02001792458
9.251447497e-05
0.02001503532
8.126864875e-05
0.02001266085
7.125624931e-05
0.02001070579
6.237292633e-05
0.02000908918
5.451162903e-05
0.020007745
4.756633802e-05
0.02000662059
4.14353401e-05
0.02000567467
3.602447098e-05
0.02000487515
3.124916547e-05
0.02000419659
2.703458092e-05
0.02000361882
2.331531317e-05
0.02000312535
2.003425161e-05
0.02000270297
1.714093673e-05
0.02000234025
1.459121083e-05
0.02000202811
1.234564971e-05
0.02000175874
1.036965079e-05
0.02000152588
8.632486711e-06
0.02000132411
7.107183075e-06
0.02000114875
5.77024538e-06
0.02000099597
4.600617596e-06
0.02000086242
3.580238219e-06
0.02000074508
2.693471453e-06
0.02000064164
1.926142153e-06
0.02000054979
1.268013279e-06
0.02000046781
7.001025769e-07
0.02000039329
2.611513879e-07
-3.187232278e-07
0.02287651418
-0.001193624005
0.02300775482
-0.0009654633744
0.0231144064
-0.0007472131547
0.02319236027
-0.0005454786382
0.02323147032
-0.0002963748221
0.02317042396
2.401536748e-05
0.02308749804
0.0003151165667
0.02298407388
0.0005578266206
0.02285225364
0.0007710391315
0.02269547376
0.0009549413626
0.02251992389
0.001105048775
0.02233197409
0.00121870354
0.02213806422
0.001295140071
0.02194479847
0.00133685549
0.02175547076
0.001350436589
0.02157633857
0.001336016366
0.02141410392
0.001298211323
0.02125896373
0.001261417304
0.02111569513
0.001213193187
0.02098612546
0.001160046503
0.0208734217
0.001101603829
0.02079992885
0.001012081727
0.02081014195
0.0008549270355
0.02076623742
0.0008858874613
0.02067234253
0.000857786326
0.02051373291
0.0007675829587
0.02041526605
0.0007510581164
0.02035611338
0.0006964846113
0.02030154199
0.000603283568
0.02025850372
0.0005907742944
0.02022161273
0.0005524983145
0.02018364394
0.0005066803401
0.02015490337
0.0004634685915
0.02013043618
0.000422626626
0.02010881984
0.0003843463329
0.02009029927
0.0003485677696
0.0200743329
0.0003152466126
0.02006066076
0.0002843273865
0.02004903582
0.0002557417723
0.02003922973
0.0002294120779
0.02003103088
0.0002052492708
0.02002542176
0.0001808247169
0.02001980778
0.0001573649057
0.02001527058
0.0001391584907
0.02001165853
0.0001227103603
0.02000882884
0.0001079227235
0.02000664671
9.469660391e-05
0.02000498741
8.292794807e-05
0.02000373859
7.250506686e-05
0.02000280362
6.330790485e-05
0.02000210334
5.521190785e-05
0.02000157617
4.809350954e-05
0.0200011766
4.183490491e-05
0.02000087165
3.63294256e-05
0.02000063826
3.148255413e-05
0.02000045968
2.721315766e-05
0.0200003237
2.345128921e-05
0.02000022092
2.013704004e-05
0.02000014403
1.721782059e-05
0.02000008713
1.464811592e-05
0.02000004584
1.238693614e-05
0.02000001653
1.039896038e-05
0.01999999657
8.652447401e-06
0.01999998364
7.120105812e-06
0.0199999764
5.777481185e-06
0.01999997345
4.603569661e-06
0.01999997364
3.580043806e-06
0.01999997646
2.690655412e-06
0.01999998105
1.921554576e-06
0.01999998689
1.262168129e-06
0.0199999937
6.932894e-07
0.02000000102
2.538362537e-07
-3.268512939e-07
0.02314697774
-0.001384764509
0.02330686541
-0.00112535103
0.02345116707
-0.0008915148106
0.0235077106
-0.0006020221641
0.02350548556
-0.0002941497799
0.02344858597
8.091496255e-05
0.02336126665
0.0004024358938
0.02323707999
0.0006820132694
0.02307746117
0.0009306579433
0.02288915456
0.001143247971
0.02268106833
0.001313134998
0.02245935963
0.00144041223
0.02223468473
0.001519814972
0.0220185585
0.001552981723
0.02180450629
0.001564488807
0.02160710759
0.001533415069
0.02143705036
0.001468268554
0.02127118378
0.001427283878
0.02111554206
0.001368834908
0.02097603398
0.001299554583
0.02085084947
0.00122678834
0.02071320859
0.001149722614
0.0205230608
0.001045074824
0.02040617617
0.001002772094
0.02034960808
0.0009143544251
0.02024526421
0.0008719268336
0.02018106803
0.0008152543002
0.0201612567
0.0007162959414
0.02020078442
0.0005637558545
0.02019662662
0.0005949320956
0.02016802933
0.0005810956053
0.02013887361
0.0005358360593
0.0201135558
0.0004887864036
0.02009165467
0.0004445277577
0.02007283399
0.0004031670177
0.02005678831
0.0003646134531
0.02004323815
0.0003287967737
0.02003191656
0.0002956489726
0.02002256673
0.0002650915991
0.02001494768
0.000237031136
0.02000883791
0.0002113590398
0.02000528117
0.0001843814571
0.02000154336
0.0001611027172
0.01999877799
0.0001419238616
0.01999683421
0.0001246541433
0.01999556762
0.000109189312
0.01999483978
9.542444206e-05
0.01999452022
8.324751579e-05
0.01999449174
7.253354216e-05
0.01999465548
6.314416899e-05
0.01999493378
5.493360798e-05
0.01999527109
4.775619796e-05
0.01999563096
4.147503595e-05
0.01999599216
3.596822767e-05
0.01999634281
3.113189898e-05
0.01999667746
2.687851176e-05
0.01999699321
2.313553133e-05
0.01999728879
1.984146268e-05
0.01999756344
1.694316971e-05
0.01999781736
1.439419897e-05
0.01999805053
1.215376378e-05
0.01999826418
1.01853071e-05
0.01999845916
8.457468412e-06
0.01999863719
6.942070172e-06
0.01999879939
5.615283473e-06
0.01999894725
4.455708252e-06
0.01999908224
3.445054966e-06
0.01999920557
2.567323814e-06
0.0199993186
1.808520785e-06
0.01999942256
1.158206352e-06
0.01999951852
5.973316892e-07
0.01999960814
1.642147157e-07
-4.080269121e-07
0.02346003494
-0.001606909873
0.02364717343
-0.001312489514
0.02379369993
-0.001038041312
0.02388717612
-0.0006954983404
0.02385219855
-0.0002591722158
0.02378256903
0.0001505444865
0.02367729478
0.0005077101436
0.0235254628
0.0008338452442
0.02333261197
0.001123508771
0.02310750705
0.001368352894
0.02286674565
0.001553896393
0.02260631158
0.001700846308
0.02234821669
0.001777909865
0.02210958338
0.001791615047
0.02186796353
0.001806108666
0.02163324971
0.001768128896
0.02141956503
0.001681953233
0.02122786032
0.001618988592
0.02105852761
0.001538167611
0.02091485633
0.001443225861
0.02080433655
0.001337308123
0.02068756785
0.001266491311
0.02055516644
0.001177476246
0.02049258306
0.001065355475
0.02051182874
0.0008951087527
0.02048009285
0.0009036627326
0.02042622608
0.0008691210659
0.02034907924
0.0007934427824
0.02022139846
0.0006914366401
0.02015226446
0.0006640660919
0.02011743511
0.0006159249622
0.02009123949
0.0005620316777
0.02006895714
0.0005110687546
0.02004998736
0.0004634975408
0.02003400663
0.0004191477484
0.0200207227
0.0003778973821
0.02000985914
0.0003396603405
0.02000114432
0.0003043637939
0.01999431115
0.0002719247676
0.01998910507
0.0002422372142
0.01998529278
0.0002151713349
0.01998397141
0.0001857028267
0.01998228484
0.0001627892835
0.01998145374
0.0001427549648
0.01998132988
0.0001247780015
0.01998176796
0.00010875124
0.01998262349
9.456890799e-05
0.01998375766
8.211334404e-05
0.01998504508
7.124612611e-05
0.01998638254
6.180671078e-05
0.01998769462
5.362152991e-05
0.01998893395
4.651686479e-05
0.01999007718
4.033180625e-05
0.01999111817
3.492723717e-05
0.01999206067
3.018939511e-05
0.01999291239
2.602679415e-05
0.01999368185
2.236607346e-05
0.01999437651
1.914679773e-05
0.01999500309
1.631659873e-05
0.01999556724
1.383004622e-05
0.0199960745
1.164649984e-05
0.01999653003
9.729775979e-06
0.01999693923
8.048271885e-06
0.01999730654
6.574753276e-06
0.01999763681
5.285015601e-06
0.01999793419
4.158322006e-06
0.0199982025
3.176743894e-06
0.01999844512
2.324704447e-06
0.01999866533
1.58831172e-06
0.01999886612
9.574183275e-07
0.01999905007
4.133792018e-07
0.01999922083
-6.544558405e-09
-5.612592906e-07
0.023836102
-0.001875461992
0.02407902352
-0.001555411025
0.02420599049
-0.001165008288
0.02425763224
-0.0007471400839
0.02423660301
-0.0002381430044
0.02416858567
0.0002185618422
0.02404309324
0.0006332025577
0.023859476
0.001017462494
0.02363451188
0.001348472902
0.02336961248
0.001633252293
0.02309295064
0.001830558237
0.02278501235
0.002008784599
0.02246591908
0.002097003143
0.02215955735
0.002097976788
0.02187480123
0.002090864787
0.02162507301
0.002017857125
0.02142461891
0.001882407338
0.02125280493
0.001790802574
0.02108074626
0.001710226283
0.02094540215
0.001578569974
0.02087325778
0.001409452488
0.02077993424
0.001359814857
0.02067523759
0.001282172894
0.02056251045
0.001178082625
0.02040862003
0.00104899918
0.02031518275
0.0009971000155
0.02025992214
0.0009243816781
0.02020726069
0.000846104234
0.02013055585
0.0007681414778
0.02008942628
0.0007051956581
0.02006243091
0.0006429203412
0.02004005159
0.0005844109911
0.02002116513
0.0005299552226
0.02000542862
0.000479234052
0.01999255548
0.0004320208883
0.01998228104
0.0003881718241
0.01997434073
0.0003476006443
0.01996846103
0.0003102434957
0.01996436357
0.0002760222286
0.01996177877
0.0002448220158
0.01996119884
0.0002157512683
0.01996155705
0.0001853446151
0.01996210375
0.0001622425901
0.01996338453
0.0001414741815
0.01996525247
0.0001229100684
0.01996755686
0.0001064468473
0.01997014177
9.198399377e-05
0.019972853
7.940212146e-05
0.01997555273
6.854639399e-05
0.01997813249
5.922695107e-05
0.01998052102
5.123299853e-05
0.01998268455
4.435333308e-05
0.01998461888
3.839747804e-05
0.01998633856
3.320755369e-05
0.01998786737
2.866059115e-05
0.01998922931
2.466485741e-05
0.01999044554
2.114983798e-05
0.01999153325
1.80590853e-05
0.01999250578
1.534407199e-05
0.01999337484
1.296098639e-05
0.01999415088
1.087045641e-05
0.01999484347
9.037183439e-06
0.01999546159
7.430160099e-06
0.01999601393
6.022403769e-06
0.01999650811
4.790838824e-06
0.01999695096
3.715468831e-06
0.01999734884
2.778863036e-06
0.01999770739
1.966155601e-06
0.0199980317
1.264002613e-06
0.01999832658
6.625329392e-07
0.01999859574
1.442233321e-07
0.01999884521
-2.56020982e-07
-7.843905358e-07
0.02426627884
-0.002184712737
0.0245178659
-0.001806998083
0.02470010852
-0.001347250918
0.02472372353
-0.000770755087
0.02470158924
-0.0002160087086
0.02462553911
0.0002946119839
0.02448521098
0.0007735306719
0.02426915667
0.001233516819
0.02400486858
0.001612761012
0.02366776563
0.001970355255
0.02329448221
0.00220384166
0.0229141664
0.0023891004
0.02255370567
0.002457463874
0.022238447
0.002413235452
0.02195010654
0.00237920525
0.02165272377
0.002315239892
0.02138187605
0.002153255056
0.02120884096
0.00196383767
0.02103454336
0.001884523889
0.02085326983
0.001759843505
0.02066127974
0.001601442586
0.02052634422
0.001494750377
0.02042856884
0.001379948278
0.02034056963
0.001266081837
0.02023481789
0.001154750921
0.02017124283
0.001060675081
0.02012649571
0.0009691287995
0.02008894747
0.0008836524792
0.02005258874
0.0008045002043
0.02002579844
0.0007319859516
0.02000385177
0.0006648670138
0.01998550371
0.0006027590549
0.01997036049
0.0005450984384
0.01995813622
0.0004914583263
0.01994859919
0.0004415579177
0.01994152802
0.0003952429964
0.01993668355
0.0003524451176
0.01993380114
0.0003131259104
0.01993260047
0.0002772229017
0.01993280766
0.0002446148277
0.0199356593
0.0002128996224
0.01993789025
0.0001831136659
0.01994090599
0.0001592268567
0.01994454815
0.0001378320202
0.01994865608
0.0001188021361
0.01995305613
0.0001020467972
0.01995756367
8.747645198e-05
0.01996199928
7.49665149e-05
0.01996620993
6.433574037e-05
0.0199700862
5.535068751e-05
0.01997357135
4.774784517e-05
0.01997665576
4.126892467e-05
0.01997936523
3.568800508e-05
0.01998174369
3.08290933e-05
0.01998383873
2.656555296e-05
0.0199856932
2.281039397e-05
0.0199873411
1.950193028e-05
0.01998880817
1.659201826e-05
0.01999011497
1.403727789e-05
0.01999127802
1.179793426e-05
0.01999231261
9.835863249e-06
0.01999323267
8.117125666e-06
0.01999405135
6.611472964e-06
0.01999478066
5.293096981e-06
0.01999543131
4.140186486e-06
0.01999601318
3.133592122e-06
0.01999653482
2.25722771e-06
0.01999700394
1.497031327e-06
0.01999742768
8.402668319e-07
0.01999781211
2.780955029e-07
0.01999816286
-2.065257172e-07
0.01999848728
-5.804364227e-07
-1.074145488e-06
0.02481753358
-0.002562367162
0.02504804338
-0.002037507893
0.02519380711
-0.001493014654
0.02525803478
-0.0008349827675
0.02527004676
-0.0002280206819
0.02519312944
0.0003715292964
0.02503587475
0.0009307853917
0.02475267601
0.001516715542
0.0243829033
0.00198253373
0.02397232152
0.002380937044
0.02356265695
0.002613506227
0.0231453017
0.002806455656
0.02269420324
0.002908562327
0.02226580764
0.002841631063
0.02195076501
0.002694247886
0.02163701185
0.002628993049
0.0213142748
0.002475992114
0.02100841983
0.002269692644
0.0207852141
0.002107729627
0.02061142752
0.001933630093
0.02045112849
0.00176174161
0.0203365306
0.001609348273
0.02024926195
0.00146721693
0.02017878013
0.001336563654
0.02011710698
0.001216424075
0.02007112899
0.001106653072
0.02003437976
0.001005878028
0.02000430086
0.0009137313841
0.01997926546
0.0008295356051
0.01995873633
0.0007525150776
0.01994177839
0.0006818249522
0.01992791344
0.0006166240069
0.01991682662
0.0005561852586
0.01990831268
0.0004999722685
0.01990221566
0.0004476549418
0.01989837957
0.0003990790902
0.01989661992
0.0003542047629
0.01989671815
0.0003130276821
0.01989843549
0.0002755055713
0.01990153351
0.0002415168099
0.01990731184
0.0002071212909
0.01991243314
0.0001779923661
0.01991832231
0.000153337687
0.01992477363
0.0001313807028
0.01993155836
0.0001120174004
0.01993843023
9.517492979e-05
0.01994514397
8.076271017e-05
0.0199514844
6.862608603e-05
0.0199572926
5.852753658e-05
0.01996248183
5.016145799e-05
0.01996703607
4.319360437e-05
0.01997099492
3.731007988e-05
0.01997443006
3.22528679e-05
0.01997742297
2.783617967e-05
0.01998004846
2.394006506e-05
0.01998236689
2.049196653e-05
0.01998442287
1.744594776e-05
0.01998624951
1.476537919e-05
0.01998787219
1.241459532e-05
0.01998931264
1.035748719e-05
0.01999059046
8.558043352e-06
0.01999172427
6.9833108e-06
0.01999273105
5.604693251e-06
0.01999362619
4.397953492e-06
0.01999442384
3.342542704e-06
0.01999513603
2.421395316e-06
0.01999577363
1.619628796e-06
0.01999634643
9.242260446e-07
0.01999686307
3.236253491e-07
0.01999733147
-1.903009894e-07
0.0199977583
-6.333516258e-07
0.01999815281
-9.749485168e-07
-1.426156731e-06
0.02537619725
-0.0029837965
0.02569559462
-0.002356905242
0.0258287236
-0.001626143642
0.0259435124
-0.0009497715445
0.02598867215
-0.0002731804089
0.02587254894
0.0004876524747
0.02561856676
0.001184767564
0.02526505941
0.001870222887
0.02484830584
0.002399287308
0.02435238238
0.002876860514
0.02378031135
0.003185577257
0.02328872462
0.003298042392
0.02277412567
0.003423161283
0.02224630937
0.003369447372
0.02174889108
0.003191666185
0.02136298793
0.003014896208
0.021050107
0.00278887305
0.02077495665
0.002544842991
0.0205693364
0.002313349876
0.02040986877
0.002093097726
0.02028102179
0.001890588584
0.02018263305
0.001707737017
0.02010671808
0.0015431319
0.02004815794
0.001395123796
0.02000274951
0.001261832512
0.01996775048
0.001141652102
0.01994038198
0.001033246528
0.01991871973
0.0009353936407
0.01990136698
0.0008468883552
0.0198873642
0.0007665178533
0.01987609213
0.000693097018
0.01986717229
0.000625543849
0.01986039144
0.0005629661157
0.01985564072
0.000504722989
0.01985286221
0.0004504334562
0.01985200903
0.0003999322675
0.01985302426
0.0003531895354
0.01985583564
0.0003102163009
0.01986035347
0.0002709877492
0.01986650579
0.0002353644886
0.01987555023
0.0001980768493
0.01988420069
0.0001693419098
0.01989376313
0.0001437752427
0.01990386261
0.0001212812314
0.01991408267
0.0001017973352
0.01992401527
8.524232685e-05
0.01993331524
7.146274591e-05
0.01994174152
6.019979926e-05
0.01994917473
5.109433014e-05
0.01995560954
4.3726647e-05
0.01996112522
3.76779243e-05
0.01996584837
3.25869313e-05
0.01996991691
2.818432672e-05
0.01997345519
2.429790083e-05
0.01997656154
2.083372213e-05
0.01997930694
1.774655893e-05
0.01998174162
1.501127326e-05
0.01998390171
1.260528708e-05
0.01998581661
1.049970269e-05
0.01998751252
8.661571709e-06
0.01998901375
7.056812319e-06
0.01999034345
5.653614913e-06
0.01999152253
4.425608338e-06
0.01999256991
3.350566826e-06
0.01999350208
2.410379541e-06
0.01999433369
1.589780343e-06
0.01999507758
8.75740984e-07
0.01999574535
2.564539769e-07
0.01999634704
-2.780650811e-07
0.01999689238
-7.356478057e-07
0.01999738859
-1.129555312e-06
0.01999784734
-1.433698988e-06
-1.834920398e-06
0.02600360889
-0.000750564718
-0.0007506752025
0.02626180609
-0.0007166847293
-0.000591193838
-0.0007159504895
-0.0005912733805
0.02630209555
-0.001666433095
0.02635525086
-0.001002926844
0.02631167953
-0.0002296090781
0.0261596145
0.0006397175081
0.02591805093
0.001426331143
0.02553312496
0.002255148848
0.0249832774
0.00294913488
0.0244367195
0.003423418412
0.02376592373
0.003856373043
0.02304747643
0.004016489694
0.02243118498
0.00403945273
0.02189737634
0.00390325602
0.02142091977
0.00366812275
0.02104577584
0.003390040142
0.02074701737
0.00308763152
0.02050650942
0.002785350944
0.02032128614
0.002498573165
0.02017951314
0.002234870729
0.02007246365
0.001997638065
0.01999335555
0.001786845121
0.01993588288
0.001600604572
0.01989478356
0.001436223115
0.01986569124
0.001290924839
0.019845144
0.001162199345
0.01983053674
0.001047853782
0.01982000042
0.0009459299597
0.01981226366
0.0008546251124
0.01980651451
0.0007722670125
0.01980227199
0.0006973395353
0.01979928141
0.0006285344262
0.01979744048
0.0005648070496
0.01979675523
0.0005054082448
0.01979731688
0.0004498718044
0.01979928984
0.0003979593103
0.01980289781
0.0003495815651
0.01980839121
0.0003047229009
0.01981598461
0.0002633943573
0.01982744578
0.0002239033179
0.01983920114
0.0001863214889
0.01985268308
0.0001558599693
0.01986729938
0.0001291589458
0.01988230997
0.0001062706447
0.01989695732
8.714998526e-05
0.01991059634
7.160329837e-05
0.01992278902
5.927006914e-05
0.01993333849
4.965032733e-05
0.01994226487
4.216795162e-05
0.01994974004
3.625147715e-05
0.01995600952
3.140843716e-05
0.0199613256
2.727085945e-05
0.01996590328
2.360664385e-05
0.01996990323
2.029795298e-05
0.01997343379
1.730316152e-05
0.01997656506
1.461529721e-05
0.01997934379
1.223254264e-05
0.01998180632
1.014275656e-05
0.01998398421
8.321816101e-06
0.01998590859
6.737186723e-06
0.01998760914
5.356257551e-06
0.01998911336
4.149400877e-06
0.0199904462
3.092761811e-06
0.01999162936
2.167409931e-06
0.01999268168
1.358052007e-06
0.01999361999
6.51470868e-07
0.01999445853
3.720249335e-08
0.01999521089
-4.959033427e-07
0.01999588846
-9.556384158e-07
0.01999650181
-1.349003545e-06
0.01999706018
-1.687918009e-06
0.01999757564
-1.94916097e-06
-2.294189048e-06
-0.006517841534
0.006477564503
-0.0006764163747
8.660657848e-09
0.02447792668
-0.0003967753156
-0.006401568406
-0.005982375158
-0.006401916962
-0.005982598988
-0.000291458182
-0.0003963670892
-0.0002912996628
0.0242162722
-0.0007412723697
0.0240904433
-0.0001037801657
0.02400292837
0.0007272324382
0.02381631538
0.001612944125
0.02362787474
0.002443589494
0.02326044627
0.003316563364
0.02275264412
0.003931220571
0.02225821358
0.004350803588
0.02176281623
0.00451188704
0.02132582005
0.004476448914
0.02094185597
0.004287220105
0.02061148708
0.003998491646
0.02034466132
0.003656865909
0.02013487507
0.003297417773
0.0199749033
0.002945322715
0.01985734864
0.00261612782
0.0197743526
0.002317866777
0.0197188323
0.002053158364
0.01968450286
0.001821174553
0.01966591071
0.001619196733
0.01965843283
0.001443700993
0.01965831022
0.001291047446
0.01966266385
0.001157845717
0.01966943771
0.00104107993
0.01967726822
0.0009380994479
0.01968532082
0.0008465725148
0.01969313262
0.000764455206
0.01970048615
0.0006899860069
0.01970732559
0.0006216949967
0.01971372178
0.0005584108592
0.01971987919
0.0004992508389
0.01972616204
0.0004435889504
0.01973310699
0.0003910143624
0.01974138774
0.0003413008139
0.01975170906
0.0002944015841
0.01976463846
0.0002504649616
0.01978210486
0.000206436914
0.01980041634
0.0001680100117
0.01982069353
0.0001355827826
0.01984188779
0.0001079646881
0.01986280211
8.535631596e-05
0.01988234142
6.761068226e-05
0.01989971537
5.422934434e-05
0.01991453696
4.444847659e-05
0.01992680616
3.738112992e-05
0.01993680629
3.216781814e-05
0.01994496386
2.80939112e-05
0.0199517215
2.465079287e-05
0.0199574527
2.153965696e-05
0.01996242746
1.863188944e-05
0.01996681688
1.590853227e-05
0.01997071993
1.340011426e-05
0.01997419339
1.114183578e-05
0.01997727602
9.149914748e-06
0.01998000228
7.416501419e-06
0.01998240797
5.916131126e-06
0.01998452916
4.615991637e-06
0.0199864011
3.484311333e-06
0.01998805564
2.494860152e-06
0.01998952078
1.627624399e-06
0.01999082086
8.673292697e-07
0.01999197676
2.021509472e-07
0.01999300665
-3.784222429e-07
0.01999392711
-8.832542874e-07
0.01999475198
-1.320775386e-06
0.01999549456
-1.698225189e-06
0.01999616665
-2.021090701e-06
0.01999677787
-2.299140051e-06
0.0199973423
-2.513589359e-06
-2.796691005e-06
-0.001319620729
0.0001318217502
0.001287050164
-9.85716493e-05
-6.795526074e-07
-0.00458700305
0.00444229217
-0.0002520961882
3.173994297e-08
0.01531861347
-0.001021231117
-0.004301618396
-0.003217727967
-0.004302020681
-0.003217287666
0.0157130755
-0.0004982421874
0.01624499064
0.0001953172878
0.01674060181
0.001117332947
0.01712832345
0.00205586786
0.01748814773
0.002956739086
0.01775869357
0.00366067474
0.01797898067
0.004130516498
0.01813943338
0.004351434338
0.01826109077
0.004354791526
0.01835802652
0.004190284357
0.01844267125
0.003913846915
0.01852343162
0.003576105546
0.01860401017
0.003216839227
0.01868565031
0.002863682574
0.01876818829
0.00253358984
0.01885080853
0.002235246541
0.01893240521
0.001971561683
0.01901177576
0.001741804009
0.01908775848
0.001543214014
0.01915935258
0.001372106895
0.01922582271
0.001224577314
0.0192867586
0.001096909823
0.0193420675
0.0009857710308
0.01939190696
0.0008882599898
0.01943659101
0.0008018884603
0.01947650501
0.0007245412124
0.0195120542
0.0006544368178
0.01954365963
0.0005900895689
0.01957180034
0.0005302701528
0.01959708285
0.0004739683271
0.01962029996
0.0004203718477
0.01964243288
0.0003688814403
0.01966456304
0.0003191706545
0.01968769205
0.0002712725736
0.01971267484
0.0002254821769
0.01974087419
0.0001782375581
0.01976889696
0.0001399872479
0.01979744322
0.000107036525
0.01982526864
8.013926396e-05
0.01985112624
5.949871417e-05
0.01987404808
4.468884713e-05
0.01989352071
3.475671739e-05
0.01990951542
2.845376331e-05
0.01992239071
2.450583385e-05
0.01993272367
2.183486335e-05
0.0199411371
1.968047336e-05
0.01994817238
1.761552022e-05
0.01995422808
1.548395648e-05
0.01995955753
1.330244109e-05
0.01996430198
1.116408332e-05
0.01996853491
9.16718748e-06
0.01997229943
7.37731272e-06
0.01997563166
5.817689961e-06
0.01997857032
4.477844098e-06
0.01998115752
3.328930077e-06
0.01998343572
2.337790579e-06
0.01998544482
1.475212644e-06
0.0199872199
7.197785893e-07
0.01998879099
5.653399227e-08
0.01999018448
-5.261690859e-07
0.01999142261
-1.035975331e-06
0.01999252498
-1.480793558e-06
0.01999350915
-1.867431367e-06
0.01999439068
-2.202302819e-06
0.0199951836
-2.491146913e-06
0.01999590072
-2.738207514e-06
0.01999655252
-2.950945816e-06
0.01999715395
-3.115014859e-06
-3.331602801e-06
-0.0004144852338
6.500879723e-05
-6.512268318e-05
-1.724177198e-07
0.0004147715395
-0.0004235444319
0.0003613671707
0.001592290621
-2.523118055e-08
-0.0003390123123
-0.0004211422937
-0.0003377164094
-0.0001112212657
-0.0001099318335
-0.0001047091087
-0.0001063549451
0.00591437905
-0.0004572897363
-0.001636562872
-0.001021629216
-0.001636665186
-0.001021665231
-0.000352143275
-0.0004579259963
-0.0003517286297
0.006456928129
-0.001040791287
0.007041811103
-0.0003895656857
0.007737141426
0.0004220026179
0.00851876993
0.001274239364
0.009387227743
0.002088281278
0.01030173864
0.002746163849
0.01122868152
0.003203573624
0.01213147036
0.003448645504
0.01298490729
0.003501354605
0.01377268261
0.003402509045
0.01448659206
0.00319993747
0.01512474894
0.002937948665
0.01568963068
0.002651957491
0.01618647465
0.002366838604
0.01662199315
0.002098071341
0.01700336584
0.00185387385
0.01733755885
0.001637368672
0.01763094902
0.001448413837
0.01788917222
0.001284990822
0.01811710774
0.001144171381
0.01831893165
0.001022753409
0.01849819718
0.0009176442922
0.01865791302
0.0008260551899
0.01880060671
0.0007455662996
0.01892837727
0.0006741179009
0.01904295035
0.000609968129
0.01914574833
0.0005516388465
0.01923797953
0.0004978583656
0.01932073822
0.0004475114714
0.01939509271
0.0003996138348
0.01946213354
0.0003533310178
0.01952295811
0.0003080568773
0.01957858988
0.000263538882
0.01962985691
0.0002200055453
0.01967903663
0.0001763024508
0.01972256771
0.0001347064808
0.01976229187
0.0001002630836
0.01979787765
7.145075382e-05
0.01982899669
4.902021599e-05
0.01985549819
3.299721515e-05
0.01987751208
2.267496101e-05
0.01989545744
1.681135305e-05
0.01990996528
1.394592725e-05
0.01992175375
1.271735587e-05
0.01993150362
1.208499288e-05
0.01993977079
1.14133118e-05
0.01994695126
1.04350501e-05
0.01995329287
9.142348493e-06
0.01995893446
7.660853052e-06
0.01996395174
6.146800006e-06
0.01996839438
4.724554625e-06
0.01997230801
3.463681961e-06
0.01997574244
2.383264665e-06
0.01997875097
1.469315133e-06
0.0199813864
6.934947352e-07
0.01998369698
2.720991785e-08
0.01998572587
-5.53677822e-07
0.01998750906
-1.063413597e-06
0.01998907788
-1.512280981e-06
0.01999045872
-1.907012853e-06
0.01999167535
-2.252613612e-06
0.01999274857
-2.554010588e-06
0.01999369701
-2.815872584e-06
0.01999453726
-3.042549824e-06
0.01999528413
-3.238021138e-06
0.0199959511
-3.405181584e-06
0.01999654929
-3.549138e-06
0.01999709629
-3.662015508e-06
-3.804851985e-06
3.46789407e-07
0.0001259587226
5.04349727e-09
-0.0001409213866
1.461083199e-05
-4.922012759e-05
0.0001488553705
5.334689644e-05
-0.00015208222
-8.99919698e-07
-5.476824743e-05
9.514832307e-06
-0.0004121296656
9.334033426e-08
-0.001472271291
-0.0008398507049
8.593038627e-05
0.0005496885224
8.595560316e-05
0.000549756193
-0.001450649605
-0.000411187378
-0.001099491222
7.084422276e-05
-0.0003927930256
0.0005675411816
0.0006403676293
0.001055120634
0.001924846683
0.0014616848
0.003377625144
0.001750795165
0.004908811348
0.001917459311
0.006439521053
0.001970644913
0.007906936208
0.001935093899
0.009272116842
0.001834756843
0.01051427375
0.001695791761
0.01162661622
0.001539615032
0.01261220334
0.001381251482
0.01348005836
0.001230216323
0.01424216127
0.001091770934
0.01491139855
0.0009681313907
0.01550027285
0.0008595395301
0.01602019252
0.0007650711589
0.01648115159
0.0006832123187
0.01689165823
0.000612246782
0.01725881399
0.000550488537
0.01758846677
0.000496402404
0.01788538591
0.0004486471668
0.01815343275
0.0004060710667
0.01839571512
0.0003676857648
0.0186147227
0.0003326312683
0.01881244156
0.0003001395065
0.01899044498
0.0002695080594
0.01914995915
0.0002400996669
0.01929191461
0.0002113755717
0.01941699723
0.0001829742594
0.01952572737
0.0001548087463
0.01961857969
0.0001271532264
0.01969716584
9.771629454e-05
0.01975931835
7.255397059e-05
0.01980835039
5.123103657e-05
0.019845952
3.384913643e-05
0.01987413946
2.083275219e-05
0.0198950629
1.207378071e-05
0.01991077208
6.965771311e-06
0.01992300972
4.573713031e-06
0.01993308606
3.869585854e-06
0.01994185483
3.948581625e-06
0.01994977577
4.164058907e-06
0.01995702725
4.161830616e-06
0.01996362869
3.833605627e-06
0.01996954178
3.229265744e-06
0.01997473542
2.467213667e-06
0.01997921466
1.667561172e-06
0.01998302254
9.166778792e-07
0.01998622762
2.586085962e-07
0.01998890793
-2.970473198e-07
0.0199911384
-7.611550107e-07
0.01999298391
-1.152009768e-06
0.01999449809
-1.486976839e-06
0.01999572352
-1.779108629e-06
0.01999669632
-2.03621228e-06
0.01999744714
-2.263104262e-06
0.01999800293
-2.462808412e-06
0.01999838804
-2.637723852e-06
0.01999862425
-2.790217373e-06
0.019998731
-2.92263014e-06
0.01999872566
-3.037209635e-06
0.01999862362
-3.135983463e-06
0.01999843889
-3.22045205e-06
0.01999818412
-3.294359605e-06
0.01999788565
-3.363546779e-06
-3.407954063e-06
6.650327366e-05
0.0001323281021
3.987618305e-08
-0.0001101355593
-8.873569327e-05
0.0001636968447
0.0001294157938
-0.0001026704896
-5.557783974e-07
-0.0001898863729
0.0002678869677
0.000377864822
-0.001353647172
-0.0001869327064
6.552122017e-09
0.000300482758
0.0002799098714
0.000314428919
-0.007354926245
0.001518241597
0.001739983135
0.001518266191
0.001739987189
-0.007764647016
-0.007692599009
-0.007124365219
-0.006069283916
-0.004608334586
-0.002858906294
-0.000943224841
0.001025501588
0.002958809408
0.004792090134
0.006486825805
0.008025833834
0.009406903099
0.01063727325
0.01172942047
0.01269806593
0.01355817477
0.01432380673
0.01500753282
0.01562022637
0.01617109025
0.01666779842
0.01711668446
0.01752293247
0.01789073995
0.01822344509
0.01852361897
0.0187931317
0.01903321252
0.01924455611
0.01942749296
0.01958226574
0.01970938685
0.01980707715
0.01987961046
0.0199308246
0.0199646599
0.01998548141
0.01999754622
0.02000450509
0.02000907372
0.02001293964
0.02001688545
0.020021047
0.02002520607
0.0200290363
0.02003226142
0.02003472379
0.02003638599
0.02003729704
0.02003755001
0.0200372475
0.0200364812
0.02003532445
0.02003383314
0.02003205011
0.02003001034
0.02002774399
0.02002527818
0.02002263767
0.02001984484
0.02001691975
0.02001388022
0.02001074202
0.02000751946
0.02000422307
0.02000085756
0.0001152607178
-4.208364485e-08
1.405211017e-05
-0.0001289239573
-0.0001200768508
-6.114023889e-05
8.681165852e-08
0.0001305190533
5.061122631e-05
0.0001151873463
-3.557857158e-07
-1.944224434e-08
1.40504212e-05
-0.0001288625395
-0.000120065386
-6.116900301e-05
8.740881156e-08
0.0001305147388
5.063224203e-05
5.486813466e-08
4.716346677e-05
-0.0001007919146
-6.534405134e-05
8.137794217e-08
3.798743229e-05
2.72653628e-05
-6.650804176e-05
4.478638622e-08
4.714195316e-05
-0.0001007440889
-6.53510433e-05
8.566951922e-08
3.797869881e-05
2.727418792e-05
5.298633875e-05
-0.0004089866339
-5.839803783e-05
-8.691123936e-08
4.81044099e-05
-3.674695525e-08
-2.487910382e-05
9.207215946e-05
5.288672587e-05
0.0004144710591
-6.610199409e-08
-0.0004089237942
-5.836789137e-05
4.800485736e-05
-1.599887026e-08
-2.484942098e-05
9.204790779e-05
-2.776400438e-07
-8.207195307e-05
3.668243917e-09
-3.566581175e-05
-8.238870433e-05
-3.546847505e-05
-3.180241245e-07
4.63896553e-05
-4.623831736e-05
4.600178915e-05
-4.722314656e-05
1.172843353e-09
0.0001337873932
0.0001378813137
-0.0001077091464
-2.627122725e-07
1.112371563e-08
4.165175223e-05
-0.0001070120722
-0.0002286932131
3.91931621e-05
0.0001898046578
-2.952673374e-07
0.0001323551304
2.119903721e-08
-0.0001101097428
-8.877463777e-05
0.0001337332566
-0.0001636709991
-2.403630121e-07
0.0001378817261
-0.0001077036199
1.317312912e-08
4.1637499e-05
-0.0001070132996
-0.0002286850637
-2.901965912e-07
3.915482782e-05
0.000189820817
-8.508458856e-05
-2.702132803e-08
6.486283112e-09
-3.604374397e-05
2.312047415e-07
8.495507573e-05
-3.831204644e-05
3.573592113e-09
-3.864467199e-05
-3.575177121e-05
-2.598062641e-07
-8.208483085e-05
-3.567935572e-05
-8.242587918e-05
-3.551697166e-05
-8.509875775e-05
-1.573772335e-08
-3.605518815e-05
2.275078505e-07
8.499379613e-05
-4.6417171e-05
-3.831946219e-05
-4.600729231e-05
-3.86499219e-05
-3.5779245e-05
9.182122322e-05
-3.990292545e-05
-1.964270826e-07
-5.291208608e-05
1.403718407e-09
1.188811177e-06
4.74717378e-05
-0.0001006504374
1.641517639e-09
-6.660003615e-05
0.0001198319593
1.046567911e-08
-9.153736809e-05
9.245205071e-05
1.073882593e-07
3.948655314e-05
-7.327837624e-05
-6.710749277e-05
2.652651156e-09
9.207759977e-05
-7.312536704e-05
5.531463508e-10
-6.732117113e-05
-5.312081831e-05
8.735642532e-07
-3.056947947e-05
-2.476014901e-05
5.829601567e-08
5.433518395e-10
2.358694194e-06
3.789473454e-05
2.777600217e-05
1.863820389e-10
-6.559939567e-05
5.399638035e-08
3.017613081e-05
-6.552106821e-05
-8.873633613e-08
2.485086317e-05
2.492778049e-06
5.834903346e-10
-6.574670285e-05
1.080471242e-10
2.916835817e-06
1.96447891e-06
-3.209152019e-07
-4.626307205e-05
-4.722931122e-05
9.183067977e-05
-3.990533324e-05
-1.96436382e-07
-5.291640004e-05
1.188877713e-06
4.747062472e-05
-0.0001006551465
0.0001198354193
-6.660447208e-05
1.001067871e-08
-9.155774132e-05
9.242660962e-05
1.128956143e-07
3.949720323e-05
-7.32664115e-05
-6.708778412e-05
9.208464013e-05
-7.312981577e-05
-6.73172258e-05
-5.313129097e-05
8.743079661e-07
-3.057018132e-05
-2.476210695e-05
5.765156381e-08
2.358765787e-06
3.789526933e-05
2.777604893e-05
-6.559631678e-05
5.890460581e-08
3.018249002e-05
-6.552910623e-05
-8.689661466e-08
2.485645964e-05
2.493618258e-06
-6.574525386e-05
2.916826172e-06
1.965314323e-06
0.0001470282462
-0.001350513765
-0.0001157746251
-3.605852382e-07
0.0006323448796
-0.0006401545369
-3.568460144e-08
6.083167405e-05
0.00131951252
0.0001472735597
-3.87964135e-07
-0.001350659569
-0.0001157385666
0.0006333026763
-7.365801595e-08
-0.0006402607024
5.99184071e-05
2.950338087e-08
0.0004618106366
-0.001110855706
-0.00124771033
-0.001245597179
-0.001111437654
-9.212636172e-05
-7.530611829e-05
-7.263086915e-05
-9.317898372e-05
-1.21096256e-07
6.881419963e-05
0.0006286605734
-8.225845264e-05
0.0006581892283
5.334958492e-05
-0.0006295498829
2.695179645e-07
0.0001317777008
-6.793919074e-07
0.001286975146
-9.856094195e-05
0.0004621113704
0.004586646511
-0.001110737326
-0.001247680422
-0.001245603668
-0.001111175514
-9.220280629e-05
-7.533566805e-05
-7.265342329e-05
-9.33395494e-05
-6.401666558e-05
-7.408898157e-08
6.659703744e-05
0.0006307963919
-8.226791094e-05
0.000658188031
2.638855618e-07
5.344810963e-05
-0.0006296321189
-1.713205918e-08
0.0004077639984
4.474384764e-05
0.0004076676718
4.753977735e-09
4.490252936e-05
-0.0004271076935
-7.766373468e-05
-1.031445832e-06
-1.174524901e-07
0.0001041739075
7.000668276e-05
-0.0001461236069
0.000124054028
0.0001269675943
-0.0001047093756
-1.886390323e-07
-1.170325163e-07
-6.500646458e-05
0.0004155778935
0.0004236936516
-1.055038799e-06
-0.0004271950439
-7.771147276e-05
-0.0001260316459
-7.682489036e-08
0.0001041156892
6.999764741e-05
-0.0001460903947
0.0001241158288
-2.066775376e-07
0.0001269507615
-0.0001047695173
-3.972310938e-05
-0.0001552386633
-3.8195655e-07
3.972332479e-08
0.000144516216
-7.336808127e-05
-0.0001189149527
0.0001025851897
-8.517390131e-08
0.0001502023327
-1.41914509e-08
-0.0001409487908
1.457555067e-05
4.920895524e-05
-3.602601977e-07
-3.970311333e-05
-0.0001552359841
3.527115557e-08
0.0001444930553
-7.334220327e-05
-0.000118925248
-1.139342032e-07
0.0001025954996
0.0001501769396
2.344902609e-08
0.0005811630208
1.134821593e-07
-4.698715011e-05
-4.467250184e-05
-1.881094998e-06
-0.0001396370531
-0.0001311428102
-0.0001313278168
-0.0001404198107
-2.76048396e-07
0.0001462596229
-0.0001354827273
-0.0001114579958
-0.0001632982134
0.0001141056318
0.0001614505463
-7.999696901e-07
0.0001488109734
-8.824508665e-07
5.338009089e-05
-0.0001520996528
0.0005813151991
5.467593897e-05
1.019496403e-07
-4.704680427e-05
-4.467083376e-05
-1.885595969e-06
-0.0001396430918
-0.000131047175
-0.0001313483683
-0.0001404277364
-0.0001293324558
-3.038895737e-07
0.0001462372882
-0.0001355261897
-0.0001114987398
-0.0001632313354
-7.840801027e-07
0.0001140655033
0.000161448651
-0.0001099302668
-8.890862248e-05
1.712212925e-09
0.0001322770163
2.629886943e-08
-9.749495154e-05
-7.977439778e-05
-9.760787035e-05
-7.961797635e-05
7.12354475e-10
0.0001122753774
3.24313631e-08
-0.0001292902543
-8.062695768e-05
1.527686592e-09
-4.036232321e-08
-0.0001123493005
-0.0001127833023
0.0001364372743
-0.0001130013039
9.246792946e-10
0.0001363267762
-0.0001291146526
-8.069715631e-05
0.0002382167149
-8.020090606e-05
-1.586834723e-06
3.638708571e-05
-6.765563031e-07
-0.0002643863205
-0.0003505292785
2.698005842e-05
0.0003247957228
-1.202836246e-06
-5.307775346e-07
-0.0001026600867
-0.0001898125907
-0.0002679392337
-1.604550476e-06
0.0002382351345
-8.019008431e-05
-6.718809358e-07
3.636860855e-05
-0.0002643691337
-0.0003504798695
-1.199686439e-06
2.692378772e-05
0.0003247991281
0.0001110121018
-3.419920841e-05
-9.680176449e-08
-0.0001123865915
4.69132973e-09
1.390897608e-05
-0.0001287869841
4.420297622e-10
0.000115251717
-4.162310446e-07
1.714191915e-08
-0.0001110959297
9.826214549e-05
4.410021391e-08
3.411977508e-05
-0.0001342119726
-2.887585982e-05
4.585914883e-09
9.798156535e-05
-0.0001340443687
3.059624427e-09
-2.890079054e-05
-0.0001125414391
-4.387674021e-05
-0.0001045039579
-5.339050098e-08
3.745383083e-09
0.0001304397603
5.082277983e-05
2.380260535e-09
-6.134614954e-05
-1.573951495e-08
4.384650003e-05
-4.752368541e-05
2.511159487e-07
0.0001045001072
1.912556267e-09
-4.749900723e-05
2.853252159e-09
0.0001110159943
-3.420957369e-05
-8.926460674e-08
-0.0001123918321
1.394337911e-05
-0.0001287755531
0.0001152175834
-4.044054146e-07
1.608060017e-08
-0.0001110883751
9.814000458e-05
3.12920027e-08
3.413498853e-05
-0.0001341534201
-2.887540025e-05
9.799628046e-05
-0.0001340482972
-2.89024817e-05
-0.0001125596245
-4.388834346e-05
-0.0001045070785
-4.786173606e-08
0.0001304382456
5.0829671e-05
-6.13427083e-05
-9.073897817e-09
4.388719834e-05
-4.751681133e-05
2.398394985e-07
0.0001044995381
-4.750555487e-05
4.606320177e-05
0.0002276411632
-1.132773594e-08
-6.01444059e-05
1.821920675e-09
-2.139750572e-08
-4.603023715e-05
4.482898299e-05
7.588975138e-09
-0.0002275279154
-7.092004518e-05
0.0002400423346
-0.0004088264044
-5.856864163e-05
-4.625922249e-09
0.0004144820333
5.283071147e-05
1.977598472e-09
4.488110189e-05
-7.08622608e-05
-4.141764137e-10
0.0002399427878
-6.003037296e-05
-2.48597385e-05
9.202144504e-05
-2.507236938e-10
4.805352291e-05
1.210340856e-07
7.828877538e-05
7.829068613e-05
4.451536331e-09
9.983594913e-05
-3.498843593e-08
1.83834665e-09
1.879590442e-08
-9.985255788e-05
0.0001209858755
1.980214661e-09
0.0001210119436
-4.197692586e-08
0.0004077484914
4.484430562e-05
0.0004076864947
4.494248661e-05
4.607042841e-05
0.0002276259329
-5.501215135e-09
-6.01367938e-05
-0.0004087913342
-5.853032696e-05
5.285185105e-05
0.0004143990634
-3.630516265e-08
-4.605269924e-05
4.491369266e-05
4.036269617e-09
-0.0002274904486
-7.088685333e-05
0.0002400053755
4.49312726e-05
-7.085692514e-05
0.0002399561741
-6.00078834e-05
-2.484890775e-05
9.204749274e-05
4.800276086e-05
7.016956087e-08
7.827589916e-05
7.829017194e-05
9.983292081e-05
-2.029353062e-08
-3.753095434e-09
-9.985427852e-05
0.0001210190906
0.0001210217143
0.0001109938321
-0.0001615043925
1.026928322e-07
-7.888435803e-05
1.976759728e-09
-1.199560015e-07
-0.000111079755
0.0001362977275
-2.1061621e-07
0.0001611873269
-7.550553944e-05
-0.0001931803163
0.0001382765241
-0.0001077011772
-4.954679115e-11
-0.0001644693489
0.0001336313436
6.301304805e-10
0.0001361484676
-7.538506412e-05
1.926532622e-09
-0.0001940330469
-7.890438994e-05
4.158824789e-05
-0.0001071825786
6.071481851e-10
-1.891462931e-09
-0.00010364183
-0.0001037790726
7.45938012e-10
-4.200249695e-05
6.22512385e-08
-0.0001424664377
6.533979784e-10
-5.792607031e-08
4.203776982e-05
-0.0001489934645
-0.0001492459943
9.853301984e-10
-0.000142238967
-0.0001805440723
-4.09333255e-05
1.257577953e-07
8.489405465e-10
-2.688105025e-07
0.0001800722918
-0.000216115858
-1.331178145e-07
4.094532432e-05
3.91341243e-05
0.0001903135379
9.597597003e-10
-0.0002297347221
5.273992043e-10
-0.0002170643661
1.456982872e-09
-0.0001099461551
-8.891226009e-05
0.0001322768493
2.965219729e-08
-9.74893542e-05
-7.973782647e-05
-9.760991369e-05
-7.962310465e-05
0.000112281887
3.575412247e-08
-0.0001292926608
-8.063336086e-05
-4.197941572e-08
-0.000112358942
-0.0001127959087
0.0001364221949
-0.0001130028839
0.0001363314575
-0.0001291256951
-8.068684365e-05
0.0001109989876
-0.0001615073132
1.033851955e-07
-7.888574081e-05
0.0001382730252
-0.0001077066828
0.0001336435174
-0.0001644502651
-1.097031425e-07
-0.0001110703325
0.0001362658584
-2.190032037e-07
0.0001611826771
-7.544262862e-05
-0.0001932246637
0.000136160057
-7.537108311e-05
-0.0001940599944
-7.890996374e-05
4.158973836e-05
-0.0001071802591
4.102443622e-09
-0.000103633545
-0.0001037737687
-4.200189314e-05
5.930825851e-08
-0.0001424638862
-5.796172251e-08
4.203150383e-05
-0.0001489995758
-0.0001492455933
-0.0001422295863
-0.0001805424876
-4.093219435e-05
1.258863681e-07
3.912610703e-05
0.0001903148088
-0.0002297244924
-2.682128259e-07
0.0001800706582
-0.0002160902454
-1.336676073e-07
4.094301099e-05
-0.0002170551576
-0.0007322889122
-4.811968299e-08
-3.262710698e-08
0.006207131176
-0.0001926271556
-0.0001450282407
-0.000191669671
-0.001543974349
-0.001543257101
-0.001587190889
-0.00158861181
-0.0007327384713
0.006518009471
0.006206541246
-0.0001452214105
-0.0001923408786
-0.0001913319359
-0.001544112445
-0.001543346825
-0.001587145872
-0.001588539344
-0.0005151691045
-2.865080223e-08
0.006035737763
3.394002332e-08
-0.0001229797799
-0.0001298052676
-0.0001204501398
4.198941529e-09
0.006478386863
-0.0006763191472
-0.0005148321873
0.006035315612
-0.0001297678839
-0.000123039841
-0.0001204741601
5.615202035e-08
0.001209017763
-0.0001179863618
2.629225786e-09
0.001208340203
-0.0001172159522
8.101337191e-05
-0.001105036282
-2.249433165e-07
-8.661687452e-05
9.014327445e-09
-1.138435717e-06
-8.250149941e-05
-6.870325914e-07
0.001106806857
-0.001123288287
-8.140316103e-05
0.001286175741
-9.745595136e-05
-0.001319200522
-4.069404226e-09
3.335443624e-09
-0.00112294189
-8.021374869e-05
-2.364355056e-08
-8.735725113e-05
-0.0001507552987
-2.910379623e-08
0.003028334768
3.591582197e-08
-0.0008029935238
-0.0006573202899
-0.0008005966633
-2.986155707e-08
-0.0003401186149
0.004442211186
-0.0002519000063
-0.0001511382699
0.00302819124
-0.000361039072
-0.0006573064326
-0.0008029513312
-0.0008005704358
-0.0003402645655
2.889101643e-09
0.000255740219
-8.082346696e-05
-6.508394263e-05
0.000414764573
6.464242007e-05
-1.345374334e-08
0.0002556151908
-8.075434094e-05
8.807049446e-10
7.078320037e-05
1.076502438e-07
0.0002779911258
-9.326783e-05
1.044136621e-09
-3.416825737e-07
-7.090799958e-05
6.62175067e-05
0.0004198037101
6.629819688e-05
0.0004189028312
5.061356172e-09
0.0002784830883
-9.354323697e-05
-0.0003843427764
-4.809111046e-08
0.0001274903896
0.0001460984168
-6.794024072e-07
-5.877775721e-08
-0.0001777804341
-0.0001753139863
-0.0002342214476
-0.000237434334
0.001592613707
-0.0004212002607
-0.0003389664645
-0.0003375954466
-0.0001112914991
-0.0001099442353
-0.0001046844715
-0.000106301948
-0.0003843641374
-7.023017679e-07
0.0001274840916
0.0001461450118
-0.0001778272626
-0.0001752867206
-0.0002342180481
-0.0002374409268
-0.0001409710773
1.441255259e-05
0.0001261438832
3.45659653e-09
2.226137398e-09
-2.190201028e-05
-0.0001478974609
-2.203369441e-05
-0.0001478378907
1.944730329e-09
0.0001488811771
1.770807846e-08
-1.60773325e-05
-0.000154857496
2.251920075e-09
-2.442919978e-08
-0.000148859338
0.0001356222274
2.787237051e-05
0.000135682329
2.758518665e-05
1.790920797e-09
-1.596792076e-05
-0.0001547757127
0.000144959059
7.397007321e-06
-1.631446697e-07
-0.000152082779
3.341554909e-09
-1.038900232e-06
-0.0001446772412
0.0001520758954
-3.978881606e-07
-5.553945384e-06
9.088359639e-06
-0.0001552187374
5.139015248e-05
-0.0001521483773
-4.814266592e-05
1.426987184e-09
0.000147999548
1.03172353e-09
0.0001506367809
9.698394582e-06
-0.0001548510975
3.452393646e-09
-0.0001522754216
-0.000256635722
-6.234621583e-08
-0.0006012424443
1.627514536e-08
0.0001152813298
0.0001687809958
0.0001196007721
-3.613799437e-09
-0.0003081860378
9.291128307e-06
-0.0004124478419
-0.0002565442722
-0.0006013486736
-0.000377890515
0.000168751741
0.0001152156812
0.0001196088621
-0.0003081403754
-5.332769364e-07
-0.0002258800113
-6.943751546e-05
-0.0001027902952
-0.0001915693473
0.0001293344732
4.545059473e-11
-0.0002278547228
-6.95031759e-05
1.281497278e-09
9.749169678e-05
1.453407469e-06
-0.0002595403806
-6.725927459e-05
-1.75926655e-10
-1.316995716e-06
-9.700688343e-05
0.0001224152873
-0.0002139777801
0.0001229078904
-0.0002183013611
-1.166442681e-09
-0.000254654413
-6.677907723e-05
-0.0001435886128
-3.004555473e-09
-0.00159668401
2.425703957e-09
0.000336819649
0.0003686084992
0.0003540246518
-9.195358101e-10
-0.001353691713
-0.0001869152825
0.0002799431721
0.000300442116
0.0003143985157
-0.0001435689179
-0.001596706097
0.0003685782262
0.0003368861783
0.0003540823836
0.000151585096
0.001155232927
2.565223722e-07
-9.805866368e-05
1.859079949e-09
-3.789911861e-07
-0.0001516152248
-4.009954439e-07
-0.001155475841
-8.318603964e-05
-0.001350315383
-0.0001142751971
1.224302139e-09
-7.284809599e-09
-8.238601856e-05
8.452519251e-10
-9.849433669e-05
-7.095294882e-08
7.114062721e-05
0.0006559890177
7.097927282e-05
0.0006559016498
6.014984389e-09
6.033683249e-08
0.0009377403389
3.872608517e-09
0.0009381158989
-4.915151382e-09
6.066836715e-05
-0.0006401183322
6.019177256e-05
-1.505332663e-09
0.0006327231066
6.065160791e-05
7.879493988e-09
0.0009001826353
1.420096205e-07
8.628256411e-09
-2.06915008e-07
-0.0009004319252
0.0008782844829
5.643508532e-09
0.0008777758129
0.0001445147738
6.050587939e-08
0.001209038188
-0.0001180118236
-3.028350984e-07
-0.0001446982834
0.001391114459
0.0001761692477
0.001390694011
0.0001754531513
0.001208391612
-0.0001172848121
0.0001515382356
0.001155246101
2.674027283e-07
-9.801167456e-05
-0.001350520029
-0.0001142271806
0.001319139052
-3.730308958e-07
-0.0001515130039
-4.278278143e-07
-0.001155533549
-8.287151762e-05
0.001123094302
-8.231961236e-05
0.001122911545
-9.838753158e-05
-7.530093088e-08
7.116319349e-05
0.0006560261537
7.093199548e-05
0.000655965627
5.482972725e-08
0.0009376582413
0.0009380121575
-0.0006401597925
6.005181346e-05
0.0006328846522
-4.810327418e-08
6.072723644e-05
6.069687303e-05
0.0009001763956
1.75661266e-07
-2.917658542e-07
-0.0009005275127
0.0008778661634
0.0008776224752
6.797816782e-05
0.0006293115891
-4.530408735e-08
-0.000865163409
-7.181048665e-05
5.481710227e-07
0.0008497792577
2.957574408e-08
-4.356988645e-07
0.0008661312472
-9.026931081e-08
7.077073416e-05
0.0006241976304
-5.889533937e-08
0.0006236728908
3.611038434e-08
0.0008500929318
0.0008225325665
-6.561202514e-05
7.138286786e-07
1.85180572e-08
-1.144596387e-06
-0.0008238054633
-5.981153841e-07
6.617766738e-05
-7.09317953e-05
5.184898946e-05
-0.0006276119391
3.034575802e-09
-8.129084818e-05
9.427669862e-09
1.488733626e-08
-7.016408075e-05
8.106147683e-05
-0.001104590953
-2.224332596e-07
-8.697641782e-05
0.001286156404
-9.746869875e-05
-1.143394199e-06
-8.260174418e-05
-6.700904243e-07
0.001105918237
-8.071479212e-05
-7.984180921e-05
-8.808141283e-05
6.67987339e-05
0.0006303556183
-6.438909217e-05
-0.0008641360786
-7.279744116e-05
5.702335371e-07
0.0008494164247
-3.844169046e-07
0.0008641328256
-1.19231881e-07
7.274441451e-05
0.0006248013762
-6.663016201e-05
0.0006239731363
-6.649808369e-05
0.0008493660611
0.0008224719707
-6.597693142e-05
7.371029826e-07
5.190210915e-05
-0.0006276543323
-8.128728513e-05
-1.159644843e-06
-0.0008236792429
-6.184042709e-07
6.691563339e-05
-7.112797991e-05
-7.026164034e-05
7.76402289e-05
0.0003063281702
3.169915237e-07
-0.0001062983302
4.057871898e-09
-7.347346191e-07
-7.750103309e-05
3.711286022e-07
-0.0003077653806
-0.0001092817846
-0.0004256370295
-7.782861474e-05
1.061838699e-09
7.217734401e-09
-0.0001088446267
-1.099952208e-09
-0.000106466331
0.0001040515039
7.002949715e-05
-1.052898393e-09
-7.345430379e-08
0.0001444097688
0.0001442348564
7.952108261e-10
-0.0001185086448
1.447368865e-07
0.0001693327748
-1.851023089e-09
-4.637996003e-08
0.0001183535401
8.732175174e-05
8.715688178e-05
-8.293110371e-11
0.0001693648164
0.000186922961
-0.0001241560548
2.656291356e-07
1.908989856e-09
-3.750779455e-07
-0.0001874289824
0.0002054898747
-7.736812943e-08
0.0001242648749
-0.0001415751299
0.0001269534074
-0.0001044084612
2.448326033e-09
-0.0001459262315
0.0001231901951
-2.663384531e-11
0.0002046566728
2.140921978e-09
-0.0001414871392
-6.505969211e-05
0.0004149391882
-1.85235521e-08
0.0002558049354
-8.078748987e-05
0.0002556541084
-8.077526973e-05
7.07968363e-05
1.002413161e-07
0.0002779838657
-9.322582424e-05
-2.796965629e-07
-7.084840859e-05
0.000420075836
0.0004189633239
0.000278484418
-9.342764719e-05
7.765433563e-05
0.0003063147847
3.173948238e-07
-0.0001062985867
-0.0004256347728
-7.790675228e-05
-7.284676708e-07
-7.751870893e-05
3.695884759e-07
-0.0003077466466
-0.0001093008735
-0.0001088189212
-0.0001064635486
0.0001040386386
7.002104582e-05
-0.0001261348033
-7.518509547e-08
0.0001444224828
0.000144210693
-0.0001184899321
1.253999087e-07
0.0001693475549
-3.60767654e-08
0.0001183047859
8.736839645e-05
-0.0001356394598
8.717184701e-05
-0.0001356768864
0.0001694250272
0.000186938809
-0.00012415504
2.671036878e-07
0.0001269575134
-0.0001044274659
-0.0001459369849
0.0001232027186
-3.873436614e-07
-0.0001874753572
0.0002055125806
-8.938893148e-08
0.0001242467815
-0.0001415585102
0.0002046900288
-0.0001414979024
0.0001532417834
-1.184925782e-05
5.047251317e-08
-0.0001575228126
2.480588151e-09
-1.424946041e-07
-0.0001532833696
-1.053984164e-07
1.161442306e-05
-0.0001576593224
-3.919534115e-05
-0.0001552553336
-1.680579507e-10
2.003218952e-09
-0.0001575134356
1.849647308e-09
-0.0001575863909
0.0001444095162
-7.344082755e-05
1.897156e-09
-3.573106217e-08
-5.086920169e-05
-5.096411292e-05
1.001133357e-09
3.233762253e-08
0.0001502729797
-8.723612377e-05
0.0001502962166
-8.738056794e-05
2.63919549e-09
2.400851413e-08
-5.555039176e-05
9.907087813e-10
-5.534792509e-05
9.978301343e-09
0.0001516368181
0.0001028472354
0.0001501280394
3.654454197e-09
-0.0001194327566
0.0001516210035
4.109989931e-09
-6.152160126e-05
6.920949547e-08
1.935309381e-10
-1.604147438e-07
6.122829837e-05
-6.852487229e-05
-5.544957235e-10
-6.906686539e-05
-0.0001409708526
1.442091559e-05
-2.561689419e-09
-2.194725259e-05
-0.0001478743784
-2.204042711e-05
-0.0001478335244
0.0001488775363
1.949826064e-08
-1.607899224e-05
-0.0001548562179
-3.898606132e-08
-0.0001488708608
2.784594477e-05
2.75843763e-05
-1.597071512e-05
-0.0001548278908
0.0001532384421
-1.184851555e-05
5.297142307e-08
-0.0001575194081
-3.918281694e-05
-0.0001552388023
4.812421414e-05
-1.441073168e-07
-0.000153271566
-1.131651719e-07
1.160761571e-05
-0.0001576399608
-9.090467602e-06
-0.000157508971
-9.689656888e-06
-0.0001575816891
0.0001444058965
-7.343458688e-05
-2.465514358e-08
-5.087348046e-05
-5.095683466e-05
1.107904978e-08
0.0001503076098
-8.723869267e-05
0.000150292154
-8.738156406e-05
2.583674316e-08
-5.55457456e-05
-5.536792411e-05
0.0001028577114
0.0001501267495
-0.0001194512269
-2.567174632e-08
0.0001516483409
0.0001516146426
-6.152221691e-05
7.189049882e-08
-1.630870207e-07
6.122938845e-05
-6.85293192e-05
-6.906808452e-05
0.0001462411284
-0.0001366196539
4.199365128e-09
7.808068225e-05
-0.000139894624
6.923142316e-07
-9.096183074e-05
6.772301075e-10
-4.034205555e-07
-7.708056447e-05
-8.122382508e-07
0.0001394276384
-0.0001516828343
4.063479471e-10
-0.0001544192217
5.672903578e-10
-8.923604108e-05
-0.0001030303045
-0.0001289176269
1.345784763e-06
3.256856156e-09
-1.087859691e-06
9.933200464e-05
-1.931088314e-06
0.0001289780721
-0.0001172792725
0.000115850411
0.0001666604825
2.68160985e-10
-0.0001145301393
5.189510012e-09
2.976930587e-10
-0.0001186077618
0.0001449555526
7.397004478e-06
-1.644486524e-07
-0.0001520828176
5.13819684e-05
-0.0001521508985
0.0001480121355
-1.026183616e-06
-0.0001446588332
0.0001520183035
-4.110322127e-07
-5.564474985e-06
-0.0001552146059
0.0001506415321
-0.0001548511385
-0.0001522733538
0.0001462394304
-0.0001366455483
-0.0001293448113
7.808637949e-05
-0.0001398982137
6.929369935e-07
-9.096326407e-05
-4.069918246e-07
-7.709964791e-05
-8.122076834e-07
0.0001394351149
-0.0001517101757
-0.0001224389209
-0.0001544120767
-0.0001229433314
-8.924496142e-05
-0.0001030259991
-0.0001289221196
1.344999603e-06
0.0001158490108
0.000166646662
-0.0001145277479
-1.088689893e-06
9.932269859e-05
-1.916548342e-06
0.0001290049961
-0.0001173499726
-0.000118603788
9.167959731e-05
-0.0002903238703
2.977932985e-06
-6.387354673e-05
-4.88738169e-10
-2.806612075e-06
-9.023372778e-05
-7.649182765e-07
0.0002791757036
-5.812893144e-05
0.0002480373678
-8.424710249e-05
2.640660875e-09
1.230706755e-09
-6.090662566e-05
-3.553847529e-10
-6.273450635e-05
-6.176370384e-07
-0.0002485486557
3.643730615e-05
-0.0002668311373
1.297867357e-10
-0.0002507479299
5.484161489e-11
-3.471087484e-05
1.684147844e-06
-0.0002849816733
1.194101577e-09
-1.813273597e-06
3.445615565e-05
-0.0002970020314
-0.0003033279826
3.355840919e-10
-0.0002791874336
-0.000320280358
-3.20994499e-05
3.52377059e-06
8.194684827e-10
-1.187328272e-06
0.0003068581049
-3.710491669e-06
3.154007772e-05
2.835173786e-05
0.0003391012037
4.09833862e-10
2.061395346e-09
3.981285285e-10
-0.0001027821355
-0.0001915436705
-5.328618668e-07
-0.0002258818489
-6.947003956e-05
-0.0002278363523
-6.953736251e-05
9.748666069e-05
1.445612665e-06
-0.0002595398092
-6.722898428e-05
-1.304715291e-06
-9.699178673e-05
-0.0002139550128
-0.0002183062206
-0.0002546387818
-6.678924059e-05
9.167879623e-05
-0.0002903204391
2.978952747e-06
-6.387760718e-05
0.0002480508718
-8.423735949e-05
-2.820895278e-06
-9.0248952e-05
-7.634460609e-07
0.000279172073
-5.815659446e-05
-6.092309556e-05
-6.273671153e-05
3.644582994e-05
-0.0002668264253
-6.220139012e-07
-0.0002485696654
-0.0002507686498
-3.471010229e-05
1.695036283e-06
-0.0002849813703
-1.815271407e-06
3.446823206e-05
-0.0002969971658
-0.000303324741
-0.0002791956405
-0.0003202856933
-3.210100073e-05
3.528518541e-06
2.832605884e-05
0.0003391004613
-1.201706261e-06
0.0003068550699
-3.71186637e-06
3.154877176e-05
-1.050231705e-07
0.0001813926407
0.0001801033197
-2.170855374e-09
6.151432326e-07
-6.361952938e-09
-1.207307047e-07
0.0001813847106
0.0001800990133
6.240219812e-07
-5.626368598e-07
0.0002223216288
-2.065745821e-07
0.000120600454
0.0001263765881
0.0001441317322
2.023337486e-09
0.0002205406185
-1.834492685e-09
0.0001192513737
-3.42502892e-09
8.671821409e-07
-5.74454562e-09
0.0001263748954
0.0001441396834
-5.88334181e-07
0.0002222935027
-2.312472468e-07
0.0001205673037
0.0002205305222
0.0001192598191
8.820559004e-07
4.811577703e-07
7.038782415e-08
-3.020706185e-06
5.319060267e-11
1.234326638e-07
5.441754561e-08
-1.446965555e-06
2.489822199e-11
4.341366442e-08
-3.989500828e-07
1.11984124e-11
2.938114571e-07
-3.017839545e-06
3.887938122e-08
-1.446461385e-06
-3.989475085e-07
9.392476781e-07
-1.685449986e-06
8.417423266e-08
1.432591134e-11
2.304151616e-07
-8.024338989e-07
6.429637514e-08
6.172312706e-12
-2.178138804e-07
4.927509565e-08
2.7723016e-12
8.984413556e-07
-8.910653745e-08
1.682535283e-06
1.655545277e-07
-6.851799356e-08
8.009619155e-07
-5.21016231e-08
2.175336254e-07
1.14140621e-06
-5.57858317e-12
2.700326e-07
-3.428391219e-12
-1.590000504e-12
7.133442387e-07
1.321356706e-07
4.811835025e-07
7.038142164e-08
-3.020971048e-06
1.234301392e-07
5.441022512e-08
-1.447102827e-06
4.340830688e-08
-3.989898045e-07
2.941145203e-07
-3.018566165e-06
3.895628178e-08
-1.446848159e-06
-3.990627799e-07
9.392687202e-07
-1.685563263e-06
8.409547504e-08
2.304086193e-07
-8.024902688e-07
6.425010696e-08
-2.178295318e-07
4.925092892e-08
8.987867732e-07
-8.897615047e-08
1.682859482e-06
1.656476853e-07
-6.84477811e-08
8.011269331e-07
-5.20671021e-08
2.175824004e-07
1.141397896e-06
2.700176864e-07
7.137032179e-07
1.322260721e-07
)
;

boundaryField
{
    inlet
    {
        type            calculated;
        value           nonuniform 0();
    }
    outlet
    {
        type            calculated;
        value           nonuniform List<scalar> 
25
(
0.01996657601
0.02002233163
0.0200185392
0.02000229991
0.02000214761
0.02000196166
0.02000174504
0.02000150094
0.02000123306
0.02000094535
0.02000064223
0.02000032848
0.02000000915
0.01999968932
0.01999937406
0.01999906834
0.01999877703
0.01999850482
0.0199982561
0.01999803491
0.0199978448
0.01999768886
0.01999756954
0.01999748875
0.01999744773
)
;
    }
    topAndBottom
    {
        type            symmetry;
        value           uniform 0;
    }
    frontAndBack
    {
        type            empty;
        value           nonuniform 0();
    }
    cylinder
    {
        type            calculated;
        value           uniform 0;
    }
    procBoundary1to0
    {
        type            processor;
        value           nonuniform List<scalar> 
116
(
-0.0215139428
-0.02152714544
-0.02155354683
-0.0215934847
-0.02164741794
-0.0217159724
-0.02179995795
-0.02190045241
-0.02201883476
-0.02215674266
-0.02231627662
-0.02250017574
-0.02271185127
-0.0229558373
-0.02323788961
-0.02356754988
-0.02395702811
-0.02443987915
-0.02495476788
-0.0008399329591
-0.006419890564
-0.006484398456
-0.006418259327
-0.006483589238
-0.000840094974
-0.006536069274
0.0001968367785
0.0001988350116
-0.0004156148045
-0.0004156590356
8.725913685e-05
3.075260244e-05
8.713495487e-05
2.686875675e-05
3.044459394e-05
2.695206167e-05
1.666210074e-07
9.021875326e-07
3.907690394e-05
3.829110437e-05
-4.845900744e-07
-2.104871508e-07
8.726999792e-05
3.075767313e-05
8.722204357e-05
2.698270995e-05
3.046100113e-05
2.698375535e-05
3.909131702e-05
3.833141008e-05
-4.846761953e-07
-2.104452273e-07
1.667618752e-07
9.023151382e-07
-0.0006823148307
-0.001422282574
-0.0006822697175
-0.0004157162253
-3.687586601e-05
-0.0002135504455
-3.687590314e-05
-0.0002135391134
-5.026767124e-06
-5.052277428e-06
-8.165652686e-05
-8.162914807e-05
-0.0004157859632
-3.688025644e-05
-0.0002135522211
-3.689178177e-05
-0.0002135407584
-5.055486212e-06
-5.06818013e-06
-8.165741299e-05
-8.160656546e-05
-0.001549195827
-0.006535994305
0.000196902172
0.0001989290465
-0.001549207177
0.0001444928982
-0.001235583057
0.0001446483002
-0.001391146716
-0.0001760661489
-0.001235716393
-0.001390771646
-2.46425327e-10
-0.000175341466
-0.0006820553613
-0.0009848116381
-0.0009841308721
-0.001235599022
-0.001421934926
-0.001235744585
-0.0006820244203
-0.0009847890221
-0.0009840789639
-0.001605439062
-0.001548121785
-0.001604533177
-0.001548115572
-0.001605459647
-0.001604579387
3.667973489e-06
1.755807333e-06
4.812398948e-07
3.669135637e-06
1.756414582e-06
4.814276633e-07
3.65791456e-06
1.750251953e-06
4.789549271e-07
3.658328694e-06
1.75047129e-06
4.790221913e-07
)
;
    }
    procBoundary1to3
    {
        type            processor;
        value           nonuniform List<scalar> 
125
(
-1.402596882e-06
-1.466606588e-06
-1.203778928e-06
-6.925955965e-07
3.934202936e-08
7.354658463e-07
1.366872601e-06
1.777861169e-06
1.918482792e-06
1.786065834e-06
1.47610646e-06
1.056091233e-06
6.070145878e-07
1.822291098e-07
-1.538221789e-07
-3.762669289e-07
-5.14054366e-07
-5.693131127e-07
-5.608089198e-07
-5.137811392e-07
-4.467849824e-07
-3.753572884e-07
-3.057807387e-07
-2.388750435e-07
-1.769445149e-07
-1.217022439e-07
-7.38729408e-08
-3.438405058e-08
-4.688093763e-09
1.882459171e-08
3.196016274e-08
3.74018198e-08
3.596997547e-08
3.212792722e-08
2.601858286e-08
2.068434123e-08
1.691796231e-08
1.38499152e-08
1.125154105e-08
8.970795404e-09
6.903004726e-09
5.08160137e-09
3.653418145e-09
2.772668588e-09
2.50014206e-09
2.76406164e-09
3.386837842e-09
4.148824427e-09
4.853076094e-09
5.366656923e-09
5.631097848e-09
5.649959536e-09
5.465537268e-09
5.141378723e-09
4.742701115e-09
4.32820688e-09
3.913597676e-09
3.549456254e-09
3.245875962e-09
2.992633325e-09
2.782960928e-09
2.607890072e-09
2.457668495e-09
2.326006022e-09
2.210311557e-09
2.110309283e-09
2.025057576e-09
1.961004924e-09
1.876296109e-09
5.147810185e-09
-1.741747672e-08
-2.331955971e-07
9.883322059e-09
1.249602447e-08
-9.332273878e-09
1.159022763e-08
-3.771379367e-10
9.862909681e-09
1.046605695e-08
1.01789389e-08
1.085919708e-08
1.101143756e-08
1.033756445e-08
-4.367602052e-08
-1.264936743e-08
-4.336943899e-08
5.445604983e-09
1.545990512e-09
2.004278773e-09
-1.010385485e-09
-9.164287446e-09
-3.653922851e-10
7.964259563e-09
1.272254938e-08
6.461388207e-09
-5.652930953e-09
1.189928257e-08
4.813183176e-09
-2.885753566e-07
-2.334321978e-07
-2.887878206e-07
-1.757247329e-08
-2.716421373e-08
-2.763979997e-08
-3.59009363e-08
-4.769351446e-08
-3.713474632e-08
-1.564588362e-08
-2.492723492e-08
-2.672176924e-08
-4.758794634e-08
-3.494407538e-08
-3.675180969e-08
9.096750761e-10
4.469446408e-10
1.258970653e-10
8.795173417e-10
4.29192453e-10
1.197227597e-10
9.46884425e-10
4.668706509e-10
1.324803926e-10
8.935410484e-10
4.369672178e-10
1.223036618e-10
)
;
    }
}


// ************************************************************************* //
