/*--------------------------------*- C++ -*----------------------------------*\
| =========                 |                                                 |
| \\      /  F ield         | OpenFOAM: The Open Source CFD Toolbox           |
|  \\    /   O peration     | Version:                                        |
|   \\  /    A nd           | Website:  www.openfoam.com                      |
|    \\/     M anipulation  |                                                 |
\*---------------------------------------------------------------------------*/
FoamFile
{
    version     2.0;
    format      ascii;
    class       volScalarField;
    location    "1.5";
    object      p;
}
// * * * * * * * * * * * * * * * * * * * * * * * * * * * * * * * * * * * * * //

dimensions      [0 2 -2 0 0 0 0];


internalField   nonuniform List<scalar> 
2429
(
0.002331496634
0.0003917158485
-0.001249669759
-0.002599217725
-0.003671343731
-0.004487154178
-0.005072420394
-0.005455555446
-0.005665921783
-0.005732462516
-0.005682607323
-0.005541516107
-0.005331493132
-0.00507169432
-0.00477834598
-0.004465099711
-0.004142991394
-0.003820703883
-0.003504839649
-0.003200226035
-0.002910237794
-0.002637080685
-0.002382037981
-0.002145675105
-0.00192800516
-0.001728629083
-0.001546856631
-0.001381800914
-0.001232446642
-0.001097706296
-0.0009764701906
-0.0008676420681
-0.0007701564838
-0.0006829884605
-0.0006051661311
-0.0005357833113
-0.000474003945
-0.0004190589615
-0.0003702419688
-0.000326907465
-0.0002884698654
-0.0002544020472
-0.0002242258468
-0.0001975366428
-0.0001739351915
-0.0001530604404
-0.0001346100451
-0.0001183126293
-0.0001039240981
-9.122723321e-05
-8.002894204e-05
-7.015628887e-05
-6.145495492e-05
-5.378836695e-05
-4.703539904e-05
-4.108803704e-05
-3.585079957e-05
-3.12389107e-05
-2.717773338e-05
-2.360087123e-05
-2.044862547e-05
-1.766684095e-05
-1.520650706e-05
-1.302322477e-05
-1.107672803e-05
-9.329950174e-06
-7.749957925e-06
-6.306753079e-06
-4.975668484e-06
-3.727018135e-06
-2.566980045e-06
-1.383217149e-06
-6.778331597e-07
0.002041327454
9.784989709e-05
-0.001538401996
-0.002875122526
-0.003928243819
-0.004720568309
-0.005279531261
-0.005635069136
-0.005817863176
-0.005857915745
-0.005783426744
-0.005619986821
-0.005390094437
-0.00511335065
-0.00480582238
-0.004480935166
-0.004149540692
-0.003820024855
-0.003498667667
-0.003190017108
-0.002897207291
-0.002622226892
-0.002366157303
-0.00212938123
-0.001911759082
-0.001712771488
-0.001531631168
-0.00136737035
-0.001218910115
-0.001085117229
-0.0009648484064
-0.0008569795272
-0.0007604227451
-0.0006741391669
-0.0005971508136
-0.0005285486162
-0.0004674936809
-0.0004132148453
-0.0003650060875
-0.0003222246396
-0.0002842888098
-0.0002506751988
-0.0002209099959
-0.0001945917056
-0.0001713123966
-0.0001507256573
-0.0001325351486
-0.0001164702953
-0.0001022891764
-8.977766093e-05
-7.87453734e-05
-6.902030409e-05
-6.044990028e-05
-5.289962614e-05
-4.625006718e-05
-4.039436477e-05
-3.523886082e-05
-3.069946343e-05
-2.670341002e-05
-2.318517245e-05
-2.00855178e-05
-1.73508929e-05
-1.49329953e-05
-1.278789182e-05
-1.087565319e-05
-9.159334741e-06
-7.606965468e-06
-6.189190616e-06
-4.881767731e-06
-3.655566066e-06
-2.517253587e-06
-1.354955249e-06
-6.669687121e-07
0.001451874642
-0.000497531783
-0.002122122447
-0.003431829543
-0.004445560754
-0.005189529536
-0.005694594108
-0.005993824022
-0.006120583612
-0.006106988072
-0.005982765993
-0.005774402573
-0.005505161646
-0.005194749111
-0.004858926965
-0.004510842991
-0.004160939667
-0.00381702544
-0.003484782234
-0.003168203934
-0.002869906032
-0.002591404004
-0.002333370971
-0.002095846739
-0.001878400227
-0.001680264278
-0.001500450345
-0.001337835692
-0.001191222572
-0.001059383059
-0.000941098396
-0.0008351888968
-0.0007405296835
-0.000656057838
-0.0005807790796
-0.0005137734358
-0.0004541960435
-0.0004012751998
-0.0003543081476
-0.0003126569174
-0.0002757461615
-0.0002430599266
-0.0002141316781
-0.0001885624856
-0.0001659486011
-0.0001459592873
-0.0001283052618
-0.0001127188673
-9.896354029e-05
-8.683149294e-05
-7.613849044e-05
-6.671356122e-05
-5.841010128e-05
-5.109799969e-05
-4.466015093e-05
-3.899184246e-05
-3.400311886e-05
-2.961021239e-05
-2.574576344e-05
-2.234657612e-05
-1.935325765e-05
-1.671302055e-05
-1.437928568e-05
-1.230947632e-05
-1.046454838e-05
-8.808330273e-06
-7.311610624e-06
-5.946064254e-06
-4.687766589e-06
-3.508477693e-06
-2.414805158e-06
-1.298306858e-06
-6.416828202e-07
0.0005454014095
-0.001411708571
-0.003016400097
-0.004282296102
-0.0052331763
-0.005900747858
-0.006321331484
-0.006532942196
-0.006573104613
-0.006477012487
-0.006276695647
-0.00600037346
-0.005672058179
-0.005311000085
-0.004932955398
-0.004550605814
-0.004173521506
-0.003808584759
-0.003460575088
-0.003132625818
-0.002826565116
-0.002543211709
-0.00228262641
-0.002044317481
-0.001827408647
-0.001630773612
-0.001453138762
-0.001293153719
-0.001149438762
-0.001020624342
-0.0009053865147
-0.0008024707708
-0.0007107001604
-0.000628975595
-0.0005562794336
-0.0004916786939
-0.000434322976
-0.0003834430958
-0.0003383407989
-0.000298382849
-0.0002630042708
-0.0002317049961
-0.0002040277294
-0.0001795776595
-0.0001579594756
-0.0001388651612
-0.000122009133
-0.0001071350223
-9.401703213e-05
-8.245299099e-05
-7.226573599e-05
-6.328114149e-05
-5.537142732e-05
-4.841579077e-05
-4.229584252e-05
-3.690782314e-05
-3.216582926e-05
-2.798584299e-05
-2.431482501e-05
-2.109226276e-05
-1.825702254e-05
-1.575761681e-05
-1.355007697e-05
-1.159361852e-05
-9.850140061e-06
-8.284990109e-06
-6.873154551e-06
-5.586577041e-06
-4.401872729e-06
-3.292441314e-06
-2.264805022e-06
-1.215744784e-06
-6.041481871e-07
-0.0007091292069
-0.002673577726
-0.004246451426
-0.005446963981
-0.006306184273
-0.006863932165
-0.007164484712
-0.007252929302
-0.007172460362
-0.006962177631
-0.006658164108
-0.006290332221
-0.005882313053
-0.005453739937
-0.005020196321
-0.004593251048
-0.004181109087
-0.003789362101
-0.003421544976
-0.003079592583
-0.002764235688
-0.002475330868
-0.002212115299
-0.001973406821
-0.001757760031
-0.001563582716
-0.001389223357
-0.001233031831
-0.00109339846
-0.000968782247
-0.0008577325515
-0.0007589028253
-0.0006710510416
-0.0005930335705
-0.0005238086659
-0.000462430494
-0.0004080412666
-0.0003598818101
-0.0003172613083
-0.0002795523375
-0.0002462045074
-0.0002167436285
-0.0001907146941
-0.0001677379436
-0.0001474414279
-0.0001295379013
-0.0001137196741
-9.977316361e-05
-8.749862514e-05
-7.668958424e-05
-6.716762821e-05
-5.874743333e-05
-5.135138375e-05
-4.486692899e-05
-3.916664689e-05
-3.414851424e-05
-2.97314628e-05
-2.583689022e-05
-2.243009367e-05
-1.944561296e-05
-1.682051406e-05
-1.450700471e-05
-1.246499758e-05
-1.065684483e-05
-9.047426097e-06
-7.605104724e-06
-6.30415994e-06
-5.119420745e-06
-4.030108864e-06
-3.011602649e-06
-2.069842607e-06
-1.108299678e-06
-5.5497225e-07
-0.002354250142
-0.004322882717
-0.005846764766
-0.006953421548
-0.00768452869
-0.0080914575
-0.008229585307
-0.008153565107
-0.0079135043
-0.007554662789
-0.007118100392
-0.00663315868
-0.006124571928
-0.005612382814
-0.005110964891
-0.004630055316
-0.004176063366
-0.00375284308
-0.00336224035
-0.003004613427
-0.002679286891
-0.002384899061
-0.002119653046
-0.00188150717
-0.001668312463
-0.001477909379
-0.001308198208
-0.001157181397
-0.001022985891
-0.0009038741326
-0.0007982489368
-0.0007046623314
-0.0006218015076
-0.0005484723942
-0.0004836188796
-0.0004262858151
-0.0003756049412
-0.0003308404211
-0.0002912964663
-0.0002563717792
-0.0002255486232
-0.000198379116
-0.0001743581596
-0.0001531703049
-0.0001345088716
-0.0001180766993
-0.0001034974554
-9.068212651e-05
-7.945249125e-05
-6.957203907e-05
-6.085579199e-05
-5.313675236e-05
-4.639747713e-05
-4.05074668e-05
-3.533003611e-05
-3.07729996e-05
-2.676759874e-05
-2.324719925e-05
-2.016314624e-05
-1.745904531e-05
-1.508286156e-05
-1.299193184e-05
-1.114901132e-05
-9.519425018e-06
-8.071256481e-06
-6.776138745e-06
-5.609411864e-06
-4.548948899e-06
-3.576420438e-06
-2.669211951e-06
-1.832385475e-06
-9.775363948e-07
-4.952851071e-07
-0.00444938636
-0.0064145656
-0.007864401504
-0.008838650467
-0.009394197282
-0.009598528492
-0.00952215545
-0.009232423005
-0.008788493152
-0.0082444668
-0.007642167032
-0.007013116637
-0.006383664753
-0.005772699316
-0.005192161234
-0.004649347238
-0.004148311389
-0.003690554311
-0.003275690096
-0.002902074462
-0.002567291354
-0.002268495883
-0.002002653464
-0.001766710741
-0.001557703996
-0.001372830543
-0.001209491742
-0.001065305061
-0.0009381124087
-0.0008259637015
-0.0007270997651
-0.0006399818635
-0.0005632317434
-0.0004955997056
-0.000436035386
-0.0003835572531
-0.0003373165126
-0.0002966356008
-0.0002607096295
-0.000229051301
-0.0002012278759
-0.0001767747835
-0.0001550337147
-0.0001359448089
-0.0001192226085
-0.0001044930122
-9.138236348e-05
-7.995071273e-05
-6.998195117e-05
-6.121761185e-05
-5.349328938e-05
-4.668314654e-05
-4.072055904e-05
-3.549779283e-05
-3.090935625e-05
-2.687691489e-05
-2.333851451e-05
-2.023700433e-05
-1.752021675e-05
-1.514065084e-05
-1.305491696e-05
-1.122435221e-05
-9.614387038e-06
-8.193649188e-06
-6.93389511e-06
-5.810198589e-06
-4.800745469e-06
-3.886094541e-06
-3.05005819e-06
-2.272376906e-06
-1.557311831e-06
-8.261518947e-07
-4.260059032e-07
-0.007074311606
-0.009021425506
-0.01036057648
-0.01114947365
-0.01146671225
-0.01140191509
-0.0110463931
-0.01048377651
-0.009785611046
-0.009013479194
-0.008209766437
-0.007409879953
-0.006640158741
-0.005916461874
-0.005247350708
-0.004636880351
-0.004085839647
-0.003592573687
-0.003153859517
-0.002765596903
-0.002423285242
-0.00212234204
-0.001858315091
-0.001627012791
-0.00142456862
-0.001247487566
-0.001092638341
-0.0009572224196
-0.0008388066505
-0.0007352336915
-0.0006445717922
-0.00056522376
-0.0004957246651
-0.0004348166702
-0.0003815122339
-0.0003346388267
-0.0002935088003
-0.0002575640548
-0.00022568702
-0.0001977505667
-0.0001733763131
-0.0001519544424
-0.0001328367795
-0.0001162272074
-0.0001018014619
-8.912524872e-05
-7.790328117e-05
-6.807308163e-05
-5.947326957e-05
-5.191841063e-05
-4.52731106e-05
-3.943455486e-05
-3.431773222e-05
-2.983987766e-05
-2.591752697e-05
-2.248074766e-05
-1.947234331e-05
-1.684152345e-05
-1.454166482e-05
-1.253177206e-05
-1.077478529e-05
-9.237023529e-06
-7.888306932e-06
-6.701776232e-06
-5.653603446e-06
-4.722718846e-06
-3.890554674e-06
-3.14033445e-06
-2.458029165e-06
-1.826071191e-06
-1.247936483e-06
-6.558793383e-07
-3.480427464e-07
-0.01033655454
-0.01224018895
-0.01341487434
-0.01394476654
-0.01393906487
-0.01351774863
-0.01280213402
-0.01189693926
-0.01088675587
-0.00983535545
-0.008793144687
-0.007797040111
-0.006869468015
-0.006021536567
-0.005257312571
-0.004576366652
-0.003975089931
-0.003447834146
-0.002987911758
-0.00258827878
-0.002241999448
-0.001942521044
-0.001683826291
-0.00146048417
-0.001267655447
-0.001101155223
-0.0009573180536
-0.0008329068306
-0.0007252636902
-0.0006319986356
-0.000551076481
-0.0004809359349
-0.0004197772173
-0.0003665522742
-0.0003204562379
-0.0002797825641
-0.0002443389668
-0.0002136047853
-0.0001863203404
-0.0001627244932
-0.0001423321406
-0.0001244888555
-0.000108712845
-9.494225277e-05
-8.293805447e-05
-7.240572934e-05
-6.313700295e-05
-5.500608388e-05
-4.789415042e-05
-4.167171313e-05
-3.622258379e-05
-3.145125674e-05
-2.727759693e-05
-2.363215308e-05
-2.044823465e-05
-1.766619582e-05
-1.523751836e-05
-1.312013292e-05
-1.127582034e-05
-9.67035758e-06
-8.272891686e-06
-7.055539276e-06
-5.993421847e-06
-5.06454553e-06
-4.249483585e-06
-3.531035528e-06
-2.893984666e-06
-2.324468988e-06
-1.810827911e-06
-1.338478591e-06
-9.101122127e-07
-4.700817755e-07
-2.628941541e-07
-0.01437888766
-0.01619736046
-0.0171285969
-0.01729567774
-0.01685073616
-0.01596127143
-0.01478918753
-0.01345586526
-0.0120589999
-0.01067502037
-0.009358454605
-0.008141830103
-0.007040915822
-0.006060550201
-0.005198521084
-0.004448176304
-0.00380014064
-0.003243756184
-0.002768124442
-0.002362764342
-0.002018009807
-0.001725159274
-0.001476548672
-0.001265450194
-0.001086006489
-0.0009334173024
-0.0008034525263
-0.0006925523462
-0.0005979879916
-0.0005167686708
-0.0004470931589
-0.000387623809
-0.0003357102013
-0.0002910137232
-0.0002527950887
-0.0002191042231
-0.0001903045576
-0.0001657103145
-0.0001441796892
-0.0001254808985
-0.0001092789069
-9.51521259e-05
-8.278586058e-05
-7.197696905e-05
-6.256183887e-05
-5.435179954e-05
-4.717790208e-05
-4.090880967e-05
-3.54407986e-05
-3.067381449e-05
-2.651477151e-05
-2.288615947e-05
-1.972288162e-05
-1.696792155e-05
-1.457345615e-05
-1.249357698e-05
-1.068829676e-05
-9.123957235e-06
-7.770444013e-06
-6.600485792e-06
-5.589788649e-06
-4.716829836e-06
-3.962603589e-06
-3.310404572e-06
-2.745556415e-06
-2.255055456e-06
-1.827275108e-06
-1.451457931e-06
-1.11845019e-06
-8.168854288e-07
-5.486896479e-07
-2.712719223e-07
-1.716974052e-07
-0.01939641359
-0.02106169126
-0.02163223601
-0.02128891564
-0.02024936342
-0.01875036727
-0.01698993584
-0.01512053063
-0.01325770912
-0.0114869695
-0.009860009582
-0.008400881262
-0.007116071193
-0.006001102832
-0.005044506308
-0.004231145769
-0.003544392873
-0.00296757922
-0.002484901472
-0.002082029544
-0.001746346697
-0.001466874449
-0.001234325374
-0.001040617064
-0.0008790477221
-0.0007444129107
-0.0006313515509
-0.000536556217
-0.0004575370441
-0.0003898788925
-0.0003328050845
-0.0002850343714
-0.0002435846417
-0.000208934118
-0.0001799489981
-0.0001549125266
-0.0001335096817
-0.0001152644772
-9.951887654e-05
-8.589207841e-05
-7.413832601e-05
-6.399381717e-05
-5.522150456e-05
-4.760470101e-05
-4.101003631e-05
-3.530026169e-05
-3.034498512e-05
-2.603988577e-05
-2.230487742e-05
-1.906936833e-05
-1.626836058e-05
-1.384550404e-05
-1.175222227e-05
-9.943237301e-06
-8.38647411e-06
-7.049101448e-06
-5.901959091e-06
-4.920611138e-06
-4.083542483e-06
-3.371470279e-06
-2.767474989e-06
-2.256838641e-06
-1.826747169e-06
-1.466048908e-06
-1.164965291e-06
-9.147261012e-07
-7.073178659e-07
-5.352006781e-07
-3.919142363e-07
-2.695778269e-07
-1.6941626e-07
-6.263962543e-08
-7.593446316e-08
-0.02565187742
-0.02705642199
-0.02709246514
-0.02602550183
-0.0241777395
-0.02187894368
-0.01936994375
-0.01683811844
-0.01442235144
-0.01220918861
-0.0102388439
-0.008521775329
-0.007050555476
-0.005806696497
-0.004765935626
-0.003902279402
-0.003190298322
-0.002606257455
-0.002128834517
-0.001739564166
-0.001422771736
-0.001165206038
-0.0009561117155
-0.0007854311512
-0.0006465518172
-0.000534360854
-0.0004410147747
-0.0003647960788
-0.00030321911
-0.000251180036
-0.0002090694023
-0.0001752123014
-0.0001468552666
-0.0001233412624
-0.0001038969644
-8.757120859e-05
-7.382460883e-05
-6.229124597e-05
-5.258306153e-05
-4.436747254e-05
-3.741652296e-05
-3.152878653e-05
-2.652535437e-05
-2.225132871e-05
-1.860326708e-05
-1.549604132e-05
-1.284723601e-05
-1.05877962e-05
-8.664103063e-06
-7.031275314e-06
-5.648798073e-06
-4.481028129e-06
-3.498804805e-06
-2.67120653e-06
-1.983766938e-06
-1.41599614e-06
-9.504430098e-07
-5.726835001e-07
-2.702903337e-07
-3.237137764e-08
1.503494142e-07
2.855963532e-07
3.798063529e-07
4.384455905e-07
4.663484126e-07
4.680155276e-07
4.477407244e-07
4.096655556e-07
3.57356215e-07
2.949823057e-07
2.219494596e-07
1.527220677e-07
2.29807218e-08
-0.03350867833
-0.03447885321
-0.03371907112
-0.03163001781
-0.02869065238
-0.02532650571
-0.02186092008
-0.01852385936
-0.01546501741
-0.01275669268
-0.01041828737
-0.008439397876
-0.006791299467
-0.005435372365
-0.004330567071
-0.003437588179
-0.002720643886
-0.002147687076
-0.001691639615
-0.001329991753
-0.00104410208
-0.0008186951023
-0.0006417677139
-0.0004999819054
-0.0003886962954
-0.0003024053855
-0.000232662666
-0.0001791287257
-0.0001386829301
-0.0001060040365
-8.050806126e-05
-6.11342861e-05
-4.600139115e-05
-3.403406974e-05
-2.469989209e-05
-1.74733035e-05
-1.186749729e-05
-7.541258629e-06
-4.21656936e-06
-1.657990661e-06
3.022084755e-07
1.788921506e-06
2.910734768e-06
3.744611433e-06
4.346685655e-06
4.762087636e-06
5.031517199e-06
5.187329311e-06
5.252668523e-06
5.244886067e-06
5.178553076e-06
5.065908795e-06
4.917212449e-06
4.737424784e-06
4.536215851e-06
4.318469442e-06
4.088809531e-06
3.851233954e-06
3.608811229e-06
3.36371008e-06
3.117238818e-06
2.869927655e-06
2.621774743e-06
2.372591353e-06
2.12230864e-06
1.871146662e-06
1.619600536e-06
1.368278391e-06
1.11768851e-06
8.680992601e-07
6.194448423e-07
3.715655813e-07
1.235399506e-07
-0.04348506419
-0.04374452987
-0.04178840563
-0.03824377882
-0.03381110151
-0.02904273378
-0.02436558303
-0.02006213386
-0.01626912808
-0.01302157713
-0.01030524344
-0.008077984634
-0.00627927147
-0.004842802857
-0.0037059871
-0.002814088968
-0.002119811161
-0.001581563748
-0.001167134446
-0.0008502284006
-0.0006092488346
-0.0004266960744
-0.0002891368742
-0.0001834089317
-0.0001074651133
-5.33156998e-05
-1.347339624e-05
1.401295431e-05
3.185637043e-05
4.498624907e-05
5.319732838e-05
5.70559311e-05
5.828209621e-05
5.795179289e-05
5.645569966e-05
5.410138165e-05
5.12297623e-05
4.809578702e-05
4.486239776e-05
4.163760905e-05
3.849210484e-05
3.547210835e-05
3.262433838e-05
2.99515173e-05
2.745833531e-05
2.514609761e-05
2.301070633e-05
2.104387125e-05
1.923493503e-05
1.757243316e-05
1.604517206e-05
1.464223133e-05
1.335309858e-05
1.216329301e-05
1.106952944e-05
1.006310946e-05
9.136050378e-06
8.281515959e-06
7.492877119e-06
6.763389991e-06
6.086323523e-06
5.455065739e-06
4.863314291e-06
4.305368667e-06
3.776350446e-06
3.272221615e-06
2.789627627e-06
2.325529519e-06
1.877224803e-06
1.440926034e-06
1.016981979e-06
5.905598559e-07
2.241984175e-07
-0.05625943459
-0.05536377932
-0.05162423854
-0.04601737456
-0.03950459097
-0.03287822266
-0.02669997052
-0.02127015602
-0.0166665504
-0.01285967521
-0.009784392513
-0.007349789914
-0.005450038918
-0.003983219861
-0.002860387786
-0.002010561672
-0.001373823105
-0.000898870149
-0.0005503609809
-0.0002983649185
-0.0001186892333
8.076841633e-06
9.485604846e-05
0.0001525905361
0.000186607206
0.0002065275937
0.000215153611
0.0002148795981
0.0002089266503
0.0002011679015
0.0001903953864
0.0001774825158
0.000164060907
0.0001509057078
0.000138188247
0.0001260110161
0.000114516606
0.0001038055943
9.39106921e-05
8.482353721e-05
7.651944565e-05
6.896529107e-05
6.213771697e-05
5.59591491e-05
5.037710379e-05
4.534431178e-05
4.081198825e-05
3.673212377e-05
3.305982201e-05
2.975377918e-05
2.677656739e-05
2.409449136e-05
2.167528701e-05
1.9487885e-05
1.751257803e-05
1.572750281e-05
1.411211634e-05
1.264867603e-05
1.132078543e-05
1.011289156e-05
9.010404118e-06
7.999767274e-06
7.068594977e-06
6.205880316e-06
5.402083762e-06
4.648977091e-06
3.939340636e-06
3.266404829e-06
2.62413322e-06
2.004584581e-06
1.408411913e-06
8.063160586e-07
3.233844551e-07
-0.07304226189
-0.07023038522
-0.06378893804
-0.05518756836
-0.04576147014
-0.03666586987
-0.02864085424
-0.02192506567
-0.01645682721
-0.01210350409
-0.008725865748
-0.006159273097
-0.004236324492
-0.002810366637
-0.001763005398
-0.00100950185
-0.0004768447205
-0.0001028939077
0.0001524437627
0.0003186871823
0.0004205081354
0.0004800612356
0.0005071134617
0.0005109430054
0.0004994495502
0.0004807845115
0.0004544085212
0.0004232315659
0.0003906153075
0.0003589233766
0.0003278696177
0.0002978383763
0.0002695730578
0.0002433946512
0.0002192843978
0.0001971628057
0.0001769741846
0.0001586520677
0.0001420947333
0.0001271750863
0.0001137631228
0.0001017357376
9.097671111e-05
8.134445618e-05
7.272683401e-05
6.502439174e-05
5.814319152e-05
5.199569584e-05
4.650256864e-05
4.159249237e-05
3.72014275e-05
3.327223334e-05
2.975231776e-05
2.659484353e-05
2.376338922e-05
2.122192894e-05
1.893791828e-05
1.688313229e-05
1.503147221e-05
1.335874992e-05
1.184279395e-05
1.046340803e-05
9.202437432e-06
8.043858365e-06
6.973689854e-06
5.979637468e-06
5.050644013e-06
4.176166361e-06
3.346753941e-06
2.550285018e-06
1.787620333e-06
1.015451796e-06
4.195326186e-07
-0.09480977952
-0.08905199635
-0.0786551509
-0.06570351224
-0.05223355981
-0.03995404485
-0.02975260216
-0.02165489262
-0.01534402281
-0.01053021402
-0.006971245948
-0.00439942208
-0.002572529286
-0.001292224184
-0.0004066107382
0.0001870136211
0.0005684697578
0.0008041204441
0.0009383420065
0.00099718617
0.001004939988
0.000983861257
0.0009410156342
0.000884398169
0.0008212968849
0.0007572378351
0.0006929420334
0.0006300560652
0.0005703561822
0.0005148306146
0.0004634706713
0.0004161563615
0.0003728993772
0.0003336354202
0.0002981517784
0.000266171143
0.0002374209491
0.0002116418353
0.0001885771324
0.0001679729233
0.0001495933138
0.0001332273648
0.000118656761
0.0001056839785
9.413748563e-05
8.386353887e-05
7.472240739e-05
6.658763764e-05
5.934602445e-05
5.289690536e-05
4.715017791e-05
4.202471516e-05
3.745091448e-05
3.336949216e-05
2.972202353e-05
2.64585045e-05
2.353661602e-05
2.091759924e-05
1.856594559e-05
1.644933223e-05
1.453843387e-05
1.280682053e-05
1.123096893e-05
9.79019817e-06
8.466363644e-06
7.243279589e-06
6.10612647e-06
5.040596948e-06
4.033803921e-06
3.069498796e-06
2.148668269e-06
1.214685636e-06
5.111275527e-07
-0.125279421
-0.1142989206
-0.09758565685
-0.07795553149
-0.05867951309
-0.04227779453
-0.02956450031
-0.0200488136
-0.01299885148
-0.007903007112
-0.004378120729
-0.002002278861
-0.0004274554298
0.0005874848075
0.001215656448
0.001577258461
0.001751292506
0.00180439037
0.001785430951
0.001714927642
0.001613331498
0.001498756664
0.001378596202
0.001257987206
0.001141145618
0.001030868654
0.0009279670831
0.000832772642
0.0007455534395
0.0006663045591
0.0005946538444
0.0005300387481
0.0004719395776
0.0004198781357
0.0003733473589
0.0003318219309
0.0002948048811
0.0002618465611
0.000232536587
0.0002064944689
0.0001833787424
0.0001628873669
0.0001447034098
0.0001285661093
0.0001142485839
0.0001015452896
9.027186374e-05
8.026435007e-05
7.137714331e-05
6.348098083e-05
5.646072776e-05
5.021526694e-05
4.465642828e-05
3.970650825e-05
3.529271448e-05
3.135322277e-05
2.783427006e-05
2.468704567e-05
2.186729691e-05
1.933503788e-05
1.705423901e-05
1.499271545e-05
1.312205624e-05
1.141735798e-05
9.85666069e-06
8.42012701e-06
7.089312614e-06
5.846222749e-06
4.674579992e-06
3.554140832e-06
2.485940168e-06
1.40093006e-06
5.967439091e-07
-0.1641888978
-0.1471816838
-0.1212466849
-0.09158130326
-0.06408017945
-0.04254076748
-0.0272130281
-0.01648914231
-0.009010603937
-0.003987268167
-0.0008206847629
0.001095279274
0.002221374358
0.002819192888
0.003072164262
0.003118644899
0.003030420838
0.002864959747
0.002664210759
0.002447091141
0.002226785861
0.002013496603
0.001812135643
0.001624801686
0.001452583138
0.00129583957
0.001154116625
0.001026479283
0.0009119459058
0.0008095441722
0.0007182323281
0.0006369219905
0.0005645962805
0.0005003464594
0.0004433363216
0.000392785378
0.0003479815964
0.0003082897284
0.0002731431323
0.0002420323498
0.0002145130195
0.0001901894883
0.0001686564309
0.0001495920281
0.0001327141198
0.0001177685075
0.0001045291283
9.279707374e-05
8.239597426e-05
7.316915628e-05
6.498103089e-05
5.770891408e-05
5.124757852e-05
4.550086987e-05
4.038511277e-05
3.582696345e-05
3.176157768e-05
2.813088642e-05
2.488265173e-05
2.196982578e-05
1.93502392e-05
1.698651875e-05
1.484591599e-05
1.289980728e-05
1.112283392e-05
9.491815484e-06
7.984891208e-06
6.580526655e-06
5.259161905e-06
3.996752746e-06
2.79429144e-06
1.571383715e-06
6.750858214e-07
-0.2216820511
-0.1924435312
-0.151647304
-0.1066160587
-0.06725292331
-0.03925192602
-0.02155646875
-0.01028559486
-0.002981180577
0.001427817888
0.003779466328
0.004878904893
0.005307895991
0.0053238922
0.005093517988
0.004746287263
0.004349998101
0.00394196958
0.003545224979
0.003171410081
0.002825973758
0.002511295148
0.002227445475
0.001972953472
0.001745777829
0.001543720497
0.001364467823
0.001205673032
0.00106514944
0.0009409283186
0.0008312075936
0.0007343253528
0.0006487861739
0.0005732739185
0.000506626602
0.0004478074442
0.0003958933275
0.0003500702864
0.0003096222836
0.0002739242099
0.0002424325688
0.000214637027
0.0001900846781
0.0001683887623
0.000149210815
0.0001322520617
0.0001172490596
0.0001039718261
9.221552746e-05
8.180104251e-05
7.256893309e-05
6.438165801e-05
5.711446593e-05
5.065777896e-05
4.491650023e-05
3.980678548e-05
3.525436834e-05
3.11930037e-05
2.756316872e-05
2.431134782e-05
2.138983005e-05
1.875666952e-05
1.637540245e-05
1.421427687e-05
1.224504699e-05
1.044158803e-05
8.778907838e-06
7.232143029e-06
5.778599733e-06
4.39066266e-06
3.069161747e-06
1.72359083e-06
7.450095952e-07
-0.2534278948
-0.1915952464
-0.1223401708
-0.06647115652
-0.03104928359
-0.01168302085
-0.0008454735038
0.005354127592
0.008321838584
0.009258673755
0.009167932184
0.008659533024
0.007954737353
0.007165342186
0.006382163913
0.005652020527
0.004986996507
0.004388630081
0.003856075913
0.003385618261
0.002971671452
0.002608313274
0.002289814819
0.002010832577
0.001766534826
0.001552607578
0.001365214114
0.001200986027
0.001056996911
0.0009306983747
0.0008198580644
0.00072252469
0.0006370044244
0.0005618281836
0.0004957149929
0.0004375448673
0.0003863409445
0.0003412514956
0.0003015476707
0.0002665908004
0.0002357761926
0.0002086006924
0.0001846199998
0.0001634464527
0.0001447423095
0.0001282101369
0.0001135962328
0.0001006679155
8.922783754e-05
7.909875929e-05
7.012240483e-05
6.216051504e-05
5.509244565e-05
4.881244259e-05
4.322759783e-05
3.825585896e-05
3.382394278e-05
2.98658669e-05
2.632234484e-05
2.314077533e-05
2.027531041e-05
1.768647725e-05
1.534009238e-05
1.320563905e-05
1.125453322e-05
9.458998689e-06
7.791087757e-06
6.225128197e-06
4.730167091e-06
3.306709767e-06
1.855515212e-06
8.055497677e-07
-0.3436107844
-0.2574534188
-0.1365583927
-0.05578350658
-0.01461056785
0.003648375296
0.01216828976
0.01588806055
0.01639502732
0.01526210727
0.01366196831
0.01206570905
0.01055457815
0.009160597803
0.007925619157
0.006858496445
0.005939553825
0.005147109226
0.004464897868
0.003878339015
0.003373538126
0.002938369234
0.002562653681
0.002237761554
0.001956347859
0.00171218943
0.001500015593
0.001315356726
0.001154421339
0.001013985068
0.000891291943
0.0007839782863
0.0006900171521
0.0006076701595
0.0005354414297
0.0004720387938
0.0004163445096
0.0003673909541
0.0003243593596
0.0002865207723
0.0002531951578
0.0002238568254
0.0001979881093
0.0001751636521
0.0001550188325
0.0001372271127
0.0001215045334
0.000107611529
9.532826701e-05
8.445979182e-05
7.483431265e-05
6.63016691e-05
5.873081896e-05
5.20075453e-05
4.603204352e-05
4.071606164e-05
3.598038057e-05
3.175334869e-05
2.797055356e-05
2.457517035e-05
2.151823008e-05
1.875812092e-05
1.62590843e-05
1.398906585e-05
1.191757493e-05
1.00144226e-05
8.248816752e-06
6.592235911e-06
5.010597552e-06
3.503864057e-06
1.965557748e-06
8.559044078e-07
-0.464128594
-0.3555954452
-0.1533525294
-0.03334063502
0.01218336598
0.02498399274
0.02817419456
0.0276005006
0.02475596787
0.02117764934
0.01791269999
0.01518108475
0.0128670846
0.01089610998
0.009245547512
0.007875858959
0.006732852519
0.005772122648
0.004962137012
0.004277595454
0.003696901684
0.003202350025
0.00277972664
0.002417463509
0.002106036162
0.001837584201
0.001605604364
0.00140469199
0.001230334513
0.001078746335
0.0009467353077
0.0008315974258
0.0007310357858
0.0006430952781
0.0005661063211
0.0004986378887
0.0004394595338
0.000387520892
0.0003419250686
0.0003018488432
0.000266546887
0.0002355779543
0.0002082563876
0.0001841608171
0.0001628978569
0.0001441316849
0.0001275627008
0.0001129300533
0.0001000000431
8.856524884e-05
7.844263176e-05
6.947198584e-05
6.151448013e-05
5.4450225e-05
4.817481924e-05
4.259554823e-05
3.762837191e-05
3.319657368e-05
2.923105625e-05
2.567139866e-05
2.246645128e-05
1.957358996e-05
1.695656186e-05
1.458263715e-05
1.242001211e-05
1.04364469e-05
8.598508773e-06
6.874897506e-06
5.228546076e-06
3.658569256e-06
2.052820119e-06
8.956283663e-07
-0.4772141062
-0.4186584904
-0.1872827692
0.01127563553
0.04899737327
0.0513957852
0.04580650342
0.03908544892
0.03232585785
0.02625984003
0.02139579062
0.01763008289
0.01463246707
0.01219602035
0.01022025661
0.008617948753
0.007305301326
0.006219090834
0.005315073162
0.004559162128
0.003923685414
0.003386631694
0.002930677001
0.002542010235
0.002209477543
0.001924013011
0.001678212792
0.001465995737
0.001282332387
0.001123034906
0.0009845977244
0.0008640741261
0.0007589774892
0.0006672012667
0.0005869538664
0.0005167066915
0.0004551503932
0.0004011852056
0.0003538533702
0.0003122905266
0.000275792142
0.0002435661993
0.0002152235419
0.0001902510278
0.000168228248
0.0001488000398
0.0001316562458
0.0001165233205
0.0001031574201
9.134117979e-05
8.088263295e-05
7.161454857e-05
6.339331268e-05
5.609618763e-05
4.961685017e-05
4.386026689e-05
3.873879868e-05
3.417104766e-05
3.008333843e-05
2.641209923e-05
2.31050154e-05
2.011981548e-05
1.74210646e-05
1.497634899e-05
1.275319686e-05
1.071772078e-05
8.83410757e-06
7.068381014e-06
5.380611968e-06
3.76866443e-06
2.116317221e-06
9.243900118e-07
-0.4108546193
-0.3591616538
-0.1244359237
0.05483738345
0.083884734
0.07559300612
0.06024870442
0.04738082549
0.03735605375
0.02946140958
0.02347990749
0.01902842522
0.0156094808
0.01290247591
0.01074332809
0.009012186362
0.007607134438
0.00645350478
0.005499399396
0.004705666535
0.004041277818
0.003481886984
0.003008487132
0.002606053134
0.00226254942
0.001968260922
0.001715306093
0.001497252806
0.001308805177
0.001145562614
0.00100384867
0.0008805836767
0.0007731794168
0.0006794504315
0.0005975425301
0.0005258775238
0.0004631098761
0.0004081166905
0.0003598966557
0.0003175616097
0.0002803585833
0.0002476014861
0.0002187575482
0.0001933368105
0.0001709196059
0.0001511483712
0.0001337107235
0.0001183272417
0.000104745838
9.274082949e-05
8.211388899e-05
7.269404568e-05
6.433616971e-05
5.691761828e-05
5.033280715e-05
4.448670642e-05
3.928983467e-05
3.465714939e-05
3.0510865e-05
2.678454693e-05
2.342518744e-05
2.039163703e-05
1.765019701e-05
1.516961128e-05
1.291738521e-05
1.085845775e-05
8.955043893e-06
7.170868345e-06
5.46367203e-06
3.830118882e-06
2.152023035e-06
9.393973203e-07
-0.4735018454
-0.4337271118
-0.4734161852
-0.4337296842
-0.4059046346
-0.3409079666
-0.4059365935
-0.3409013378
-0.4774755378
-0.4802747648
-0.4773619241
-0.4802016136
-0.4725803328
-0.4714625317
-0.4136071277
-0.4108233438
-0.3883866415
-0.3482942101
-0.3316789566
-0.4109104078
-0.3883243878
-0.3482935437
-0.3316725973
-0.4536399998
-0.4527801965
-0.4547351467
-0.454150385
-0.4726010733
-0.4715411541
-0.4536597302
-0.4528084632
-0.4547475188
-0.4542051379
-0.3868653847
-0.4059643394
-0.4032619112
-0.3808982154
-0.4026195441
-0.3809578278
-0.3856230572
-0.3545788048
-0.3404313682
-0.3554067624
-0.3368630606
-0.354845819
-0.3367634848
-0.3547249694
-0.4136367383
-0.4108328061
-0.3868697661
-0.4059685852
-0.403269613
-0.3808855095
-0.4026257669
-0.3809600627
-0.3856290009
-0.3545814287
-0.340433088
-0.3553989748
-0.3368620534
-0.3548485881
-0.3367651899
-0.3547279583
-0.3636844929
-0.4562136916
-0.3638004394
-0.456275611
-0.305673736
-0.4394882232
-0.3735794129
-0.3436263023
-0.30569876
-0.4392109393
-0.3735948707
-0.498152492
-0.4986474512
-0.3853121191
-0.482441301
-0.4472207478
-0.4638913269
-0.3853867362
-0.4823255775
-0.4472687669
-0.4516910217
-0.4364826723
-0.4128738373
-0.4772921365
-0.451615878
-0.4364979985
-0.4129422803
-0.3006649302
-0.3825423873
-0.2553395531
-0.4186128422
-0.300689478
-0.3826217017
-0.2553141355
-0.4111631269
-0.3848049946
-0.3849916321
-0.3864110085
-0.4120073861
-0.4122779476
-0.3862214821
-0.2124519793
-0.3048860304
-0.1773374698
-0.3590919777
-0.2124843999
-0.3048751696
-0.1773356384
-0.463723828
-0.4735241727
-0.4711441551
-0.46427667
-0.4710096938
-0.4644864509
-0.4634663259
-0.451373982
-0.4341793342
-0.4517288002
-0.4375834535
-0.4517025534
-0.4385462538
-0.4513073414
-0.4637397673
-0.4735200883
-0.4711591949
-0.4643286538
-0.4710271467
-0.4644987119
-0.463505312
-0.4513859617
-0.4341849172
-0.4517099873
-0.4376320019
-0.4517093194
-0.4385581843
-0.4513375799
-0.4924666966
-0.4870098527
-0.4864148899
-0.4783109879
-0.4876885285
-0.4871147594
-0.4919719017
-0.4804352114
-0.4782332839
-0.47848112
-0.4871257148
-0.485260141
-0.4857995038
-0.4868458198
-0.4983011065
-0.4986866026
-0.4924738853
-0.4782865015
-0.4870627465
-0.4864317404
-0.4877018814
-0.4871160409
-0.491993973
-0.4804285532
-0.4784192557
-0.47850475
-0.4871388231
-0.4853365407
-0.4858091424
-0.4869105997
-0.3804594353
-0.4055479159
-0.3635445315
-0.3886929987
-0.4058624301
-0.36380778
-0.3802327484
-0.3481411751
-0.3615631684
-0.3614357814
-0.3641582628
-0.3516168619
-0.3515261815
-0.364204562
-0.359110305
-0.3431219803
-0.3470286139
-0.3316354696
-0.3431785925
-0.3470145365
-0.3590540394
-0.411167677
-0.3847970393
-0.3849933654
-0.3864158533
-0.4120138854
-0.4122808148
-0.3862355318
-0.3804649317
-0.3886915013
-0.4055210581
-0.3635664187
-0.4058648473
-0.3638152537
-0.3802398947
-0.3481436849
-0.3615512527
-0.3614381217
-0.3641597498
-0.3516210536
-0.3515287938
-0.3641989351
-0.3591115667
-0.3316363518
-0.3431228126
-0.347034019
-0.3431779533
-0.3470170705
-0.359056097
-0.2834493822
-0.3274669246
-0.2834121621
-0.3274454894
-0.2363624043
-0.2947301032
-0.2596912032
-0.2534355664
-0.2363343262
-0.2947733506
-0.2596930586
-0.4302731892
-0.425781608
-0.3538629264
-0.339539386
-0.377081909
-0.3475688189
-0.3268659792
-0.3762484406
-0.3582956427
-0.2167419942
-0.3050866119
-0.242892993
-0.2574862903
-0.216712336
-0.305111018
-0.2428785956
-0.4782827352
-0.4652185282
-0.4792941902
-0.4684319509
-0.4455240507
-0.4469442766
-0.4669463491
-0.2625406299
-0.41896063
-0.3091135969
-0.3555445607
-0.2624752924
-0.4190036035
-0.309053821
-0.4777075341
-0.4689782164
-0.4693559736
-0.4715623419
-0.4785833726
-0.4795616245
-0.4709002272
-0.3921582367
-0.3685018051
-0.4191688131
-0.4168514943
-0.3619445124
-0.4202976879
-0.3884219398
-0.09171506258
-0.1651883283
-0.08146374284
-0.1873131923
-0.0917035015
-0.1651945902
-0.08145371123
-0.3354623407
-0.3593541671
-0.3356151594
-0.2968346658
-0.3194182516
-0.3193410257
-0.296903857
-0.03468427551
-0.0982269955
-0.02264453144
-0.1244409725
-0.03468613148
-0.09823126626
-0.02264658554
-0.4141708308
-0.3692109145
-0.3955206028
-0.3777781126
-0.3880606122
-0.3984296044
-0.4090701614
-0.4852168689
-0.4858656568
-0.4610250213
-0.4597634753
-0.4698718491
-0.4579627797
-0.4710815143
-0.4444870979
-0.4269703434
-0.4292949428
-0.44275806
-0.4302795995
-0.387245692
-0.3999685382
-0.4257982795
-0.4141889214
-0.3777862526
-0.3692042075
-0.3956448197
-0.3880572168
-0.3984501927
-0.409137653
-0.4853001662
-0.485897645
-0.4610389124
-0.4597732804
-0.457958569
-0.4700700543
-0.4711277018
-0.4445325222
-0.4272538502
-0.4293318608
-0.4429245515
-0.4423706381
-0.39865986
-0.4074475987
-0.4164770457
-0.412292243
-0.4233580946
-0.3778190971
-0.3758103778
-0.3449821268
-0.3934032538
-0.3660548154
-0.337677718
-0.3967717025
-0.350976504
-0.353880107
-0.3475719776
-0.3395614169
-0.3770489301
-0.3268756693
-0.3762279685
-0.3583103634
-0.4422650725
-0.3987005233
-0.4072553648
-0.4165780437
-0.412220087
-0.42338702
-0.3779093336
-0.3758323981
-0.3660610047
-0.3450202943
-0.3934542751
-0.3376923548
-0.3967867065
-0.3510485165
-0.4518834897
-0.4223043247
-0.4273041604
-0.3822439988
-0.4225650393
-0.4328297025
-0.4494743381
-0.4826935914
-0.4834640833
-0.4841843025
-0.4801802595
-0.4815279456
-0.4830284536
-0.4782229085
-0.4677512803
-0.4287675663
-0.4700064905
-0.4546563157
-0.4516972443
-0.4732345114
-0.4617956538
-0.4651656228
-0.4783639768
-0.4793050168
-0.4684316636
-0.4453531064
-0.4469467826
-0.4669354818
-0.4518968444
-0.3822501912
-0.4223215113
-0.4273031072
-0.4225822227
-0.4328330032
-0.4495028836
-0.4826875119
-0.4834593789
-0.4841816566
-0.4801657785
-0.4815128865
-0.4830317332
-0.4781502241
-0.4677601327
-0.4546600227
-0.4288093139
-0.4700600175
-0.4516991305
-0.4732468504
-0.4618202703
-0.4654944819
-0.4707528846
-0.4477205573
-0.4529633015
-0.4719459725
-0.4490824206
-0.4645752671
-0.4369430998
-0.4557838869
-0.4560363482
-0.4371843367
-0.437850356
-0.457799636
-0.4572077449
-0.430289669
-0.4139521767
-0.4311602992
-0.4513988959
-0.4331809397
-0.4344116847
-0.4506146771
-0.4777239922
-0.4689972195
-0.4693616345
-0.4715691724
-0.4786407359
-0.4795690793
-0.4709083206
-0.465501111
-0.4529569139
-0.4707575541
-0.4477490031
-0.4719503156
-0.449086724
-0.46458881
-0.4369482361
-0.4557502783
-0.456036204
-0.4372547216
-0.437857509
-0.4578032759
-0.45721365
-0.4139572393
-0.4304025789
-0.4311729765
-0.4514024356
-0.4331863169
-0.434411585
-0.4506252686
-0.3841521295
-0.3674265182
-0.4019468036
-0.342170467
-0.4044933014
-0.3449933493
-0.357501252
-0.302703593
-0.2541704806
-0.2944649948
-0.2465537179
-0.2463200849
-0.2894864272
-0.2965326536
-0.3921603781
-0.416854257
-0.368464577
-0.4192239666
-0.3619417069
-0.4203128002
-0.3884273145
-0.3841610876
-0.3674220107
-0.4019586778
-0.3421624421
-0.4044965509
-0.3449880779
-0.3574943402
-0.3027068151
-0.2465553359
-0.2541865435
-0.2944371764
-0.2463294267
-0.2894858535
-0.2965369239
-0.2492994682
-0.2683795985
-0.2067104906
-0.206674025
-0.2647430078
-0.2071625616
-0.2503670289
-0.315797849
-0.30474785
-0.3157379743
-0.2769846033
-0.2673258292
-0.2668654037
-0.2773934217
-0.2292284494
-0.1804906222
-0.2227185496
-0.1760284723
-0.1793185602
-0.2211683039
-0.2307121757
-0.3593513478
-0.3354653945
-0.3356186169
-0.2968341374
-0.3193754573
-0.3193296318
-0.2968882709
-0.249298965
-0.2066792719
-0.2684074114
-0.206706034
-0.2647464176
-0.2071627023
-0.2503678513
-0.3047457321
-0.3158011473
-0.3157344443
-0.2769882977
-0.2673290929
-0.2668657201
-0.2774163357
-0.2292290921
-0.1760303226
-0.1805088718
-0.2227206296
-0.1793202072
-0.2211688062
-0.2307194132
-0.3580022197
-0.3575573209
-0.338224942
-0.3411193936
-0.3580433337
-0.3575522716
-0.3382116733
-0.3411380041
-0.3907682279
-0.3940537844
-0.4191494801
-0.4132721854
-0.3827393671
-0.3560865562
-0.3670616275
-0.4191496486
-0.3908158668
-0.3940797475
-0.4132671236
-0.3827260786
-0.356065088
-0.367057414
-0.3714836824
-0.3691239491
-0.3670021499
-0.3742973951
-0.3734542493
-0.3743583163
-0.3359569507
-0.3320354368
-0.3287790438
-0.3241745443
-0.3216477329
-0.3207913964
-0.3209979282
-0.3170831303
-0.3136842551
-0.3393283494
-0.3368265773
-0.3362483954
-0.371486642
-0.3691267717
-0.3670049302
-0.3743013803
-0.3734577416
-0.3743613711
-0.3359584676
-0.3320368288
-0.3287804032
-0.3241734405
-0.3216464761
-0.3207899595
-0.320999079
-0.3170842287
-0.3136853453
-0.3393288431
-0.3368265924
-0.3362481219
)
;

boundaryField
{
    inlet
    {
        type            zeroGradient;
    }
    outlet
    {
        type            fixedValue;
        value           uniform 0;
    }
    topAndBottom
    {
        type            symmetry;
    }
    frontAndBack
    {
        type            empty;
    }
    cylinder
    {
        type            zeroGradient;
    }
    procBoundary1to0
    {
        type            processor;
        value           nonuniform List<scalar> 
116
(
0.004568018376
0.004290930429
0.003726428125
0.002857594752
0.001653416251
7.121418565e-05
-0.001948674405
-0.004487060828
-0.007653295023
-0.01159404755
-0.01651269344
-0.02268513922
-0.03050329521
-0.04052797724
-0.0535422936
-0.07091085082
-0.0939206452
-0.1278463684
-0.1671959358
-0.2939929595
-0.2286431666
-0.2472885619
-0.228475989
-0.2471656424
-0.2939539078
-0.2939929595
-0.2939929595
-0.2939929595
-0.5159109887
-0.5158635114
-0.4770003016
-0.4911552976
-0.4765803133
-0.4765803133
-0.4893913009
-0.4770003016
-0.4186198439
-0.4139482621
-0.4674639824
-0.4700009474
-0.4535740102
-0.4509819726
-0.477029129
-0.4911779668
-0.4767716689
-0.4767716689
-0.489497372
-0.477029129
-0.4674943984
-0.4700941935
-0.4536068405
-0.4509956779
-0.4186467811
-0.4139572001
-0.5043476863
-0.4053951236
-0.5041919338
-0.5162929708
-0.4993679463
-0.4993679463
-0.4991209546
-0.4991209546
-0.4849057893
-0.485014983
-0.4923949275
-0.4924219393
-0.5162928416
-0.4993808979
-0.4993808979
-0.4991823599
-0.4991823599
-0.4849687795
-0.4850215831
-0.4924001744
-0.4924281834
-0.370855163
-0.2939539078
-0.2939539078
-0.2939539078
-0.3709349155
-0.3999656344
-0.4441753079
-0.3872350802
-0.3872350802
-0.3872350802
-0.4422464832
-0.3999656344
-0.3999656344
-0.3999656344
-0.5047808013
-0.478193518
-0.4774079484
-0.4441796804
-0.4087145127
-0.4422818013
-0.5047500454
-0.4781793598
-0.4773557594
-0.3381287865
-0.3716632186
-0.3433878429
-0.3716749231
-0.3381857398
-0.3433836067
-0.4186198439
-0.4198645787
-0.4214372008
-0.4186467811
-0.4198901756
-0.4214621482
-0.4139482621
-0.4136398535
-0.4117105213
-0.4139572001
-0.4136485317
-0.4117186496
)
;
    }
    procBoundary1to3
    {
        type            processor;
        value           nonuniform List<scalar> 
125
(
0.05484349137
0.0838871114
0.0755935454
0.06024896745
0.04738103717
0.0373558334
0.02946045794
0.02347844804
0.01902663273
0.01560746605
0.01290034641
0.01074119544
0.009010124354
0.007605125924
0.00645165845
0.00549779717
0.004704318847
0.004040176646
0.00348100015
0.003007769371
0.002605469109
0.002262086144
0.001967914012
0.001715059889
0.001497076406
0.001308666931
0.001145440107
0.001003732105
0.0008804727934
0.000773077781
0.0006793608647
0.0005974659355
0.0005258128303
0.0004630686373
0.0004080896383
0.0003598649752
0.0003175200529
0.000280307499
0.0002475629075
0.0002187307284
0.0001933216398
0.0001709151245
0.0001511513794
0.0001337168887
0.0001183330715
0.0001047496683
9.274228266e-05
8.211320834e-05
7.269214742e-05
6.433494111e-05
5.691941039e-05
5.033898896e-05
4.449640487e-05
3.930003042e-05
3.466412755e-05
3.051191557e-05
2.677887181e-05
2.341379144e-05
2.037667394e-05
1.763431011e-05
1.515544735e-05
1.290718001e-05
1.085361044e-05
8.955770505e-06
7.176123747e-06
5.471441091e-06
3.838000282e-06
2.157881766e-06
9.416673211e-07
-0.3482968501
-0.3048900557
-0.09822342492
-0.3409135958
-0.3409092119
-0.331682682
-0.3483003653
-0.3316809845
-0.3404367767
-0.3368705588
-0.3367708121
-0.3404393482
-0.336871012
-0.3367730223
-0.1773361697
-0.304881819
-0.17733431
-0.3481433567
-0.3516172244
-0.3515252267
-0.347032528
-0.3316373992
-0.3470173454
-0.3481472564
-0.3516279628
-0.351530193
-0.3316400417
-0.3470445703
-0.3470223568
-0.02264168964
-0.09822758416
-0.02264361116
-0.3047509463
-0.2673263706
-0.2668651522
-0.2227176426
-0.1760272218
-0.2211671758
-0.3047498751
-0.2673306748
-0.2668659127
-0.1760291249
-0.2227200027
-0.2211678492
-0.3241819312
-0.321655261
-0.3207990703
-0.3210051587
-0.3170904974
-0.313691727
-0.3241827277
-0.3216560441
-0.320799791
-0.3210070155
-0.3170923586
-0.3136936114
)
;
    }
}


// ************************************************************************* //
