/*--------------------------------*- C++ -*----------------------------------*\
| =========                 |                                                 |
| \\      /  F ield         | OpenFOAM: The Open Source CFD Toolbox           |
|  \\    /   O peration     | Version:                                        |
|   \\  /    A nd           | Website:  www.openfoam.com                      |
|    \\/     M anipulation  |                                                 |
\*---------------------------------------------------------------------------*/
FoamFile
{
    version     2.0;
    format      ascii;
    class       surfaceScalarField;
    location    "5.7";
    object      phi;
}
// * * * * * * * * * * * * * * * * * * * * * * * * * * * * * * * * * * * * * //

dimensions      [0 3 -1 0 0 0 0];
oriented        oriented;


internalField   nonuniform List<scalar> 
5191
(
0.02137798862
-4.47732635e-05
0.02141459417
-3.660553217e-05
0.02144308708
-2.849289768e-05
0.02146301811
-1.993103312e-05
0.02147376014
-1.074203334e-05
0.02147465996
-8.998261772e-07
0.02146527852
9.381433788e-06
0.02144547471
1.98038042e-05
0.02141557874
2.989595897e-05
0.02137640192
3.917681869e-05
0.02132942772
4.697419071e-05
0.02127805703
5.137069217e-05
0.02122536739
5.268962913e-05
0.02114468375
8.068363993e-05
0.02103946338
0.0001052203693
0.02093068229
0.0001087810835
0.02082401632
0.0001066659771
0.02072103425
0.0001029820615
0.02062239708
9.863716555e-05
0.02052847903
9.391805898e-05
0.02043950395
8.897507953e-05
0.02035559262
8.39113344e-05
0.02027678539
7.880722663e-05
0.02020305521
7.373017467e-05
0.02013431984
6.873537025e-05
0.02007045076
6.386909513e-05
0.02001128272
5.916804997e-05
0.01995662188
5.466083695e-05
0.01990625246
5.036940663e-05
0.01985994377
4.630867545e-05
0.01981745569
4.248807598e-05
0.01977854362
3.89120772e-05
0.01974296313
3.558049205e-05
0.01971047298
3.249015791e-05
0.01968083846
2.963452592e-05
0.01965383334
2.700511334e-05
0.01962924177
2.459157299e-05
0.01960685955
2.238222242e-05
0.01958649412
2.036543783e-05
0.01956796572
1.852840044e-05
0.01955110673
1.685898396e-05
0.01953576141
1.534531229e-05
0.01952178717
1.397423913e-05
0.01953095113
-9.16396277e-06
0.01954159728
-1.064613992e-05
0.01955306917
-1.14718882e-05
0.01956528304
-1.221386578e-05
0.01957816297
-1.287993439e-05
0.01959164024
-1.347726812e-05
0.0196056529
-1.401266194e-05
0.01962014455
-1.449165133e-05
0.01963506413
-1.491958158e-05
0.01965036546
-1.530132367e-05
0.0196660069
-1.564144488e-05
0.01968195079
-1.594388263e-05
0.01969816269
-1.621189591e-05
0.0197147045
-1.654180467e-05
0.01973135523
-1.66507318e-05
0.01974818675
-1.683152237e-05
0.01976517348
-1.698672604e-05
0.01978229038
-1.711690175e-05
0.0197995123
-1.722191078e-05
0.01981681213
-1.729982869e-05
0.01983432181
-1.750968448e-05
0.01985283464
-1.851283392e-05
0.0198701244
-1.72897554e-05
0.01988716393
-1.70395281e-05
0.01990398297
-1.681904268e-05
0.0199203864
-1.640343394e-05
0.01993599937
-1.561296707e-05
0.01995003095
-1.403158239e-05
0.01996075492
-1.072396615e-05
-4.479413624e-06
0.02139145562
-9.016152256e-05
0.02142841612
-7.356602901e-05
0.02145699432
-5.707110241e-05
0.02147674192
-3.967863372e-05
0.02148704906
-2.104918312e-05
0.02148727181
-1.122579657e-06
0.02147703858
1.961465184e-05
0.02145622683
4.06155477e-05
0.02142521812
6.090466123e-05
0.02138508957
7.930535976e-05
0.02133919404
9.286971062e-05
0.02129629235
9.42723814e-05
0.02123985349
0.0001091284843
0.02118245094
0.0001380861878
0.02112539778
0.0001622735251
0.02106293768
0.0001712411809
0.02099700823
0.0001725954184
0.02092986379
0.0001701265065
0.0208630434
0.0001654575547
0.02079758352
0.0001593779392
0.02073421422
0.0001523443629
0.02067345696
0.000144668593
0.02061567619
0.0001365880022
0.02056111414
0.0001282922279
0.02050991321
0.0001199363126
0.02046213645
0.0001116458502
0.0204177813
0.0001035231849
0.02037679373
9.564839977e-05
0.02033907877
8.808436289e-05
0.02030451065
8.087679277e-05
0.02027294034
7.405839902e-05
0.02024420341
6.764901976e-05
0.02021812506
6.165884057e-05
0.02019452586
5.608935607e-05
0.02017322538
5.093500212e-05
0.0201540456
4.618489623e-05
0.02013681338
4.182380115e-05
0.02012136218
3.783342514e-05
0.02010753398
3.419363108e-05
0.02009517911
3.088326735e-05
0.02008415738
2.788071313e-05
0.02007433854
2.516415124e-05
0.02006616733
2.2145452e-05
0.02005901705
-2.013678301e-06
0.02005217599
-3.805071974e-06
0.0200461159
-5.411797218e-06
0.02004075446
-6.852425748e-06
0.02003601619
-8.141660941e-06
0.02003183414
-9.295222428e-06
0.02002814798
-1.032650408e-05
0.02002503097
-1.13746381e-05
0.02002217389
-1.206250479e-05
0.02001966657
-1.279399876e-05
0.02001747111
-1.344597513e-05
0.02001555353
-1.402630319e-05
0.02001418436
-1.484272169e-05
0.02001490878
-1.726622217e-05
0.02001376766
-1.550960416e-05
0.02001253091
-1.559477241e-05
0.02001145873
-1.591454752e-05
0.02001053842
-1.61965842e-05
0.0200097611
-1.644459365e-05
0.02000930459
-1.684331706e-05
0.02001129964
-1.950473772e-05
0.02002000662
-2.721981491e-05
0.02002045773
-1.774086605e-05
0.02001884851
-1.543030677e-05
0.02001737271
-1.53432396e-05
0.02001629216
-1.532288643e-05
0.02001584796
-1.516877471e-05
0.0200164994
-1.468301769e-05
0.0200188412
-1.306576455e-05
-6.645443591e-06
0.02141845513
-0.0001367811249
0.02145610599
-0.0001112168927
0.02148481488
-8.577998878e-05
0.02150413674
-5.900050016e-05
0.02151349476
-3.040720287e-05
0.02151231595
5.622986727e-08
0.02150027902
3.165158147e-05
0.02147735156
6.354300254e-05
0.02144408418
9.417204501e-05
0.02140233379
0.0001210557448
0.02135701264
0.0001381908635
0.02131011786
0.000141167156
0.02124595775
0.0001732885922
0.02118119316
0.0002028507717
0.02111908279
0.0002243838808
0.02105486164
0.0002354623208
0.02098841896
0.0002390381022
0.0209210721
0.0002374733565
0.02085410391
0.0002324257269
0.02078852161
0.0002249602352
0.0207250738
0.0002157921646
0.02066430095
0.0002054414496
0.02060657846
0.000194310493
0.0205521503
0.0001827203749
0.02050115536
0.0001709312365
0.02045364819
0.0001591530115
0.0204096166
0.000147554785
0.0203689953
0.0001362697152
0.02033167871
0.0001254009634
0.02029753059
0.0001150249205
0.02026639289
0.0001051960971
0.02023809281
9.594908683e-05
0.02021244891
8.730274141e-05
0.02018927622
7.926204553e-05
0.02016838971
7.182151901e-05
0.02014960777
6.496684081e-05
0.02013275486
5.867671254e-05
0.02011766258
5.292570104e-05
0.02010417086
4.768534993e-05
0.02009212937
4.292476141e-05
0.02008139784
3.861223745e-05
0.02007184591
3.471607753e-05
0.02006448495
2.950642312e-05
0.02005694657
5.524699343e-06
0.02005026283
2.878672266e-06
0.02004449763
3.534040905e-07
0.02003925216
-1.606947685e-06
0.02003461336
-3.502864253e-06
0.02003051529
-5.197159467e-06
0.02002730373
-7.114936525e-06
0.02002710142
-1.117232741e-05
0.02002450027
-9.46135562e-06
0.02002185665
-1.015037507e-05
0.02001951136
-1.110068634e-05
0.02001775756
-1.227249921e-05
0.02002061442
-1.769957696e-05
0.02003728651
-3.393831182e-05
0.02003882128
-1.704436941e-05
0.02003606307
-1.283655738e-05
0.02003316131
-1.301278608e-05
0.02003038902
-1.342429489e-05
0.02002781038
-1.386595535e-05
0.02002677455
-1.580748693e-05
0.02003491913
-2.764931202e-05
0.0200614336
-5.373429139e-05
0.02006448068
-2.078794688e-05
0.02005687608
-7.825699944e-06
0.0200480443
-6.511465038e-06
0.02003932196
-6.60054191e-06
0.02003087731
-6.724130343e-06
0.02002302255
-6.828258905e-06
0.02001683474
-6.877960838e-06
-7.067625353e-06
0.02145947093
-0.0001852960292
0.02149818389
-0.0001499298554
0.0215270846
-0.0001146806955
0.02154572858
-7.764447666e-05
0.02155358528
-3.826390835e-05
0.02155021959
3.421932655e-06
0.02153534848
4.652269503e-05
0.02150923917
8.965230876e-05
0.0214739806
0.0001294306148
0.02143630597
0.0001587303783
0.02139902935
0.0001754674783
0.02133188054
0.0002083159633
0.02125724662
0.0002479225087
0.02118730274
0.0002727946403
0.02111913298
0.0002925536291
0.02105056516
0.0003040301325
0.02098136529
0.0003082379733
0.02091218672
0.0003066519256
0.02084392726
0.0003006851867
0.02077741759
0.0002914698951
0.02071332597
0.0002798837874
0.0206521495
0.000266617924
0.02059423314
0.0002522268442
0.02053979387
0.000237159634
0.02048894451
0.0002217805992
0.02044171411
0.0002063834101
0.02039806609
0.0001912028062
0.02035791249
0.0001764233173
0.02032112654
0.0001621869142
0.0202875531
0.000148598354
0.02025701769
0.0001357315127
0.02022933351
0.0001236332647
0.02020430736
0.0001123288948
0.02018174433
0.0001018250784
0.02016145223
9.21136266e-05
0.02014324351
8.317555832e-05
0.02012693779
7.498243344e-05
0.02011236357
6.749991837e-05
0.0200993583
6.069061656e-05
0.02008777008
5.451298871e-05
0.02007745845
4.892386483e-05
0.0200684666
4.370793042e-05
0.02006164381
3.632921118e-05
0.02005438544
1.278307133e-05
0.02004844836
8.815760813e-06
0.02004642784
2.37392394e-06
0.02004168748
3.133407384e-06
0.02003706555
1.11907157e-06
0.02003339819
-1.529805598e-06
0.02003612529
-9.842032015e-06
0.02005818285
-3.322988963e-05
0.02006007932
-1.135781725e-05
0.02005618057
-6.251628696e-06
0.02005229231
-7.212423182e-06
0.02005124594
-1.122612663e-05
0.02006785292
-3.430655154e-05
0.02012377398
-8.985937252e-05
0.02013786771
-3.113808979e-05
0.02013100265
-5.971493327e-06
0.0201214061
-3.416237236e-06
0.02011179193
-3.81012103e-06
0.02010219543
-4.269456222e-06
0.020091311
-4.923061108e-06
0.02007235405
-8.69235519e-06
0.02003804156
-1.94218092e-05
0.02002369175
-6.438129821e-06
0.0200192161
-3.350056702e-06
0.02001607208
-3.367447315e-06
0.02001301915
-3.547605481e-06
0.02000999766
-3.702643725e-06
0.02000700635
-3.836951739e-06
0.02000406401
-3.93562258e-06
-4.083913618e-06
0.02151520945
-0.0002364615212
0.02155541096
-0.0001901313645
0.0215845801
-0.000143849833
0.02160227596
-9.534032885e-05
0.02160804103
-4.402897488e-05
0.02160156476
9.898208977e-06
0.02158283692
6.525053596e-05
0.02155368652
0.0001188027058
0.02152356105
0.0001595560857
0.02149492796
0.0001873634704
0.02143244694
0.000237948501
0.02134837069
0.0002923922044
0.02127168445
0.0003246087443
0.02119676825
0.0003477108372
0.02112242063
0.0003669012487
0.02104848496
0.0003779657996
0.02097512648
0.0003815964564
0.02090283277
0.0003789456397
0.0208322607
0.0003712572544
0.0207640595
0.0003596710973
0.02069877573
0.0003451675459
0.02063682118
0.0003285724742
0.02057847465
0.0003105733754
0.0205238978
0.0002917364775
0.02047315425
0.0002725241497
0.0204262293
0.0002533083646
0.02038304622
0.0002343858814
0.02034348125
0.0002159882852
0.02030737609
0.0001982920677
0.02027454793
0.0001814265192
0.02024479845
0.0001654809989
0.02021792084
0.0001505108811
0.02019370528
0.0001365444587
0.02017194375
0.0001235866088
0.02015243314
0.0001116242319
0.02013497738
0.0001006313216
0.02011939067
9.05691362e-05
0.02010566509
8.122550097e-05
0.02009329837
7.305733724e-05
0.02008230433
6.550703616e-05
0.0200730695
5.815868922e-05
0.02006852326
4.825417661e-05
0.0200630432
4.180927193e-05
0.02005653954
1.928673425e-05
0.02005805997
7.29532927e-06
0.02008364542
-2.321152504e-05
0.02008498945
1.789375897e-06
0.02007956766
6.540867585e-06
0.02007759334
4.445063358e-07
0.02009975503
-3.200372084e-05
0.02017709922
-0.0001105740706
0.02019889574
-3.315433632e-05
0.0201921179
5.262133482e-07
0.0201814741
3.431380154e-06
0.02016839965
1.848320477e-06
0.02013989516
-5.802058928e-06
0.02007850115
-2.846536072e-05
0.02005250088
-5.13781012e-06
0.02004587975
6.49636506e-07
0.02004211724
3.462721757e-07
0.0200385886
-2.814825603e-07
0.02003515415
-8.350008462e-07
0.02003155388
-1.322795155e-06
0.02002484716
-1.985632943e-06
0.0200092593
-3.833942293e-06
0.02000522813
-2.406961146e-06
0.02000435768
-2.479614083e-06
0.02000372102
-2.730788236e-06
0.02000312221
-2.948792057e-06
0.02000255543
-3.135864726e-06
0.02000201634
-3.29786582e-06
0.02000150419
-3.423477638e-06
-3.588353288e-06
0.0215866462
-0.0002911592944
0.02162883907
-0.000232324227
0.02165837829
-0.0001733890475
0.02167482498
-0.0001117870178
0.02167781434
-4.701833719e-05
0.02166726469
2.044786147e-05
0.02164398273
8.853248797e-05
0.02161460126
0.0001481841784
0.0215993365
0.0001748208445
0.02153943092
0.0002472690452
0.02145172587
0.0003256535494
0.02137023821
0.0003738798727
0.02129000314
0.0004048438184
0.02120844798
0.0004292659956
0.02112727027
0.0004480789559
0.02104717182
0.0004580642482
0.02096866428
0.0004601039906
0.02089227278
0.0004553371354
0.02081854625
0.000444983776
0.02074799631
0.0004302210325
0.02068104285
0.0004121209947
0.02061798979
0.0003916255378
0.02055902406
0.0003695390993
0.02050422655
0.0003465339887
0.02045359015
0.0003231605438
0.02040703665
0.0002998618669
0.02036443394
0.0002769885956
0.02032560919
0.0002548130415
0.0202903619
0.000233539353
0.02025847237
0.0002133160519
0.02022971203
0.0001942413447
0.02020384806
0.0001763748507
0.02018064926
0.0001597432606
0.0201598916
0.000144344262
0.02014152338
0.0001299924487
0.02012500883
0.000117145876
0.02011083048
0.0001047474872
0.02010178745
9.026853452e-05
0.02009076154
8.408325489e-05
0.02008108625
7.518232843e-05
0.02008037599
5.886895316e-05
0.02010758027
2.104989363e-05
0.0201113614
3.80281364e-05
0.02010806768
2.258045624e-05
0.02013387347
-1.851045993e-05
0.0202282971
-0.0001176351544
0.02025575417
-2.566769491e-05
0.02024818503
1.411001321e-05
0.02023282184
1.580769582e-05
0.02019637276
4.445357577e-06
0.02011389265
-2.809395925e-05
0.02007854355
2.194771957e-06
0.02006977947
9.290290969e-06
0.02006507894
8.131915959e-06
0.02006032637
6.600894947e-06
0.02004971979
4.80452043e-06
0.02002064132
6.131080708e-07
0.02001268173
2.82178952e-06
0.0200110142
2.317169393e-06
0.02000987034
1.490129925e-06
0.02000882838
7.60477407e-07
0.02000787615
1.172275522e-07
0.02000700283
-4.494687999e-07
0.02000596509
-9.478986349e-07
0.02000358813
-1.456976339e-06
0.02000294111
-1.759944002e-06
0.02000255618
-2.094686028e-06
0.02000221153
-2.386133834e-06
0.02000190132
-2.638589733e-06
0.02000162101
-2.855558408e-06
0.02000136604
-3.042890322e-06
0.0200011305
-3.187939828e-06
-3.378962233e-06
0.02167506243
-0.0003504431312
0.02171985409
-0.0002771158813
0.02174989831
-0.0002034332636
0.02176475545
-0.0001266441634
0.02176425762
-4.652051858e-05
0.02174897624
3.5729238e-05
0.02172040089
0.0001171078335
0.0216876223
0.0001809627717
0.02164641334
0.0002160297989
0.02156783751
0.0003258448802
0.0214844287
0.0004090623579
0.02139961757
0.0004586909991
0.02131127046
0.0004931909268
0.02122148419
0.0005190522704
0.02113248897
0.0005370741715
0.02104535418
0.0005451990271
0.02096084192
0.0005446162397
0.02087955446
0.0005366245896
0.0208019942
0.0005225440281
0.02072856697
0.0005036482586
0.02065956952
0.0004811184359
0.02059518497
0.000456010087
0.02053548668
0.0004292373786
0.02048045338
0.0004015672863
0.02042998571
0.0003736282179
0.02038392468
0.0003459229008
0.02034206593
0.000318847352
0.02030417546
0.0002927035147
0.02026999933
0.0002677154828
0.02023927255
0.0002440428252
0.02021172978
0.0002217841175
0.02018726882
0.0002008358046
0.02016531178
0.0001817003046
0.02014627688
0.0001633791618
0.0201328563
0.000143413022
0.02011854784
0.0001314543361
0.02011310534
0.0001101899927
0.02013550551
6.786837008e-05
0.0201342928
8.52959752e-05
0.02013051139
7.896374044e-05
0.02015880894
3.057140614e-05
0.02026780093
-8.794210093e-05
0.02030620329
-3.742268e-07
0.02029349793
3.528581722e-05
0.02024981726
2.517021781e-05
0.02014891565
-1.673354725e-05
0.02010509392
1.815403209e-05
0.02009395643
2.524750372e-05
0.02008736892
2.239520956e-05
0.02007317712
1.863716235e-05
0.02003338652
1.169663767e-05
0.02002196598
1.361531601e-05
0.02001924928
1.200699552e-05
0.02001732467
1.00565273e-05
0.02001559577
8.329799184e-06
0.02001359828
6.802011515e-06
0.02000890341
5.307982075e-06
0.02000745944
4.26576307e-06
0.0200065655
3.211108398e-06
0.02000577561
2.280021667e-06
0.02000507739
1.458696545e-06
0.02000445985
7.347685382e-07
0.02000391278
9.760565628e-08
0.02000342791
-4.630315324e-07
0.02000292572
-9.547847509e-07
0.02000255125
-1.38547625e-06
0.02000221823
-1.761664995e-06
0.02000192082
-2.088726585e-06
0.02000165428
-2.372054382e-06
0.02000141401
-2.615281126e-06
0.02000119638
-2.825263754e-06
0.02000099607
-2.987631227e-06
-3.201786877e-06
0.02178214057
-0.0004155843697
0.02183026796
-0.0003252432777
0.02186099023
-0.0002341555351
0.0218740099
-0.0001396638382
0.02187072542
-4.323604794e-05
0.02185505777
5.139688552e-05
0.0218314009
0.0001407646952
0.02181004093
0.0002023227337
0.02172054144
0.0003055292893
0.02162107215
0.0004253141703
0.02152903132
0.0005011031892
0.0214335631
0.0005541592075
0.02133467733
0.0005920766991
0.02123505415
0.0006186754491
0.02113700349
0.0006351248343
0.02104183862
0.0006403638907
0.0209504886
0.0006359662545
0.02086361137
0.000623501815
0.02078166878
0.0006044866194
0.02070496562
0.0005803514139
0.02063367027
0.0005524137888
0.02056782866
0.0005218516971
0.02050738199
0.0004896840398
0.02045218446
0.0004567648145
0.02040202542
0.0004237872493
0.02035664616
0.0003913021589
0.0203157549
0.0003597386101
0.02027904469
0.0003294137324
0.02024635501
0.0003004051576
0.02021705389
0.0002733439396
0.02019148076
0.0002473572483
0.02017220424
0.0002201123308
0.02015278626
0.0002011182863
0.02014273295
0.0001734324634
0.02016087179
0.0001252741873
0.0201603867
0.0001319394261
0.02018448954
8.60871576e-05
0.02028781983
-3.546190874e-05
0.0203245611
4.855470259e-05
0.0203197404
8.378444301e-05
0.02028196082
6.835099159e-05
0.02017733744
1.668127932e-05
0.02012999799
4.696521751e-05
0.02011575205
4.953175872e-05
0.02009759753
4.332473723e-05
0.02004823753
3.26264517e-05
0.0200333941
3.299747064e-05
0.02002934024
2.930135849e-05
0.02002636267
2.537278792e-05
0.02002311246
2.188736573e-05
0.02001620834
1.860076973e-05
0.02001375456
1.60690915e-05
0.02001211578
1.364577768e-05
0.02001067147
1.150084045e-05
0.02000939857
9.602702356e-06
0.02000827626
7.924323482e-06
0.02000714367
6.440572549e-06
0.02000627947
5.129968142e-06
0.02000551793
3.97264319e-06
0.02000484671
2.951250148e-06
0.02000425477
2.050633033e-06
0.02000373256
1.256986706e-06
0.02000327136
5.588029127e-07
0.02000286349
-5.516210012e-08
0.02000250248
-5.93770705e-07
0.02000218223
-1.065229998e-06
0.02000189743
-1.476862399e-06
0.02000164329
-1.834594154e-06
0.02000141567
-2.144433346e-06
0.02000121058
-2.410192567e-06
0.02000102504
-2.639727231e-06
0.02000085427
-2.816861739e-06
-3.050911077e-06
0.02191003396
-0.0004881258815
0.02196239053
-0.0003775998759
0.02199411768
-0.0002658826885
0.0220065995
-0.000152145663
0.02200908453
-4.572107153e-05
0.02200768778
5.279362505e-05
0.0219928491
0.0001556033742
0.02190656933
0.000288602507
0.02178677977
0.0004253188354
0.02168382074
0.0005282732041
0.02157995711
0.0006049668194
0.02147099911
0.0006631172037
0.02135941042
0.0007036653961
0.02124814404
0.0007299418246
0.02113962329
0.0007436455938
0.02103533917
0.0007446480106
0.02093632213
0.0007349832924
0.02084324053
0.0007165834159
0.0207564879
0.0006912392401
0.02067624731
0.0006605920046
0.02060253668
0.0006261244189
0.0205352433
0.0005891450738
0.02047415116
0.0005507761738
0.020418967
0.0005119489682
0.02036935065
0.0004734035961
0.02032508017
0.0004355726364
0.0202854531
0.0003993656721
0.02025071337
0.0003641534619
0.02022328535
0.0003278331755
0.02019675047
0.0002998788207
0.02018035812
0.0002637496002
0.02019257352
0.0002078969331
0.0201872375
0.0002064543038
0.02020686928
0.0001538006903
0.02030526323
2.688023771e-05
0.0203346291
0.0001025735561
0.02029987039
0.0001208458754
0.02019485417
6.955431087e-05
0.0201464109
9.699797948e-05
0.02013314264
9.705270879e-05
0.02011533196
8.616166848e-05
0.02006145744
7.055579696e-05
0.02004468835
6.373430446e-05
0.02003922812
5.499198688e-05
0.02003440041
4.815245542e-05
0.02002519575
4.183111309e-05
0.02002150984
3.668337998e-05
0.02001891577
3.189542464e-05
0.02001663833
2.765023935e-05
0.02001463772
2.388797517e-05
0.02001268276
2.055573149e-05
0.02001114589
1.760596551e-05
0.02000979561
1.499605432e-05
0.02000860882
1.268763287e-05
0.02000756517
1.064635787e-05
0.02000664742
8.842072933e-06
0.02000583993
7.248067856e-06
0.02000512951
5.840391883e-06
0.02000450444
4.59771077e-06
0.02000395399
3.501700284e-06
0.02000346914
2.535486962e-06
0.02000304178
1.684351315e-06
0.02000266498
9.356043022e-07
0.02000233198
2.778384802e-07
0.02000203752
-2.993133571e-07
0.02000177656
-8.042702538e-07
0.0200015447
-1.245005017e-06
0.02000133811
-1.628009925e-06
0.0200011533
-1.95962461e-06
0.02000098698
-2.24387083e-06
0.02000083663
-2.489372903e-06
0.02000069846
-2.678699311e-06
-2.92915791e-06
0.02206137239
-0.0005699589013
0.0221190822
-0.0004353097064
0.02215270143
-0.0002995019306
0.02216778058
-0.0001672248118
0.02217752082
-5.546131011e-05
0.02214928861
8.102583443e-05
0.02208524814
0.0002196438484
0.02197901873
0.0003948319096
0.02186985305
0.0005344845103
0.02175696656
0.000641159705
0.02163639631
0.0007255370645
0.02151104639
0.0007884671153
0.02138431033
0.000830401453
0.02125938739
0.0008548647603
0.02113884133
0.0008641916518
0.02102429266
0.0008591966848
0.02091680733
0.0008424686267
0.02081700223
0.0008163885107
0.02072515029
0.0007830911708
0.02064126961
0.0007444726791
0.02056519028
0.0007022037454
0.02049660895
0.0006577264026
0.0204352748
0.0006121103216
0.02038041522
0.0005668085507
0.02033216982
0.0005216489898
0.02029280675
0.0004749357038
0.0202558435
0.0004363289178
0.0202302858
0.0003897111626
0.02023423905
0.0003238799194
0.0202219698
0.0003121480734
0.02023542432
0.0002502950835
0.02032786396
0.000115457297
0.0203527363
0.0001815819621
0.02031492316
0.0001916138319
0.02020846783
0.0001333355753
0.02015732732
0.0001537140591
0.02013139065
0.0001467825522
0.02007557262
0.000125372347
0.02005625377
0.0001163168365
0.02004933555
0.0001039709287
0.02004326693
9.223028528e-05
0.02003232719
8.149554062e-05
0.0200283587
6.770279202e-05
0.02002482229
5.852839504e-05
0.02002174199
5.1232758e-05
0.02001881398
4.47591274e-05
0.02001647773
3.901962875e-05
0.02001443808
3.393507774e-05
0.02001265584
2.943247985e-05
0.02001109688
2.544694451e-05
0.0200097322
2.192041351e-05
0.02000853684
1.880132414e-05
0.0200074893
1.604359253e-05
0.02000657099
1.36059495e-05
0.02000576544
1.145190571e-05
0.02000505861
9.548900381e-06
0.0200044382
7.868482697e-06
0.02000389353
6.38506528e-06
0.02000341497
5.076275659e-06
0.02000299463
3.922036053e-06
0.02000262505
2.905074134e-06
0.02000229982
2.009578353e-06
0.02000201335
1.222081292e-06
0.02000176092
5.302699049e-07
0.02000153783
-7.623177995e-08
0.02000134065
-6.070912353e-07
0.02000116579
-1.070144815e-06
0.02000101032
-1.472542207e-06
0.02000087155
-1.820851611e-06
0.020000747
-2.119322293e-06
0.02000063464
-2.377016681e-06
0.02000053167
-2.575723238e-06
-2.8385027e-06
0.02223948408
-0.0006633946448
0.02230391037
-0.0004997360079
0.02234008543
-0.0003356769929
0.0223554783
-0.0001826176857
0.02234979234
-4.977535611e-05
0.02231892082
0.0001118973618
0.02221301731
0.0003255473605
0.02209509924
0.0005127499798
0.02197239174
0.0006571920033
0.02183896875
0.0007745826885
0.02169754492
0.0008669609015
0.02155251842
0.0009334935996
0.02140784488
0.0009750749872
0.02126703352
0.0009956761091
0.02113279594
0.000998429238
0.02100682379
0.0009851688293
0.02089017514
0.0009591172804
0.02078326019
0.0009233034584
0.02068619225
0.0008801590997
0.02059876062
0.0008319042997
0.02052055415
0.0007804102128
0.0204515124
0.0007267681476
0.02039379914
0.0006698235795
0.02034073432
0.0006198733653
0.02030114243
0.0005612408772
0.0202928422
0.000483235936
0.02027005452
0.0004591165999
0.02027442202
0.0003853436563
0.02035905354
0.0002392483994
0.02037732831
0.0002938733105
0.02033449462
0.0002931287706
0.02022487465
0.0002250772635
0.02017048195
0.0002359746698
0.02014168664
0.000220409146
0.02008387476
0.0001911474561
0.02006271769
0.0001748711347
0.02005349164
0.0001560086024
0.02004073455
0.0001381294379
0.02003436276
0.0001226886324
0.02002963101
0.000108702683
0.0200255902
9.627109744e-05
0.02002190102
8.518471887e-05
0.0200198368
6.976700523e-05
0.02001723695
6.112824405e-05
0.02001499507
5.3474642e-05
0.02001305763
4.669656872e-05
0.02001138019
4.069707638e-05
0.02000992607
3.538919686e-05
0.02000866366
3.069489374e-05
0.02000756606
2.654454734e-05
0.02000661073
2.287574324e-05
0.0200057783
1.963375876e-05
0.02000505241
1.676947992e-05
0.02000441903
1.423933814e-05
0.02000386584
1.200509194e-05
0.02000338246
1.003228044e-05
0.02000295993
8.291018491e-06
0.02000259038
6.754619602e-06
0.02000226687
5.399783517e-06
0.02000198356
4.205344129e-06
0.02000173538
3.153261145e-06
0.02000151781
2.227152518e-06
0.02000132692
1.412965988e-06
0.02000115919
6.980069305e-07
0.02000101154
7.141543883e-08
0.02000088161
-4.771676929e-07
0.02000076693
-9.554661174e-07
0.02000066552
-1.37112846e-06
0.0200005752
-1.730537657e-06
0.02000049468
-2.038801521e-06
0.02000042225
-2.304587032e-06
0.02000035612
-2.50959088e-06
-2.780792292e-06
0.02244867364
-0.0007712907716
0.02252233103
-0.0005733934031
0.02256802451
-0.0003813704755
0.02259896995
-0.0002135631327
0.02256264942
-1.345482316e-05
0.02248298701
0.0001915597712
0.02236598352
0.000442550849
0.02223514308
0.0006435904221
0.02208858448
0.0008037505957
0.0219290993
0.0009340678552
0.0217623722
0.00103368801
0.02159380995
0.001102055857
0.02142802719
0.001140857741
0.02126892422
0.001154779074
0.02111925554
0.0011480979
0.02098086009
0.00112356428
0.02085525922
0.001084718159
0.02074114324
0.001037419433
0.02063896127
0.0009823410648
0.02054830237
0.000922563193
0.02046893636
0.000859776219
0.0204067084
0.0007889961046
0.02037892337
0.0006976086136
0.0203392354
0.0006595613258
0.02032904682
0.0005714294543
0.02040098276
0.0004113000019
0.0204086093
0.0004514900559
0.02035769346
0.0004362594946
0.02024644767
0.0003504941837
0.02018701717
0.0003533038077
0.02015351486
0.0003266310848
0.02009214424
0.0002864478882
0.02006804352
0.0002600753902
0.02005650187
0.0002319507948
0.02004203043
0.0002056189023
0.02003438725
0.0001825143157
0.02002876159
0.0001616342635
0.02002385025
0.0001430407802
0.02002001499
0.000126523902
0.02001683694
0.0001118807293
0.02001419365
9.891439511e-05
0.02001306644
8.631192051e-05
0.02001115898
7.167446735e-05
0.02000955107
6.273615337e-05
0.02000819162
5.483409308e-05
0.02000703821
4.784997949e-05
0.02000605688
4.16784174e-05
0.02000521984
3.622623582e-05
0.02000450419
3.141054966e-05
0.02000389109
2.715765368e-05
0.02000336466
2.34021694e-05
0.02000291195
2.008646765e-05
0.02000252206
1.715937569e-05
0.0200021858
1.457559769e-05
0.02000189561
1.22952821e-05
0.02000164481
1.028307806e-05
0.02000142793
8.507901921e-06
0.02000124012
6.942438425e-06
0.02000107761
5.562293272e-06
0.02000093665
4.346309588e-06
0.02000081446
3.27545318e-06
0.02000070839
2.333222702e-06
0.02000061644
1.504913136e-06
0.02000053674
7.777036083e-07
0.02000046735
1.408062073e-07
0.02000040719
-4.170071961e-07
0.02000035484
-9.031102383e-07
0.02000030907
-1.325363688e-06
0.0200002691
-1.690566032e-06
0.02000023391
-2.003618077e-06
0.02000020287
-2.273550017e-06
0.02000017494
-2.481659555e-06
-2.756946915e-06
0.02269418402
-0.0008970633086
0.0227793124
-0.0006585217842
0.02283216451
-0.0004342225804
0.02284983672
-0.0002312353485
0.02282467606
1.170584489e-05
0.02270017059
0.0003160652241
0.02255576037
0.0005869610673
0.02239651105
0.0008028397388
0.02221817075
0.0009820909012
0.02202661695
0.001125621649
0.0218292791
0.001231025862
0.02163265343
0.001298681526
0.02144231304
0.001331198141
0.02126320797
0.001333884148
0.02109659644
0.001314709418
0.0209463992
0.00127376152
0.02081707712
0.001214040245
0.02069734827
0.001157148275
0.0205904908
0.001089198537
0.02049735302
0.001015700971
0.02042047993
0.0009366493149
0.02038162702
0.0008278490137
0.02042454301
0.0006546926227
0.02041308229
0.0006710220331
0.02035090408
0.0006336076589
0.02022309411
0.0005391099727
0.02015343487
0.0005211492892
0.02012117542
0.0004685189459
0.02009193449
0.0003797351052
0.0200725718
0.0003726664957
0.02005775543
0.0003414474552
0.0200403124
0.0003038909262
0.02003048696
0.0002699008304
0.02002334973
0.0002390880314
0.02001748274
0.0002114858997
0.02001313647
0.000186860585
0.02000979011
0.0001649806222
0.02000722711
0.0001456037838
0.02000526792
0.0001284831
0.02000377124
0.0001133774083
0.02000262774
0.0001000578913
0.02000290377
8.603589653e-05
0.02000217511
7.240312338e-05
0.02000161193
6.329934035e-05
0.02000117726
5.526875631e-05
0.02000084272
4.818452576e-05
0.02000058594
4.193520763e-05
0.02000038967
3.64225012e-05
0.02000024037
3.155985221e-05
0.02000012765
2.727038158e-05
0.02000004345
2.348636913e-05
0.01999998146
2.01484564e-05
0.01999993695
1.72038858e-05
0.01999990583
1.460672013e-05
0.01999988521
1.231590651e-05
0.01999987254
1.029574331e-05
0.01999986603
8.514420863e-06
0.01999986417
6.944294625e-06
0.01999986593
5.560539748e-06
0.0199998703
4.341942957e-06
0.01999987678
3.268970013e-06
0.01999988474
2.325268223e-06
0.01999989384
1.495811275e-06
0.01999990353
7.680159507e-07
0.019999914
1.303401539e-07
0.01999992474
-4.277487461e-07
0.01999993562
-9.139896766e-07
0.01999994678
-1.336529843e-06
0.01999995793
-1.701714557e-06
0.01999996897
-2.0146601e-06
0.01999997994
-2.28451766e-06
0.01999999066
-2.492385478e-06
-2.767649453e-06
0.02298389554
-0.001045884377
0.02309111053
-0.0007657367764
0.02317139777
-0.0005145098127
0.02315691857
-0.0002167561631
0.02307722816
9.139625293e-05
0.02294000617
0.0004532872004
0.02277438447
0.0007525827698
0.02257942485
0.0009977993564
0.02236145407
0.001200061686
0.02213055915
0.001356516569
0.02189716362
0.001464421388
0.02166739226
0.001528452887
0.02145027367
0.001548316738
0.02125469708
0.00152946073
0.02107173079
0.001497675706
0.0209125192
0.001432973109
0.02078477349
0.001341785959
0.02066372363
0.001278198134
0.02055338977
0.001199532394
0.02045830708
0.001110783658
0.02037597087
0.001018985526
0.02027957284
0.0009242470429
0.02012941137
0.0008048540864
0.02004950377
0.0007509296268
0.02002732076
0.0006557906544
0.01995596284
0.0006104678952
0.01992238354
0.0005547285817
0.0199310884
0.0004598140841
0.01999710047
0.0003137230315
0.02001781828
0.0003519486878
0.02001249158
0.0003467741581
0.02000485431
0.0003115281944
0.01999928368
0.0002754714692
0.01999535847
0.000243013244
0.01999274265
0.0002141017205
0.01999113809
0.0001884651526
0.01999028898
0.0001658297313
0.01998998037
0.0001459124006
0.0199900395
0.0001284239678
0.01999033656
0.0001130803533
0.01999077917
9.961527552e-05
0.01999251766
8.429741226e-05
0.01999301853
7.19022512e-05
0.01999353851
6.27793647e-05
0.01999405872
5.474855028e-05
0.01999456595
4.767729885e-05
0.01999505152
4.14496366e-05
0.01999550974
3.596428945e-05
0.01999593758
3.113201148e-05
0.01999633396
2.687400786e-05
0.01999669874
2.312158456e-05
0.01999703287
1.981432986e-05
0.01999733759
1.689916399e-05
0.01999761485
1.432946623e-05
0.01999786612
1.20646342e-05
0.01999809357
1.00682968e-05
0.01999829898
8.309009245e-06
0.01999848433
6.758948554e-06
0.01999865133
5.393541735e-06
0.01999880201
4.191269516e-06
0.01999893757
3.133409557e-06
0.01999905992
2.202924102e-06
0.01999917013
1.385600669e-06
0.0199992699
6.682494001e-07
0.01999936005
4.018463114e-08
0.01999944185
-5.095489871e-07
0.0199995163
-9.884363295e-07
0.01999958419
-1.404424404e-06
0.01999964643
-1.763951803e-06
0.01999970375
-2.071980975e-06
0.01999975676
-2.337533586e-06
0.01999980638
-2.542006602e-06
-2.812830812e-06
0.02332541059
-0.001222863891
0.02345363601
-0.0008939622003
0.02352688569
-0.0005877595014
0.02353350204
-0.0002233725175
0.02340385914
0.000221039153
0.02323320561
0.00062394073
0.02302821971
0.000957568656
0.02278634935
0.001239669731
0.02252006227
0.001466348748
0.02224276284
0.001633816003
0.02197262319
0.001734561018
0.02170582286
0.001795253204
0.02146119824
0.001792941357
0.02125184406
0.00173881491
0.02105244846
0.001697071321
0.02086833376
0.00161708781
0.02070948233
0.001500637396
0.02057401509
0.001413665371
0.02046012352
0.001313423962
0.02036961067
0.001201296502
0.0203091174
0.001079478789
0.0202395873
0.0009937771337
0.02015152797
0.0008929134135
0.02012960407
0.0007728535126
0.02018608773
0.0005993069884
0.02018970293
0.0006068527001
0.02016912554
0.0005753059701
0.02012313106
0.0005058085586
0.02002466286
0.0004121912317
0.01998233084
0.0003942807076
0.01997205372
0.0003570512816
0.01996839154
0.0003151903842
0.01996667482
0.0002771881909
0.01996631101
0.0002433770539
0.01996697158
0.0002134411547
0.01996836118
0.0001870755484
0.01997022171
0.0001639692026
0.01997233878
0.000143795336
0.01997454803
0.0001262147171
0.01997673604
0.0001108923456
0.01997883354
9.751777835e-05
0.01998207443
8.105652265e-05
0.01998383643
7.014025803e-05
0.01998546073
6.115506796e-05
0.01998694968
5.325960424e-05
0.01998830807
4.631891337e-05
0.01998954185
4.02158564e-05
0.01999065831
3.484782816e-05
0.01999166534
3.012498846e-05
0.01999257125
2.596809226e-05
0.01999338461
2.23082319e-05
0.01999411365
1.90852846e-05
0.01999476625
1.624656463e-05
0.01999534986
1.374586055e-05
0.01999587137
1.154312377e-05
0.01999633695
9.602724545e-06
0.01999675243
7.893532718e-06
0.01999712297
6.388406122e-06
0.01999745358
5.062935458e-06
0.01999774851
3.896344238e-06
0.0199980118
2.870124842e-06
0.01999824689
1.967829481e-06
0.01999845729
1.175203225e-06
0.0199986454
4.801397461e-07
0.01999881451
-1.289263927e-07
0.01999896636
-6.613978715e-07
0.01999910336
-1.125438923e-06
0.01999922726
-1.528326505e-06
0.01999933984
-1.876532742e-06
0.01999944266
-2.174796523e-06
0.01999953709
-2.431968676e-06
0.01999962492
-2.629836955e-06
-2.891965307e-06
0.02374111378
-0.0014439021
0.02391836404
-0.001071212472
0.0239638613
-0.0006332567724
0.02391326593
-0.0001727771466
0.02377397663
0.000360328447
0.02357691056
0.0008210067949
0.02332303361
0.001211445591
0.0230238485
0.001538854869
0.02270557233
0.001784624896
0.02237666254
0.001962725793
0.02206653394
0.002044689621
0.02175630604
0.002105481112
0.02146100027
0.002088247124
0.02119798875
0.002001826426
0.02097034421
0.001924715866
0.02078565954
0.001801772489
0.0206533128
0.001632984137
0.02054996384
0.001517014325
0.02044493045
0.001418457342
0.02037244401
0.001273782936
0.0203577009
0.001094221892
0.02031804173
0.001033436303
0.02026291142
0.0009480437097
0.02019572816
0.0008400367685
0.02008405056
0.0007109845918
0.02002917344
0.0006617298174
0.02000933099
0.0005951484147
0.01998953583
0.0005256037179
0.01994343765
0.0004582894109
0.01993034046
0.0004073779032
0.01992906947
0.0003583222713
0.01993023237
0.0003140274902
0.01993274606
0.0002746745015
0.01993627031
0.0002398528033
0.01994049424
0.0002092172267
0.01994512491
0.0001824448797
0.01994989801
0.0001591961004
0.01995459672
0.0001390966288
0.01995906606
0.0001217453786
0.01996321483
0.0001067435836
0.01996772315
9.300945674e-05
0.01997176148
7.701819717e-05
0.01997479036
6.711138056e-05
0.01997751817
5.842726447e-05
0.01997997167
5.08061105e-05
0.01998217495
4.411562766e-05
0.01998415011
3.824070146e-05
0.01998591711
3.308083249e-05
0.01998749527
2.854683075e-05
0.01998890276
2.456059662e-05
0.01999015658
2.105441644e-05
0.01999127284
1.796902498e-05
0.01999226603
1.525337486e-05
0.019993149
1.286289372e-05
0.01999393402
1.075811104e-05
0.01999463157
8.905173045e-06
0.01999525138
7.273726577e-06
0.01999580229
5.837500847e-06
0.01999629176
4.573468363e-06
0.01999672695
3.461152711e-06
0.0199971142
2.482875666e-06
0.01999745898
1.623050391e-06
0.01999776616
8.680236071e-07
0.01999804051
2.05788024e-07
0.01999828597
-3.743815429e-07
0.01999850582
-8.812497949e-07
0.01999870342
-1.323037039e-06
0.01999888162
-1.706526781e-06
0.01999904298
-2.037899903e-06
0.01999918997
-2.321786805e-06
0.01999932433
-2.566323202e-06
0.01999944916
-2.754672053e-06
-3.003975635e-06
0.02422760699
-0.001706267576
0.02441064188
-0.001254247378
0.02449979743
-0.0007224123291
0.02440300112
-7.598084599e-05
0.02423286632
0.0005304632665
0.02399038016
0.001063492948
0.02368193332
0.001519892402
0.02331510571
0.001905682473
0.02293082471
0.002168905914
0.02251678701
0.002376763489
0.02211024225
0.002451234376
0.02173610725
0.002479616114
0.02141332755
0.002411026816
0.02115805801
0.002257095953
0.02094534397
0.002137429893
0.02073336546
0.002013750997
0.02054997753
0.001816372067
0.02046016182
0.001606830027
0.0203656284
0.001512990766
0.02025866303
0.001380748299
0.02013461214
0.001218272776
0.02006001043
0.00110803801
0.02001607099
0.0009919831459
0.01997670899
0.0008793987568
0.01991550731
0.0007721862743
0.01989232336
0.0006849137674
0.01988470147
0.0006027703055
0.01988148479
0.0005288204004
0.01987689341
0.0004628807835
0.01987936856
0.0004049027587
0.01988430492
0.0003533859112
0.01989053401
0.0003077983993
0.01989769734
0.0002675111734
0.01990548875
0.0002320613966
0.01991360821
0.0002010977696
0.0199217546
0.0001742984844
0.01992964951
0.0001513011907
0.01993707227
0.0001316738799
0.01994388354
0.0001149341097
0.01995002836
0.0001005987683
0.01995696094
8.607687405e-05
0.01996176567
7.221347253e-05
0.01996604094
6.283611213e-05
0.01996984961
5.461859637e-05
0.01997324546
4.741026363e-05
0.01997627298
4.108811531e-05
0.01997896934
3.554434044e-05
0.01998136776
3.068241591e-05
0.01998349891
2.641567929e-05
0.01998539064
2.266886854e-05
0.01998706921
1.937584399e-05
0.01998855773
1.648051168e-05
0.01998987762
1.393348735e-05
0.01999104789
1.169261902e-05
0.01999208524
9.720763677e-06
0.01999300492
7.985497295e-06
0.01999382035
6.458303916e-06
0.01999454327
5.114580639e-06
0.01999518473
3.932007757e-06
0.01999575392
2.891973935e-06
0.01999625945
1.977344436e-06
0.01999670873
1.173765875e-06
0.01999710852
4.68238319e-07
0.01999746494
-1.50634488e-07
0.01999778293
-6.923682012e-07
0.01999806751
-1.165835798e-06
0.01999832281
-1.578332762e-06
0.01999855261
-1.936325259e-06
0.01999876051
-2.24580377e-06
0.01999894934
-2.510616648e-06
0.01999912196
-2.738948914e-06
0.0199992819
-2.914607092e-06
-3.147248973e-06
0.02485477092
-0.002041551442
0.02501865398
-0.001418130446
0.02505551156
-0.0007592699103
0.02497568291
3.84782144e-06
0.02479810534
0.0007080408168
0.02450509163
0.001356506665
0.02412676777
0.001898216281
0.02364863124
0.002383818972
0.02313036296
0.002687174186
0.02262818595
0.002878940496
0.02218374467
0.002895675641
0.02178454067
0.002878820111
0.02139526744
0.002800300034
0.02105593469
0.002596428697
0.02084149709
0.002351867488
0.02063686923
0.002218378863
0.02042416672
0.002029074576
0.02022304361
0.001807953133
0.02009446363
0.001641570743
0.02000516458
0.001470047345
0.01991996766
0.00130346969
0.01987091152
0.001157094148
0.01984120199
0.001021692681
0.01982178567
0.0008988150692
0.0198060229
0.0007879490484
0.01980173761
0.0006891990567
0.01980329111
0.0006012168055
0.01980862101
0.0005234904943
0.01981638733
0.0004551144686
0.01982622378
0.0003950663037
0.01983730803
0.0003423016645
0.01984922372
0.0002958827044
0.01986164278
0.0002550921164
0.01987425438
0.0002194497925
0.01988672786
0.0001886242891
0.01989872597
0.0001623003811
0.01990995176
0.0001400753994
0.0199201972
0.0001214284444
0.01992936858
0.0001057627317
0.0199374782
9.24891576e-05
0.01994609295
7.746212172e-05
0.01995228971
6.601672234e-05
0.01995775827
5.736755158e-05
0.0199626009
4.977597306e-05
0.01996689746
4.311370291e-05
0.01997071123
3.727434991e-05
0.01997409413
3.216143716e-05
0.019977092
2.768455247e-05
0.01997974626
2.376142062e-05
0.01998209524
2.031988567e-05
0.01998417367
1.729741319e-05
0.01998601285
1.464133267e-05
0.0199876403
1.23060408e-05
0.01998908046
1.025246217e-05
0.01999035497
8.446253137e-06
0.01999148322
6.857253603e-06
0.019992482
5.459522062e-06
0.0199933666
4.229983971e-06
0.01999415029
3.148326275e-06
0.01999484502
2.197246996e-06
0.01999546121
1.361155776e-06
0.01999600837
6.266080323e-07
0.01999649476
-1.815048913e-08
0.01999692761
-5.834899448e-07
0.01999731372
-1.078479186e-06
0.01999765875
-1.510862529e-06
0.0199979679
-1.887481818e-06
0.01999824594
-2.214371908e-06
0.01999849707
-2.496934337e-06
0.01999872502
-2.738565892e-06
0.01999893315
-2.94707493e-06
0.0199991258
-3.107262894e-06
-3.319660407e-06
0.02550980703
-0.002427886212
0.02576763082
-0.001675954229
0.02580189566
-0.0007935347767
0.02572414138
8.160210618e-05
0.02552855592
0.0009036262745
0.02512931385
0.001755748739
0.02458868967
0.002438840465
0.02398029156
0.002992217086
0.02337098815
0.003296477576
0.02276691288
0.003483015757
0.02217270251
0.003489886019
0.02172237415
0.003329148464
0.02130298745
0.003219686732
0.02090372028
0.002995695855
0.02054870149
0.002706886278
0.02030318505
0.002463895299
0.02012303262
0.002209227011
0.01996978609
0.001961199656
0.01987183998
0.001739516858
0.01980616098
0.001535726345
0.01975817116
0.001351459509
0.01972898486
0.001186280452
0.0197125215
0.001038156035
0.0197056185
0.0009057180703
0.0197058819
0.0007876856458
0.01971205699
0.0006830239693
0.01972247693
0.0005907968618
0.01973597917
0.0005099882492
0.01975165691
0.0004394367183
0.01976883482
0.0003778883996
0.01978700015
0.0003241363283
0.01980570648
0.0002771763721
0.01982450313
0.0002362954696
0.01984291353
0.0002010393841
0.01986046383
0.0001710739983
0.01987674446
0.0001460197541
0.01989147344
0.0001253464232
0.01990453177
0.0001083701146
0.019915955
9.433951113e-05
0.01992593263
8.251152452e-05
0.01993604797
6.734679091e-05
0.01994352754
5.853715875e-05
0.01995010314
5.079194747e-05
0.01995590906
4.397006399e-05
0.0199610461
3.797665633e-05
0.01996559211
3.272834689e-05
0.01996961217
2.814137213e-05
0.01997316431
2.413241981e-05
0.01997630129
2.062443539e-05
0.0199790717
1.754947767e-05
0.0199815187
1.4850413e-05
0.01998368065
1.247938761e-05
0.01998559104
1.039564913e-05
0.01998727951
8.563995418e-06
0.01998877218
6.953590827e-06
0.01999009183
5.537608883e-06
0.01999125909
4.292260313e-06
0.01999229176
3.197315104e-06
0.01999320584
2.234252757e-06
0.0199940155
1.387586269e-06
0.01999473302
6.436413737e-07
0.0199953696
-9.971423157e-09
0.01999593501
-5.835632587e-07
0.01999643789
-1.08636258e-06
0.01999688589
-1.526481853e-06
0.01999728597
-1.910941077e-06
0.01999764424
-2.245758336e-06
0.0199979663
-2.536427199e-06
0.01999825673
-2.787370139e-06
0.01999852054
-3.002371885e-06
0.01999876081
-3.187346367e-06
0.01999898346
-3.329920505e-06
-3.518505672e-06
0.02628537252
-0.0006063203549
-0.0006064286338
0.02649756416
-0.000543583709
-0.0004008351168
-0.000542848725
-0.0004008783015
0.02649464921
-0.0007906198165
0.02644561399
0.0001306373221
0.02614387515
0.001205365117
0.02566196938
0.00223765449
0.02504935723
0.003051452629
0.02431499829
0.00372657602
0.02349944191
0.004112033964
0.02279040433
0.004192053326
0.02207338353
0.004206906815
0.02140599487
0.00399653712
0.02090137743
0.003724304162
0.02051527452
0.003381798759
0.02020197491
0.003020185895
0.01998709722
0.002678772994
0.0198373652
0.002358959035
0.01973011455
0.002068450302
0.01966037862
0.00180925279
0.01961665522
0.001579449743
0.01959160592
0.00137650881
0.01958051554
0.001197370828
0.01957952971
0.001039141868
0.01958592994
0.0008993178401
0.01959775493
0.0007758606552
0.01961365269
0.0006671262047
0.01963275443
0.0005716951153
0.01965452142
0.0004882212503
0.01967856982
0.0004153883128
0.01970448604
0.0003519721788
0.01973168119
0.0002969411737
0.01975934608
0.0002495114855
0.01978652724
0.0002091143015
0.01981228749
0.00017527914
0.01983587698
0.0001474845064
0.01985684772
0.0001250490231
0.01987507915
0.000107114999
0.0198907221
9.272716698e-05
0.01990409485
8.096676715e-05
0.01991720014
6.940623532e-05
0.01992704907
5.749787329e-05
0.01993565213
4.993409403e-05
0.01994321921
4.322486869e-05
0.01994989862
3.729065615e-05
0.01995579951
3.207577493e-05
0.01996100908
2.75187771e-05
0.019965604
2.354644446e-05
0.01996965439
2.008203039e-05
0.01997322483
1.705399685e-05
0.01997637334
1.440097048e-05
0.01997915083
1.207292734e-05
0.01998160203
1.002818997e-05
0.01998376587
8.231815197e-06
0.01998567662
6.653239175e-06
0.0199873641
5.266116523e-06
0.01998885486
4.046854554e-06
0.01999017216
2.974964464e-06
0.01999133704
2.032439372e-06
0.01999236718
1.204108207e-06
0.01999327894
4.758289327e-07
0.01999408665
-1.640629766e-07
0.01999480271
-7.260325054e-07
0.01999543836
-1.219206416e-06
0.01999600338
-1.651387847e-06
0.01999650643
-2.029526795e-06
0.01999695547
-2.359980477e-06
0.01999735733
-2.647625722e-06
0.01999771823
-2.897321351e-06
0.01999804379
-3.112933969e-06
0.01999833889
-3.2974786e-06
0.01999860812
-3.456570328e-06
0.01999885696
-3.578766108e-06
-3.740841438e-06
-0.006660376312
0.006651806875
-0.0005350226343
8.359596027e-09
0.02575764575
-0.0002502969285
-0.0066188617
-0.006294534236
-0.006619221771
-0.006294768782
-0.0001104408238
-0.0002498544418
-0.0001102868857
0.02556818215
0.0003201009391
0.02531266779
0.001460879478
0.02490033219
0.002649990087
0.02427637391
0.003675410909
0.02362349712
0.004379452797
0.02284098194
0.004894549152
0.02202500123
0.00500803404
0.02133856605
0.004893342005
0.02076244372
0.004572659443
0.02032961532
0.004157132564
0.02000747824
0.003703935838
0.01977090228
0.003256761848
0.01960978761
0.00283988767
0.01950481799
0.002463928657
0.0194412112
0.002132057087
0.01940785456
0.001842609435
0.01939569039
0.001591613913
0.01939798697
0.001374212228
0.01940980044
0.001185557361
0.01942765231
0.001021289986
0.01944927531
0.0008776948392
0.01947344855
0.0007516874118
0.01949983608
0.0006407386678
0.01952871863
0.0005428125624
0.01956058474
0.0004563551334
0.01959566363
0.0003803094172
0.01963355887
0.0003140769365
0.01967313439
0.0002573656536
0.01971270238
0.0002099434963
0.01975042871
0.0001713879712
0.01978477737
0.0001409304838
0.01981481777
0.0001174441101
0.01984030643
9.95603606e-05
0.0198615642
8.585724138e-05
0.01987924117
7.505020299e-05
0.01989407766
6.613027727e-05
0.01990837463
5.510926594e-05
0.01991925953
4.661298559e-05
0.01992880881
4.038480764e-05
0.01993723703
3.479665606e-05
0.01994468487
2.984281942e-05
0.01995125783
2.550281414e-05
0.01995704851
2.172809244e-05
0.0199621442
1.845075863e-05
0.01996662738
1.559884615e-05
0.01997057354
1.310784023e-05
0.0199740493
1.092521886e-05
0.01997711283
9.0093948e-06
0.01997981425
7.326774839e-06
0.01998219717
5.848898719e-06
0.01998429953
4.55087375e-06
0.01998615502
3.41063643e-06
0.01998779313
2.408746615e-06
0.01998923989
1.528202101e-06
0.01999051812
7.54216288e-07
0.01999164806
7.416707105e-08
0.01999264786
-5.23959943e-07
0.01999353298
-1.04918882e-06
0.01999431732
-1.510367906e-06
0.0199950131
-1.914980305e-06
0.01999563129
-2.269581085e-06
0.01999618163
-2.579866559e-06
0.01999667247
-2.850822469e-06
0.01999711164
-3.086799218e-06
0.01999750585
-3.291526364e-06
0.01999786128
-3.468366298e-06
0.01999818349
-3.619694223e-06
0.01999847697
-3.750046193e-06
0.01999874849
-3.850295436e-06
-3.983162755e-06
-0.001405291722
0.0001072764216
0.001379709649
-8.099227351e-05
-7.020759376e-07
-0.005064180567
0.00498145235
-0.0001676050123
3.629260585e-08
0.01807450295
-0.0003332567198
-0.004908015564
-0.003802576805
-0.004908467756
-0.003802085173
0.01864113927
0.0008942431593
0.01911165096
0.002179478405
0.01931755249
0.003469509381
0.0192997666
0.004397238677
0.01922805514
0.004966260608
0.01910166289
0.005134426294
0.01899252927
0.005002475616
0.01890068361
0.004664505108
0.01884037638
0.004217439794
0.01881177088
0.00373254134
0.01881193371
0.003256599014
0.01883581048
0.002816010905
0.01887689747
0.002422841667
0.01892919626
0.002079758293
0.01898765147
0.001784154234
0.01904832
0.001530945379
0.01910830387
0.001314228352
0.01916567838
0.00112818285
0.01921948176
0.000967486603
0.01926973094
0.000827445653
0.01931737533
0.0007040430097
0.01936406593
0.0005940480685
0.01941167558
0.0004952029067
0.01946165278
0.0004063779291
0.01951443553
0.0003275266619
0.01956918148
0.0002593309829
0.01962395177
0.0002025953635
0.01967628102
0.0001576142423
0.01972389287
0.0001237761284
0.01976527583
9.954752288e-05
0.01979993051
8.278943318e-05
0.01982826722
7.122365566e-05
0.01985127505
6.284941677e-05
0.01987013666
5.618859725e-05
0.01988608837
5.017857591e-05
0.01990111893
4.007871072e-05
0.01991285792
3.487399353e-05
0.01992321457
3.002816516e-05
0.0199323772
2.563402151e-05
0.0199404713
2.174872813e-05
0.0199476017
1.83724123e-05
0.0199538698
1.545998828e-05
0.0199593753
1.294525692e-05
0.01996421229
1.07618613e-05
0.01996846543
8.854696306e-06
0.01997220857
7.182087521e-06
0.01997550517
5.712790657e-06
0.01997840987
4.422082346e-06
0.01998097007
3.288704354e-06
0.01998322723
2.293715627e-06
0.01998521786
1.420000911e-06
0.01998697398
6.526320384e-07
0.01998852382
-2.163243792e-08
0.0199898923
-6.142631813e-07
0.01999110149
-1.135017083e-06
0.01999217024
-1.592702598e-06
0.01999311573
-1.994676763e-06
0.01999395293
-2.347564983e-06
0.01999469509
-2.657139125e-06
0.01999535391
-2.928404734e-06
0.01999593979
-3.165741989e-06
0.01999646195
-3.372989717e-06
0.0199969286
-3.553445973e-06
0.01999734707
-3.710004673e-06
0.01999772392
-3.845215979e-06
0.01999806516
-3.960934435e-06
0.0199983757
-4.060592965e-06
0.01999866263
-4.137225968e-06
-4.238799261e-06
-0.0004767257383
6.685445953e-05
-7.424620446e-05
-1.872923315e-07
0.0004843047757
-0.0005221734195
0.0003549868761
0.002056497911
-3.025048528e-08
-0.0004321905678
-0.0005194826544
-0.0004307323888
-0.0001330298932
-0.0001314535025
-0.0001203037696
-0.0001220883439
0.008171647923
-0.0004139646973
-0.002170315053
-0.001446510047
-0.00217042706
-0.001446568193
-0.0002216047829
-0.000414469557
-0.0002210452456
0.009033066307
3.282476384e-05
0.009906886002
0.001305658699
0.01083785934
0.002538536047
0.01178776642
0.003447331605
0.0127251407
0.004028886333
0.01360159175
0.004257975248
0.01440411697
0.004199950391
0.01512294481
0.003945677266
0.01575764142
0.003582743187
0.01631211433
0.003178068425
0.01679299911
0.002775714224
0.01720815048
0.00240085954
0.01756567939
0.002065312754
0.01787322263
0.001772215051
0.0181376044
0.00151977247
0.01836477604
0.001303773734
0.01855991842
0.001119085972
0.01872765938
0.000960441876
0.01887233136
0.000822814624
0.01899815186
0.0007016251419
0.01910921914
0.0005929757257
0.01920928391
0.000493983295
0.01930136296
0.0004031238468
0.01938736133
0.0003203795507
0.0194679037
0.0002469842949
0.01954250274
0.00018473194
0.01961003971
0.0001350583979
0.01966938505
9.826890517e-05
0.01971992701
7.323416829e-05
0.01976183198
5.764255725e-05
0.01979599296
4.862845815e-05
0.01982375417
4.346245556e-05
0.01984656489
4.003869865e-05
0.01986570074
3.705275365e-05
0.01988383643
3.204288383e-05
0.01989800184
2.591330225e-05
0.0199104754
2.240043887e-05
0.01992148508
1.901848898e-05
0.01993118552
1.593357701e-05
0.01993970768
1.322657094e-05
0.01994717802
1.090207659e-05
0.01995372018
8.917823334e-06
0.01995945026
7.215175302e-06
0.01996447238
5.739750205e-06
0.01996887702
4.450052737e-06
0.01997274191
3.317197508e-06
0.01997613379
2.320913389e-06
0.0199791105
1.445372208e-06
0.01998172245
6.767637966e-07
0.01998401376
2.405705806e-09
0.01998602345
-5.896852593e-07
0.01998778553
-1.109451164e-06
0.01998933
-1.566093077e-06
0.01999068309
-1.967354385e-06
0.01999186801
-2.319932553e-06
0.01999290504
-2.629725132e-06
0.01999381217
-2.901802613e-06
0.01999460525
-3.14064344e-06
0.01999529823
-3.350117074e-06
0.01999590349
-3.533668787e-06
0.01999643198
-3.69423288e-06
0.01999689341
-3.834420565e-06
0.01999729645
-3.956487861e-06
0.01999764883
-4.062382583e-06
0.01999795745
-4.153838743e-06
0.0199982286
-4.232088656e-06
0.0199984675
-4.299494956e-06
0.01999868345
-4.353174717e-06
-4.418148284e-06
-2.116715869e-05
0.0001660883496
5.214599659e-09
-0.0001891893635
4.426295818e-05
-9.903415886e-05
0.0001868550341
0.0001068492751
-0.0001936407189
-1.029431568e-06
-0.000240383232
0.0002022916703
-0.0003759366132
6.347087117e-08
-0.0006472789226
-0.0001353596512
-0.000112486277
0.0005202168032
-0.0001125473392
0.0005202801476
4.459533013e-05
0.0006137844366
0.001282440351
0.001300691018
0.002841438705
0.001888333255
0.004601173453
0.002269151588
0.006419692112
0.002439456582
0.008179960059
0.002439682445
0.009810335984
0.002315301349
0.01127477531
0.002118303859
0.01256203821
0.001890805519
0.01367723525
0.001660517175
0.01463474721
0.001443347566
0.01545295242
0.001247107551
0.0161508108
0.001074356661
0.01674602068
0.0009245625932
0.01725422854
0.0007955658653
0.01768883416
0.0006844803508
0.01806108781
0.0005881882299
0.01838028763
0.0005036148066
0.0186539732
0.0004279395679
0.01888809358
0.0003588553435
0.01908721472
0.0002948621431
0.01925483321
0.0002355053447
0.01939381179
0.0001814009659
0.01950686606
0.0001339300241
0.01959696347
9.463453161e-05
0.01966749941
6.45224599e-05
0.01972219799
4.357032202e-05
0.01976480135
3.063080746e-05
0.01979869112
2.375279742e-05
0.01982659186
2.072772016e-05
0.01985044448
1.960984504e-05
0.01987145558
1.902760321e-05
0.01989026617
1.824216514e-05
0.01990818298
1.412608e-05
0.01992231813
1.177815681e-05
0.01993473162
9.986948173e-06
0.01994552812
8.221989719e-06
0.01995485106
6.610637641e-06
0.01996286881
5.208818299e-06
0.0199697528
4.018091295e-06
0.01997566
3.010617122e-06
0.01998072478
2.150402775e-06
0.0199850586
1.405923585e-06
0.01998875411
7.545463245e-07
0.0199918898
1.815155506e-07
0.0199945336
-3.228893908e-07
0.01999674532
-7.663442608e-07
0.01999857764
-1.155550723e-06
0.02000007697
-1.496923721e-06
0.02000128375
-1.79646508e-06
0.02000223369
-2.059387095e-06
0.02000295791
-2.290314046e-06
0.02000348379
-2.493225769e-06
0.02000383536
-2.671500665e-06
0.02000403377
-2.828127182e-06
0.02000409764
-2.965672679e-06
0.02000404338
-3.086380893e-06
0.02000388552
-3.192250089e-06
0.02000363684
-3.284988213e-06
0.02000330872
-3.366112668e-06
0.02000291124
-3.436946326e-06
0.02000245336
-3.498612369e-06
0.02000194309
-3.552116627e-06
0.02000138757
-3.598315786e-06
0.02000079333
-3.637847426e-06
0.02000016689
-3.673063379e-06
0.01999952604
-3.712322132e-06
-3.717372766e-06
8.561511847e-05
0.0001840033521
2.431337444e-08
-0.0001544276023
-0.0001152151817
0.0002154720093
0.0001694481404
-0.0001345567936
-8.411832611e-07
-0.0002495221731
0.0003457697997
0.0003757946971
-0.001717171346
-0.0001783482254
4.439712983e-09
0.0003939197389
0.0003642259396
0.0004158049577
-0.008170140895
0.001857355945
0.002159733181
0.001857378062
0.002159728423
-0.007557173594
-0.006257449012
-0.004370005209
-0.00210144388
0.0003378149509
0.002777647672
0.005093351545
0.007212184739
0.009103546688
0.01076458261
0.01220837243
0.01345582966
0.01453045684
0.01545520544
0.01625088148
0.01693541329
0.01752361123
0.01802720094
0.01845509733
0.0188139042
0.01910872056
0.01934418708
0.01952555658
0.01965946122
0.01975407509
0.0198185806
0.01986213714
0.01989275705
0.01991650155
0.01993722309
0.01995682813
0.01997585189
0.01999409008
0.0200082115
0.02001998433
0.02002996506
0.02003818014
0.02004478347
0.02004998484
0.02005399558
0.02005699916
0.02005914295
0.02006054277
0.02006129174
0.02006146818
0.02006114067
0.02006037008
0.0200592106
0.02005771003
0.02005591016
0.02005384759
0.02005155429
0.02004905826
0.0200463841
0.02004355346
0.02004058539
0.02003749671
0.02003430226
0.02003101515
0.02002764698
0.02002420805
0.02002070752
0.02001715356
0.02001355346
0.02000991388
0.02000623914
0.02000252518
0.0001491845261
-3.458028831e-08
1.388107753e-07
-0.0001704559198
-0.0001675319467
-7.106200748e-05
9.941965531e-08
0.0001792158653
5.927866936e-05
0.000149081534
2.113109841e-05
-2.040103458e-08
2.134752257e-07
-0.0001704057065
-0.0001675197291
-7.109160688e-05
1.002383131e-07
0.0001792125615
5.929853624e-05
4.234652132e-08
6.075745644e-05
-0.0001427166446
-9.506270843e-05
3.667852986e-08
5.485193333e-05
4.019190936e-05
-8.562086032e-05
3.176579913e-08
6.073560495e-05
-0.0001426662403
-9.507015315e-05
4.109465719e-08
5.484242782e-05
4.020116961e-05
5.238520269e-05
-0.0004645117092
-6.450146631e-05
-9.777185947e-08
7.800812626e-05
-5.074361259e-08
-4.411703114e-05
0.0001153441705
5.227927276e-05
0.0004767146277
-7.600060197e-08
-0.0004644484391
-6.446946107e-05
7.789386387e-05
-3.034689153e-08
-4.410495832e-05
0.0001153229745
-3.331731414e-07
-0.0001027678915
3.670166329e-09
-3.322980918e-05
-0.0001031453621
-3.301595585e-05
-3.677047761e-07
6.29077439e-05
-6.234456283e-05
6.2447848e-05
-6.341801031e-05
1.23375389e-09
0.0001791814739
0.0001812714292
-0.000144588108
-3.927800495e-07
-3.130902877e-08
5.901856642e-05
-0.0001540311192
-0.0003205561331
5.2706355e-05
0.0002683652311
-5.104435072e-07
0.0001840329822
4.656004191e-09
-0.0001544033526
-0.0001152551498
0.0001791222348
-0.0002154403232
-3.685831632e-07
0.0001812698862
-0.0001445832146
-2.925647743e-08
5.900390542e-05
-0.0001540334117
-0.0003205455713
-5.048798633e-07
5.26630397e-05
0.0002683833088
-0.0001097021461
1.687570585e-08
6.45883316e-09
-3.788131623e-05
3.039264558e-07
0.0001094897492
-4.578563943e-05
3.539349451e-09
-4.613947405e-05
-3.756687853e-05
-3.156886408e-07
-0.0001027804044
-3.324414001e-05
-0.0001031813272
-3.306869916e-05
-0.0001097171482
2.813194862e-08
-3.789294032e-05
3.003547491e-07
0.0001095300695
-6.293695234e-05
-4.579317199e-05
-6.245381349e-05
-4.614511685e-05
-3.759507147e-05
0.0001299971058
-5.455169318e-05
-2.623558406e-07
-7.661039869e-05
1.457594162e-09
1.425884283e-06
6.113075287e-05
-0.0001425563703
1.706733224e-09
-8.575031154e-05
0.0001672165754
-5.762761605e-08
-0.0001296659592
0.0001281364949
1.00848389e-07
5.411253916e-05
-0.0001049998234
-9.193021383e-05
2.690638329e-09
0.0001276495274
-0.0001047924925
6.367107326e-10
-9.221535225e-05
-7.691308295e-05
1.097317863e-06
-4.360578924e-05
-3.637450681e-05
6.334683048e-08
6.15298514e-10
3.30593966e-06
5.472148481e-05
4.069754353e-05
2.374821273e-10
-9.536504752e-05
7.45070349e-09
4.324743213e-05
-9.340277088e-05
-8.522930816e-08
3.648748556e-05
3.798692321e-06
6.7173513e-10
-9.367001605e-05
1.661827722e-10
4.24679305e-06
2.885163979e-06
-3.70662658e-07
-6.237089977e-05
-6.342454064e-05
0.0001300070866
-5.455438452e-05
-2.623815227e-07
-7.661478889e-05
1.425948185e-06
6.112956189e-05
-0.000142560322
0.0001672195913
-8.575535947e-05
-5.784969752e-08
-0.0001296871493
0.0001281097172
1.066191846e-07
5.412397181e-05
-0.0001049873927
-9.190944144e-05
0.0001276569384
-0.0001047967644
-9.221069105e-05
-7.692366423e-05
1.098101764e-06
-4.360636766e-05
-3.637653613e-05
6.274225129e-08
3.30599348e-06
5.472158208e-05
4.069773222e-05
-9.536170018e-05
1.25043718e-08
4.325372983e-05
-9.34111975e-05
-8.342542057e-08
3.649322441e-05
3.799554472e-06
-9.366839067e-05
4.246773218e-06
2.886026675e-06
0.0001243265897
-0.001430010639
-9.92579469e-05
-3.497394688e-07
0.0007111928311
-0.0007135206202
-4.109445306e-08
5.475409092e-05
0.001405178356
0.0001245789712
-3.79160066e-07
-0.001430160307
-9.921786202e-05
0.0007122389105
-8.095727624e-08
-0.0007136406539
5.376196537e-05
3.145218861e-08
0.0003399696682
-0.001216219637
-0.001348551183
-0.00134629633
-0.001216919815
-7.970233208e-05
-5.923721669e-05
-5.639594298e-05
-8.08592518e-05
-1.372774159e-07
6.3814855e-05
0.0007143697166
-8.385495078e-05
0.0007691283973
4.512723898e-05
-0.0007306426445
2.419584361e-07
0.0001072278498
-7.019448598e-07
0.001379629891
-8.097742295e-05
0.0003402941205
0.005063819361
-0.001216095115
-0.001348520584
-0.001346304126
-0.001216643237
-7.978769721e-05
-5.927211591e-05
-5.642096206e-05
-8.103817081e-05
-6.576624394e-05
-8.558753005e-08
6.137672607e-05
0.000716714024
-8.386133786e-05
0.0007691265745
2.365915623e-07
4.523473423e-05
-0.0007307365629
-2.432560761e-08
0.0004584736867
4.083805439e-05
0.0004583694556
5.350828908e-09
4.09927983e-05
-0.0005161145898
-8.881122164e-05
-1.102548665e-06
-1.368255033e-07
0.0001337065784
0.0001105267172
-0.0001884593974
0.0001907826835
0.000160706141
-0.0001628163441
-2.130830035e-07
-1.285971247e-07
-7.412543645e-05
0.0004852024267
0.0005223461397
-1.129436138e-06
-0.0005162076315
-8.887039445e-05
-0.0001661598673
-9.472443136e-08
0.0001336409533
0.0001105075117
-0.0001884260927
0.0001908521026
-2.331325071e-07
0.0001606903262
-0.0001628832036
-8.347441622e-05
-0.0002035768257
-4.423172281e-07
4.074694369e-08
0.0001990959282
-8.619534545e-05
-0.0001449610958
0.0001242134331
-1.442754179e-07
0.0002000734138
-1.995657081e-08
-0.0001892283922
4.421958354e-05
9.900966366e-05
-4.18310816e-07
-8.34481446e-05
-0.0002035693118
3.625617148e-08
0.0001990742987
-8.616918308e-05
-0.0001449745478
-1.753742556e-07
0.0001242264227
0.0002000457326
1.455505314e-08
0.0006493882878
-3.385474936e-05
-0.0001007222603
-9.794573661e-05
-3.638426716e-05
-0.0001638337204
-0.0001461349011
-0.0001460504073
-0.0001648600487
-4.013468754e-07
0.0001900741962
-0.0001651857959
-0.0001287491421
-0.0001880429714
0.0001259823269
0.0001917437078
-9.33921352e-07
0.0001868092355
-1.010379475e-06
0.0001068776601
-0.000193666853
0.0006495935923
0.0002401538809
-3.385795217e-05
-0.0001007759547
-9.792803693e-05
-3.638159905e-05
-0.0001638356919
-0.0001460217559
-0.0001460687589
-0.0001648631594
-0.0001693559775
-4.315320455e-07
0.0001900497046
-0.0001652367397
-0.000128785653
-0.0001879734097
-9.163392281e-07
0.0001259342375
0.0001917411643
-0.0001541635444
-0.0001154785095
1.828075851e-09
0.0001839142211
8.971654312e-09
-0.0001338063262
-0.0001125604646
-0.000134012378
-0.0001123582677
7.153561793e-10
0.0001555113981
7.082248043e-08
-0.0001775151079
-0.0001120810876
1.593843372e-09
-7.114494088e-08
-0.0001556305651
-0.0001476015354
0.0001880880557
-0.0001479817094
1.157402705e-09
0.00018794229
-0.0001771811739
-0.0001121849082
0.0003093288333
-9.004295314e-05
-2.265223918e-06
4.762223352e-05
-1.163423114e-06
-0.0003670128978
-0.0004665841619
2.939465349e-05
0.0004390920936
-1.911048551e-06
-8.135107996e-07
-0.0001345422891
-0.0002494404918
-0.0003458318879
-2.28342589e-06
0.0003093549856
-9.002531967e-05
-1.157919905e-06
4.760395901e-05
-0.0003669942814
-0.0004665225378
-1.907593764e-06
2.93283054e-05
0.0004390931763
0.0001420138478
-2.730932415e-05
-9.810886576e-08
-0.0001478411478
4.920024281e-09
1.401714576e-07
-0.0001703586364
3.821175735e-10
0.0001491915508
2.099194319e-05
-1.964087364e-08
-0.000142113581
0.000121876676
4.1985838e-08
2.721939609e-05
-0.000180930941
-1.678636752e-05
4.262370597e-09
0.0001216352511
-0.0001807724082
3.574732513e-09
-1.685714455e-05
-0.0001480082543
-4.432134448e-05
-0.0001413509066
-5.373386264e-08
3.522408827e-09
0.0001791200789
5.952863819e-05
2.341178029e-09
-7.133507231e-05
-2.827392563e-08
4.43144261e-05
-4.600123454e-05
3.150686697e-07
0.0001413144493
2.13035024e-09
-4.600407882e-05
2.858067816e-09
0.0001420151137
-2.731643886e-05
-9.304821738e-08
-0.0001478448396
1.738879441e-07
-0.0001703480876
0.0001491414439
2.101274398e-05
-6.255224877e-09
-0.0001420824048
0.0001217700315
2.625161127e-08
2.722183233e-05
-0.000180875231
-1.677855938e-05
0.0001216573987
-0.0001807808109
-1.685389017e-05
-0.0001480223172
-4.433264455e-05
-0.0001413531083
-4.850207199e-08
0.000179118645
5.953499938e-05
-7.13314842e-05
-2.126630489e-08
4.435424485e-05
-4.599564895e-05
3.0342482e-07
0.0001413116521
-4.601394308e-05
4.811266926e-05
0.0002664652239
1.621567671e-09
-6.850588654e-05
1.878674519e-09
-3.057276562e-08
-4.809059076e-05
4.20831473e-05
-6.240577393e-09
-0.0002663456734
-8.469975008e-05
0.0002865502088
-0.0004643261876
-6.468303788e-05
-4.816902568e-09
0.0004767086857
5.220759444e-05
2.359872249e-09
4.212300542e-05
-8.463485433e-05
-1.686184346e-10
0.0002864109805
-6.836983063e-05
-4.410063022e-05
0.0001153057111
-3.32217245e-10
7.793604642e-05
1.061731974e-07
9.386685149e-05
9.388709249e-05
4.967842202e-09
0.0001264401038
-2.071947267e-08
1.990280135e-09
1.25827505e-09
-0.0001264758488
0.0001571190128
2.530350633e-09
0.000157109679
-5.115001194e-08
0.0004584592295
4.094656355e-05
0.0004583902343
4.103676447e-05
4.812211958e-05
0.0002664495093
7.598741019e-09
-6.849978651e-05
-0.0004642896072
-6.464072174e-05
5.223120647e-05
0.0004766183021
-4.651037996e-08
-4.811838025e-05
4.217567746e-05
-1.040876376e-08
-0.0002663070636
-8.466743305e-05
0.0002865154454
4.217856957e-05
-8.463010405e-05
0.0002864282918
-6.83512442e-05
-4.409833572e-05
0.0001153379314
7.787116596e-05
5.614773611e-08
9.386467862e-05
9.389115083e-05
0.000126438755
-5.834393097e-09
-2.292464104e-08
-0.000126482275
0.0001571607356
0.0001571261976
0.0001516209388
-0.0002213127105
1.790085353e-07
-0.0001080043778
2.032329397e-09
-1.818361654e-07
-0.0001517363283
0.0001855880619
-3.63602776e-07
0.0002206929948
-0.0001014655833
-0.0002634519152
0.0001819524124
-0.0001446046188
-1.325984061e-10
-0.0002167716254
0.0001790311875
7.961659097e-10
0.0001854090036
-0.0001013469017
1.993954346e-09
-0.0002649360275
-0.0001080455121
5.892993375e-05
-0.000154308717
6.441605825e-10
-4.029890602e-08
-0.0001469043763
-0.0001471394208
7.754823117e-10
-5.852093741e-05
1.190033474e-07
-0.0002008191923
6.074096285e-10
-1.207997681e-07
5.85778541e-05
-0.0002124739604
-0.0002129380921
1.023577805e-09
-0.0002003924301
-0.0002529334535
-5.611699277e-05
2.260763087e-07
7.934842189e-10
-4.651291336e-07
0.0002520705458
-0.0003003646423
-2.431658974e-07
5.614131381e-05
5.265220539e-05
0.0002692938385
9.181843603e-10
-0.0003224525599
3.545663603e-10
-0.0003020936325
1.582863337e-09
-0.000154181827
-0.0001154817155
0.0001839146547
1.245266329e-08
-0.000133802765
-0.0001125224875
-0.0001340162656
-0.0001123630905
0.0001555183107
7.435320548e-08
-0.0001775189171
-0.0001120884304
-7.28841541e-08
-0.0001556409663
-0.0001476137004
0.000188072399
-0.0001479819696
0.0001879468317
-0.0001771952146
-0.0001121741702
0.00015162634
-0.00022131716
1.796450405e-07
-0.0001080057245
0.0001819465363
-0.0001446118125
0.0001790433407
-0.0002167467703
-1.708979987e-07
-0.0001517266107
0.0001855536974
-3.724100089e-07
0.0002206912822
-0.0001013946903
-0.0002635073958
0.0001854208018
-0.0001013269019
-0.0002649724944
-0.0001080509065
5.893175561e-05
-0.0001543067636
-3.408933605e-08
-0.0001468956886
-0.0001471330361
-5.852004658e-05
1.158967306e-07
-0.0002008167148
-1.209048798e-07
5.857069174e-05
-0.0002124816894
-0.0002129382185
-0.0002003832736
-0.0002529320728
-5.611567164e-05
2.261022205e-07
5.264042626e-05
0.0002692956769
-0.0003224388734
-4.641198311e-07
0.0002520695441
-0.0003003370759
-2.438200856e-07
5.61385344e-05
-0.0003020823111
-0.0006054563349
-5.198472273e-08
-3.46479334e-08
0.006454272507
-0.0001715177332
-0.0001222679959
-0.0001705263
-0.001600386722
-0.001599597003
-0.001634794742
-0.001636277093
-0.0006059101253
0.006660530347
0.006453672348
-0.0001224650774
-0.0001712243455
-0.0001701790199
-0.001600528227
-0.001599687223
-0.00163474937
-0.001636204877
-0.000367856497
-3.345614482e-08
0.00632242314
3.598844205e-08
-9.665098433e-05
-0.0001051913739
-9.409050098e-05
2.096506883e-09
0.006652618816
-0.000534928837
-0.0003675147184
0.006321987303
-0.0001051511426
-9.671369936e-05
-9.411509647e-05
6.527036432e-08
0.001292586957
-0.0001080032926
2.779618007e-09
0.001291890439
-0.0001071876959
6.274585822e-05
-0.001204356126
-1.440293227e-07
-7.4473805e-05
8.462506024e-09
-1.094197618e-06
-6.439830893e-05
-7.603624845e-07
0.001206286635
-0.001216751985
-6.97665411e-05
0.001378738222
-7.977216783e-05
-0.001404855201
-4.346053729e-09
3.080415335e-09
-0.00121633787
-6.852578601e-05
-2.500244738e-08
-7.517552095e-05
-3.698134822e-05
-2.269073223e-08
0.003567066045
3.491234133e-08
-0.0009225493646
-0.0007681426997
-0.0009198986629
-4.468909637e-08
-0.0002724473827
0.004981402711
-0.0001674014793
-3.737462892e-05
0.003566856781
-0.0003545978392
-0.0007681259327
-0.000922503329
-0.0009198696647
-0.0002726477334
-1.359351885e-08
0.0003116078038
-9.929020064e-05
-7.419621159e-05
0.0004842822173
6.644980766e-05
-1.442991956e-08
0.0003114144735
-9.921446637e-05
1.171754178e-09
8.202646305e-05
1.336191355e-07
0.0003452594321
-0.000116006113
1.065927301e-09
-3.672609727e-07
-8.218461361e-05
6.854388048e-05
0.0004983127712
6.864084793e-05
0.0004972949323
5.644168727e-09
0.0003458600133
-0.0001163032047
-0.000386210135
-5.437683001e-08
0.0001576558892
0.0002207371124
-7.552858648e-07
-7.091334289e-08
-0.0002616556479
-0.000258815986
-0.0003295022063
-0.000333287162
0.002056874385
-0.0005195564935
-0.0004321239194
-0.0004305830077
-0.0001331185433
-0.0001314738026
-0.0001202742214
-0.0001220263523
-0.000386254803
-7.809205058e-07
0.0001576515665
0.0002207906859
-0.0002617077764
-0.0002587872464
-0.0003295026048
-0.000333302678
-0.0001892711587
4.396927674e-05
0.000166295413
3.618450391e-09
1.806697675e-09
-4.423728148e-06
-0.0002015538111
-4.613396023e-06
-0.0002015149534
1.849361163e-09
0.0002001505638
2.434235632e-08
5.794500893e-06
-0.0002105851738
2.373572375e-09
-3.329613991e-08
-0.0002001108678
0.0001795663992
6.48407174e-05
0.0001796575201
6.442714564e-05
1.889529557e-09
5.977386576e-06
-0.0002104876327
0.0001777564292
-2.324170598e-05
-1.813003246e-07
-0.0001881897814
1.613337684e-09
-1.261162414e-06
-0.0001773818949
0.0001847700818
-4.722115353e-07
2.563560679e-05
-1.879060324e-05
-0.0002000135061
0.0001046087473
-0.000193837342
-9.772144381e-05
1.120234228e-09
0.000185919473
-5.384540642e-10
0.0001831588176
-1.792971931e-05
-0.0001996246737
3.132206813e-09
-0.0001883118602
-0.0001317650207
-3.435257081e-08
-0.0006241485195
4.89947122e-09
0.0001180575951
0.0001949931159
0.0001229080195
-2.239921956e-09
-0.0002356944981
0.0002018933063
-0.0003761455213
-0.00013173365
-0.0006241933196
-0.0003757886829
0.0001949616062
0.00011798597
0.0001229203955
-0.0002356490705
-8.776305771e-07
-0.0003062643277
-9.086674965e-05
-0.0001348305753
-0.0002522900503
0.0001695080621
-2.383636656e-10
-0.0003095968579
-9.10481675e-05
7.917126846e-10
0.0001238515048
2.375699257e-06
-0.0003505078628
-8.531547922e-05
-7.206634582e-10
-2.03906046e-06
-0.0001229016027
0.0001552364593
-0.0002798179676
0.0001562557461
-0.0002867310037
-2.3456374e-09
-0.0003423657071
-8.442451884e-05
-9.550685164e-05
-3.057535946e-09
-0.002064130366
5.284250078e-10
0.0004476423604
0.0004959692745
0.0004755195475
-1.992561809e-09
-0.001717204468
-0.0001783128777
0.0003642690753
0.0003938681813
0.0004157639495
-9.547854474e-05
-0.002064150238
0.0004959273177
0.0004477260549
0.0004755962808
0.0001364146746
0.001243367618
2.822804243e-07
-8.747990953e-05
2.295072176e-09
-3.811165465e-07
-0.0001364463104
-4.354755489e-07
-0.001243653251
-7.192117336e-05
-0.001429798229
-9.767595299e-05
1.24895258e-09
-7.277920311e-09
-7.108304455e-05
1.357949833e-09
-8.79268797e-05
-7.413337949e-08
6.452093977e-05
0.0007253740895
6.434276473e-05
0.0007252768473
6.965830603e-09
6.300360168e-08
0.001019915952
4.427666163e-09
0.00102031735
-6.576658134e-09
5.394318494e-05
-0.0007134666755
5.40568298e-05
-9.880723568e-10
0.000711577329
5.391764155e-05
8.962510469e-09
0.0009861995277
1.44336528e-07
9.834731555e-09
-2.095821188e-07
-0.000986477979
0.0009695204759
6.758842712e-09
0.0009689569524
0.0001286965725
6.992177716e-08
0.001292609261
-0.0001080302501
-2.974007726e-07
-0.0001288893098
0.001464670266
0.0001543534611
0.001464205078
0.0001536800178
0.001291946022
-0.0001072600459
0.000136365643
0.001243381606
2.942037725e-07
-8.74298944e-05
-0.001430009532
-9.762440453e-05
0.001404790961
-3.748662216e-07
-0.0001363395279
-4.64085328e-07
-0.001243713836
-7.158499219e-05
0.001216545041
-7.101076552e-05
0.001216305225
-8.781315445e-05
-7.962264887e-08
6.454329456e-05
0.0007254163672
6.429184743e-05
0.0007253461131
5.780780951e-08
0.001019827862
0.00102020624
-0.0007135143335
5.390227121e-05
0.0007117613017
-5.324685228e-08
5.400463986e-05
5.396609193e-05
0.0009861928481
1.810586037e-07
-2.999912753e-07
-0.00098657878
0.0009690557495
0.0009687910958
6.289728603e-05
0.0007150412772
-4.87303725e-08
-0.000962943282
-6.700184671e-05
5.593185299e-07
0.0009548816994
3.031017874e-08
-4.48613061e-07
0.0009640173953
-1.086509001e-07
6.58765099e-05
0.0007171457231
-6.343069692e-08
0.0007165339684
3.766349361e-08
0.0009552776991
0.0009340613982
-5.966665734e-05
7.653194473e-07
1.931079123e-08
-1.197069375e-06
-0.0009354622823
-6.742455469e-07
6.027854972e-05
-7.310122541e-05
4.34395824e-05
-0.0007284840753
2.310049249e-09
-8.285856005e-05
9.294078357e-09
1.520172737e-08
-7.230623739e-05
6.279743962e-05
-0.001203877672
-1.42801287e-07
-7.486360211e-05
0.001378717647
-7.978411232e-05
-1.098919983e-06
-6.450546258e-05
-7.416402697e-07
0.001205331068
-6.902178049e-05
-6.812322551e-05
-7.596046447e-05
6.159425255e-05
0.0007161991128
-6.616640127e-05
-0.0009618068524
-6.809009225e-05
5.819929644e-07
0.0009544816583
-3.918480874e-07
0.0009618025293
-1.39565406e-07
6.805229276e-05
0.0007178212818
-6.901998038e-05
0.0007168719216
-6.886478491e-05
0.0009544763517
0.0009339964417
-6.007310591e-05
7.899354156e-07
4.34977989e-05
-0.0007285333231
-8.285151885e-05
-1.212905194e-06
-0.0009353277957
-6.956308355e-07
6.109968157e-05
-7.331932975e-05
-7.241494979e-05
9.024906008e-05
0.0003866926918
3.685455686e-07
-0.0001320554175
4.558350978e-09
-7.914236604e-07
-9.011162517e-05
3.789266088e-07
-0.0003882628606
-0.0001331178566
-0.0005144378079
-8.900748969e-05
1.523423884e-09
8.522921605e-09
-0.0001326670607
-1.211102361e-09
-0.0001321459205
0.0001335688973
0.0001105273654
-1.626134982e-09
-9.580929355e-08
0.0001916312
0.0001913672792
1.016175482e-09
-0.0001535953175
1.673126213e-07
0.000228791145
-1.970446279e-09
-5.880394572e-08
0.0001533490145
0.0001368029084
0.0001365309562
-2.007751898e-10
0.0002288443101
0.0002563108386
-0.0001598715623
2.941405617e-07
2.299554945e-09
-4.260366073e-07
-0.0002569608451
0.0002849751713
-9.234297736e-08
0.000159968324
-0.0001858894219
0.0001606943929
-0.0001623847058
2.787018921e-09
-0.0001882765126
0.0001897509453
1.120610289e-10
0.000283912019
2.473928173e-09
-0.0001858201305
-7.417223631e-05
0.0004844810854
-3.669007804e-08
0.0003116844565
-9.925776487e-05
0.0003114624006
-9.924186222e-05
8.20427154e-05
1.259180849e-07
0.000345249206
-0.0001159543557
-3.022719236e-07
-8.21251145e-05
0.0004986098255
0.0004973623767
0.0003458558925
-0.0001161706463
9.026414086e-05
0.0003866755344
3.695452216e-07
-0.000132055454
-0.0005144337356
-8.910220475e-05
-7.863542705e-07
-9.0130779e-05
3.772820512e-07
-0.0003882366337
-0.0001331349725
-0.0001326336057
-0.0001321419767
0.0001335506072
0.0001105124319
-0.0001662882055
-9.791556293e-08
0.0001916418498
0.0001913380415
-0.000153572488
1.468467498e-07
0.0002288073395
-4.838930897e-08
0.0001532906463
0.0001368510529
-0.0001795857944
0.0001365460663
-0.0001796547077
0.0002289086938
0.0002563291225
-0.0001598711866
2.962449505e-07
0.0001607003717
-0.0001624083594
-0.0001882899234
0.000189767568
-4.399150847e-07
-0.00025701351
0.0002850087728
-1.056913132e-07
0.0001599505519
-0.0001858770141
0.0002839560834
-0.0001858366854
0.0002043335686
1.338587812e-05
6.257419541e-08
-0.0002119899945
2.475039286e-09
-1.670899883e-07
-0.0002043560378
-1.374311635e-07
-1.373532799e-05
-0.0002084946746
-8.277134692e-05
-0.0002036683265
-6.001712318e-10
2.15473955e-09
-0.000208351176
1.588134948e-09
-0.0002120513998
0.0001989669869
-8.634911556e-05
2.018789054e-09
-4.055681263e-08
-4.841857104e-05
-4.859355496e-05
9.52722074e-10
2.610600251e-08
0.000206148972
-0.0001042823734
0.0002061667121
-0.0001045502352
2.804216196e-09
2.990406993e-08
-5.304277598e-05
8.546572032e-10
-5.272733244e-05
-1.37179795e-08
0.0002055328484
0.0001246697228
0.0002000114518
3.985268209e-09
-0.0001457982431
0.0002055101173
4.65849806e-09
-5.961176537e-05
8.904066801e-08
7.638059738e-11
-2.108095052e-07
5.915683501e-05
-6.736728787e-05
-1.005486223e-09
-6.816128848e-05
-0.0001892734779
4.39816913e-05
-5.303414097e-09
-4.473215445e-06
-0.0002015284303
-4.624864518e-06
-0.0002015059667
0.0002001478369
2.577566505e-08
5.790851799e-06
-0.0002105869496
-4.994806218e-08
-0.0002001278325
6.481157786e-05
6.442676444e-05
5.971008756e-06
-0.0002105462639
0.0002043304057
1.338492e-05
6.478266154e-08
-0.0002119867772
-8.275381484e-05
-0.0002036453496
9.769033026e-05
-1.688213721e-07
-0.0002043447607
-1.448671889e-07
-1.373836735e-05
-0.000208473555
1.87874785e-05
-0.0002083468789
1.794316774e-05
-0.0002120473335
0.000198964675
-8.63432323e-05
-2.894541351e-08
-4.842083934e-05
-4.858322524e-05
3.487239484e-09
0.0002061853111
-0.0001042855873
0.0002061611298
-0.0001045512364
3.149642855e-08
-5.303968156e-05
-5.275029575e-05
0.0001246823474
0.0002000095464
-0.0001458199362
-5.206660497e-08
0.0002055466001
0.0002055045072
-5.961316643e-05
9.129677927e-08
-2.128398001e-07
5.915973237e-05
-6.737471135e-05
-6.816434341e-05
0.0001901621304
-0.0001668581451
4.49248257e-09
7.813414606e-05
-0.0001754744446
8.853564102e-07
-9.173448002e-05
-3.621235185e-10
-5.102991789e-07
-7.679629788e-05
-1.116805677e-06
0.0001746657557
-0.0001834982823
1.177966129e-11
-0.0001871929781
-6.676111231e-10
-8.955705783e-05
-0.000103453253
-0.0001538420833
1.725144331e-06
1.990194574e-09
-1.324781339e-06
9.922980207e-05
-2.520945864e-06
0.0001534621675
-0.0001426957951
0.0001279245693
0.0001985538832
-8.335409188e-10
-0.0001324184244
4.149110549e-09
-6.343733903e-10
-0.0001450014888
0.0001777521673
-2.323952319e-05
-1.816899477e-07
-0.0001881872943
0.0001045905009
-0.0001938452078
0.0001859357705
-1.247463871e-06
-0.000177360258
0.0001847094271
-4.86220426e-07
2.561655192e-05
-0.0002000097033
0.0001831666193
-0.0001996246614
-0.0001883069974
0.0001901599302
-0.0001668892374
-0.0001695176693
7.814249263e-05
-0.0001754777502
8.854460844e-07
-9.173784537e-05
-5.134251547e-07
-7.682127995e-05
-1.115915386e-06
0.0001746725606
-0.0001835275406
-0.0001552658353
-0.0001871842315
-0.0001562993322
-8.957027368e-05
-0.0001034503505
-0.0001538449988
1.723801341e-06
0.0001279195203
0.0001985382606
-0.0001324133497
-1.324949408e-06
9.922340363e-05
-2.504296242e-06
0.0001534862295
-0.0001427683082
-0.0001449959034
0.000111267529
-0.0003889656343
4.675484725e-06
-7.748393616e-05
-1.305640786e-09
-4.231336459e-06
-0.0001089535853
-1.106822748e-06
0.0003710327356
-6.604912584e-05
0.0003246969769
-9.51569872e-05
2.304437018e-09
6.805576444e-10
-6.942361155e-05
-8.804383706e-10
-7.561107144e-05
-1.056610549e-06
-0.0003425525476
4.775555043e-05
-0.0003713689812
-2.283772879e-10
-0.0003464424233
-4.329691043e-10
-4.395636837e-05
2.860561287e-06
-0.0003906631122
1.013019039e-09
-3.109040388e-06
4.350430314e-05
-0.0004074083886
-0.0004184342033
-5.854691381e-12
-0.0003806121946
-0.0004352615947
-3.858373553e-05
5.697784017e-06
4.976364599e-10
-1.787961029e-06
0.0004127758551
-6.070232163e-06
3.774963184e-05
3.095550432e-05
0.0004630926343
6.27507085e-11
1.87709109e-09
1.29990482e-10
-0.0001348192609
-0.0002522589196
-8.767229663e-07
-0.0003062611688
-9.091179746e-05
-0.0003095716934
-9.109599182e-05
0.0001238445652
2.366461106e-06
-0.0003505080516
-8.527539347e-05
-2.024716849e-06
-0.0001228822567
-0.0002797993555
-0.0002867407435
-0.0003423512372
-8.442572393e-05
0.0001112655421
-0.0003889614176
4.675649505e-06
-7.748912948e-05
0.0003247164313
-9.51418255e-05
-4.246008422e-06
-0.0001089666631
-1.104657545e-06
0.0003710269241
-6.607940444e-05
-6.944483046e-05
-7.561532506e-05
4.776690914e-05
-0.0003713636274
-1.060764001e-06
-0.0003425841494
-0.0003464725839
-4.395519076e-05
2.87176965e-06
-0.000390663539
-3.110663722e-06
4.351596095e-05
-0.0004074018214
-0.0004184300747
-0.0003806221416
-0.0004352693711
-3.858498772e-05
5.702183348e-06
3.09187516e-05
0.000463090963
-1.802701185e-06
0.0004127776626
-6.071371968e-06
3.77576162e-05
-1.924742433e-07
0.0001565137784
0.0001551030498
-2.513764719e-09
5.582679476e-07
-6.857841872e-09
-2.09090752e-07
0.0001565040044
0.0001550979757
5.67682742e-07
-6.802485021e-07
0.0003102814091
-2.080522512e-07
0.0001440595874
0.0001564913657
0.0002184216412
2.129919471e-09
0.0003082719414
-2.297204004e-09
0.0001425611023
-4.669418933e-09
1.034544982e-06
-7.468218882e-09
0.0001564895425
0.0002184349998
-7.088533081e-07
0.0003102506398
-2.354493909e-07
0.000144027786
0.0003082606582
0.0001425742349
1.050610151e-06
5.701074926e-07
7.348666534e-08
-4.411188878e-06
5.551210458e-11
1.418961133e-07
5.718954968e-08
-2.121473555e-06
2.597399845e-11
4.576158882e-08
-5.87616314e-07
1.178964324e-11
3.740818116e-07
-4.409069593e-06
5.311440014e-08
-2.121346756e-06
-5.878075915e-07
1.3059063e-06
-2.501588624e-06
9.04169522e-08
1.535812934e-11
3.1296573e-07
-1.197248082e-06
6.870945372e-08
6.357062884e-12
-3.267290784e-07
5.206985725e-08
2.917556132e-12
1.394928949e-06
-9.481352125e-08
2.499150559e-06
2.718098032e-07
-7.268705959e-08
1.196101005e-06
-5.471141416e-08
3.266068285e-07
1.650982942e-06
-1.735908865e-12
3.813513273e-07
-1.518082121e-12
-5.278772448e-13
1.06566695e-06
2.091308519e-07
5.701297666e-07
7.348058787e-08
-4.411441098e-06
1.418951114e-07
5.718231838e-08
-2.121603608e-06
4.575594179e-08
-5.876532997e-07
3.744015076e-07
-4.409785883e-06
5.319273527e-08
-2.121728587e-06
-5.879217631e-07
1.30591459e-06
-2.501687799e-06
9.034041022e-08
3.129581032e-07
-1.197296382e-06
6.866438311e-08
-3.267417887e-07
5.204623226e-08
1.395281832e-06
-9.468385607e-08
2.499456155e-06
2.719037262e-07
-7.261715251e-08
1.196256987e-06
-5.467697972e-08
3.266532531e-07
1.650967805e-06
3.813360666e-07
1.066038394e-06
2.092225189e-07
)
;

boundaryField
{
    inlet
    {
        type            calculated;
        value           nonuniform 0();
    }
    outlet
    {
        type            calculated;
        value           nonuniform List<scalar> 
25
(
0.01996523433
0.02002100723
0.02001725693
0.0200010803
0.02000100863
0.02000092111
0.02000081889
0.0200007034
0.02000057671
0.02000044101
0.02000029841
0.0200001511
0.02000000136
0.01999985156
0.01999970405
0.01999956117
0.01999942517
0.01999929821
0.01999918231
0.0199990793
0.01999899082
0.01999891827
0.0199988628
0.01999882526
0.01999880622
)
;
    }
    topAndBottom
    {
        type            symmetry;
        value           uniform 0;
    }
    frontAndBack
    {
        type            empty;
        value           nonuniform 0();
    }
    cylinder
    {
        type            calculated;
        value           uniform 0;
    }
    procBoundary1to0
    {
        type            processor;
        value           nonuniform List<scalar> 
116
(
-0.02133321545
-0.02134606741
-0.02137183554
-0.02141095602
-0.02146404395
-0.02153194843
-0.02161577861
-0.02171699934
-0.02183749243
-0.02197953932
-0.02214604827
-0.02234077748
-0.02256841152
-0.0228350745
-0.02314843108
-0.02352007558
-0.02396524148
-0.02451948701
-0.02512347226
-0.0007070069808
-0.006486684109
-0.006557705458
-0.006485044981
-0.006556904078
-0.0007071641742
-0.006661188335
0.00016656537
0.0001685766173
-0.0004634840967
-0.0004635311451
0.0001053004525
3.102675084e-05
0.000105146155
2.03953508e-05
3.068197489e-05
2.049485857e-05
-1.954602889e-07
6.012010296e-07
4.479222986e-05
4.392814894e-05
-1.100292709e-06
-8.144270276e-07
0.0001053107512
3.10331482e-05
0.0001052320803
2.053210164e-05
3.070225436e-05
2.05296041e-05
4.480799657e-05
4.39719268e-05
-1.100295248e-06
-8.143030954e-07
-1.953769248e-07
6.012708714e-07
-0.0007489828547
-0.001489837034
-0.000748933507
-0.0004636007343
-3.579121457e-05
-0.0002460755299
-3.580335562e-05
-0.00024606482
-1.62133843e-05
-1.625126364e-05
-0.0001010401648
-0.0001009995571
-0.000463675473
-3.579733179e-05
-0.0002460775494
-3.582347763e-05
-0.0002460665993
-1.625575148e-05
-1.627097153e-05
-0.0001010395756
-0.0001009746606
-0.001602457986
-0.00666110081
0.000166628263
0.0001686673233
-0.00160246965
0.0001286743137
-0.001313326041
0.0001288382576
-0.001464700958
-0.000154250033
-0.001313475695
-0.001464283682
-8.905467616e-11
-0.0001535670768
-0.0007487079313
-0.001063643908
-0.001062921068
-0.001313342754
-0.001489485819
-0.001313505336
-0.0007486738471
-0.001063619661
-0.001062865177
-0.001647781714
-0.001601322962
-0.001646808473
-0.001601316793
-0.001647800496
-0.001646854177
5.205797079e-06
2.499506172e-06
6.866805705e-07
5.206961441e-06
2.500117244e-06
6.868701664e-07
5.19342676e-06
2.492472149e-06
6.837334341e-07
5.193834791e-06
2.492689722e-06
6.838002973e-07
)
;
    }
    procBoundary1to3
    {
        type            processor;
        value           nonuniform List<scalar> 
125
(
5.856338952e-07
8.17132603e-07
9.664451532e-07
8.894374548e-07
5.902184853e-07
1.977196563e-07
-1.50289229e-07
-4.02531495e-07
-5.29336431e-07
-5.564252612e-07
-5.187429807e-07
-4.422606503e-07
-3.49678983e-07
-2.705310569e-07
-1.860181125e-07
-1.102035979e-07
-5.1490151e-08
-9.745158452e-09
2.507236348e-08
4.317910765e-08
4.847058487e-08
4.579253103e-08
3.882990868e-08
3.147327307e-08
2.538196916e-08
2.066166702e-08
1.695315243e-08
1.379579686e-08
1.090871177e-08
8.310902312e-09
6.191316952e-09
4.795757271e-09
3.839660746e-09
3.9747392e-09
4.654133934e-09
5.339861394e-09
6.225776383e-09
6.916400688e-09
7.322230054e-09
7.453628204e-09
7.344664e-09
7.045200484e-09
6.611574472e-09
6.102699999e-09
5.576220981e-09
5.078436077e-09
4.631454996e-09
4.251066192e-09
3.928659212e-09
3.65259355e-09
3.408065705e-09
3.189953431e-09
2.994429084e-09
2.820767227e-09
2.665471884e-09
2.527101218e-09
2.405739373e-09
2.299906222e-09
2.207109774e-09
2.12466778e-09
2.049231173e-09
1.977793779e-09
1.90869125e-09
1.841914096e-09
1.778932279e-09
1.722137846e-09
1.672899546e-09
1.637113154e-09
1.587552897e-09
-1.884223338e-08
-2.04862596e-09
6.627797437e-08
-1.781159434e-08
-1.453533261e-08
-5.012777412e-09
-1.138559865e-08
4.102750545e-09
-1.754365898e-08
-9.037525313e-09
-9.152278727e-09
-1.627527827e-08
-8.179871716e-09
-8.848945951e-09
8.472616528e-09
2.673615386e-09
8.655395571e-09
-1.821637519e-08
-1.421356127e-08
-1.33744896e-08
-6.866107389e-09
-4.835133872e-09
-5.983563441e-09
-1.530109755e-08
-1.506540692e-09
-8.461852594e-09
-1.182970138e-09
6.911656252e-09
-4.447904821e-10
9.797982252e-08
6.570517687e-08
9.764104481e-08
-2.32538655e-09
2.229389522e-10
-1.795351466e-10
4.303987857e-09
1.002836291e-08
4.334738786e-09
-3.00207692e-10
2.248198534e-09
5.933930713e-10
1.007861426e-08
5.115381755e-09
4.656164562e-09
-5.74616431e-10
-2.932636325e-10
-8.750586201e-11
-5.906916301e-10
-3.035934563e-10
-9.129950523e-11
-5.069771863e-10
-2.573842045e-10
-7.610817763e-11
-5.643898495e-10
-2.894440156e-10
-8.677497506e-11
)
;
    }
}


// ************************************************************************* //
