/*--------------------------------*- C++ -*----------------------------------*\
| =========                 |                                                 |
| \\      /  F ield         | OpenFOAM: The Open Source CFD Toolbox           |
|  \\    /   O peration     | Version:                                        |
|   \\  /    A nd           | Website:  www.openfoam.com                      |
|    \\/     M anipulation  |                                                 |
\*---------------------------------------------------------------------------*/
FoamFile
{
    version     2.0;
    format      ascii;
    class       volScalarField;
    location    "1";
    object      p;
}
// * * * * * * * * * * * * * * * * * * * * * * * * * * * * * * * * * * * * * //

dimensions      [0 2 -2 0 0 0 0];


internalField   nonuniform List<scalar> 
2403
(
-0.23866906
-0.1019758296
0.05604276007
0.07976751931
0.066351686
0.05119798923
0.03978876905
0.03116270598
0.02441009457
0.01930515534
0.01551252673
0.01262113215
0.01035472486
0.008557571745
0.007123446761
0.005969482523
0.005031788171
0.004262840433
0.003627626908
0.003099660502
0.002658198453
0.002286918233
0.00197307202
0.001706596689
0.001479426191
0.00128504773
0.001118172599
0.0009744763353
0.0008504101394
0.0007430420919
0.0006499285923
0.0005690206659
0.000498597825
0.0004372101361
0.000383626159
0.0003367950555
0.0002958313461
0.000259978265
0.0002285641039
0.0002010032617
0.0001768024032
0.0001555414302
0.0001368581195
0.0001204336096
0.0001059845832
9.326337404e-05
8.205984781e-05
7.219685546e-05
6.352069142e-05
5.589152891e-05
4.917951884e-05
4.326702015e-05
3.80520578e-05
3.344834813e-05
2.938182732e-05
2.578704549e-05
2.260591116e-05
1.978807892e-05
1.729060742e-05
1.50757966e-05
1.310845871e-05
1.135468178e-05
9.78281176e-06
8.365409997e-06
7.080131645e-06
5.908558206e-06
4.833228174e-06
3.836793669e-06
2.896143288e-06
2.00931327e-06
1.102590882e-06
5.056743503e-07
-0.3400253844
-0.169282695
0.008165042215
0.05476536582
0.04933345972
0.03992999873
0.03304533731
0.02713497878
0.02181193551
0.01754154324
0.01429999829
0.01177189574
0.009741797325
0.008104802022
0.006784197202
0.005711814357
0.004833226888
0.004107871177
0.003505430044
0.003002333259
0.00257993182
0.002223429783
0.001921165435
0.001663856234
0.00144399542
0.001255497636
0.001093389518
0.0009535917937
0.0008327344899
0.0007280179745
0.0006371056629
0.0005580369535
0.0004891602339
0.000429077087
0.0003765977932
0.0003307061194
0.0002905514861
0.0002553927047
0.0002245683967
0.0001975126467
0.0001737482799
0.000152866773
0.000134513349
0.0001183770798
0.0001041808111
9.168351702e-05
8.067925239e-05
7.099173792e-05
6.246693426e-05
5.49660612e-05
4.836300213e-05
4.254520488e-05
3.741457414e-05
3.288645346e-05
2.888729571e-05
2.535255509e-05
2.222558007e-05
1.945701735e-05
1.700377983e-05
1.482736423e-05
1.289230224e-05
1.116565748e-05
9.617636027e-06
8.22243007e-06
6.958200895e-06
5.80596033e-06
4.747534211e-06
3.76573022e-06
2.838843355e-06
1.966487002e-06
1.077064558e-06
4.946751388e-07
-0.4209646577
-0.2239833891
-0.02776332087
0.02079187058
0.02606901548
0.02416075098
0.02277060376
0.02052476074
0.01741582795
0.01449915378
0.01214875904
0.01022801618
0.008612947949
0.007264433259
0.006149806435
0.005226776413
0.004457588541
0.003813511944
0.003272300476
0.002815901679
0.002429484797
0.002101016221
0.00182081969
0.00158103983
0.001375210518
0.001198029158
0.001045143104
0.0009128905074
0.0007982416988
0.0006986661799
0.0006120364579
0.0005365547714
0.0004706947902
0.000413160552
0.0003628422074
0.0003187965744
0.0002802250599
0.0002464247
0.0002167576387
0.0001906990172
0.0001678006946
0.000147671912
0.0001299663617
0.0001143905136
0.000100682262
8.861520101e-05
7.799085369e-05
6.863634312e-05
6.040106925e-05
5.315120629e-05
4.676643969e-05
4.113963979e-05
3.617706382e-05
3.17972551e-05
2.792915955e-05
2.451055159e-05
2.148695901e-05
1.88106707e-05
1.643951493e-05
1.433554696e-05
1.246411673e-05
1.079365233e-05
9.295977592e-06
7.946567174e-06
6.724175018e-06
5.609898209e-06
4.585725145e-06
3.635159778e-06
2.737934414e-06
1.894591347e-06
1.036330396e-06
4.765791504e-07
-0.3570245066
-0.174816905
-0.05308800342
-0.009766411979
0.004399735767
0.009497664138
0.01229901233
0.01307439945
0.01218335879
0.01077336171
0.009431341555
0.008219163667
0.007113387146
0.006131367098
0.005283193674
0.004556557008
0.003933639702
0.003399765689
0.002942607536
0.002550948077
0.002214808941
0.001925739691
0.001676703853
0.001461771568
0.001275911693
0.001114891152
0.000975153631
0.000853691504
0.0007479572092
0.0006557905088
0.0005753520534
0.0005050693582
0.0004435920267
0.0003897676727
0.0003426120359
0.0003012699557
0.0002650160484
0.0002331908319
0.000205222854
0.000180632246
0.000159005176
0.0001399795485
0.0001232399703
0.0001085001222
9.551828538e-05
8.408542889e-05
7.401647272e-05
6.514906845e-05
5.73399108e-05
5.046166907e-05
4.440146148e-05
3.905928617e-05
3.434706446e-05
3.0187809e-05
2.651434406e-05
2.326789702e-05
2.039691966e-05
1.785601566e-05
1.560482283e-05
1.36070052e-05
1.182962385e-05
1.024296759e-05
8.820626336e-06
7.539437222e-06
6.379024416e-06
5.32108569e-06
4.348329862e-06
3.445278326e-06
2.593172517e-06
1.793068528e-06
9.797719109e-07
4.511990594e-07
-0.2358870368
-0.1240890166
-0.06462461601
-0.02854659009
-0.01111850672
-0.002376377892
0.002940131805
0.005840866315
0.006822769816
0.006835448016
0.006480837932
0.005981856447
0.005405866506
0.004818157396
0.004263754428
0.003757773997
0.00330214685
0.00289628869
0.002538024887
0.002223385922
0.001947661238
0.001706356786
0.001495410587
0.001311086653
0.001149982576
0.001009109344
0.0008858784286
0.0007780289838
0.0006835816533
0.0006008177321
0.0005282491478
0.0004645842993
0.0004087005597
0.0003596228876
0.0003165017994
0.0002786038862
0.0002453008317
0.0002160182146
0.0001902471122
0.0001675579961
0.0001475787892
0.0001299823862
0.0001144812883
0.0001008233
8.878917713e-05
7.818304478e-05
6.883562922e-05
6.059909017e-05
5.334282995e-05
4.694886536e-05
4.131266727e-05
3.634247368e-05
3.195750293e-05
2.808663889e-05
2.466762641e-05
2.16460306e-05
1.897402252e-05
1.660930227e-05
1.451416284e-05
1.265470874e-05
1.100035832e-05
9.523643597e-06
8.200130777e-06
7.008237185e-06
5.928805481e-06
4.9445894e-06
4.039449488e-06
3.199178283e-06
2.406653142e-06
1.663174711e-06
9.079999079e-07
4.188561778e-07
-0.1954779827
-0.1540462889
-0.1073066659
-0.06597629382
-0.03755214363
-0.02084770302
-0.01089481937
-0.004371216785
-0.0002510716438
0.002010593049
0.003114210879
0.003595715582
0.003736098822
0.003649051842
0.003438496928
0.003172901895
0.002888688189
0.002605288866
0.002334198826
0.00208180549
0.001850708577
0.001641318344
0.001453065666
0.001284840835
0.001135123413
0.001002209737
0.0008844382483
0.0007802531258
0.0006881902508
0.0006068925947
0.0005351357805
0.0004718259093
0.0004159840636
0.0003667362916
0.0003233069839
0.0002850103549
0.0002512413709
0.0002214794646
0.0001952616434
0.0001721330587
0.0001517275223
0.0001337281015
0.0001178524781
0.0001038504413
9.150135356e-05
8.061031818e-05
7.100485664e-05
6.253512881e-05
5.506239489e-05
4.847592183e-05
4.266994781e-05
3.754990654e-05
3.303301453e-05
2.904680887e-05
2.552736487e-05
2.241839586e-05
1.967059216e-05
1.724063518e-05
1.509015021e-05
1.318486868e-05
1.149400223e-05
9.98982008e-06
8.647419447e-06
7.444583047e-06
6.361583289e-06
5.38084542e-06
4.486586695e-06
3.6641703e-06
2.900856958e-06
2.181284082e-06
1.506798669e-06
8.219641687e-07
3.799793533e-07
-0.1446520854
-0.1196900465
-0.09010253193
-0.06226143985
-0.0408231643
-0.02617694651
-0.01636029832
-0.009563377369
-0.004928045246
-0.001947640831
-0.0001212684884
0.0009831115042
0.001626718204
0.001953986985
0.00208095919
0.002081640448
0.002004076758
0.001884079
0.001744337273
0.001597586826
0.001451151619
0.001309805105
0.001176692274
0.001053448241
0.0009405452459
0.0008378736867
0.0007450889362
0.0006616665323
0.0005869315817
0.0005201535042
0.0004606165741
0.0004076348619
0.0003605547868
0.0003187655535
0.0002817069432
0.0002488693834
0.0002197907268
0.0001940639448
0.0001713281484
0.0001512179277
0.000133431546
0.0001177090928
0.0001038162337
9.154283762e-05
8.070212798e-05
7.11288904e-05
6.267695633e-05
5.521495444e-05
4.863311409e-05
4.282286074e-05
3.769800423e-05
3.317696991e-05
2.918679304e-05
2.566383808e-05
2.255245524e-05
1.980351733e-05
1.737369161e-05
1.522484583e-05
1.332322115e-05
1.163863964e-05
1.014394297e-05
8.814633071e-06
7.628659749e-06
6.566287975e-06
5.609954403e-06
4.74402825e-06
3.954545052e-06
3.228643729e-06
2.555190078e-06
1.920685606e-06
1.326372585e-06
7.229481483e-07
3.351471686e-07
-0.1089160285
-0.09379891033
-0.07498970045
-0.05624775134
-0.04031388731
-0.02818140122
-0.01933888845
-0.01288003492
-0.008200550248
-0.004925036721
-0.002706067047
-0.001213352415
-0.0002204797373
0.0004209254422
0.0008143958481
0.001043767827
0.001149351864
0.001174942979
0.001154701929
0.001107072571
0.001041922791
0.0009667940275
0.000887997825
0.0008097157762
0.0007341256431
0.000662428165
0.0005954537732
0.0005336612964
0.0004771271044
0.0004257089194
0.0003791785099
0.0003372521573
0.0002996009451
0.0002658774098
0.0002357379867
0.0002088520985
0.0001849051725
0.0001636090017
0.0001447028377
0.0001279228369
0.0001130339561
9.983303027e-05
8.813746132e-05
7.778222999e-05
6.8618633e-05
6.051344932e-05
5.334806274e-05
4.701631967e-05
4.142276217e-05
3.648205195e-05
3.21182806e-05
2.826683002e-05
2.486674109e-05
2.186352616e-05
1.921007305e-05
1.686519572e-05
1.479237074e-05
1.295925688e-05
1.133723468e-05
9.900725726e-06
8.626622545e-06
7.493980423e-06
6.483883225e-06
5.579375363e-06
4.76538587e-06
4.028560104e-06
3.357034122e-06
2.739914826e-06
2.167759212e-06
1.629020951e-06
1.12472423e-06
6.124638483e-07
2.850403977e-07
-0.0820979233
-0.07359927065
-0.06175231025
-0.04911008245
-0.03752730115
-0.02795956959
-0.02045995898
-0.01467602648
-0.01027302744
-0.007006142273
-0.004640160248
-0.002944165899
-0.00173857502
-0.0008903807928
-0.0003072893694
9.763404047e-05
0.0003565715449
0.0005067403205
0.000589498288
0.0006291774034
0.0006378782223
0.0006244581677
0.0005970339953
0.0005617587661
0.0005223544795
0.0004811324423
0.0004398507269
0.0003997875446
0.000361693976
0.0003259671058
0.0002928230539
0.0002623491761
0.0002345226275
0.0002092477487
0.0001863903073
0.0001657948287
0.0001472928813
0.0001307169149
0.0001159019649
0.0001026882502
9.090900027e-05
8.042017022e-05
7.109409668e-05
6.281201971e-05
5.546376309e-05
4.894910945e-05
4.317789393e-05
3.806940559e-05
3.355061569e-05
2.955464248e-05
2.602178702e-05
2.290094051e-05
2.014454461e-05
1.770867635e-05
1.555524657e-05
1.365156933e-05
1.196872092e-05
1.048074562e-05
9.164527154e-06
7.999409171e-06
6.966651561e-06
6.049149495e-06
5.231402521e-06
4.499537488e-06
3.841282377e-06
3.245828716e-06
2.703609556e-06
2.205815336e-06
1.744741692e-06
1.310875065e-06
9.049529771e-07
4.921563305e-07
2.304014556e-07
-0.06264378806
-0.0580166107
-0.05059089417
-0.04210321293
-0.033803258
-0.02644894458
-0.02030917273
-0.01533565017
-0.01138666268
-0.008319149446
-0.005983727512
-0.004227854356
-0.002919180562
-0.001952405495
-0.001248245087
-0.000730925897
-0.0003560903186
-0.0001030840044
6.704335037e-05
0.0001802107427
0.0002517983819
0.0002928303892
0.0003122081508
0.0003167781806
0.0003112344927
0.0002988877116
0.0002823127017
0.0002634114048
0.0002434488779
0.0002232797831
0.0002035188961
0.0001845829066
0.0001667193613
0.0001500612141
0.0001346697613
0.0001205546129
0.0001076860633
9.600930461e-05
8.545781622e-05
7.598052134e-05
6.746032128e-05
5.982010488e-05
5.298880735e-05
4.689339461e-05
4.146258138e-05
3.663041845e-05
3.233694061e-05
2.852758777e-05
2.515180676e-05
2.216163507e-05
1.951366417e-05
1.716961011e-05
1.509769793e-05
1.326632283e-05
1.164663424e-05
1.021433681e-05
8.948305957e-06
7.829362769e-06
6.840206007e-06
5.965343868e-06
5.190662751e-06
4.503175037e-06
3.891078239e-06
3.343857803e-06
2.852285447e-06
2.408282073e-06
2.004687426e-06
1.634831525e-06
1.292779284e-06
9.711393509e-07
6.703456435e-07
3.637619154e-07
1.720230332e-07
-0.04773051756
-0.04555779713
-0.04111078833
-0.03550786143
-0.02966126745
-0.02415805317
-0.0192982576
-0.01517215008
-0.01176200745
-0.009005711248
-0.006820442358
-0.005111743414
-0.003788706878
-0.00277324363
-0.002001738958
-0.001418368583
-0.0009746694587
-0.0006473747737
-0.0004049849116
-0.0002295572602
-0.0001058447175
-1.943831866e-05
4.033303996e-05
8.050465457e-05
0.0001058111173
0.0001200542878
0.000126503098
0.0001276104322
0.0001250102107
0.0001198779632
0.0001131568988
0.000105557015
9.755867859e-05
8.948794389e-05
8.157855705e-05
7.399144869e-05
6.682499408e-05
6.01337525e-05
5.394268474e-05
4.827316396e-05
4.309586488e-05
3.838947601e-05
3.413268529e-05
3.029755242e-05
2.685258278e-05
2.376647597e-05
2.100884302e-05
1.855009994e-05
1.636223112e-05
1.441860728e-05
1.269383658e-05
1.116272366e-05
9.807797156e-06
8.609104081e-06
7.548138577e-06
6.609576984e-06
5.780271764e-06
5.048062024e-06
4.401718388e-06
3.831105624e-06
3.326929334e-06
2.880551144e-06
2.484102109e-06
2.130629369e-06
1.814098608e-06
1.529248022e-06
1.271362712e-06
1.035936889e-06
8.188433398e-07
6.149194463e-07
4.243251731e-07
2.290887357e-07
1.107395241e-07
-0.03632572843
-0.03566254618
-0.03317753935
-0.02958394109
-0.02555520685
-0.02153168632
-0.0177852188
-0.01445805979
-0.01160031717
-0.009206652444
-0.00724146866
-0.005652024822
-0.004380608435
-0.003372894225
-0.002580807186
-0.001962598776
-0.001480782229
-0.001109402036
-0.0008210360438
-0.0005973756103
-0.0004296320827
-0.0003057198063
-0.0002126058226
-0.0001422041211
-8.983713369e-05
-5.174893349e-05
-2.439446476e-05
-4.903915339e-06
8.681329958e-06
1.775444622e-05
2.347081613e-05
2.676802686e-05
2.83276789e-05
2.863966329e-05
2.808093307e-05
2.694199262e-05
2.543501491e-05
2.371252891e-05
2.188538904e-05
2.004264322e-05
1.823389934e-05
1.64927097e-05
1.484337058e-05
1.330166114e-05
1.187575803e-05
1.056806694e-05
9.376961736e-06
8.298475419e-06
7.32741063e-06
6.456763519e-06
5.67749047e-06
4.980392395e-06
4.361069819e-06
3.811952727e-06
3.32535488e-06
2.894954881e-06
2.515310382e-06
2.18127209e-06
1.887883604e-06
1.630545101e-06
1.404932124e-06
1.206926224e-06
1.032752344e-06
8.791264271e-07
7.432566587e-07
6.227071525e-07
5.152066247e-07
4.184345637e-07
3.301315737e-07
2.474828259e-07
1.704348396e-07
9.002099954e-08
4.74274698e-08
-0.02741138296
-0.027693102
-0.02652569488
-0.02436323425
-0.02167206566
-0.01880829959
-0.01600265169
-0.0133956309
-0.01106783364
-0.00905024266
-0.007339208026
-0.005912008397
-0.004736398106
-0.003777725459
-0.00300244195
-0.002379689777
-0.001881574149
-0.001485512207
-0.001171162402
-0.0009192256923
-0.0007182500978
-0.0005635773898
-0.0004427358215
-0.0003474879092
-0.0002725500063
-0.000213822993
-0.0001678509605
-0.0001317849841
-0.0001034853956
-8.132948225e-05
-6.399139347e-05
-5.040604793e-05
-3.976266804e-05
-3.143267633e-05
-2.490985307e-05
-1.979564055e-05
-1.578530382e-05
-1.264197625e-05
-1.017601602e-05
-8.2405302e-06
-6.714746327e-06
-5.512111483e-06
-4.565475146e-06
-3.818003641e-06
-3.22438023e-06
-2.750179569e-06
-2.369066324e-06
-2.060264932e-06
-1.807426282e-06
-1.598226955e-06
-1.423580175e-06
-1.279261836e-06
-1.155545201e-06
-1.047963188e-06
-9.535868831e-07
-8.698173886e-07
-7.943579977e-07
-7.253728303e-07
-6.614539532e-07
-6.015546577e-07
-5.449575005e-07
-4.911955455e-07
-4.399041377e-07
-3.907005787e-07
-3.431726391e-07
-2.9697217e-07
-2.519407326e-07
-2.081793622e-07
-1.66000932e-07
-1.257589705e-07
-8.765187781e-08
-5.146264579e-08
-1.698953757e-08
-0.02037711302
-0.02125354097
-0.02096694926
-0.01981603193
-0.01811844376
-0.01616057413
-0.01412674512
-0.01214292953
-0.01029889987
-0.00864452535
-0.007196370143
-0.005952464837
-0.004899252564
-0.00401742255
-0.003285678657
-0.00268267007
-0.002188175342
-0.001784449148
-0.001456309584
-0.001189415739
-0.0009702001092
-0.0007935424376
-0.000649427552
-0.0005330391382
-0.0004396112283
-0.0003639173852
-0.0003020105925
-0.0002512584637
-0.0002097647976
-0.0001758342853
-0.0001479201787
-0.0001248203873
-0.0001056746109
-8.979037228e-05
-7.655957915e-05
-6.548485901e-05
-5.618392385e-05
-4.83522764e-05
-4.173175156e-05
-3.612643169e-05
-3.135167169e-05
-2.727364116e-05
-2.378450796e-05
-2.07888329e-05
-1.820751808e-05
-1.597663356e-05
-1.404348465e-05
-1.236383618e-05
-1.090044365e-05
-9.620862771e-06
-8.494014116e-06
-7.517706826e-06
-6.655262154e-06
-5.894264425e-06
-5.221444155e-06
-4.625513725e-06
-4.096692516e-06
-3.626195241e-06
-3.20621647e-06
-2.830046608e-06
-2.491937946e-06
-2.186875165e-06
-1.910420674e-06
-1.658615554e-06
-1.427936228e-06
-1.215311553e-06
-1.01816195e-06
-8.34323704e-07
-6.620833666e-07
-4.992506956e-07
-3.461145899e-07
-1.932717083e-07
-8.153842236e-08
-0.01476963545
-0.01601881404
-0.01632724719
-0.01589679394
-0.01494457947
-0.01368261084
-0.01226776992
-0.0108115708
-0.009395919189
-0.008077759635
-0.006885774859
-0.005831070048
-0.004913153458
-0.004124389328
-0.003453423618
-0.002887097787
-0.00241178162
-0.002014573348
-0.001683883111
-0.001409233378
-0.001180468843
-0.0009911219899
-0.0008324940999
-0.0006994132923
-0.0005900074348
-0.0005002868085
-0.0004253319315
-0.0003621246879
-0.0003090011392
-0.0002645033019
-0.000227075672
-0.0001953814872
-0.0001684634082
-0.0001455869074
-0.0001260997376
-0.0001094387838
-9.51530282e-05
-8.287872991e-05
-7.230810869e-05
-6.319603799e-05
-5.529870248e-05
-4.845553302e-05
-4.251556344e-05
-3.734736872e-05
-3.284131038e-05
-2.890618379e-05
-2.546462739e-05
-2.245031162e-05
-1.980677786e-05
-1.748610409e-05
-1.544994703e-05
-1.364142191e-05
-1.205199063e-05
-1.065009291e-05
-9.410545754e-06
-8.312948476e-06
-7.339894865e-06
-6.4757381e-06
-5.706460888e-06
-5.019844538e-06
-4.405234838e-06
-3.853214092e-06
-3.355436e-06
-2.904518753e-06
-2.49394288e-06
-2.117976969e-06
-1.771624618e-06
-1.450418669e-06
-1.150564987e-06
-8.67303361e-07
-6.00988327e-07
-3.332047698e-07
-1.452019757e-07
-0.01026625321
-0.01174870102
-0.01246213471
-0.01254347119
-0.01214526422
-0.01142070439
-0.01050244843
-0.009485952039
-0.00844044764
-0.007422711125
-0.006468481681
-0.00559705857
-0.004816852682
-0.004128617639
-0.003528463499
-0.003009791185
-0.002564514972
-0.002184146144
-0.001860482106
-0.001585860422
-0.00135300319
-0.00115611042
-0.0009893008188
-0.0008463941053
-0.0007243973657
-0.0006226449889
-0.0005365199177
-0.0004630241793
-0.0004002311235
-0.0003465740347
-0.000300645023
-0.0002612281335
-0.0002273286552
-0.0001981168362
-0.0001728894303
-0.0001510627638
-0.0001321491284
-0.0001157319763
-0.0001014561753
-8.903694457e-05
-7.820458872e-05
-6.874622488e-05
-6.047886795e-05
-5.324339472e-05
-4.690297698e-05
-4.134103036e-05
-3.645731954e-05
-3.216503011e-05
-2.838917317e-05
-2.506463061e-05
-2.213479027e-05
-1.954547327e-05
-1.726034855e-05
-1.524185923e-05
-1.345628812e-05
-1.187513846e-05
-1.047368772e-05
-9.229646675e-06
-8.123086866e-06
-7.136545129e-06
-6.254679738e-06
-5.463896485e-06
-4.752162584e-06
-4.108852098e-06
-3.524571076e-06
-2.990991468e-06
-2.50071615e-06
-2.046968374e-06
-1.623870075e-06
-1.224138082e-06
-8.482028377e-07
-4.689794427e-07
-2.069365786e-07
-0.006634546798
-0.008260428635
-0.009250242296
-0.009697185054
-0.009710170219
-0.009400771615
-0.008878063632
-0.008219686454
-0.007486520501
-0.00673139036
-0.005992154513
-0.005292138181
-0.004645276799
-0.004058301415
-0.003532956394
-0.003067775283
-0.002659190454
-0.002302490703
-0.001992553854
-0.001724209909
-0.001492358574
-0.001292426594
-0.0011203433
-0.0009718649594
-0.0008426900391
-0.0007319086544
-0.0006358871858
-0.0005532878158
-0.0004824519437
-0.0004212446923
-0.0003680302369
-0.0003217597503
-0.0002816039779
-0.0002467256969
-0.0002163399838
-0.0001898226476
-0.0001666773369
-0.0001464614957
-0.0001287776018
-0.0001133015963
-9.974226961e-05
-8.785002053e-05
-7.741160443e-05
-6.824339263e-05
-6.018456606e-05
-5.30956311e-05
-4.685592458e-05
-4.136081313e-05
-3.651835186e-05
-3.224652696e-05
-2.847539944e-05
-2.514368892e-05
-2.220054683e-05
-1.959862538e-05
-1.729609564e-05
-1.525695805e-05
-1.344946209e-05
-1.184505605e-05
-1.041834421e-05
-9.146988851e-06
-8.011268306e-06
-6.993700689e-06
-6.078816114e-06
-5.25293273e-06
-4.503909861e-06
-3.820902898e-06
-3.194165417e-06
-2.614661226e-06
-2.074493332e-06
-1.563981679e-06
-1.08367141e-06
-5.982965682e-07
-2.657024954e-07
-0.003701274495
-0.005413468268
-0.00659224966
-0.007301688055
-0.007620925483
-0.007632618385
-0.007419953245
-0.007050145167
-0.006577744383
-0.006047792618
-0.005497507997
-0.004952240299
-0.004429166608
-0.003939032755
-0.003487666932
-0.003077510087
-0.002708600846
-0.00237935797
-0.002087287241
-0.001829417423
-0.001602519677
-0.001403383058
-0.001229007633
-0.00107653369
-0.0009428631069
-0.0008263355844
-0.0007238134079
-0.0006335712211
-0.0005553974873
-0.0004877023669
-0.0004284706715
-0.0003764129104
-0.0003307885234
-0.000290898967
-0.0002559622821
-0.0002252834129
-0.0001983365578
-0.0001746844028
-0.0001539143392
-0.0001356639831
-0.0001196186368
-0.0001055015028
-9.307467582e-05
-8.213253744e-05
-7.249304811e-05
-6.399728921e-05
-5.650675431e-05
-4.989997102e-05
-4.406944556e-05
-3.892070851e-05
-3.437062066e-05
-3.035071058e-05
-2.679750418e-05
-2.365416454e-05
-2.087149496e-05
-1.840664286e-05
-1.622137761e-05
-1.428146658e-05
-1.255657298e-05
-1.101990193e-05
-9.647710953e-06
-8.418945413e-06
-7.314955327e-06
-6.319198657e-06
-5.416935793e-06
-4.594922904e-06
-3.841171066e-06
-3.144504986e-06
-2.495145917e-06
-1.881213848e-06
-1.303420682e-06
-7.189297001e-07
-3.205022164e-07
-0.001339239701
-0.003101364118
-0.004409343029
-0.005307536752
-0.005853667307
-0.00611043755
-0.00614060299
-0.006002478534
-0.005743870778
-0.005402856549
-0.005014461501
-0.004604811908
-0.004192802611
-0.003791717269
-0.003410206345
-0.00305354034
-0.002724514024
-0.002424070708
-0.002151908485
-0.001906937857
-0.001687542959
-0.001491812064
-0.001317738966
-0.001163334533
-0.001026517108
-0.0009056830841
-0.0007988269268
-0.0007037586505
-0.0006195263248
-0.0005459527761
-0.0004815943346
-0.0004247806026
-0.0003745283204
-0.0003302511919
-0.0002913168583
-0.0002570202822
-0.0002267578684
-0.0002000687212
-0.000176551716
-0.0001558315622
-0.0001375705343
-0.0001214637779
-0.0001072531638
-9.471673262e-05
-8.365438402e-05
-7.38899121e-05
-6.526989859e-05
-5.765816539e-05
-5.093308568e-05
-4.498885354e-05
-3.973516517e-05
-3.509076926e-05
-3.098269028e-05
-2.734703129e-05
-2.412790376e-05
-2.127582164e-05
-1.874665603e-05
-1.650119763e-05
-1.450471082e-05
-1.27263806e-05
-1.113884213e-05
-9.717806117e-06
-8.441711694e-06
-7.291377071e-06
-6.249651664e-06
-5.301063537e-06
-4.431554695e-06
-3.628002228e-06
-2.878944554e-06
-2.170550068e-06
-1.503742342e-06
-8.288217153e-07
-3.70419169e-07
0.0005470676208
-0.001242229835
-0.002638221572
-0.003671843372
-0.00438550651
-0.004827298648
-0.005046054396
-0.005091620564
-0.005004320096
-0.004818349956
-0.004565675787
-0.004272007243
-0.003956778811
-0.003634690087
-0.003316335218
-0.003009065813
-0.002717763769
-0.002445358135
-0.002193324544
-0.001962127903
-0.001751504846
-0.001560679744
-0.001388564672
-0.001233905841
-0.001095318215
-0.0009714991041
-0.0008611569107
-0.0007627474053
-0.0006746757559
-0.0005962397523
-0.0005272243722
-0.0004664039865
-0.0004124337692
-0.0003645182119
-0.0003221314987
-0.0002846981955
-0.0002516048397
-0.0002223242289
-0.0001964328146
-0.0001735606658
-0.0001533687613
-0.0001355279996
-0.0001197575721
-0.0001058227394
-9.351128674e-05
-8.263289608e-05
-7.301945286e-05
-6.452136814e-05
-5.700634776e-05
-5.036213785e-05
-4.448766211e-05
-3.929122509e-05
-3.469261128e-05
-3.062161698e-05
-2.701609576e-05
-2.382078655e-05
-2.098666007e-05
-1.847025309e-05
-1.623294263e-05
-1.424036428e-05
-1.246195616e-05
-1.087054395e-05
-9.441950475e-06
-8.154616106e-06
-6.989219417e-06
-5.928292536e-06
-4.955944651e-06
-4.057353961e-06
-3.219615478e-06
-2.42722188e-06
-1.681330071e-06
-9.261646963e-07
-4.146468804e-07
0.002028938957
0.0002262815702
-0.001229136496
-0.002359104551
-0.003195336757
-0.00377554022
-0.004139240738
-0.004326785995
-0.004374052582
-0.004312329882
-0.004170127324
-0.003972141644
-0.003737946225
-0.003483024795
-0.003219221664
-0.002955333821
-0.002697761314
-0.002450945779
-0.002217762724
-0.001999918763
-0.00179824502
-0.001612909794
-0.001443612018
-0.001289739672
-0.001150463727
-0.001024852738
-0.0009119477279
-0.0008107187794
-0.0007199598911
-0.0006384610801
-0.000565629797
-0.0005012076512
-0.0004441665481
-0.0003934047881
-0.0003482296362
-0.0003081525111
-0.0002726582567
-0.0002412117976
-0.0002133394592
-0.0001886524812
-0.000166822327
-0.0001475137026
-0.0001304247933
-0.0001153050969
-0.0001019321628
-9.010534418e-05
-7.964380836e-05
-7.038878613e-05
-6.22034769e-05
-5.496388683e-05
-4.855867872e-05
-4.289000195e-05
-3.787191226e-05
-3.342844368e-05
-2.949199313e-05
-2.600258534e-05
-2.290716057e-05
-2.015861408e-05
-1.771498556e-05
-1.55388847e-05
-1.359700191e-05
-1.185966086e-05
-1.03004124e-05
-8.895635582e-06
-7.624134446e-06
-6.466732406e-06
-5.405990488e-06
-4.425672068e-06
-3.511684646e-06
-2.647127498e-06
-1.833380851e-06
-1.009452418e-06
-4.525085335e-07
0.003159475914
0.001351385617
-0.000143543342
-0.001340961409
-0.002265226221
-0.002946537361
-0.003417838436
-0.003712365331
-0.003862348618
-0.003896408363
-0.003840552002
-0.003718262213
-0.003548946721
-0.003348447126
-0.003129379421
-0.002901531474
-0.002672371143
-0.002447434062
-0.002230651007
-0.002024688832
-0.001831233976
-0.001651204198
-0.001484935535
-0.001332344924
-0.001193048474
-0.001066459559
-0.0009518701187
-0.0008485000965
-0.0007555002543
-0.0006718918167
-0.0005967019961
-0.000529385016
-0.0004696421991
-0.0004165928391
-0.0003692928252
-0.0003271483034
-0.0002897080734
-0.0002565058518
-0.0002270571752
-0.0002009305727
-0.0001777834972
-0.0001572827972
-0.0001391220466
-0.000123041919
-0.0001088076142
-9.620718567e-05
-8.50537123e-05
-7.518430612e-05
-6.645316567e-05
-5.872703275e-05
-5.188821274e-05
-4.58339869e-05
-4.047343704e-05
-3.572552899e-05
-3.1518352e-05
-2.778835567e-05
-2.447922464e-05
-2.154083653e-05
-1.892849897e-05
-1.660233886e-05
-1.452677338e-05
-1.26700575e-05
-1.100387077e-05
-9.502899639e-06
-8.144415926e-06
-6.907859319e-06
-5.774552685e-06
-4.727139839e-06
-3.75059373e-06
-2.826898091e-06
-1.957618183e-06
-1.077476532e-06
-4.834498583e-07
0.003976622314
0.002167295698
0.0006470750762
-0.0005956673683
-0.001580403532
-0.002332144951
-0.002879042309
-0.003250035662
-0.003473994853
-0.003577650335
-0.003585360016
-0.003519453565
-0.003398963436
-0.003239780614
-0.003054933835
-0.00285486963
-0.002647808058
-0.002440061838
-0.002236321719
-0.002039955134
-0.001853276368
-0.001677759195
-0.001514219198
-0.001362975857
-0.001223981398
-0.001096921804
-0.0009812993843
-0.0008764968199
-0.0007818288697
-0.0006965470576
-0.0006198045738
-0.0005507884605
-0.000488974453
-0.0004340160843
-0.0003851202173
-0.0003415185861
-0.0003026612539
-0.0002681078543
-0.0002374293266
-0.0002102061337
-0.0001860767892
-0.0001646909667
-0.0001457276562
-0.0001289210126
-0.0001140318177
-0.0001008457924
-8.917212792e-05
-7.883940894e-05
-6.969288554e-05
-6.15954877e-05
-5.442655989e-05
-4.807914349e-05
-4.245778092e-05
-3.747774416e-05
-3.306419751e-05
-2.915088629e-05
-2.567892936e-05
-2.259589027e-05
-1.985499237e-05
-1.741444978e-05
-1.523693272e-05
-1.328911922e-05
-1.154126841e-05
-9.966784299e-06
-8.541782265e-06
-7.244664342e-06
-6.055831597e-06
-4.957097966e-06
-3.932741597e-06
-2.963904159e-06
-2.052276609e-06
-1.129305376e-06
-5.070175079e-07
0.004508362232
0.002699165545
0.001163745094
-0.0001071286749
-0.001129886579
-0.001926279405
-0.002521402903
-0.002941897119
-0.003213832325
-0.003363005965
-0.003412605461
-0.003383989454
-0.003295868615
-0.003164197158
-0.003002294749
-0.002821007447
-0.002628995007
-0.002433041482
-0.00223831987
-0.00204865163
-0.001866760979
-0.001694488573
-0.001532970224
-0.001382796075
-0.001244144183
-0.001116886181
-0.001000672595
-0.0008950013276
-0.0007992737201
-0.0007128383621
-0.0006349900237
-0.0005649698951
-0.000502093251
-0.0004458349214
-0.0003957696376
-0.0003511437823
-0.0003113880828
-0.0002759900383
-0.0002445048176
-0.0002165280487
-0.0001917124669
-0.0001697056838
-0.0001501873364
-0.0001328857343
-0.0001175561868
-0.0001039782842
-9.195404255e-05
-8.130653186e-05
-7.187863489e-05
-6.353121364e-05
-5.61402325e-05
-4.959506081e-05
-4.379753347e-05
-3.866085041e-05
-3.4108163e-05
-3.007126493e-05
-2.64895255e-05
-2.330894289e-05
-2.048130784e-05
-1.796353273e-05
-1.571712114e-05
-1.370770552e-05
-1.190460135e-05
-1.028035779e-05
-8.810318772e-06
-7.472195865e-06
-6.245779882e-06
-5.11233607e-06
-4.055677146e-06
-3.056382017e-06
-2.11619472e-06
-1.164411385e-06
-5.22809489e-07
0.004770455876
0.002962014929
0.001419704875
0.0001355043214
-0.0009055311636
-0.00172358933
-0.002342279264
-0.002787011988
-0.003082984242
-0.003255059074
-0.003325629388
-0.003315695905
-0.00324380809
-0.003125911645
-0.00297547292
-0.002803558661
-0.002619060718
-0.002429001745
-0.002238796675
-0.002052493705
-0.001873020199
-0.00170239813
-0.001541921711
-0.001392314842
-0.001253866883
-0.001126541216
-0.001010062405
-0.0009039870888
-0.0008077603921
-0.000720762073
-0.0006423395441
-0.0005718026341
-0.0005084665405
-0.0004517360555
-0.0004010854139
-0.0003558989805
-0.0003156391746
-0.0002797934777
-0.0002479154577
-0.0002195933165
-0.0001944662565
-0.0001721753218
-0.0001523946345
-0.0001348547883
-0.000119310479
-0.0001055383674
-9.333880911e-05
-8.253462339e-05
-7.29676839e-05
-6.449646003e-05
-5.699482272e-05
-5.035095525e-05
-4.446574868e-05
-3.92512566e-05
-3.462947662e-05
-3.053121286e-05
-2.689494898e-05
-2.366585391e-05
-2.079497626e-05
-1.823859338e-05
-1.595766515e-05
-1.391734459e-05
-1.208650914e-05
-1.043729786e-05
-8.944671671e-06
-7.585992656e-06
-6.340741162e-06
-5.189909248e-06
-4.117063021e-06
-3.102547696e-06
-2.147946298e-06
-1.182333144e-06
-5.298121118e-07
-0.2453608935
-0.3211678813
-0.2453600056
-0.3212033114
-0.3572570296
-0.4379205226
-0.357259917
-0.4377885513
-0.1477232225
-0.3076198339
-0.1993525334
-0.238673992
-0.1477175632
-0.3077054038
-0.1993240786
-0.4161593666
-0.3962362409
-0.3980042498
-0.4166479953
-0.4532710047
-0.4282475461
-0.4531477656
-0.4281789524
-0.2670414353
-0.2449562504
-0.2475946211
-0.2608373929
-0.2476800942
-0.2603497406
-0.2670225117
-0.3448692014
-0.3424838177
-0.3030326221
-0.3214205563
-0.2893473558
-0.3298906743
-0.2894221059
-0.3293179511
-0.301896438
-0.2670453749
-0.2449587997
-0.2475974966
-0.260839498
-0.2476826177
-0.2603545081
-0.2670302666
-0.3448849683
-0.3424884643
-0.3030375024
-0.3214261311
-0.2893460228
-0.3298916872
-0.2894269277
-0.3293215762
-0.3019045274
-0.4502715691
-0.4495786118
-0.4161577665
-0.3962317036
-0.3980042161
-0.4166431435
-0.4502729436
-0.4495734607
-0.238743566
-0.2523883015
-0.252483292
-0.2324605481
-0.2199105393
-0.2199935082
-0.2323443484
0.01717777177
-0.1479808298
-0.01039076027
-0.1019668366
0.01717756053
-0.1479500938
-0.01039130575
-0.2235814114
-0.4109909688
-0.2727313486
-0.3400554023
-0.2236150172
-0.4110504886
-0.2726916211
-0.04251309177
-0.2166752464
-0.08861351787
-0.169314703
-0.04250675731
-0.2166442379
-0.08862194726
-0.271840001
-0.3846652733
-0.2453628119
-0.4208362652
-0.2718638905
-0.3847313264
-0.2453876122
-0.3985487772
-0.3074303778
-0.3984755542
-0.307509148
-0.2440074648
-0.2785882575
-0.2131514404
-0.3569826011
-0.2440133865
-0.2785993866
-0.2131520915
-0.402928087
-0.3577731817
-0.3728608815
-0.3880409056
-0.3733566406
-0.3882343477
-0.4026894027
-0.4317111019
-0.4383262977
-0.4150153819
-0.4561421047
-0.4154731822
-0.4562469191
-0.4313566954
-0.402920499
-0.357775976
-0.3728821058
-0.3879692599
-0.3733577611
-0.3882196917
-0.4026704241
-0.4317084948
-0.438300505
-0.4150144261
-0.4560385183
-0.4154696976
-0.4562411498
-0.4313353132
-0.2000526827
-0.1887249029
-0.1579137741
-0.147504709
-0.1886970322
-0.1577989935
-0.2000258193
-0.3080932662
-0.2774203947
-0.2777734513
-0.2551761224
-0.282732603
-0.2830257775
-0.2549214025
-0.2205654677
-0.176197322
-0.2459944933
-0.199555831
-0.1762798388
-0.246187157
-0.2204002512
-0.2387470029
-0.2523930153
-0.2524890413
-0.2324674685
-0.2199217229
-0.2199982055
-0.2323600182
-0.200056248
-0.1475049583
-0.1887303133
-0.1579140831
-0.1886994504
-0.157800115
-0.2000358255
-0.3081055254
-0.2774330016
-0.2777793739
-0.2551873574
-0.2828797706
-0.2830472588
-0.2549623059
-0.2205644205
-0.199545456
-0.176210081
-0.246046969
-0.1762791241
-0.2461681175
-0.2204135251
-0.4539264489
-0.4758796822
-0.4765055629
-0.4885419429
-0.4576245598
-0.4585003422
-0.4879621595
-0.4871215388
-0.4490462818
-0.4675348073
-0.4290884807
-0.4497752161
-0.4683286508
-0.4864198918
-0.4539014507
-0.4759765593
-0.4765079915
-0.4885369898
-0.4576588016
-0.4584990216
-0.4879797887
-0.4871129209
-0.4290703729
-0.4490848116
-0.4675189548
-0.4497777573
-0.4683241622
-0.4864062926
-0.1109639228
-0.1015735613
-0.1107341021
-0.06356722543
-0.05588248943
-0.05566779888
-0.0638873804
0.07842733061
0.03835220006
0.06905555501
0.05604264572
0.07842864807
0.03835358186
0.06905704769
-0.3406194256
-0.3691601426
-0.369687704
-0.3123953656
-0.3130437816
-0.3397875202
-0.3389693233
-0.1709156685
-0.1452560894
-0.1156576538
-0.1893833072
-0.1192490594
-0.1931212469
-0.1300774883
0.03965082867
-0.02052262443
0.02671251245
0.008168987538
0.03966002696
-0.02052910645
0.02673336811
-0.4215690803
-0.4200969744
-0.4210687613
-0.3780853735
-0.3800356511
-0.3818843619
-0.3756379777
-0.1164446492
-0.1883751735
-0.1098704112
-0.2240021872
-0.1164229967
-0.1883445759
-0.1098396866
-0.3600888741
-0.3043722642
-0.3130553617
-0.3280300356
-0.3207264324
-0.3325621049
-0.281288195
-0.12160428
-0.1576309245
-0.1168155215
-0.1748179191
-0.1215880189
-0.1576200953
-0.1167957172
-0.2820063619
-0.2447037631
-0.2819858048
-0.2446636538
-0.1927736814
-0.2042001767
-0.1774573882
-0.2359317635
-0.1927970024
-0.2042174145
-0.1774416688
-0.02053087999
-0.01475893732
0.01397847917
0.01760297104
-0.01434372811
0.01526244221
-0.02121506009
-0.1271544282
-0.1481283517
-0.1271282978
-0.07863863489
-0.09747888276
-0.0972934876
-0.07885365061
-0.03452424336
-0.003537029204
-0.05097498849
-0.003620950418
-0.002576027868
-0.0472938887
-0.03542725395
-0.1015707745
-0.1109614818
-0.1107304743
-0.06356886362
-0.05588223086
-0.05566754963
-0.06389295885
-0.02052976972
0.01760268589
-0.01475735037
0.01398215121
-0.01434308746
0.0152638314
-0.02121311483
-0.1481262963
-0.1271558255
-0.1271289328
-0.07863666867
-0.09745228692
-0.09728223784
-0.07884649113
-0.03452342568
-0.003621313779
-0.003535951607
-0.05097661497
-0.002575889514
-0.04729361541
-0.03542520649
-0.2730455316
-0.2244217729
-0.2736035417
-0.2979049261
-0.245954389
-0.2472448162
-0.2971050883
-0.4117823662
-0.393172968
-0.3938443413
-0.3610729408
-0.3744283479
-0.3755270694
-0.3603069398
-0.3168393103
-0.2639669726
-0.3266742939
-0.2739868516
-0.2652807523
-0.3278665622
-0.3159803863
-0.3406365221
-0.3690278595
-0.3696646898
-0.3126198307
-0.3130943717
-0.3397769513
-0.338654054
-0.2244118532
-0.2732423394
-0.2735822197
-0.2978525726
-0.2459127352
-0.2472374487
-0.2968721856
-0.4117927573
-0.3931342137
-0.3938431326
-0.3610908867
-0.3744644466
-0.3755350225
-0.3602646516
-0.3168320947
-0.2739787292
-0.2640107132
-0.3266577293
-0.2652864247
-0.3278630977
-0.3159376497
-0.09036965138
-0.07217227996
-0.04307598968
-0.02914706158
-0.06666702219
-0.03238802476
-0.07787735076
-0.1670598345
-0.2093811305
-0.1576218377
-0.2141603027
-0.210934997
-0.1494942446
-0.1636573371
-0.1709216778
-0.1452402025
-0.1156452117
-0.1893497012
-0.1192415282
-0.1931153378
-0.130041758
-0.09037065538
-0.02914663543
-0.07216169271
-0.04307521017
-0.06666527256
-0.03239135278
-0.07787932066
-0.1670492922
-0.214157946
-0.2094051117
-0.1575843647
-0.2109395733
-0.1494847959
-0.1636346338
-0.3296984673
-0.3284535615
-0.2580003032
-0.2807022174
-0.3321662385
-0.2867815009
-0.3222995548
-0.4070568805
-0.3858367151
-0.408054855
-0.3631606565
-0.3396117446
-0.3410069611
-0.3615484014
-0.3161575209
-0.2666613174
-0.2942008529
-0.2417279853
-0.2725914134
-0.2939834599
-0.3131280609
-0.4215547282
-0.4200311363
-0.4210502168
-0.3780662184
-0.3800283168
-0.381888371
-0.3755627038
-0.3297022115
-0.2807026894
-0.3284882466
-0.2580233824
-0.3321747297
-0.2867805478
-0.3223127094
-0.3858508223
-0.4071231859
-0.4080612237
-0.3631460526
-0.3396311889
-0.3410099312
-0.3615190203
-0.3161525118
-0.2417229576
-0.2666411466
-0.29418924
-0.2725850458
-0.2939790343
-0.3131145752
-0.4362347532
-0.4002103517
-0.4375113542
-0.4021596874
-0.3662654617
-0.3679979614
-0.4004915304
-0.3693600756
-0.3365963396
-0.320925217
-0.3216977667
-0.3379524751
-0.3466292011
-0.3631049526
-0.4001923295
-0.4363452004
-0.4375333083
-0.402174245
-0.3662924045
-0.3680009466
-0.4005385506
-0.3693629894
-0.3216985991
-0.3366389961
-0.3208942739
-0.3379590588
-0.3466185638
-0.3631180124
-0.269934581
-0.274715369
-0.2297322193
-0.2326247889
-0.2771499056
-0.2200854567
-0.2428064291
-0.2665583111
-0.305268357
-0.2651569678
-0.2792331106
-0.3013925526
-0.2472987932
-0.2748379212
-0.3600855986
-0.3043770051
-0.3130909503
-0.3280047541
-0.3207377334
-0.3325559177
-0.2812997594
-0.2699398019
-0.2326244002
-0.2747401873
-0.2297472901
-0.2771550362
-0.2200876109
-0.2428223333
-0.2665592167
-0.2792383754
-0.3052751152
-0.2651670644
-0.3013911298
-0.2473044558
-0.2748363357
-0.1883295552
-0.2064500727
-0.2227004497
-0.1706286958
-0.2343247651
-0.1624578848
-0.1762583154
-0.222699947
-0.1883343731
-0.2064742707
-0.170623283
-0.2343220778
-0.1624483982
-0.1762503282
-0.2495999339
-0.2460547076
-0.2433008837
-0.2356217196
-0.2332017629
-0.2322423036
-0.2333566467
-0.2299281827
-0.2271425842
-0.2520975051
-0.2496053168
-0.2488198775
-0.2872594028
-0.2848809672
-0.2829516267
-0.2894296435
-0.288227276
-0.2885825481
-0.2496037083
-0.246058483
-0.243304649
-0.2356249396
-0.2332049985
-0.2322455156
-0.2333590821
-0.2299305752
-0.227144851
-0.2521047338
-0.2496124888
-0.2488270049
-0.2872639989
-0.2848856669
-0.2829564176
-0.2894387979
-0.2882365911
-0.2885919817
)
;

boundaryField
{
    inlet
    {
        type            zeroGradient;
    }
    outlet
    {
        type            fixedValue;
        value           uniform 0;
    }
    topAndBottom
    {
        type            symmetry;
    }
    frontAndBack
    {
        type            empty;
    }
    cylinder
    {
        type            zeroGradient;
    }
    procBoundary3to1
    {
        type            processor;
        value           nonuniform List<scalar> 
125
(
0.07976517866
0.06635183318
0.05119895089
0.03978927911
0.03116308576
0.02441079504
0.01930617031
0.01551363962
0.01262230654
0.01035601281
0.008558912537
0.007124763436
0.005970742932
0.005033009905
0.004263945276
0.003628560555
0.003100433513
0.002658832627
0.002287435429
0.00197349437
0.00170694506
0.001479715115
0.001285288128
0.001118374398
0.0009746481547
0.0008505561824
0.0007431646589
0.0006500297442
0.0005691029624
0.0004986648224
0.0004372659128
0.00038367346
0.0003368344534
0.0002958523746
0.0002599824892
0.0002285592632
0.0002009898921
0.0001767783571
0.0001555064197
0.0001368150168
0.0001203876102
0.0001059409815
9.322580886e-05
8.202966079e-05
7.217336336e-05
6.350186047e-05
5.587494484e-05
4.916326802e-05
4.325013998e-05
3.803457436e-05
3.34310435e-05
2.936586193e-05
2.577356909e-05
2.259577082e-05
1.978162851e-05
1.728759247e-05
1.507535929e-05
1.310932701e-05
1.135552184e-05
9.782610355e-06
8.363729013e-06
7.077126657e-06
5.90476391e-06
4.829245295e-06
3.833058667e-06
2.892896439e-06
2.006718352e-06
1.100846663e-06
5.050308507e-07
-0.2386725168
-0.1019762187
0.05604192446
-0.2453614177
-0.2453577668
-0.1477242674
-0.238672979
-0.1477171761
-0.2449565566
-0.247593798
-0.2476791933
-0.2449581632
-0.2475946273
-0.2476809779
0.01717689546
-0.1019667965
0.01717637567
-0.2387476251
-0.2199180589
-0.2200067359
-0.188724906
-0.147507388
-0.1886989427
-0.2387495084
-0.2199223384
-0.2200087104
-0.1475072211
-0.188726701
-0.1887000371
0.07842801794
0.05604154253
0.07842920405
-0.101574507
-0.05588522423
-0.05567119096
-0.01476111785
0.01760206275
-0.01434615688
-0.101571663
-0.05588514953
-0.05567101089
0.01760169884
-0.01475985322
-0.01434562796
-0.2356218629
-0.2332019728
-0.2322424991
-0.233356514
-0.2299280698
-0.2271424524
-0.2356225097
-0.23320247
-0.2322428292
-0.2333580014
-0.2299294632
-0.2271436947
)
;
    }
    procBoundary3to2
    {
        type            processor;
        value           nonuniform List<scalar> 
103
(
-0.2664134218
-0.2663387829
-0.2337975937
-0.2102903249
-0.2338519591
-0.2103035188
-0.1577605223
-0.1155619108
-0.08444013074
-0.06280704253
-0.04664941398
-0.03456820671
-0.02530365481
-0.01809986934
-0.01242835791
-0.007917857178
-0.004310490472
-0.001415919401
0.0009022851116
0.002745400761
0.004188312178
0.005286137513
0.006077780357
0.006592576059
0.006845483671
-0.4413340951
-0.3963228083
-0.4437311229
-0.3940243619
-0.3473547676
-0.34344655
-0.3473700122
-0.3434514087
-0.4798742944
-0.4754631394
-0.4783148347
-0.4747903026
-0.4747903026
-0.4754631394
-0.4413357921
-0.3963228738
-0.4437400584
-0.3940263318
-0.4798728521
-0.4754662246
-0.4783042669
-0.4747886718
-0.4747886718
-0.4754662246
-0.4988886814
-0.4994372059
-0.5155319546
-0.5150905809
-0.5195565408
-0.503290891
-0.5039607886
-0.5188448194
-0.4989657903
-0.4994391391
-0.5155186013
-0.5150476305
-0.51955378
-0.5034055115
-0.5039890408
-0.51886447
-0.4732936828
-0.4741030242
-0.4365981653
-0.4350546552
-0.3257217233
-0.3236304301
-0.3037770678
-0.3115485099
-0.2664134218
-0.3257621231
-0.3236285574
-0.3037649691
-0.3115589857
-0.2663387829
-0.4003700944
-0.3511851189
-0.3697930976
-0.3938106936
-0.4733566647
-0.4741239706
-0.4365891233
-0.4349915182
-0.4003629258
-0.3511782227
-0.369790591
-0.3937783255
-0.3473547676
-0.3482319736
-0.3493961958
-0.3473700122
-0.3482460415
-0.3494098202
-0.34344655
-0.3429756562
-0.3412669549
-0.3434514087
-0.3429802857
-0.3412710912
)
;
    }
}


// ************************************************************************* //
