/*--------------------------------*- C++ -*----------------------------------*\
| =========                 |                                                 |
| \\      /  F ield         | OpenFOAM: The Open Source CFD Toolbox           |
|  \\    /   O peration     | Version:                                        |
|   \\  /    A nd           | Website:  www.openfoam.com                      |
|    \\/     M anipulation  |                                                 |
\*---------------------------------------------------------------------------*/
FoamFile
{
    version     2.0;
    format      ascii;
    class       volScalarField;
    location    "9.8";
    object      p;
}
// * * * * * * * * * * * * * * * * * * * * * * * * * * * * * * * * * * * * * //

dimensions      [0 2 -2 0 0 0 0];


internalField   nonuniform List<scalar> 
2403
(
0.04726734529
0.04707780769
0.0466058406
0.04584444887
0.044813931
0.0435181458
0.04194605796
0.04008539934
0.03792715409
0.03546406521
0.03268930668
0.02959699076
0.02618556527
0.02245618802
0.01841233748
0.01406383803
0.009427932624
0.004529235285
-0.0005998702083
-0.005918646504
-0.0113778696
-0.01692033544
-0.02248191435
-0.02799313505
-0.03338100283
-0.0385694706
-0.04348429851
0.04751711799
0.04732931228
0.04686056608
0.04610386997
0.04507929634
0.04379031794
0.0422254787
0.04037204878
0.03822052576
0.0357631993
0.03299257074
0.02990019929
0.02648201594
0.02274196758
0.01868326189
0.0143139034
0.009649868021
0.00471545038
-0.000456888374
-0.005826143328
-0.01134246852
-0.0169475628
-0.02257577685
-0.02815607003
-0.03361440868
-0.03887181904
-0.0438516708
0.04802310725
0.04783786752
0.04737490654
0.04662701821
0.0456136037
0.04433740407
0.04278621738
0.04094647562
0.03880776132
0.03636132589
0.03359790464
0.03050556839
0.02707669221
0.02331517903
0.01922577737
0.01481473012
0.01009491263
0.005089001589
-0.0001705998529
-0.005642115102
-0.01127428693
-0.01700660991
-0.02277040615
-0.02849121492
-0.03409174948
-0.03948719606
-0.04459620951
0.04878016211
0.04859871245
0.04814454724
0.04741023591
0.04641411155
0.04515781258
0.04362805907
0.04181000969
0.03969160611
0.0372619106
0.03450919082
0.0314200503
0.02798319326
0.02419278922
0.02005550742
0.01558028666
0.01077716984
0.005664548454
0.0002732903039
-0.005353758042
-0.01116290337
-0.01709018562
-0.02306227318
-0.02899917959
-0.03481791151
-0.04042495093
-0.04573171959
0.0497837589
0.04960739968
0.0491653478
0.04844994858
0.04747810683
0.04624994878
0.04475076168
0.04296395598
0.04087515708
0.03847048373
0.03573509904
0.03265357668
0.0292117977
0.02539558245
0.02119896214
0.01663500344
0.01171865855
0.006463038014
0.0008944341308
-0.004944137913
-0.01099559366
-0.01719092352
-0.02345024645
-0.02968570445
-0.03580584299
-0.04170508556
-0.04728459426
0.05102835598
0.05085770525
0.05043159465
0.0497413556
0.04880188791
0.04761148661
0.0461538056
0.04441008303
0.04236299698
0.03999504903
0.03728736584
0.03422056763
0.03077629512
0.02693656028
0.0226826464
0.01801232101
0.0129524607
0.007515855577
0.001722657442
-0.004386445863
-0.01075117203
-0.01729553417
-0.023930382
-0.03055697815
-0.03707212147
-0.04335412276
-0.04929022639
0.05250633594
0.05234234435
0.05193552634
0.05127780327
0.05038034768
0.04923914184
0.04783603432
0.04614996795
0.04416007348
0.04184449773
0.03917933675
0.03613962828
0.03270125752
0.02884023617
0.02452757263
0.01974671773
0.01451722698
0.008859280146
0.002791501831
-0.003649544662
-0.01040346075
-0.01738676172
-0.02449749671
-0.03162156242
-0.03863949536
-0.0454082996
-0.05179674373
0.05420577996
0.054051374
0.05366925294
0.0530507263
0.05220582942
0.05112773785
0.04979528923
0.04818482447
0.0462714829
0.04402862266
0.04142628867
0.03843232413
0.03501439101
0.03114054347
0.02677712378
0.02189638922
0.0164822392
0.01055928901
0.00415491652
-0.002690662416
-0.009919064881
-0.01744276384
-0.02514512467
-0.03289107425
-0.040538452
-0.04791586641
-0.054867712
0.05611247505
0.05597024046
0.055619455
0.05505063413
0.05427012633
0.05326938414
0.05202686644
0.05051416459
0.04870176039
0.04655767239
0.04404520005
0.04112375101
0.03775093066
0.03388398499
0.02948097124
0.02450444001
0.01892000574
0.01270996001
0.005905397512
-0.001435699033
-0.009243924639
-0.01742935443
-0.02586129963
-0.03437851987
-0.04280778764
-0.05093944533
-0.05858561848
0.05820905081
0.05808177971
0.05776928394
0.0572615701
0.05656132386
0.05565705393
0.05452453514
0.05313455114
0.05145325373
0.04944115231
0.04705378508
0.04424098617
0.04094892089
0.03712104354
0.03270097078
0.02763506126
0.02187185189
0.01536732965
0.008126357764
0.0002011734447
-0.008309483115
-0.01730270498
-0.02663124166
-0.03610183031
-0.04549931561
-0.0545618101
-0.06305817904
0.06047436297
0.06036518275
0.06009864227
0.05966430331
0.05906110767
0.05827510222
0.05727983529
0.05604255038
0.05452562552
0.05268571441
0.05046834926
0.04781180215
0.04464879879
0.04090594638
0.03650680419
0.03137573044
0.02544056643
0.01863581462
0.01091334967
0.002321532998
-0.007029486093
-0.01700639691
-0.02743684751
-0.03808675369
-0.04868382778
-0.05889394033
-0.06842723339
0.06288311412
0.06279549437
0.06258319165
0.06223551822
0.06174765788
0.06110347361
0.06027515782
0.05922721061
0.05791765487
0.0562962428
0.05430203787
0.05186262868
0.04889317384
0.04530008882
0.04098226871
0.03583542174
0.02975680375
0.02264609689
0.0144203678
0.005084885317
-0.005268836849
-0.01645050344
-0.02824546817
-0.040364351
-0.05245554747
-0.06408365356
-0.07487856714
0.06540569842
0.06534347143
0.06519409869
0.06494703633
0.06459397999
0.06411719973
0.06348813361
0.06266891806
0.06161531458
0.06027147546
0.05856669316
0.05641687766
0.05372366668
0.05036863231
0.04621951733
0.04113516023
0.03497026047
0.02758323537
0.0188470071
0.008671682155
-0.002857624935
-0.01551909873
-0.02901968225
-0.04298605119
-0.056953158
-0.07033979426
-0.08266462204
0.06800808588
0.06797523737
0.06789775174
0.06776560948
0.06756761388
0.06728528036
0.06689008926
0.06634269588
0.06559843566
0.06459791851
0.06326096669
0.06149339852
0.05917923452
0.05617616593
0.05231768973
0.04741524467
0.04126669943
0.03366600531
0.02441135998
0.01333808075
0.0004548806474
-0.0140330947
-0.02969523273
-0.04602005888
-0.06237185527
-0.0779539487
-0.09212892544
0.07065046811
0.07065037973
0.07065298401
0.07064910832
0.07062553302
0.07056424077
0.0704384732
0.07021087247
0.06983590863
0.06925217883
0.06837218834
0.067095811
0.06529171428
0.06278581931
0.05937804407
0.05482702913
0.04885443634
0.0411616996
0.03144901413
0.01944584329
0.004980021901
-0.01174831002
-0.03019252176
-0.04958659515
-0.06900851735
-0.08733991016
-0.1037328764
0.07328833676
0.07332543152
0.07341572851
0.07355315872
0.07372293672
0.07390854224
0.0740855864
0.07422033879
0.07427294966
0.07418397949
0.07386489409
0.07320876284
0.0720716737
0.07024931244
0.06750637416
0.06353694413
0.05798069647
0.05041108379
0.04037565408
0.02741986307
0.01118382366
-0.008281804103
-0.03037987983
-0.05389502106
-0.07736206493
-0.09913878254
-0.1181248041
0.07587480396
0.07594936998
0.07613321719
0.0764238545
0.07680368661
0.07725762516
0.07776730157
0.07830951276
0.07885036491
0.07933247511
0.07967212578
0.07977030134
0.07947864902
0.0785743705
0.07678075827
0.07371751075
0.0689266256
0.06181943505
0.05172895859
0.03793315108
0.01976944144
-0.003121600765
-0.03005586093
-0.05926967382
-0.08827916656
-0.1144360737
-0.136347594
0.07835395115
0.07846948654
0.07875155301
0.07920192049
0.07980254053
0.08054216169
0.08141127072
0.08239659535
0.0834744805
0.08459784938
0.08570354415
0.08670368897
0.08744732619
0.08770809066
0.08719852044
0.08548312677
0.08197935389
0.07588170531
0.0662439998
0.0519009419
0.03166273722
0.004537263402
-0.02896206849
-0.06601526531
-0.1027064877
-0.1345346204
-0.1596631654
0.08067905282
0.08083479696
0.08121495786
0.0818256861
0.08264969857
0.08368142764
0.08492320938
0.08637556232
0.08803002541
0.08985761409
0.09181874834
0.0938491263
0.09581763245
0.09753481358
0.09870359604
0.09885060784
0.09731760767
0.09308975714
0.0848061908
0.07059982201
0.04840350013
0.0160316363
-0.02710549248
-0.07584519212
-0.1226544716
-0.161539518
-0.1898229864
0.0827965223
0.08299105447
0.08346636515
0.08423297708
0.08527490495
0.08659367576
0.08820556864
0.09012765435
0.09237121362
0.09493618288
0.0978159507
0.1009834271
0.1043518471
0.1077920942
0.1110464923
0.1136959068
0.1150291285
0.1138553698
0.1084183549
0.09587310872
0.07251760998
0.03322522325
-0.02357245861
-0.07884947197
-0.1340709856
-0.1826102513
-0.2145084323
0.08465529993
0.08488526863
0.08544903123
0.0863610628
0.08760696242
0.08919617449
0.09115912704
0.09353110754
0.09634709736
0.09964190766
0.1034503372
0.1077987469
0.1126814873
0.1180591079
0.123773323
0.1295452831
0.1347555214
0.1382950459
0.1381236177
0.1305062888
0.1093654249
0.06221349122
-0.001640947871
-0.08955234099
-0.1827955024
-0.2250945953
-0.256162487
-0.2775758556
0.08620951983
0.08646851711
0.08710961761
0.08814957035
0.08957545663
0.09140474134
0.09368171797
0.09646032764
0.09980043232
0.1037717048
0.1084559708
0.1139455933
0.1203350309
0.1277106883
0.136104907
0.1454781419
0.1555008963
0.1654857281
0.1736134762
0.1766927505
0.1528615752
0.1132939624
0.0214590782
-0.09812737685
-0.2400056074
-0.3200581031
-0.3269374817
-0.3154364699
0.08741289017
0.08769794289
0.0884016704
0.08954461103
0.09111632302
0.09314134473
0.09567610205
0.09879136949
0.1025700162
0.1071142334
0.1125524139
0.1190442031
0.1267842807
0.1360061717
0.1469766333
0.1599886913
0.1752545093
0.1928839742
0.2120992126
0.2310414574
0.2204940134
0.1805381466
0.09541682063
-0.1283176455
-0.432949478
-0.4684511232
-0.3805544325
-0.334038012
0.08823518185
0.08853868881
0.0892864457
0.0905018236
0.09217658612
0.0943405357
0.09705915655
0.1004160758
0.104512078
0.1094751017
0.1154712897
0.1227163638
0.1314902392
0.1421589008
0.1551995984
0.1712463449
0.1910784856
0.215804863
0.2462062191
0.2653030313
0.2961851893
0.2897482834
0.2385233441
-0.08973840501
-0.3315669467
0.08865272477
0.08896608029
0.08973638075
0.09098937495
0.09271781128
0.0949542129
0.09776896992
0.1012527453
0.1055162196
0.1107016956
0.1169966548
0.1246491221
0.1339890721
0.1454623527
0.1596758629
0.1774861757
0.2000449157
0.229192315
0.2667792625
0.3026017326
0.3425928983
0.4189646957
0.4727525984
-0.3525098147
-0.1600036518
-0.1283600598
-0.3524681906
-0.1600204121
-0.467934199
-0.4329094651
-0.4678995775
-0.3932180801
-0.4684111544
-0.3932298707
-0.3420825808
-0.342722451
-0.3805175752
-0.3419748831
-0.3425194421
0.009374604998
0.4071192056
0.2384767698
0.0093665322
0.4070997536
-0.08974007032
-0.3380662714
-0.3381152789
-0.3318063224
0.5742304014
0.4727729605
0.5741997543
-0.307839071
-0.3664305351
-0.4289244034
-0.2399455603
-0.3077994752
-0.3663158649
-0.4288972813
-0.3290114948
-0.4328397772
-0.3851068363
-0.320029303
-0.3289542304
-0.4328062454
-0.3851429026
-0.05668605224
0.1922601632
-0.02417582857
0.09538885192
-0.05669524974
0.1922221957
-0.02420149487
-0.4306994814
-0.4362341349
-0.4463239373
-0.4853795375
-0.448039755
-0.4902438321
-0.4352402684
-0.459429571
-0.4706982096
-0.4441641084
-0.492118913
-0.4449282595
-0.4930879566
-0.4601114195
-0.3359862203
-0.3339754248
-0.3359128406
-0.09051465965
-0.3322324591
-0.3273737019
-0.3328685956
-0.3277911266
-0.3336047606
0.4657017806
0.4647689089
0.5505139229
0.4189058939
0.4657514272
0.4647448501
0.5504935327
0.4991844593
0.4749355225
0.4569054954
0.5168856569
0.4593247652
0.5188754877
0.5008617569
-0.2241305278
-0.1648950766
-0.1634903201
-0.173842254
-0.1655415593
-0.1668262307
-0.2252607849
-0.3752007972
-0.3708321288
-0.3462844018
-0.3654277447
-0.349208138
-0.3690453128
-0.2241351852
-0.1648937404
-0.1634974339
-0.1738468589
-0.1655452773
-0.1668313032
-0.2252729216
-0.375207422
-0.3708328688
-0.3463058233
-0.3654317622
-0.3492145737
-0.3690623068
-0.477219986
-0.4691417034
-0.4655364503
-0.4815083659
-0.4685004371
-0.4800179514
-0.4763744961
-0.5122428461
-0.5155310537
-0.430689744
-0.4362141868
-0.4462798223
-0.4853458837
-0.4480302876
-0.4902321802
-0.4352114639
-0.47720892
-0.4691311441
-0.4655012505
-0.4814758027
-0.468490122
-0.480007175
-0.4763442186
-0.5122350819
-0.5155261884
-0.4368956718
-0.3929485407
-0.4183992533
-0.3952983118
-0.4191740103
-0.3946400551
-0.4354997796
-0.3957259768
-0.3934692699
-0.4594194492
-0.4706850198
-0.444124929
-0.4920852913
-0.4449164488
-0.4930761974
-0.460082787
-0.4368835989
-0.392945861
-0.4183599333
-0.3952624906
-0.4191619853
-0.3946284619
-0.4354668919
-0.3957066959
-0.3934596428
-0.3652631107
-0.3842897795
-0.363305121
-0.3848695177
-0.3616136191
-0.3651138005
-0.3579603816
-0.3428676675
-0.3449914859
-0.3519666049
-0.3448600643
-0.3516627556
-0.3571355359
-0.3652474782
-0.3842479826
-0.363252848
-0.3848550938
-0.3615941855
-0.3650698789
-0.357953424
-0.3428515348
-0.3448396669
-0.3518803758
-0.3448470608
-0.3516487102
-0.3570846955
0.1755536211
0.01063740127
0.124788883
0.03552709712
0.1263289095
0.02815390822
0.1744856043
0.2509970932
0.1873324833
0.298706071
0.1885173455
0.29395257
0.248463523
0.1755525569
0.01063015427
0.1247948906
0.03552030877
0.1263315792
0.0281508363
0.1744841346
0.2509952002
0.1873284782
0.2986978135
0.1885141089
0.2939522827
0.2484594533
-0.09050861629
-0.3373305819
-0.3373336993
-0.3261233128
-0.3245689941
-0.3322524198
-0.3275260644
-0.3329329302
-0.3278051955
-0.333615526
-0.3261813952
-0.3245871918
0.4384401861
0.4392750303
0.5571031666
0.576599942
0.55513688
0.584758307
0.5579027047
0.5838993469
0.5572815998
0.4991808742
0.4749344742
0.4568949465
0.5168632165
0.4593225416
0.5188738916
0.5008505264
0.4384406014
0.4392742785
0.5570981665
0.5765930647
0.5551110473
0.5847355035
0.557898399
0.5838926947
0.5572661788
-0.1772371766
-0.102434282
-0.1861832408
-0.08956242449
-0.1772084413
-0.102467902
-0.1861497848
-0.2129847311
-0.2155243658
-0.2772425819
-0.1828061027
-0.2129608
-0.2154631757
-0.2772130847
-0.2512242816
-0.2899978047
-0.306789048
-0.2250811814
-0.2512304015
-0.2899790279
-0.3067355021
-0.2722053171
-0.3075892248
-0.3079646864
-0.2561027782
-0.2721670455
-0.3076465828
-0.3079160475
0.03850408607
0.1574255962
0.102206711
0.1132929573
0.03849948298
0.1574440958
0.1021804153
-0.06103655269
0.07371571021
-0.05838111053
0.02144963674
-0.06108789196
0.07371331822
-0.05842772572
-0.2066072244
-0.1188488836
-0.3072388004
-0.09818189326
-0.2064790312
-0.1189642661
-0.3071007343
-0.3024767427
-0.267796053
-0.2719033711
-0.2386395428
-0.266629819
-0.2714085099
-0.302883876
-0.3581815467
-0.3268458839
-0.3550931904
-0.319752882
-0.3266753816
-0.3550554152
-0.358193523
-0.3185735944
-0.373045801
-0.3387909809
-0.3270003638
-0.3185213079
-0.3730259193
-0.3388276766
-0.3328691512
-0.3154881492
-0.3327565637
0.1252554018
0.2583615094
0.2253643097
0.1805894669
0.125238984
0.2583952195
0.2253026525
0.07820445161
0.05435787913
0.1207012323
0.1004929298
0.05721992184
0.1244618888
0.07607173196
-0.2202658586
-0.1281408418
-0.2003733748
-0.1426815676
-0.1997591323
-0.1427787391
-0.2212428479
-0.3712192223
-0.3808650787
-0.365758602
-0.3931819776
-0.3656314452
-0.395179116
-0.371053553
-0.3340059079
-0.3342262626
-0.3343664446
-0.3277101193
-0.3277169343
0.2809154842
0.3293881331
0.3750101369
0.2961881757
0.2808807069
0.3293364885
0.3750931477
0.2682093332
0.3912956213
0.4159426193
0.2897065635
0.2682351649
0.3913791099
0.4159393831
0.2476114522
0.2398834357
0.1899142401
0.2899735375
0.1904237748
0.2909914152
0.247135172
0.3979571558
0.3642440046
0.4355151313
0.3426430258
0.3978915136
0.3642306695
0.435490002
0.4666351189
0.4377866535
0.4407856019
0.4233395369
0.4402031036
0.4450555214
0.4644200427
-0.3314600402
-0.3521133452
-0.2844231654
-0.3776586574
-0.2849581593
-0.3765486898
-0.3291577438
-0.2202809053
-0.1281641751
-0.2004674624
-0.1426871345
-0.1997874574
-0.1427895501
-0.2212836787
-0.331471587
-0.3520991301
-0.2844716727
-0.3776757133
-0.2849751788
-0.3765496084
-0.3291897337
-0.3555792391
-0.3419293872
-0.3519494001
-0.3440428496
-0.3518581378
-0.3439158827
-0.3554933457
-0.37120475
-0.3808522774
-0.3656973082
-0.3931764799
-0.365613701
-0.3951711737
-0.3710159268
-0.3555708327
-0.3419148117
-0.3519499633
-0.3439217042
-0.3518565596
-0.3438984538
-0.3554497874
0.3177991014
0.4077163161
0.3472465518
0.3743054638
0.3481891871
0.3757409115
0.3156260648
0.247610746
0.2398727538
0.1898994421
0.2899989517
0.1904216892
0.290997774
0.247134861
0.3177964732
0.4077093975
0.3472232275
0.3743282319
0.3481868089
0.3757442487
0.3156204275
-0.326460769
-0.2903859549
-0.3443400607
-0.3073145098
-0.2895681222
-0.3441539937
-0.326775424
-0.3670051421
-0.3975046568
-0.3972648814
-0.3449853223
-0.3124639023
-0.3123194009
-0.3452901719
-0.428994406
-0.4179561506
-0.4180419456
-0.3687367
-0.3853170069
-0.3852808988
-0.3689420058
-0.3025279469
-0.2386460093
-0.2678941444
-0.2716425305
-0.2666659767
-0.2713796964
-0.3030115505
-0.326465829
-0.3073031431
-0.2903904883
-0.3442926949
-0.2895729787
-0.3441381482
-0.3267821717
-0.3669686603
-0.3974726614
-0.3972571092
-0.345003586
-0.3121219273
-0.3122448026
-0.3453332659
-0.4289849689
-0.4179344885
-0.4180365776
-0.3687372137
-0.3852796932
-0.3852680611
-0.3689379151
-0.3555151998
-0.3289799207
-0.3511391985
-0.3288244731
-0.3288391957
-0.3510804112
-0.3555882132
-0.4335376681
-0.4203329326
-0.4206151275
-0.3906874455
-0.3935705221
-0.3937912582
-0.3905685895
-0.3851443771
-0.4025328073
-0.4027851477
-0.3811610451
-0.3706954382
-0.3707184014
-0.3811059738
-0.3581757708
-0.3197447108
-0.3268336471
-0.3550613145
-0.3266709833
-0.355044039
-0.3581771379
-0.3555089656
-0.3288148277
-0.3289753276
-0.3511077832
-0.3288333113
-0.3510733976
-0.3555713803
-0.4335257017
-0.4202968244
-0.4206055039
-0.3906797645
-0.3935369395
-0.39377905
-0.3905434535
-0.385146601
-0.4025075943
-0.4027763695
-0.3811569684
-0.3706875659
-0.3707152588
-0.3811012108
-0.05568144061
-0.05506465048
-0.0540975108
0.01766064843
0.003386247528
0.004920728636
0.01654223716
0.1939849485
0.1404028286
0.1412544329
0.1046058402
0.1518260197
0.1542253326
0.1032097798
-0.02284759825
-0.04993814882
0.06966764169
-0.04930674014
0.07009197222
0.03631182889
0.03570508354
0.07819800001
0.1004835877
0.05434438215
0.1206995848
0.05721547376
0.1244594284
0.07605578523
-0.05568695475
-0.05509403806
-0.05410123302
0.01765264443
0.003365043124
0.00491647935
0.01651707375
0.1939720146
0.1404580736
0.1412690613
0.1046077097
0.1518587596
0.154234455
0.1032214077
-0.0228637942
-0.04997451451
0.06968277325
-0.04931621213
0.07009743648
0.03630226232
0.03568097474
-0.336426222
-0.3351049505
-0.3290876371
-0.3352466107
-0.3293402635
-0.3288550671
-0.3288425542
-0.3339978159
-0.3343311667
-0.3343825047
-0.3277137043
-0.3277518684
-0.3364233137
-0.3351766933
-0.329126073
-0.3352628377
-0.3293376886
-0.328854978
-0.3288331125
0.4667408584
0.5053391332
0.506114888
0.4879374919
0.4542319221
0.4557119695
0.4866741755
0.4859563082
0.4566284171
0.4937987743
0.4688269324
0.4607690793
0.4959472327
0.4837708242
0.5516418183
0.5352702552
0.5364016086
0.5119704031
0.5230024659
0.5243187321
0.5106528049
0.4666354667
0.4233377841
0.4377580059
0.4408122884
0.440203439
0.4450583066
0.4644199874
0.4667433548
0.5053222115
0.5061114516
0.4879380097
0.4542331621
0.4557132091
0.486682171
0.4859534561
0.4688238382
0.4566180151
0.4937912804
0.4607659678
0.4959451522
0.483762
0.5516358083
0.5352414982
0.5363972341
0.5119659932
0.5229900329
0.5243144604
0.5106329154
-0.1037846519
-0.08303132188
-0.1191248311
-0.07882101982
-0.1037820012
-0.08301658744
-0.1191267718
-0.1587798819
-0.1514317587
-0.1813772733
-0.1340477623
-0.1587667724
-0.1514114209
-0.1813644007
-0.2000676569
-0.2057888978
-0.223884482
-0.1826015934
-0.2000502878
-0.2057805219
-0.2238717995
-0.2277111218
-0.2362005418
-0.2438661129
-0.2144590671
-0.2275802607
-0.2361773265
-0.2437592491
0.04040333452
0.08487115994
0.05597127611
0.06220215446
0.04040156674
0.08486563086
0.05596701823
-0.03632716068
0.01021532443
-0.07987544322
-0.001646680415
-0.03633899812
0.01019993371
-0.0799167902
-0.1887481561
-0.1871989393
-0.1933159741
-0.1373517794
-0.1700481181
-0.1562561411
-0.2025480907
-0.2524049451
-0.2356449805
-0.2435427452
-0.2231258882
-0.2347066626
-0.2415689129
-0.2537933655
-0.272987789
-0.2623948229
-0.2717187739
-0.2548528575
-0.2618833016
-0.2700475224
-0.2741484543
-0.3078070673
-0.2775310717
-0.3078653549
0.1434699811
0.1858136054
0.1736733427
0.1528491952
0.1434860635
0.1858195116
0.1737020102
0.02117919764
0.009934533955
0.03387281426
0.04996098797
0.01570588743
0.06077784922
0.01392224944
-0.1437887887
-0.1334227417
-0.1026412409
-0.09013150118
-0.1296620369
-0.09945410447
-0.1459745365
-0.3454922778
-0.3269185374
-0.3456116609
-0.3400547107
-0.3247930595
-0.3246611153
-0.3400721319
-0.3128977787
-0.3233518686
-0.314832742
-0.3121317549
-0.3231898295
0.2129150194
0.2570977394
0.2534656026
0.2204490908
0.2129091881
0.2570396166
0.2535156699
0.2207248907
0.1501415854
0.2111547232
0.1878593742
0.1997511441
0.2125309955
0.1838082837
0.2833991781
0.2864397977
0.3084313118
0.2653430664
0.2834223582
0.2864434222
0.3084356112
0.3369626514
0.292662382
0.3234791174
0.3125872013
0.3012829516
0.3418481973
0.3299712317
0.3285282687
0.3104393659
0.3396341202
0.3026057794
0.3285332783
0.3104431237
0.3396362831
0.3992015187
0.3473230244
0.3536694081
0.3505721698
0.386339794
0.3620909772
0.3604422545
-0.1428946908
-0.1370633474
-0.1824452217
-0.1032097938
-0.1235388006
-0.125415825
-0.1325590385
-0.1054638006
-0.100830013
-0.1244292226
-0.0731362256
-0.0642913776
-0.116736453
-0.1127872868
-0.1843835741
-0.149837865
-0.1720898948
-0.1537004244
-0.1657418675
-0.1548955667
-0.1355329655
-0.1428742058
-0.1032105077
-0.1370592181
-0.1823915972
-0.1235421484
-0.1254174883
-0.1325299487
-0.1054671011
-0.07313771974
-0.1008440472
-0.1244348103
-0.06429371751
-0.1167271287
-0.1127939165
-0.1843658625
-0.1498033317
-0.1720377116
-0.1535885731
-0.1657213713
-0.154866138
-0.1355050349
-0.2111675978
-0.2000353335
-0.2312094864
-0.209689967
-0.1931390745
-0.2280827755
-0.2167406046
-0.2399222346
-0.211424126
-0.2369075662
-0.2122279559
-0.1979190945
-0.1877309469
-0.2180167917
-0.2605182356
-0.2762434654
-0.2588232475
-0.2332111048
-0.2519653768
-0.2502419415
-0.2361244084
-0.1887443241
-0.1373551851
-0.1871772741
-0.1933120915
-0.1700398466
-0.1562594132
-0.2025351346
-0.2111649154
-0.2096816959
-0.2000390509
-0.2311946869
-0.1931345274
-0.2280769239
-0.2167362722
-0.2114138083
-0.239944265
-0.2369173492
-0.2122274201
-0.197854528
-0.1877129066
-0.2180081778
-0.2762342607
-0.260519493
-0.2588227705
-0.2332140208
-0.2519497207
-0.2502358947
-0.2361405699
-0.2601756415
-0.2435349164
-0.2675753016
-0.2506463096
-0.2425688887
-0.2664240408
-0.2613751296
-0.2986977189
-0.2893943173
-0.2983318732
-0.2737585788
-0.2647367112
-0.2636837603
-0.2744240357
-0.303762853
-0.3064802164
-0.3034473962
-0.2806714534
-0.286022688
-0.285505381
-0.2812487661
-0.2524016626
-0.2231210445
-0.2356590448
-0.2435313195
-0.2347046308
-0.2415641247
-0.2537892662
-0.2601700682
-0.2506381941
-0.2435160433
-0.2675790338
-0.2425611763
-0.2664181048
-0.2613646369
-0.2893888918
-0.2986958019
-0.2983293533
-0.2737546072
-0.2647269261
-0.2636790508
-0.2744261285
-0.3064718683
-0.3037403053
-0.3034407175
-0.2806605243
-0.2859927219
-0.2854986647
-0.2812129058
-0.3074341261
-0.2901698145
-0.2888134784
-0.3079451445
-0.2882718812
-0.3076257779
-0.2906386618
-0.2905393072
-0.2942808482
-0.3074607629
-0.3069079788
-0.2935968789
-0.3067129051
-0.2912914264
-0.2729792799
-0.254834905
-0.262396386
-0.2716660907
-0.2618740539
-0.2700335873
-0.2741341263
-0.3074436207
-0.29016193
-0.2888092008
-0.3079163233
-0.2882715472
-0.3076155379
-0.2906194991
-0.2905244003
-0.3068954173
-0.2942333629
-0.3074528059
-0.2935799179
-0.3067053102
-0.2912592207
0.09236653685
0.06711196439
0.05176831899
0.09091115525
0.08036969188
0.09782020678
0.09071074982
0.1620880982
0.1323973385
0.1261040409
0.1693557961
0.148340839
0.18150276
0.1104607331
0.1141555883
0.1209429898
0.08145122668
0.1184775887
0.09584240107
0.1475214469
0.1034702997
0.09236379197
0.090907775
0.06710919155
0.05176423495
0.08036772683
0.09781660271
0.09070459783
0.1620837794
0.1693607661
0.1324097563
0.126112708
0.1483430843
0.181499225
0.1104621683
0.1141485346
0.1209399644
0.08144520059
0.1184675935
0.09583963826
0.1475179382
0.1034654696
-0.01964012939
-0.017858479
-0.05966191169
-0.05665241105
-0.03257960763
-0.05827189923
-0.01847492569
0.03745680745
0.08062941166
0.04140145826
0.02958415477
0.05517756392
0.06580212753
0.0245776244
-0.0574899144
-0.006427850625
-0.004631762403
-0.01203241689
-0.05891809851
-0.0580382395
-0.01356568593
0.02117013228
0.04995108423
0.009908235577
0.03385908871
0.01569780268
0.06077163055
0.01389518879
-0.01965534429
-0.05666990635
-0.01789603806
-0.05973125611
-0.03259352642
-0.05829713844
-0.01851616516
0.08062810241
0.03745374014
0.04139957574
0.02957849043
0.05517303951
0.06579958623
0.02456370928
-0.05751347674
-0.006448060237
-0.004640361842
-0.01204872324
-0.05899721058
-0.05806875466
-0.01360401852
-0.2330238452
-0.2059006869
-0.2323820378
-0.1895915505
-0.1704508762
-0.1695612667
-0.1904714608
-0.118517198
-0.1805535696
-0.1799876271
-0.1607188264
-0.1097978638
-0.1087212196
-0.1617199039
-0.3067100081
-0.2470412845
-0.2469899512
-0.2659154592
-0.2653736947
-0.2150956258
-0.2154338459
-0.1438171368
-0.09014819768
-0.13350043
-0.1027413105
-0.1296698472
-0.09948916345
-0.1461315807
-0.2058595249
-0.2322005621
-0.2321739338
-0.1895014555
-0.1703279439
-0.1695140734
-0.190429569
-0.118553653
-0.1806755752
-0.1800187368
-0.1607642112
-0.1099289746
-0.1087675002
-0.1619314644
-0.306650665
-0.2470982147
-0.2469943304
-0.2654544983
-0.2652229504
-0.215099665
-0.215883786
-0.3340399006
-0.3217528804
-0.3276804095
-0.31808187
-0.3215206717
-0.3275095245
-0.3340460968
-0.373366266
-0.3609521903
-0.3610544295
-0.3614958392
-0.3617123308
-0.3523454344
-0.3522887188
-0.3387634809
-0.3488869647
-0.3489482499
-0.3430649191
-0.3342152903
-0.3341118694
-0.3430202754
-0.3269296686
-0.3455693543
-0.3456228834
-0.3400420041
-0.324764999
-0.3246504818
-0.3400391554
-0.3340302193
-0.3180714732
-0.3217395979
-0.3276779494
-0.3215121371
-0.3275078888
-0.3340226461
-0.3733584164
-0.3608936249
-0.3610401807
-0.3615273678
-0.3617127043
-0.3523370184
-0.3522639987
-0.3387700247
-0.3488785392
-0.3489434479
-0.3430569674
-0.3342421645
-0.3341145194
-0.343003452
-0.3328221116
-0.3294489626
-0.3294440146
-0.3148439103
-0.3233787424
-0.323193789
-0.3328028022
-0.3294164776
-0.3294358067
0.1522115266
0.1360800355
0.1606324169
0.193458446
0.141592207
0.1704444323
0.1713687625
0.2361239576
0.2333930401
0.2575601165
0.2809287244
0.2465216641
0.2670882448
0.2242843464
0.2285274687
0.1859137501
0.1905943495
0.2185282011
0.2466224981
0.2522628377
0.2095776064
0.2207238664
0.1878620334
0.1501627247
0.2111366204
0.1997500803
0.2125238439
0.1838053832
0.1360761511
0.1522481975
0.1606382377
0.1934570262
0.1416013469
0.170441695
0.1713735974
0.2361214618
0.2809319669
0.233405534
0.2575810516
0.2465177819
0.2670908749
0.2242812928
0.2285177043
0.1859271738
0.1905978909
0.2185248906
0.246601285
0.2522582406
0.2095546247
0.3218797338
0.2908468121
0.3128701198
0.3209870173
0.2975345864
0.3449468636
0.3168663226
0.3508852058
0.312417622
0.3323863889
0.3372280069
0.3215474303
0.3704069142
0.3170267512
0.3846523003
0.3502478043
0.3486418646
0.3543419784
0.3605420012
0.3757960197
0.3356641161
0.321878341
0.3209890694
0.2908124899
0.3128999331
0.2975288105
0.3449514902
0.3168633201
0.3508849251
0.3372224056
0.3124307505
0.3323447616
0.3215481662
0.3704063181
0.3170257445
0.3846652287
0.3502469668
0.348647733
0.3543455607
0.3605422412
0.3757988419
0.335666215
0.2705875602
0.3156755392
0.3174777901
0.3309020762
0.2855022617
0.2896709619
0.327733737
0.4046142858
0.3967859049
0.4077809678
0.3726696228
0.3600644043
0.368204845
0.3684644895
0.4167005847
0.3654488607
0.3667214005
0.4141809993
0.4159118893
0.3735795544
0.3713867169
0.3369630124
0.3125856356
0.292669441
0.3234915106
0.3012863852
0.3418494605
0.3299712999
0.2705892767
0.3156730649
0.317474287
0.3309030255
0.2855273021
0.2896742015
0.327730812
0.3967973467
0.4047109701
0.4077926375
0.3726640853
0.3600575556
0.3682006811
0.3684511974
0.4166977769
0.3654067527
0.3667125655
0.4142264111
0.4159143429
0.3735730061
0.3713680032
0.4159082573
0.4072030282
0.4252754736
0.4110378465
0.3729316434
0.3959708552
0.3878381669
0.4073194689
0.3608080371
0.3739377552
0.3722667753
0.3690973777
0.4114772858
0.3693122342
0.4289214034
0.4446829544
0.4382083732
0.4215318443
0.4040340363
0.4268153777
0.3985249226
0.3991982831
0.3505771632
0.347352635
0.3536614911
0.3863374137
0.3620910063
0.3604362358
0.4071999214
0.4159068245
0.42527573
0.4110339107
0.3728899907
0.3959640376
0.3878096828
0.4073192202
0.3722673998
0.3608498887
0.373936088
0.3691010816
0.4114771699
0.3693223265
0.4446776748
0.4289226466
0.4382042145
0.4215315097
0.4040303713
0.4268129711
0.3985487282
-0.0832864633
-0.02830335393
-0.0324001062
-0.01933365383
-0.03773170445
-0.03023284332
-0.04376432872
-0.03241294871
-0.08331442039
-0.02833512906
-0.01934343625
-0.03774217833
-0.03024258623
-0.04379035985
-0.2928506798
-0.3062669085
-0.2914548697
-0.3062753246
-0.29288859
-0.2914497955
0.231406138
0.266656153
0.2960660929
0.2708194972
0.2758284528
0.2519134732
0.2397775714
0.2960712971
0.23144917
0.2667025417
0.2708192668
0.2758256019
0.2519101591
0.2398083642
-0.09328038592
-0.09312598137
-0.09251860751
-0.0932919363
-0.09313921192
-0.09253215574
-0.3412302931
-0.3422462413
-0.343727972
-0.3412591307
-0.3422729118
-0.3437555717
-0.4800681246
-0.4829855385
-0.4809944465
-0.4842778618
-0.4889716459
-0.4912151892
-0.4662235827
-0.4675565136
-0.4675714401
-0.5183949044
-0.5248424862
-0.5302778921
-0.5159329071
-0.5203311268
-0.5216444236
-0.4700831206
-0.4732236978
-0.4770044905
-0.09325741777
-0.09272181771
-0.09139230406
-0.3342923398
-0.3349352536
-0.3363342549
-0.3319755261
-0.3313183145
-0.3299281712
0.535926888
0.5401239733
0.5407112499
0.5400231786
0.5462635841
0.5512058326
-0.3161103869
-0.316767832
-0.3179572588
-0.2161236964
-0.219754143
-0.2209585916
-0.2133980674
-0.2161194311
-0.2153032233
-0.3409211814
-0.3398237967
-0.341289268
-0.3405934881
-0.3380687381
-0.3369271717
-0.5261293321
-0.5323627064
-0.5330376403
-0.4938313994
-0.4971244623
-0.5006605192
-0.4895911164
-0.4910154992
-0.4906074485
-0.5279555789
-0.5362844656
-0.5411940756
-0.4800558522
-0.4829728323
-0.4809816888
-0.4842448025
-0.4889372771
-0.4911800644
-0.526118036
-0.5323513953
-0.5330264801
-0.4937993835
-0.4970921982
-0.5006279575
-0.4895797618
-0.4910040765
-0.4905961374
-0.5279245343
-0.5362530308
-0.5411623752
-0.4545429085
-0.4570469802
-0.4573489279
-0.4570988147
-0.4614011798
-0.4653482566
-0.4662125055
-0.4675453244
-0.4675603514
-0.5183620549
-0.5248092709
-0.5302442471
-0.5159210725
-0.5203192183
-0.5216325443
-0.4700527658
-0.473192858
-0.4769733601
-0.454531579
-0.45703574
-0.4573378503
-0.4570680564
-0.461370396
-0.4653173286
-0.4058618536
-0.4087979553
-0.4111919273
-0.359660878
-0.3611871402
-0.363015736
-0.3567616763
-0.3568929688
-0.3557255081
-0.3675394883
-0.3691494014
-0.3710042845
-0.3595884728
-0.3611128521
-0.3629374164
-0.3567437135
-0.3568740375
-0.3557058505
0.1792363067
0.1774129171
0.1773617559
0.06314973859
0.06743201975
0.06972165459
0.05977216837
0.06399166835
0.0655812371
-0.09326039125
-0.0927261899
-0.09139672766
-0.338186684
-0.3378042666
-0.3364457705
-0.3381882377
-0.3378055958
-0.3364469427
0.5877398521
0.5924468579
0.5934696256
0.6091519261
0.6152446007
0.6207969495
0.6047072431
0.6083997287
0.6090826833
0.5913836659
0.5984169781
0.6041816121
0.5359237132
0.540120855
0.5407082557
0.5400128773
0.5462532214
0.5511954818
0.5877345012
0.5924415038
0.5934643806
0.6091296426
0.6152219099
0.6207738192
0.6047001391
0.6083925267
0.6090754942
0.5913671937
0.598400161
0.6041646152
-0.3161289012
-0.316785593
-0.3179748906
-0.4294519129
-0.4361187656
-0.4389924872
-0.3409027196
-0.3398051814
-0.3412690291
-0.4294510018
-0.4361199114
-0.4389955879
-0.5106923775
-0.5115503246
-0.5156618283
-0.5106847541
-0.5115426127
-0.5156549294
-0.4058838213
-0.4088207079
-0.4112144846
-0.3989784545
-0.4018782052
-0.4044487138
-0.3989435597
-0.4018448449
-0.4044154789
0.1801322264
0.1791014282
0.1803594491
0.3338088135
0.3398468001
0.3438554482
0.1801270898
0.1790968464
0.1803559369
0.3338010036
0.3398406384
0.3438512039
-0.3283150029
-0.3293248013
-0.3307702263
-0.3220788814
-0.3225485934
-0.3239140983
-0.3220995354
-0.3225700086
-0.3239354301
0.4425641903
0.4449835382
0.4489910883
0.442563803
0.444983513
0.4489925704
-0.216119532
-0.2197493623
-0.2209535562
0.06315711695
0.06743964226
0.06972938128
-0.2133951993
-0.2161163565
-0.2153000302
0.05977494701
0.06399465927
0.06558424485
-0.3675954837
-0.3692067173
-0.371061979
-0.3638180614
-0.3639554316
-0.3628377954
-0.3128331006
-0.3122621555
-0.3108358904
-0.4254035685
-0.4305044986
-0.4296621272
-0.340587795
-0.3380625389
-0.3369200294
-0.4254044633
-0.4305057236
-0.4296647071
-0.509768325
-0.5085386791
-0.5086930684
-0.5097638438
-0.5085349778
-0.5086903126
-0.4015952228
-0.4029202639
-0.4020276202
-0.4015852203
-0.4029103586
-0.4020180428
-0.3965966967
-0.3979045614
-0.3972640825
-0.3965850821
-0.3978932399
-0.3972528336
-0.3637984294
-0.3639359249
-0.3628185836
0.3298061224
0.3346811067
0.3359202935
0.1792328599
0.1774101225
0.1773598291
0.3298036512
0.3346789524
0.3359193028
-0.3343448395
-0.3349908368
-0.3363933575
-0.3319887119
-0.3313323989
-0.329942561
-0.3283708206
-0.3293801761
-0.3308260548
-0.3251758656
-0.3248428375
-0.3235544547
-0.3251585013
-0.3248256993
-0.3235375614
-0.3198049406
-0.3190110595
-0.3176826486
-0.3198137354
-0.3190196658
-0.3176909096
0.4401256877
0.4407421387
0.4413457292
0.440124423
0.4407416618
0.4413464825
-0.3128391464
-0.3122681253
-0.3108417252
)
;

boundaryField
{
    inlet
    {
        type            zeroGradient;
    }
    outlet
    {
        type            fixedValue;
        value           nonuniform 0();
    }
    topAndBottom
    {
        type            symmetry;
    }
    frontAndBack
    {
        type            empty;
    }
    cylinder
    {
        type            zeroGradient;
    }
    procBoundary0to1
    {
        type            processor;
        value           nonuniform List<scalar> 
116
(
-0.04805553276
-0.04848142653
-0.04934177028
-0.050654572
-0.05245151953
-0.0547753267
-0.05768378259
-0.06125252983
-0.06557902485
-0.07078868755
-0.07704355986
-0.0845512621
-0.09358265266
-0.1044942282
-0.1177431433
-0.1339179136
-0.1538733147
-0.178647944
-0.2093666011
-0.2471950441
-0.2471950441
-0.2471950441
-0.2471950441
-0.2471950441
-0.2471950441
-0.2851421509
-0.2890051619
-0.2906915163
-0.3265168208
-0.3265859594
-0.3274915282
-0.3274915282
-0.3268796314
-0.3243585935
-0.3268796314
-0.3244081431
-0.314558746
-0.31302303
-0.322265094
-0.3221775319
-0.3228056295
-0.3233597485
-0.3275019817
-0.3275019817
-0.3269328536
-0.324371405
-0.3269328536
-0.3244175604
-0.3222773134
-0.3222122274
-0.3228237101
-0.3233679168
-0.314579248
-0.3130293049
-0.3257462906
-0.31291574
-0.3257668133
-0.3264832548
-0.3264832548
-0.3238015961
-0.3265168208
-0.3237623172
-0.3245785728
-0.3248663349
-0.3245723272
-0.3244793391
-0.3264954471
-0.3264954471
-0.3238065331
-0.3265859594
-0.3237802921
-0.3247019013
-0.3248770941
-0.3245765149
-0.3245161449
-0.3138150942
-0.2850985926
-0.2889899528
-0.2906988601
-0.313849646
-0.3202492617
-0.3202492617
-0.3203770703
-0.3092506976
-0.3138150942
-0.3203770703
-0.3083055102
-0.3121325293
-0.3136499556
-0.3255804779
-0.324298646
-0.3244397632
-0.3202551125
-0.3121325293
-0.3203933187
-0.3255917125
-0.3243071098
-0.3244343994
-0.2906915163
-0.3136499556
-0.2890051619
-0.3136445291
-0.2906988601
-0.2889899528
-0.3091480801
-0.3092827126
-0.3103683977
-0.3091494149
-0.3092837244
-0.3103691835
-0.3066817673
-0.3055814185
-0.3040967312
-0.3066833249
-0.3055828778
-0.3040981792
)
;
    }
    procBoundary0to2
    {
        type            processor;
        value           nonuniform List<scalar> 
75
(
0.0886527822
0.0889656947
0.08973614828
0.09098918859
0.09271756179
0.09495384681
0.09776843919
0.1012519889
0.105515154
0.1107002007
0.1169945563
0.1246461765
0.1339849909
0.145456973
0.1596697552
0.1774827709
0.2000546803
0.2292286264
0.2668051886
0.3104354391
0.3642436325
0.4647699332
0.5742352588
0.574204358
0.5505170106
0.4647452474
0.5504962806
0.5766047678
0.5847661129
0.583906965
0.5765977535
0.5847431395
0.5839001983
0.4355158409
0.3642293216
0.435489911
0.4937999974
0.46882773
0.4959482898
0.5516449004
0.5230042343
0.5243204407
0.4688243845
0.4937920323
0.4959460277
0.5516387451
0.5229914462
0.5243160247
0.3396310239
0.3104376854
0.3396308876
0.3739381352
0.3722660243
0.4114766639
0.4446833058
0.404034449
0.4268150678
0.3722662195
0.373935418
0.4114761029
0.4446776893
0.4040298024
0.426812265
0.6091585808
0.6152512709
0.6208036917
0.6047135739
0.6084060106
0.6090889553
0.6091360267
0.6152282858
0.6207802534
0.604706332
0.6083986649
0.6090816201
)
;
    }
}


// ************************************************************************* //
