/*--------------------------------*- C++ -*----------------------------------*\
| =========                 |                                                 |
| \\      /  F ield         | OpenFOAM: The Open Source CFD Toolbox           |
|  \\    /   O peration     | Version:                                        |
|   \\  /    A nd           | Website:  www.openfoam.com                      |
|    \\/     M anipulation  |                                                 |
\*---------------------------------------------------------------------------*/
FoamFile
{
    version     2.0;
    format      ascii;
    class       volScalarField;
    location    "6.1";
    object      p;
}
// * * * * * * * * * * * * * * * * * * * * * * * * * * * * * * * * * * * * * //

dimensions      [0 2 -2 0 0 0 0];


internalField   nonuniform List<scalar> 
2429
(
0.09029518289
0.09059588927
0.09133636646
0.09254094127
0.09420342836
0.09635631434
0.09906883799
0.1024303631
0.1065504796
0.1115705725
0.1176774568
0.1251190889
0.1342265924
0.1454492598
0.1594015873
0.176956147
0.1992940832
0.2283006935
0.2658331031
0.3096688319
0.3639326826
0.465917673
0.5775266964
0.08989381122
0.09018589001
0.09090417957
0.09207205529
0.09368233219
0.09576462976
0.09838329338
0.1016207198
0.1055766566
0.1103781539
0.116190674
0.1232297634
0.1317762298
0.1421986659
0.1549790676
0.1707595475
0.1903328469
0.2148489881
0.2450975776
0.2854233924
0.3286026212
0.391214217
0.4071656887
0.08910363292
0.08937748241
0.09005262275
0.09114942638
0.09265857632
0.09460439295
0.09704213246
0.1000413035
0.1036836192
0.1080701535
0.1133281834
0.1196163457
0.1271290313
0.1361005842
0.1467998362
0.1595248447
0.1744975137
0.1918485273
0.2107681777
0.2293859415
0.2552573687
0.2559715391
0.1877171193
-0.1753680731
-0.3673060855
0.08794766511
0.08819603068
0.088810067
0.08980622106
0.09117260593
0.09292652515
0.09511116999
0.09777924125
0.100989367
0.1048099607
0.1093212677
0.1146139396
0.1207814365
0.127909627
0.1360304248
0.1451036161
0.1547984659
0.1644225013
0.1721158393
0.1746588375
0.1833155948
0.1535584366
0.06805006457
-0.1325871871
-0.3933784497
-0.4695517405
-0.4077120574
-0.3638058848
0.08645694398
0.0866758725
0.08721439635
0.08808585058
0.08927643937
0.09079551588
0.09267255924
0.09494172284
0.09763683816
0.1007918993
0.1044384798
0.1086009242
0.1132733299
0.1184145882
0.1238639035
0.1293376894
0.1342085736
0.137356388
0.1367061174
0.1284674464
0.1064314768
0.08091449196
0.003428458644
-0.1135740857
-0.2322286709
-0.3119151659
-0.332295704
-0.3342792104
0.08467353024
0.08485880822
0.08531129846
0.08604100165
0.08703268425
0.08828778913
0.08982195475
0.09165112846
0.09378556802
0.0962263885
0.09895909464
0.1019548042
0.1051298857
0.1083533095
0.1113619951
0.1137317572
0.1147416685
0.1131919033
0.1073022776
0.0942109913
0.07010834389
0.02947342769
-0.02908945784
-0.09108551781
-0.162154722
-0.2191182057
-0.2510620288
0.08264478358
0.08279242435
0.083152439
0.08373060859
0.08451044841
0.08548631766
0.08666111938
0.08803445296
0.0895958533
0.09131643557
0.09314668924
0.09502306819
0.09681995913
0.09834761486
0.09930222925
0.09920703082
0.09739669976
0.0928569539
0.08421265321
0.06957293657
0.04671036871
0.01341507725
-0.03079472943
-0.0807231147
-0.1287507475
-0.1685181855
-0.1970573786
0.0804192821
0.08052829301
0.08079344475
0.08121669641
0.08178109695
0.08247518932
0.08329094267
0.08421440485
0.08521782244
0.08624784409
0.08723895977
0.08810784208
0.08870788349
0.08881448264
0.08813412519
0.08623057413
0.08252175518
0.07622223287
0.06632375699
0.05158599437
0.03085711974
0.003212070937
-0.03082161534
-0.06840952919
-0.105534075
-0.137507547
-0.1622488962
0.07804837041
0.0781192039
0.07829053159
0.07856111549
0.07891459312
0.07933520344
0.07980602547
0.08030268158
0.08078411553
0.08118300064
0.08143054596
0.0814282287
0.08102788181
0.0800109042
0.07809907304
0.07492103447
0.07000313829
0.06275884794
0.05247635377
0.0384015028
0.01997998043
-0.003109240861
-0.03018834366
-0.0594600197
-0.08836764278
-0.1141542831
-0.1351552981
0.07558272854
0.07561694228
0.07569831723
0.07582307598
0.07597641271
0.07613945121
0.07628810557
0.0763913432
0.07640099277
0.07624399525
0.07585636688
0.07513639252
0.07393371912
0.07205104745
0.06924450897
0.06521252235
0.0595913886
0.05194361515
0.04178852495
0.02872110071
0.01244634003
-0.006977373359
-0.02893930535
-0.05218457573
-0.07518748273
-0.09622237352
-0.1139494182
0.07307102795
0.07307104078
0.0730684526
0.07305745697
0.07302512382
0.07295026338
0.07280510186
0.07255639989
0.0721516496
0.0715283531
0.07061788675
0.06931629214
0.067485591
0.06495736138
0.06153005774
0.05696700396
0.05098979213
0.04329109895
0.03356230784
0.02160078633
0.007266284142
-0.009236703473
-0.02734146677
-0.04623749315
-0.06494899941
-0.08229505289
-0.09724689572
0.07055874275
0.07052757226
0.07044849441
0.07031404823
0.07011346856
0.06982502972
0.06941812069
0.06886319804
0.06811265527
0.06710548993
0.06576753369
0.06400391438
0.06169748841
0.05870899436
0.05487770401
0.05001835311
0.04392541267
0.03638231359
0.02722122606
0.01631990198
0.003698010768
-0.01042573821
-0.0255975197
-0.04126382039
-0.05674516187
-0.07120034523
-0.08385785788
0.06808734494
0.06802816991
0.06788064568
0.06763604677
0.06728658931
0.06681104382
0.06618338358
0.06537335568
0.0643348818
0.06300960151
0.06132875945
0.05921059748
0.0565575281
0.05325693299
0.04918094997
0.04418993608
0.0381368834
0.0308771499
0.02233014709
0.01242906893
0.001264042668
-0.01092967413
-0.02383180157
-0.03703255641
-0.05003376676
-0.06222310523
-0.07301999637
0.06569395516
0.06560994742
0.06540187624
0.06506088806
0.06458207455
0.0639495188
0.06313891076
0.06211664241
0.06084004542
0.05925813725
0.05731139951
0.05493024026
0.05203449178
0.04853516912
0.04433361626
0.03932454874
0.0334043803
0.02649134679
0.01853591735
0.009552500276
-0.0003594658554
-0.01099565819
-0.0221156577
-0.03340088837
-0.04447519778
-0.05488195112
-0.0641783082
0.06340925125
0.06330540481
0.06304505205
0.06262109524
0.0620346829
0.0612725175
0.0603088978
0.05911152855
0.05764331837
0.05586093819
0.05371375802
0.05114329006
0.04808582738
0.04447119701
0.04022643432
0.03527576161
0.02954929668
0.0230078779
0.01561701635
0.007435326035
-0.001418812879
-0.01079542806
-0.02049989494
-0.03027675825
-0.03983637275
-0.04883095427
-0.05691788681
0.06126433949
0.06114054218
0.06083768639
0.06034630581
0.05967082958
0.05880031381
0.05771050635
0.05637238085
0.05475404623
0.0528189217
0.05052439363
0.04782286771
0.04466402089
0.04099504159
0.03676169623
0.03191351076
0.02640516938
0.02022541883
0.01336412472
0.005889151548
-0.002083980429
-0.01043783868
-0.0190082468
-0.02758685126
-0.03594654711
-0.04381750136
-0.05093083887
0.05927785242
0.0591395855
0.05880236326
0.05825604883
0.05750733903
0.05654825932
0.05535726026
0.05390861734
0.05217505465
0.05012594793
0.0477259996
0.04493821214
0.04172395386
0.03804372514
0.03385806681
0.02913400405
0.02384996132
0.01800192621
0.01161556273
0.0047521146
-0.00248968278
-0.01000734497
-0.01766160551
-0.02528139702
-0.03268493956
-0.03965866642
-0.0459883018
0.05747302007
0.05732324691
0.05695765236
0.05636652412
0.05555885463
0.05452928023
0.05325883399
0.05172493934
0.04990458377
0.04777234275
0.04530000301
0.0424591027
0.03922086782
0.03555678692
0.03144075978
0.02685283366
0.02178830307
0.01624550548
0.01026782641
0.003922731318
-0.002713679857
-0.009549588503
-0.01646467235
-0.02331672031
-0.02995738294
-0.03621442921
-0.04191440817
0.05586552235
0.055706866
0.05531844234
0.0546914186
0.05383716494
0.05275252258
0.05142080595
0.04982244357
0.04793795939
0.04574626934
0.04322618575
0.04035633831
0.03711503601
0.03348284809
0.02944494144
0.02499055924
0.02012659247
0.01486056765
0.00923807368
0.003324900765
-0.002815464053
-0.009099326524
-0.01542085332
-0.02165986529
-0.02769307483
-0.03337915655
-0.03857544417
0.05446819577
0.05430289801
0.05389664821
0.05324148576
0.05235105046
0.0512241429
0.04984606584
0.04819979124
0.04626865229
0.04403606649
0.04148665994
0.0386041114
0.03537317935
0.03178096526
0.027820331
0.02349036319
0.01880021845
0.01377346784
0.00845134737
0.002892000481
-0.002845574145
-0.008685008646
-0.01453273261
-0.02028529395
-0.02583788177
-0.03107225408
-0.03586899619
0.05329113946
0.05312095571
0.05270116475
0.05202452079
0.05110664315
0.0499480648
0.04853580173
0.04685466874
0.04489000807
0.04263032321
0.04006400714
0.03717880543
0.03396480919
0.03041460626
0.026527244
0.02230810657
0.01776779497
0.01293729866
0.007860013794
0.002584492856
-0.002832873807
-0.008321415696
-0.01379751958
-0.01917038783
-0.02434863819
-0.02923118075
-0.03371616309
0.05234205533
0.05216841738
0.05173870341
0.05104622756
0.05010822734
0.04892669535
0.04748981285
0.04578320469
0.04379567093
0.04151889591
0.03894363069
0.03606130735
0.03286591252
0.02935432128
0.025529945
0.0214022893
0.01698630016
0.01231415695
0.007428014358
0.002371841986
-0.002799662654
-0.00802007569
-0.01321341959
-0.01829832584
-0.0231930023
-0.02780894208
-0.03205745919
0.0516264186
0.05145070144
0.05101414736
0.05031062166
0.04935862044
0.04816122357
0.0467071818
0.04498295821
0.04298075669
0.0406935169
0.03811405631
0.03523658207
0.03205780927
0.02857763397
0.02480227983
0.02074390902
0.016421998
0.01186904213
0.007123476073
0.002228062653
-0.002764085935
-0.007789974667
-0.01277908275
-0.01765656259
-0.02234702731
-0.02677087437
-0.03084906868
0.0511486023
0.05097156044
0.05053080082
0.0498203937
0.04885959814
0.0476521075
0.0461864546
0.04445165813
0.04244071009
0.04014748107
0.03756641393
0.03469341245
0.03152690663
0.02806871812
0.02432682035
0.02031509181
0.01605569547
0.01158226814
0.006929226825
0.00213924783
-0.002735655732
-0.007634925199
-0.01249153955
-0.0172346411
-0.02179250636
-0.02609130523
-0.03005879089
0.05091268625
0.05073513932
0.05029270684
0.04957936851
0.04861451559
0.04740129263
0.04592946508
0.04418930919
0.04217378004
0.03987733849
0.03729524298
0.03442423268
0.03126360156
0.02781596742
0.0240899183
0.02010239677
0.01587629351
0.01144164803
0.006833424306
0.002094955753
-0.002722443466
-0.007559593115
-0.0123512697
-0.01702848937
-0.02152077399
-0.02575689525
-0.02966856573
0.4740542265
0.5774957543
0.4740732266
0.2350174536
-0.000886389881
0.4071445183
0.2349675231
-0.0008529298449
-0.1027088392
-0.1026861759
-0.3700103729
-0.37000883
-0.3633781864
-0.3634139508
-0.1429262257
-0.3785735864
-0.1754087363
-0.1429701637
-0.3785319385
-0.4644773344
-0.507161909
-0.4644383744
-0.5071394013
-0.5091261395
-0.4293975056
-0.5091020946
-0.4294288834
-0.3741604736
-0.4156915285
-0.3735528158
-0.3740864441
-0.4156377449
-0.373438743
0.5533042722
0.4193398129
0.4668908108
0.4658929141
0.5532835304
0.419277021
0.4669388297
0.5601251186
0.5799295614
0.5882655246
0.5580813554
0.5874045551
0.5608856598
0.5602965301
-0.35925825
-0.3574543754
-0.03530073561
0.08957051572
-0.06842625331
0.187680207
-0.03530952537
0.08953839674
-0.0684376082
-0.2438307679
-0.1804750093
-0.1926553001
-0.1787479324
-0.1855563688
-0.1809217622
-0.2449726471
-0.5480972893
-0.5514767143
-0.398759838
-0.3966870975
-0.4199018583
-0.3949451371
-0.4206393244
-0.3985876185
-0.3644984993
-0.3672878314
-0.3644245229
-0.4640152671
-0.258537641
-0.3312927798
-0.3932599085
-0.4640070241
-0.2584790347
-0.3312830704
-0.4203610166
-0.3447800854
-0.3559450715
-0.4695455358
-0.4204646724
-0.3448006126
-0.3560471322
0.501109006
0.4762646588
0.5190984069
0.4578144713
0.5211168382
0.4602584696
0.50280151
0.4388997049
0.4397724006
0.5601197971
0.5799225402
0.5882425281
0.5580547136
0.5873977858
0.560880969
0.5602803158
0.501104924
0.476262998
0.5190748099
0.4578026864
0.5211147541
0.4602556636
0.5027891557
0.438898787
0.4397710674
0.2470517561
0.2963494451
0.181720466
0.2915407281
0.1829553587
0.2445070602
0.1702129878
0.0003542663763
0.02623287452
0.1182485878
0.01875813483
0.119777917
0.1691268821
0.2470490854
0.2963401005
0.1817195094
0.2915397951
0.1829521095
0.2445025449
0.1702102199
0.0003556390583
0.02623426534
0.1182514796
0.01875006354
0.1197830552
0.1691245712
-0.1033463865
-0.1033186723
-0.3691364082
-0.3691307397
-0.3636605798
-0.3662862161
-0.3588388778
-0.3670161918
-0.3589296463
-0.3592575182
-0.3574517416
-0.3636588866
-0.3662723347
-0.3588187088
-0.3670117955
-0.358924524
-0.4020605175
-0.371227701
-0.3992090657
-0.3741812682
-0.3936741408
-0.3957032815
-0.2438281997
-0.1804559348
-0.1926557261
-0.1787761195
-0.1855605226
-0.1809121627
-0.2449684343
-0.4020663709
-0.3712495111
-0.3992116629
-0.3741875095
-0.3936786062
-0.3957189384
-0.465509775
-0.46783982
-0.5212342703
-0.480453653
-0.5263773175
-0.4822404153
-0.4701726266
-0.5158406614
-0.5084831546
-0.5219307139
-0.5027247817
-0.5204016635
-0.5058459727
-0.5149231691
-0.5480918039
-0.5514723695
-0.4655013911
-0.4678200002
-0.5212018416
-0.4804127207
-0.5263661275
-0.4822329116
-0.4701472205
-0.5158321985
-0.5084776559
-0.5219076828
-0.5026976427
-0.5203947056
-0.5058392429
-0.5148995325
-0.4316211949
-0.4291415467
-0.5003738338
-0.511551437
-0.5346849841
-0.4838972419
-0.53576553
-0.4847515698
-0.5010698806
-0.476598761
-0.4291334266
-0.431128844
-0.4565201189
-0.4303857633
-0.4573683394
-0.4750240681
-0.4316159021
-0.4291368471
-0.5003693379
-0.5115444445
-0.5346642856
-0.4838769866
-0.5357587095
-0.4847476438
-0.5010558574
-0.4765918642
-0.4291352449
-0.4311079883
-0.4564988163
-0.4303795957
-0.4573628779
-0.4750052066
-0.3910667994
-0.3746480026
-0.3847485926
-0.3762561799
-0.3845589211
-0.3764354581
-0.3900540973
-0.3987451031
-0.3966497979
-0.4198654795
-0.3949297757
-0.420626217
-0.3985479691
-0.39105557
-0.3746359948
-0.3846943175
-0.3762384859
-0.3845457567
-0.3764265381
-0.3900211725
0.436180541
0.3419842735
0.3980174173
0.3639182128
0.4361545511
0.3420183992
0.3979448071
0.487492615
0.4954660244
0.4576430997
0.4700515732
0.4976553128
0.4618607302
0.4852654863
0.3747294339
0.2949620412
0.2791027446
0.3285359968
0.3748036476
0.2949359023
0.2790686607
0.4161887698
0.2878956089
0.265497331
0.3912927844
0.4161836001
0.2878588484
0.2655212463
0.3158074844
0.407779051
0.3736705024
0.3460360592
0.3751400504
0.3469950434
0.3136045795
0.2217725201
0.1769688329
0.1198251221
0.2560130123
0.2217097136
0.1770333589
0.1198393242
0.18948791
0.1343152417
0.1351751372
0.09770291766
0.1463794259
0.1488470975
0.09628218727
-0.3679281806
-0.3590723271
-0.3657568837
-0.3593391409
-0.3659226137
-0.3584687501
-0.3584734699
0.09684312689
0.1091638615
0.03287916312
0.1535750411
0.09682192429
0.1091696483
0.03287230197
-0.06988507263
0.01501100016
-0.07120892705
0.06799949715
-0.0699297511
0.01499822376
-0.07125875479
-0.3303366352
-0.1097137323
-0.2232974461
-0.1327125846
-0.3301930455
-0.1097661714
-0.2231681002
-0.3939528801
-0.4275637148
-0.4273138524
-0.3710462301
-0.3358820675
-0.3357136193
-0.3713704146
-0.4702937051
-0.4572489563
-0.4575715906
-0.4238006366
-0.4258203046
-0.4260546135
-0.4236583858
-0.3703800422
-0.3544136964
-0.3468532253
-0.4075296203
-0.3704336767
-0.3543820357
-0.346835538
-0.3440964262
-0.3636779391
-0.3441841781
-0.2013449736
-0.0989547246
-0.1894801966
-0.1136077104
-0.2013244264
-0.09897327155
-0.1894574362
-0.2980616887
-0.1955629886
-0.2280156189
-0.232175367
-0.2980577628
-0.1955895553
-0.228009588
-0.3309585792
-0.2406661586
-0.2688775518
-0.3119341129
-0.3309869387
-0.2406746319
-0.2689212826
-0.3341296024
-0.2741308101
-0.2923351013
-0.3324069881
-0.3340872148
-0.274105986
-0.2923461752
0.2441293781
0.2364027907
0.2875673002
0.1851440316
0.2886046866
0.185630338
0.2436507281
0.315804106
0.4077713945
0.3736918198
0.3460111349
0.3751427312
0.3469919523
0.3135971951
0.2441278557
0.2363914322
0.2875906136
0.1851180608
0.2886104422
0.1856272132
0.2436475075
-0.2393029119
-0.142744659
-0.1578379828
-0.2181234719
-0.1579882314
-0.2174889784
-0.2403047165
-0.355835399
-0.3781525917
-0.4058076289
-0.3062856188
-0.4046734963
-0.3068237393
-0.3534925791
-0.239314102
-0.1427689839
-0.1578433569
-0.2182221616
-0.1579938738
-0.2175183099
-0.2403364312
-0.3558466735
-0.3781383346
-0.4058281831
-0.3063377572
-0.4046750069
-0.3068418222
-0.3535248086
-0.4056727558
-0.4160206062
-0.4298410027
-0.3999108818
-0.432019132
-0.3997962356
-0.4055165798
-0.3883884492
-0.3734348414
-0.3752928954
-0.3846646338
-0.3752933946
-0.3845887944
-0.3882485185
-0.4056518037
-0.4159989959
-0.4298320211
-0.3997645277
-0.4320093989
-0.3997602511
-0.4054597831
-0.3883734305
-0.3734178815
-0.3752163767
-0.3846165024
-0.3752748635
-0.3845762896
-0.3881983978
0.5544497273
0.5377822178
0.5389320742
0.5140022951
0.525229016
0.5265693614
0.5126598463
0.4678333875
0.4415340887
0.4384646606
0.423800228
0.4458835772
0.4409306876
0.4655749229
0.46794653
0.5072897368
0.5080800584
0.4895346868
0.4552026276
0.4567118634
0.4882463943
0.4874892281
0.4700482013
0.4954580689
0.4576308792
0.4976530563
0.4618568797
0.4852553015
0.5544435614
0.5377525245
0.5389272398
0.5139973853
0.5252162156
0.5265649404
0.512638842
0.4678328922
0.4237970219
0.4415579179
0.4384335148
0.4458851785
0.4409300214
0.4655727738
0.4679483385
0.5072714208
0.5080759422
0.4895344965
0.4552018284
0.4567123275
0.4882527647
-0.03381523742
0.06139327308
-0.06018422655
0.06187663401
-0.05939598214
0.02804483142
0.02732576135
0.07160329342
0.1147521399
0.04786021157
0.09481830137
0.1186251107
0.05083844954
0.06935684746
-0.06745707667
-0.06605875522
-0.06512188535
0.01002145619
-0.005436616236
-0.003975608292
0.008783596607
0.1894745565
0.134369414
0.13518685
0.0977018296
0.1464145454
0.1488562477
0.09629365222
-0.03384524651
0.06142765089
-0.060232614
0.06187854419
-0.05942273823
0.02803291522
0.02730924461
0.07159396812
0.09480797585
0.114753931
0.04783908074
0.1186220903
0.05083030094
0.06933688099
-0.06746457616
-0.06610351591
-0.06513186749
0.01000962285
-0.005458802363
-0.003982369752
0.008754578367
-0.3644741448
-0.3644028582
-0.3645923461
-0.3574095228
-0.3563725108
-0.3563130483
-0.35738646
-0.3679227202
-0.3591315763
-0.3657986525
-0.359338086
-0.3659235347
-0.358460779
-0.3584480316
-0.3644588046
-0.3645230396
-0.3646028225
-0.357408507
-0.3564364081
-0.3563230959
-0.3574133832
-0.4640937435
-0.4507810184
-0.4508693323
-0.3972118116
-0.4159310757
-0.4158904722
-0.3974327269
-0.3253218842
-0.2926169558
-0.2880852162
-0.2570867461
-0.2920769335
-0.2868544375
-0.3257605093
-0.351331569
-0.3710319473
-0.3123417165
-0.3307382349
-0.3708322269
-0.3114774461
-0.3516694913
-0.3939153577
-0.427537502
-0.4273090024
-0.3710700824
-0.3355203991
-0.3356354629
-0.371427255
-0.4640914552
-0.4507720273
-0.4508694534
-0.3972197285
-0.415920612
-0.4158877361
-0.397447679
-0.3253811811
-0.2570960278
-0.2923380475
-0.2882024911
-0.2920472221
-0.286897889
-0.3259081381
-0.351345555
-0.3307399282
-0.3710157658
-0.3123682799
-0.370828924
-0.3114909798
-0.3516990936
-0.4204258532
-0.438792197
-0.4390884708
-0.4144383178
-0.4036793348
-0.4037507047
-0.4143462785
-0.387346292
-0.3832438121
-0.3525595449
-0.3444609074
-0.3832059793
-0.3523894541
-0.387343897
-0.3852477388
-0.3809985367
-0.3554213683
-0.3557651033
-0.3810213548
-0.3552952046
-0.3852822185
-0.4702918899
-0.4572513563
-0.4575758977
-0.4238208338
-0.4258322346
-0.42605921
-0.4237138629
-0.4204266352
-0.43881614
-0.4390902268
-0.4144682776
-0.4039733354
-0.4037606474
-0.4144907443
-0.3873825608
-0.3444724263
-0.3832689674
-0.35263054
-0.3832168092
-0.3524158551
-0.387441301
-0.3853119658
-0.3557747991
-0.3815278378
-0.35554351
-0.3810835414
-0.3553284413
-0.3855091507
0.3390629203
0.3017480416
0.3278211948
0.309670904
0.3390626486
0.3017441066
0.3278126284
0.4075766771
0.373724356
0.3604622963
0.372020673
0.4117897826
0.3688220622
0.3690365539
0.3075166101
0.2641346491
0.2823471434
0.2854120896
0.3075100928
0.2640327186
0.2822503287
0.3503346855
0.3315496573
0.3114082103
0.3365077219
0.3701356959
0.3206072689
0.3159624245
0.4047006333
0.3968096041
0.4079308673
0.3721825768
0.3594616741
0.3677773001
0.3678864873
0.2511789126
0.2182736504
0.2102100484
0.2552329868
0.2512412526
0.218243769
0.2102178731
0.2332694217
0.2549812201
0.230561361
0.2790199793
0.2647347455
0.2441142162
0.2211120028
0.1705739717
0.150162627
0.1402645013
0.1833197974
0.1706040863
0.1501486696
0.1402681293
0.1586380912
0.1211619497
0.1283181071
0.1657767652
0.1781967458
0.1445666606
0.1053780012
0.03007921224
0.07507825136
0.03401468748
0.02163487137
0.04881489492
0.05940746847
0.01670700022
-0.1322353672
-0.1969788391
-0.1963900082
-0.1758991264
-0.1227345877
-0.1216243904
-0.1769360669
-0.408043013
-0.3946312388
-0.3947546427
-0.3944695535
-0.3946018508
-0.3844616169
-0.3845793409
-0.3637808164
-0.3561473923
-0.3560008713
-0.355228694
-0.3604377211
-0.3604423748
-0.3553746071
0.05075918113
0.05826249863
0.03544784631
0.08092112456
0.05075789347
0.05825493666
0.03544754474
-0.09002381851
-0.007836853163
-0.04391752722
0.003414410216
-0.0900608303
-0.007837764159
-0.04392173542
-0.1163461711
-0.1366569349
-0.1112888444
-0.0833457774
-0.1285426333
-0.07372861496
-0.1241381183
-0.2580916313
-0.2279451785
-0.2549356318
-0.2283451796
-0.2130917799
-0.2025122731
-0.2343776894
-0.3215300176
-0.3112811273
-0.3211497821
-0.2941195028
-0.2842889867
-0.2831808458
-0.2948176591
-0.3321464241
-0.3129848313
-0.3331247138
-0.3110436188
-0.3327986941
-0.3104643487
-0.3134732469
-0.2992624304
-0.3343571884
-0.2991808954
-0.1286156443
-0.08544764223
-0.1115187681
-0.09110434381
-0.1286186604
-0.08545530549
-0.111516653
-0.1935293801
-0.1426164735
-0.1685710337
-0.1621557782
-0.193534352
-0.1426180767
-0.1685767034
-0.2382322409
-0.1930385393
-0.2115456604
-0.2191283086
-0.2382486997
-0.1930464184
-0.2115537175
-0.2586558236
-0.2262542339
-0.2408179029
-0.2510951394
-0.2587032325
-0.226261128
-0.2408398563
0.42948266
0.4455141331
0.4389368317
0.4220178004
0.4042252558
0.4273808687
0.3986332373
0.399338485
0.3532220464
0.3467159265
0.3500245211
0.3617144845
0.3862830161
0.3600347826
0.4162580657
0.4074331415
0.4257953396
0.4113621899
0.372636907
0.3960616694
0.3877783743
0.4075751363
0.3720207875
0.3737215364
0.360500926
0.411789154
0.3688243418
0.3690434702
0.4455085116
0.4294815453
0.438931774
0.4220162552
0.4042205676
0.4273780755
0.3986542178
0.399332564
0.3500200319
0.3532051328
0.3467341727
0.3617095215
0.3862752615
0.360022129
0.4074276985
0.416252572
0.4257939143
0.4113558575
0.372585823
0.3960511417
0.3877445359
0.3845564769
0.3495791229
0.3537408315
0.347989616
0.3755777328
0.3601628419
0.3347605136
0.3207484244
0.3116872765
0.2892619278
0.3198459207
0.3443468291
0.296033812
0.315709713
0.3503270195
0.3364911048
0.3314968635
0.3114184862
0.3701276956
0.3205995783
0.3159519838
0.3845660553
0.3495752923
0.3537373421
0.3479851807
0.3755764261
0.3601593677
0.3347564242
0.3207393291
0.3198461903
0.3117092871
0.2892256939
0.3443458047
0.2960230378
0.3156992519
0.4169673019
0.3646904806
0.3659934195
0.414412183
0.4161802546
0.3730468376
0.3708029923
0.3358322736
0.3222492838
0.2907092562
0.311193568
0.3409955001
0.299519863
0.3286910932
0.2679300851
0.3139227089
0.3157673581
0.3295603169
0.2832839993
0.2875487156
0.3263186927
0.3968196297
0.4047948322
0.4079415999
0.372176137
0.3594540504
0.367772443
0.3678713544
0.4169637706
0.3646466207
0.3659837316
0.414455327
0.4161817903
0.3730393905
0.3707820474
0.335831545
0.3111921268
0.3222651504
0.290716666
0.3409958573
0.2995231161
0.3286898517
0.2679313571
0.3139185362
0.3157632025
0.3295605608
0.2833084163
0.2875518526
0.3263140471
0.2250148814
0.1815538995
0.1863479417
0.2151032645
0.2436593415
0.2494357999
0.2059291199
0.2176721293
0.207984272
0.1457012318
0.1844782059
0.2095142876
0.1964760582
0.1799401162
0.1472088652
0.1310169632
0.155874656
0.1896835237
0.136733869
0.1663697359
0.1670253266
0.2332700797
0.2790266917
0.2550061999
0.2305837506
0.2647394073
0.2441151661
0.2211162336
0.2250050928
0.1815597598
0.1863508421
0.2151022315
0.2436403106
0.2494324764
0.2059100311
0.2176757727
0.1844904612
0.2079777546
0.1457497095
0.2095146858
0.1964844844
0.1799490019
0.1310141936
0.1472397075
0.1558772745
0.189685027
0.1368041918
0.1663794493
0.1670419363
0.1091544831
0.116842505
0.1133328929
0.07610393371
0.1432584439
0.09085053369
0.09832189135
0.08790151661
0.04646303837
0.06224189109
0.08506513592
0.09203070753
0.07515026892
0.08612272555
0.1586341604
0.1657862809
0.1211472163
0.1283255984
0.1782111632
0.144572565
0.1053601968
0.1091550606
0.1168378074
0.1132746389
0.07622282978
0.1432729009
0.09089560037
0.0983179141
0.08789876931
0.08506007101
0.04648856134
0.06223425158
0.0920397962
0.07514796583
0.08611753095
-0.06896951652
-0.01593978621
-0.01416599811
-0.02138407212
-0.06989385644
-0.06898245806
-0.02292761779
0.01312996201
0.02745351828
0.002742518774
0.04314967909
0.05376958104
0.00783948402
0.006366665587
-0.02865857747
-0.07020165535
-0.02657671872
-0.06656022953
-0.06874855526
-0.04126695683
-0.02748602222
0.07506900064
0.03006427163
0.03401081551
0.02162892162
0.04883357891
0.05941954188
0.01668776926
-0.0689936497
-0.01595385094
-0.01417274817
-0.02139874333
-0.06997203997
-0.06901310113
-0.02295915344
0.01311648907
0.04313822027
0.02744429339
0.002719545554
0.05376318161
0.007830044781
0.006343706701
-0.02867291135
-0.06657687312
-0.07027066957
-0.02661513915
-0.06877360918
-0.04127822145
-0.02752329982
-0.3297742144
-0.2667090436
-0.2666415197
-0.2864347845
-0.2858536133
-0.2328567318
-0.2332170778
-0.1578366296
-0.1148810944
-0.1465420467
-0.1014686097
-0.111601926
-0.1426342833
-0.1601056371
-0.2514658205
-0.2225101953
-0.2507674112
-0.2057586217
-0.1853253924
-0.1843298765
-0.2066981235
-0.1322752354
-0.1971121837
-0.1964242284
-0.1759486818
-0.122875194
-0.1216739725
-0.1771647845
-0.3297124047
-0.2667716837
-0.2666467681
-0.2859463103
-0.2856938905
-0.2328622935
-0.233703604
-0.1578677519
-0.1014857009
-0.1149855761
-0.1466290067
-0.1116386079
-0.1426446604
-0.1602740816
-0.2224690202
-0.2505905408
-0.2505472909
-0.20566582
-0.1851991592
-0.1842823991
-0.206664269
-0.3703795525
-0.381544274
-0.3816233482
-0.3748932968
-0.3654723884
-0.3654082675
-0.3748065608
-0.3757817415
-0.3543640285
-0.3759328803
-0.3700204608
-0.3524422781
-0.3522514604
-0.370128841
-0.3640919372
-0.3577353554
-0.3497231407
-0.346331684
-0.3575978117
-0.3494163871
-0.3640621064
-0.4079812415
-0.3944280155
-0.3947442434
-0.3941934661
-0.3944596085
-0.3843442922
-0.3835053144
-0.370397242
-0.3814609254
-0.381627085
-0.3749467007
-0.3655788885
-0.3654426304
-0.3748241619
-0.3542982615
-0.3761674731
-0.3758543279
-0.3698840323
-0.3522015034
-0.3521691541
-0.369479368
-0.3641537981
-0.3463521938
-0.3578790864
-0.3495655195
-0.3576564525
-0.349399861
-0.3641583356
-0.3507933026
-0.3535246639
-0.3422048229
-0.3434884145
-0.3533604974
-0.3414486843
-0.350949867
-0.3637549531
-0.3561720728
-0.3560093311
-0.3552227235
-0.360372409
-0.3604223364
-0.3553290221
-0.3507965249
-0.3435166032
-0.3535731936
-0.3422235692
-0.353375877
-0.3414510528
-0.3509518382
-0.1993738304
-0.1619473498
-0.1673242905
-0.1860568997
-0.1682928019
-0.1792231036
-0.148175054
-0.1543864693
-0.1958460064
-0.1477178458
-0.1139860977
-0.1371719598
-0.1343667373
-0.1443641116
-0.1163515124
-0.08335121255
-0.1366729781
-0.1113033509
-0.1285369039
-0.07373448717
-0.1241513033
-0.1993611226
-0.161923021
-0.1672180137
-0.1860153189
-0.1682676719
-0.1792081748
-0.14815765
-0.1543733684
-0.113984794
-0.1958047713
-0.1477134408
-0.1371721501
-0.134368089
-0.1443449196
-0.2800758485
-0.2970091284
-0.2782922342
-0.2505801388
-0.270563548
-0.268756052
-0.2536315588
-0.203058291
-0.2074131937
-0.2006974057
-0.1488285802
-0.1691090744
-0.1829378862
-0.2174327559
-0.226643718
-0.2479052019
-0.214144608
-0.2245794463
-0.2446235343
-0.2069391124
-0.2324838622
-0.2279385527
-0.2581271292
-0.2549506815
-0.2283495813
-0.2130409734
-0.2024988757
-0.2343811535
-0.2970109232
-0.2800963535
-0.2782994164
-0.2505907127
-0.2705705469
-0.2687590247
-0.2536660594
-0.2030598642
-0.1488383391
-0.2074257991
-0.2006898104
-0.1691158244
-0.1829367225
-0.2174333896
-0.2266479296
-0.2245807751
-0.2479106864
-0.2141654989
-0.2446260003
-0.2069432041
-0.2324961661
-0.3273365945
-0.3306447818
-0.3270154763
-0.3017376978
-0.3077153751
-0.307178453
-0.3023420168
-0.2706095192
-0.2610258609
-0.2520874897
-0.2385749603
-0.2589382998
-0.2511090438
-0.2720791839
-0.2789830599
-0.2870707123
-0.2603900621
-0.2682889455
-0.2858442625
-0.2593535131
-0.280260989
-0.3112908007
-0.3215833927
-0.3211686037
-0.2941326639
-0.2843098343
-0.2831883103
-0.2948619416
-0.3306581485
-0.3273838939
-0.3270336285
-0.3017464569
-0.3077483885
-0.3071921877
-0.3023572724
-0.2706197177
-0.2385806484
-0.2610401161
-0.25213036
-0.2589439165
-0.2511208453
-0.2721079263
-0.2789930246
-0.2682994578
-0.2871180908
-0.2604032116
-0.2858562133
-0.2593610446
-0.2802892147
-0.3139766363
-0.3331559797
-0.3187118151
-0.3329498115
-0.3323097669
-0.3180394409
-0.3147619671
-0.2928785089
-0.2916007558
-0.2816040217
-0.2727251378
-0.2897968473
-0.2811217827
-0.294178719
-0.3321529598
-0.3129765084
-0.3331183277
-0.3110677229
-0.3327622068
-0.3104741517
-0.3134599852
-0.3139686108
-0.3329467067
-0.333051434
-0.3186963736
-0.3322728174
-0.3180373547
-0.3147417951
-0.2929028891
-0.2727296626
-0.2915791166
-0.281639718
-0.2898006548
-0.2811410066
-0.2941960481
-0.3399276344
-0.3179570042
-0.3325683418
-0.3394773335
-0.3164911727
-0.3164519844
-0.3179675213
0.2647165867
0.2288011422
0.2944922748
0.2739756468
0.2688524112
0.2497048013
0.2374948541
0.2945043227
0.2647769323
0.2288577957
0.2739886931
0.2688599899
0.2497166633
0.237544033
-0.03690293169
-0.09287852034
-0.04128451769
-0.04623312506
-0.02766694094
-0.03845778943
-0.05193309587
-0.04129656715
-0.036933244
-0.09290305778
-0.04624213978
-0.02767585118
-0.03846577574
-0.05195576098
-0.3325900958
-0.3399764666
-0.3180079384
-0.3394768591
-0.316489581
-0.3164376635
-0.3179819467
-0.1077717289
-0.1078065498
-0.1071830841
-0.1077895251
-0.1078301399
-0.1072068968
-0.3738561372
-0.3750481716
-0.3767047089
-0.3738504852
-0.3750419238
-0.3766986633
0.5912048933
0.5959867114
0.5970450964
0.6129887954
0.6191550069
0.6247651977
0.6085286593
0.6122804307
0.6129907459
0.5948527195
0.6019736133
0.6078016982
-0.3588098543
-0.3587340941
-0.3575027898
-0.235447005
-0.2390577518
-0.2402944772
-0.2325500013
-0.2351677614
-0.2342436471
0.5383421004
0.5426068362
0.5432297441
0.5424467199
0.5487625719
0.5537595285
0.5911991952
0.5959810072
0.5970395091
0.6129662178
0.6191319978
0.6247417323
0.6085214185
0.6122730837
0.6129834127
0.5948354102
0.6019559475
0.6077838453
0.5383384045
0.5426031878
0.5432262194
0.5424352331
0.5487510039
0.5537479537
0.4430779568
0.4455266114
0.4495801762
-0.3469343274
-0.3478195648
-0.3491634907
-0.3469401983
-0.3478249549
-0.3491687372
0.05421968804
0.05858114593
0.06091933779
0.0508713745
0.05520916482
0.05691368381
0.1735448807
0.1717131496
0.1717086064
0.05421835026
0.05857966943
0.06091822401
0.05086821887
0.05520615337
0.05691064755
-0.1076047872
-0.1072034047
-0.1057341164
-0.1076106147
-0.1072140315
-0.1057446586
-0.3704689994
-0.3701318446
-0.3686786324
-0.3704638728
-0.370126844
-0.368673691
-0.3569652556
-0.3577278247
-0.3594295012
-0.3624729844
-0.3638565031
-0.3655972079
-0.5465368204
-0.5474127551
-0.5516764093
-0.4015228687
-0.4033196023
-0.4053380719
-0.4357806398
-0.4389365672
-0.4417750283
0.4430796676
0.4455279498
0.4495799968
0.3317750205
0.3378900468
0.341957734
0.1743802515
0.173318239
0.1745753475
0.3317663249
0.3378829886
0.341952561
0.1743773716
0.1733157737
0.1745739627
-0.3569559807
-0.3577192814
-0.3594208489
-0.3624687391
-0.3638510173
-0.3655914383
-0.4593183676
-0.4660967685
-0.4690435867
-0.4593183998
-0.4660989275
-0.4690477593
-0.5465313614
-0.5474071908
-0.5516717392
-0.4427497716
-0.4459482009
-0.4485390436
-0.4427398277
-0.4459371337
-0.4485282487
-0.4357450845
-0.4389013053
-0.4417394996
-0.3545006297
-0.3538517396
-0.3526000193
-0.545480351
-0.5441282
-0.5441499539
-0.5164311333
-0.5192404902
-0.5169780167
-0.5208396601
-0.5255719596
-0.5278555273
-0.5071312776
-0.5084403982
-0.5083691259
-0.5625181283
-0.5693305433
-0.5751068827
-0.5598691488
-0.5644581207
-0.5657614185
-0.5112924501
-0.5145673683
-0.5185922975
-0.397485694
-0.3976675123
-0.3964400039
-0.4332356842
-0.4346506544
-0.433983167
0.4406674302
0.4413111456
0.441956188
0.4406655711
0.4413100865
0.4419563887
-0.3432459646
-0.3428008636
-0.3412682805
-0.3432472029
-0.3428020453
-0.3412694036
0.3277736295
0.3327376655
0.3340505523
0.1735487083
0.1717164228
0.1717110369
0.3277704528
0.3327347873
0.3340488419
-0.365674862
-0.3645959247
-0.3661240724
-0.2354520945
-0.2390643029
-0.2403014732
-0.2325519907
-0.2351698037
-0.2342457318
-0.3656936366
-0.364614811
-0.3661446116
-0.3652436136
-0.3626473308
-0.3613718223
-0.3690453116
-0.3699413917
-0.3715991445
-0.3932178523
-0.3948863709
-0.3968783028
-0.3663559307
-0.3658278053
-0.3644204463
-0.3901403521
-0.3902846401
-0.3890054759
-0.4014838794
-0.4032796671
-0.4052976036
-0.397470512
-0.3976523815
-0.3964249448
-0.3690281495
-0.3699249724
-0.3715833586
-0.3931753219
-0.3948443844
-0.3968352356
-0.3663505982
-0.3658224249
-0.3644152011
-0.3901282354
-0.390272402
-0.3889930528
-0.3544982548
-0.3538492594
-0.3525972817
-0.3588067026
-0.3587307279
-0.35749925
-0.3652387365
-0.36264196
-0.3613654016
-0.4550986444
-0.4601976417
-0.4591649598
-0.4550995657
-0.4601989088
-0.459167666
-0.5669876469
-0.5733863948
-0.5739365505
-0.534509173
-0.5378546768
-0.5415294032
-0.5299739487
-0.5312981497
-0.5307002231
-0.5689678243
-0.5776246563
-0.5827411894
-0.5454763686
-0.5441250365
-0.5441477837
-0.5164203321
-0.519229222
-0.5169666689
-0.5208103278
-0.5255412428
-0.5278240073
-0.5669791254
-0.5733778701
-0.5739281592
-0.5344872452
-0.5378326391
-0.5415071403
-0.5299666326
-0.5312908023
-0.5306929639
-0.5689438026
-0.5776003279
-0.5827166422
-0.4380794882
-0.4395223108
-0.4385213522
-0.495242952
-0.4978825109
-0.4981694256
-0.4979928673
-0.5025909759
-0.5068490536
-0.5071265041
-0.5084356722
-0.5083645382
-0.5624993818
-0.5693117468
-0.5750878647
-0.5598628014
-0.5644518068
-0.5657551405
-0.5112782545
-0.5145530938
-0.518578001
-0.438073668
-0.4395164606
-0.4385158143
-0.4952374805
-0.4978772733
-0.498164396
-0.4979776678
-0.502576149
-0.5068343949
-0.4332231477
-0.434637935
-0.433970335
)
;

boundaryField
{
    inlet
    {
        type            zeroGradient;
    }
    outlet
    {
        type            fixedValue;
        value           nonuniform 0();
    }
    topAndBottom
    {
        type            symmetry;
    }
    frontAndBack
    {
        type            empty;
    }
    cylinder
    {
        type            zeroGradient;
    }
    procBoundary2to0
    {
        type            processor;
        value           nonuniform List<scalar> 
75
(
0.09029483817
0.09059593616
0.09133631519
0.09254084821
0.09420338741
0.09635637149
0.0990690353
0.1024307561
0.106551145
0.1115716217
0.1176790552
0.1251214714
0.1342300376
0.1454539203
0.1594068813
0.1769586315
0.1992832484
0.2282630568
0.2658053976
0.3096713881
0.3639323454
0.4659155751
0.5775191042
0.5774883787
0.5532989554
0.4658915673
0.5532785277
0.5799219926
0.588253918
0.5873931008
0.5799150988
0.5882310376
0.5873864345
0.4361789874
0.3639191426
0.4361538101
0.4954633935
0.470049661
0.4976528407
0.5544444603
0.5252253799
0.5265658521
0.4700465867
0.4954559571
0.4976507798
0.5544384305
0.5252129704
0.5265615845
0.3390649176
0.3096752496
0.3390671649
0.3737231922
0.3720207616
0.4117897506
0.4455129252
0.4042240656
0.4273804443
0.3720214613
0.3737215664
0.4117896916
0.4455076066
0.4042203592
0.4273780119
0.612977907
0.6191439711
0.6247539803
0.6085180943
0.6122698063
0.6129800618
0.6129555651
0.6191212231
0.6247307875
0.6085109847
0.6122625966
0.6129728669
)
;
    }
    procBoundary2to3
    {
        type            processor;
        value           nonuniform List<scalar> 
103
(
-0.2614647464
-0.2614647464
-0.2614647464
-0.2614647464
-0.2614647464
-0.2614647464
-0.2159256864
-0.1800772749
-0.1510603439
-0.1278720162
-0.1093043897
-0.09427903686
-0.08205798853
-0.07206498251
-0.06385483396
-0.05709028739
-0.05151384162
-0.04692556687
-0.04317203006
-0.04013489922
-0.03772298357
-0.0358672283
-0.03451674717
-0.03363436274
-0.03319778726
-0.3540267766
-0.3562697872
-0.3540766405
-0.3570486924
-0.3441320005
-0.3422696743
-0.3441399316
-0.3422710814
-0.3602453932
-0.3602453932
-0.3595617447
-0.3595617447
-0.3557006434
-0.3555639147
-0.354022669
-0.356258439
-0.3540660607
-0.3570456212
-0.3602425139
-0.3602425139
-0.3595477936
-0.3595477936
-0.3556083412
-0.3555569407
-0.3546404282
-0.3548464788
-0.3537338753
-0.3537401956
-0.3533158931
-0.3528626836
-0.352828507
-0.3532956124
-0.3547358928
-0.3548516479
-0.3537308634
-0.3537640111
-0.3533164344
-0.3528747441
-0.3528307593
-0.3533059113
-0.3522165552
-0.3521835469
-0.3509553193
-0.3513470932
-0.3320244674
-0.3320244674
-0.3320244674
-0.3320244674
-0.3085651476
-0.3320016453
-0.3320016453
-0.3320016453
-0.3320016453
-0.3085117392
-0.3484399866
-0.3397387184
-0.3387849293
-0.3491272139
-0.352318378
-0.3522035258
-0.3509681179
-0.3513870714
-0.3484448682
-0.3397047687
-0.3387707463
-0.349142175
-0.3354531811
-0.3355023949
-0.3366577802
-0.3354537927
-0.3355030841
-0.3366585621
-0.3328258066
-0.3315311539
-0.3299087249
-0.3328272753
-0.3315327215
-0.3299103954
)
;
    }
}


// ************************************************************************* //
