/*--------------------------------*- C++ -*----------------------------------*\
| =========                 |                                                 |
| \\      /  F ield         | OpenFOAM: The Open Source CFD Toolbox           |
|  \\    /   O peration     | Version:                                        |
|   \\  /    A nd           | Website:  www.openfoam.com                      |
|    \\/     M anipulation  |                                                 |
\*---------------------------------------------------------------------------*/
FoamFile
{
    version     2.0;
    format      ascii;
    class       volScalarField;
    location    "1.9";
    object      p;
}
// * * * * * * * * * * * * * * * * * * * * * * * * * * * * * * * * * * * * * //

dimensions      [0 2 -2 0 0 0 0];


internalField   nonuniform List<scalar> 
2429
(
0.0977938189
0.09806056793
0.09871767965
0.09978726005
0.1012656305
0.1031844179
0.1056088632
0.1086234312
0.1123320457
0.1168685012
0.122409856
0.1291940713
0.1375458493
0.1479161388
0.1609335254
0.1775041194
0.1988718184
0.2270458782
0.2640688261
0.3081701209
0.3635318159
0.4698974932
0.5884776407
0.09743778306
0.09769683044
0.09833332905
0.09936879815
0.1007985647
0.1026513535
0.1049875584
0.1078847124
0.1114368255
0.1157631651
0.1210191835
0.1274101287
0.1352097808
0.1447866961
0.1566327964
0.1714144093
0.189969529
0.213530156
0.2430152986
0.2832864112
0.3268656147
0.3914376864
0.4078662761
0.09673777343
0.0969799591
0.09757655661
0.09854616391
0.09988194257
0.1016073606
0.1037738594
0.1064461691
0.1097001889
0.1136289809
0.1183495518
0.1240099745
0.1307969616
0.1389425719
0.1487194253
0.1604358909
0.1743311411
0.1905613673
0.2083344728
0.2257919052
0.2507565186
0.2494155888
0.1734268297
-0.236500138
-0.4806068475
0.09571451422
0.09593317648
0.09647349965
0.09735025208
0.09855378728
0.1001006945
0.1020306509
0.1043917781
0.1072369129
0.1106263858
0.1146302222
0.1193287169
0.1248077759
0.131149514
0.1383853647
0.1464727583
0.1550766685
0.1634848855
0.1697716005
0.1705930631
0.1773728398
0.1432029038
0.04815924089
-0.1790028742
-0.4967219412
-0.6260104446
-0.5532066072
-0.4827939549
0.09439864187
0.09458852261
0.0950593277
0.09582157887
0.0968630174
0.09819248991
0.0998364246
0.101824765
0.1041857818
0.1069456803
0.1101265166
0.1137432044
0.1177840149
0.1222041469
0.1268424672
0.1314072792
0.1352536376
0.1372263212
0.1351725962
0.1251106273
0.1004805245
0.07083066498
-0.01422149372
-0.1458127591
-0.2832834748
-0.3783890641
-0.3968436024
-0.3772852784
0.09282382066
0.09298449914
0.09337674455
0.09400908671
0.09486802224
0.09595459739
0.09728184212
0.09886203004
0.1007003593
0.1027910783
0.1051118038
0.1076256694
0.1102461258
0.1128413639
0.1151475401
0.1167362222
0.1168720576
0.1143287611
0.1072701817
0.09274157964
0.06673051216
0.02340965674
-0.03881771985
-0.1075047796
-0.1829775541
-0.239790137
-0.2608406629
0.09103813364
0.09116486536
0.0914730417
0.09196736205
0.09263316879
0.09346464211
0.09446261879
0.09562374273
0.09693336265
0.09835751394
0.09984036408
0.1013124213
0.1026474903
0.1036603899
0.1040511643
0.103344862
0.1008710297
0.09560911545
0.08617322975
0.07066360355
0.04683610893
0.01250779784
-0.03261479268
-0.08247791634
-0.1281856541
-0.1613856024
-0.1775043042
0.08908412745
0.08917590954
0.08939848104
0.08975289842
0.0902239121
0.09080019628
0.09147235289
0.09222434077
0.09302548793
0.09381935418
0.09453517115
0.09508626837
0.09532965898
0.09505003994
0.0939622173
0.09163878195
0.08750640349
0.08079315483
0.0705130416
0.0554750978
0.03459779853
0.007114853664
-0.02615198936
-0.0618577413
-0.09513958159
-0.1202807058
-0.134460306
0.08700803168
0.08706557413
0.08720417476
0.08742193644
0.08770399526
0.0880350499
0.08839761183
0.08876618373
0.08909835796
0.08932508284
0.08937381353
0.08914608906
0.08850065609
0.08723140734
0.08507426058
0.08167345621
0.07657416109
0.06921621692
0.05893644628
0.04505466661
0.02712343616
0.00501383275
-0.02032556532
-0.04671774169
-0.07105977281
-0.08995634125
-0.1013280172
0.08485520385
0.08488023747
0.08493908402
0.08502758531
0.08513221374
0.08523491031
0.08531190309
0.08533197834
0.08524676178
0.08498296869
0.08447459596
0.08362276883
0.08228703307
0.08028541272
0.07739222492
0.07332607233
0.06774786406
0.06025864975
0.05043673311
0.03795390366
0.02263525238
0.00470531174
-0.01500162845
-0.03498127085
-0.05337049742
-0.06810276007
-0.07770949998
0.08266877408
0.08266377815
0.08264897282
0.0826184621
0.08256041892
0.0824548557
0.08227507193
0.0819882636
0.0815428857
0.08087702793
0.07992242914
0.07858052989
0.07672514402
0.07420481131
0.07083801086
0.06641048258
0.06067386117
0.05336320451
0.04422890696
0.03314281177
0.02007871358
0.005372025617
-0.010264749
-0.02584135357
-0.04016196511
-0.05185806996
-0.05988398955
0.08048861968
0.08045657101
0.08037546368
0.08023807237
0.08003459511
0.07974480684
0.07933984917
0.07879080137
0.07805170265
0.07706347948
0.07575481053
0.07403776724
0.07180774193
0.06894282909
0.0653026845
0.0607267773
0.05504066323
0.04807072962
0.03970022581
0.02987880156
0.0187136025
0.006526358712
-0.006132566035
-0.01858316974
-0.03001159083
-0.03949600645
-0.04632160899
0.0783506989
0.07829479157
0.07815510212
0.07792363282
0.07759339581
0.0771448488
0.07655355445
0.07579077067
0.07481302099
0.07356500385
0.07198221714
0.06999059797
0.06750516694
0.06443010013
0.0606581249
0.05607406188
0.05056159244
0.04401525949
0.03639881154
0.0277095919
0.01810249879
0.007877856899
-0.002568823779
-0.01274487404
-0.02207986754
-0.02994037711
-0.03582524257
0.07628614969
0.07620994965
0.07601917673
0.07570665615
0.07526812717
0.0746888618
0.07394642395
0.0730099665
0.07184008821
0.07038943585
0.06860340629
0.06642042642
0.06377238749
0.06058623247
0.05678332799
0.05228177092
0.04700669845
0.040908672
0.03397880017
0.026278141
0.01795659782
0.009260576553
0.0004842529584
-0.00800445594
-0.01579589757
-0.02244409338
-0.02759219714
0.07432296228
0.07422927522
0.07399512523
0.07361419221
0.07308728552
0.07240236464
0.07153639765
0.07046042115
0.06914088991
0.06753842428
0.06560762764
0.06329798982
0.0605568262
0.05732909497
0.05356011102
0.04919557156
0.04419122779
0.0385344666
0.03222753501
0.0253611231
0.01808457152
0.01058183853
0.003082487771
-0.00413339416
-0.01076668954
-0.0164969692
-0.02106523895
0.07248378106
0.07237395375
0.07210576714
0.07167037495
0.07107179127
0.07030049529
0.06933524159
0.06815056065
0.06671829017
0.06500599171
0.06297644967
0.06058932126
0.0578045489
0.05458297819
0.05088690948
0.04668488127
0.04195354701
0.03670341699
0.03095377836
0.02479571771
0.01836312186
0.01179853018
0.005286124558
-0.0009575131476
-0.006710262073
-0.01173733983
-0.01584674772
0.070786273
0.07066463701
0.07036896593
0.06989011779
0.06923401283
0.06839394767
0.06735147094
0.06608455589
0.06456976319
0.0627806722
0.06068720409
0.05825896158
0.05546639078
0.0522822958
0.04868195603
0.04464897945
0.04017919691
0.03528787803
0.03002008103
0.02445506863
0.0187032211
0.0128824016
0.007141155043
0.001648604466
-0.00342694161
-0.00790967201
-0.01165413253
0.06924727642
0.06911705063
0.06879927659
0.06828577893
0.06758459708
0.06669143129
0.0655904191
0.06426275888
0.06268929005
0.06084881441
0.05871778863
0.05627366509
0.05349573656
0.0503661864
0.04687159549
0.04300628677
0.03877942424
0.03420650689
0.02934308985
0.0242665385
0.01906270345
0.01383152374
0.008694446444
0.003785185042
-0.0007660787005
-0.004824780018
-0.008278264662
0.06788010392
0.06774322492
0.0674081287
0.06686758792
0.06613178594
0.06519848006
0.06405408242
0.06268279538
0.06106897272
0.05919550017
0.05704553336
0.05460271219
0.05185245361
0.04878448657
0.04539471331
0.04168453769
0.03767186783
0.0333777348
0.02885603598
0.02417750016
0.01941236358
0.01464693191
0.009982569652
0.005526919852
0.001382719548
-0.002344874514
-0.005566708059
0.06669421277
0.06655248282
0.06620423327
0.06564308031
0.06488120067
0.06391818384
0.06274240373
0.06134054252
0.05969974673
0.05780715413
0.0556510697
0.0532196143
0.05050363991
0.04749817524
0.04420522247
0.04063355583
0.03680197075
0.03274268353
0.02850330801
0.02414452923
0.01972833609
0.0153297474
0.01103438996
0.006930781986
0.003102084846
-0.0003675742203
-0.003406006499
0.06569710736
0.06555196069
0.06519400443
0.06461755509
0.06383651714
0.06285208544
0.06165430753
0.06023168069
0.05857326419
0.05667092643
0.05451623799
0.05210084228
0.04941996908
0.0464729821
0.04326665001
0.03981435078
0.03613511162
0.03226540816
0.02825185137
0.02414503184
0.02000140381
0.01588724698
0.01187599267
0.008042184124
0.004455172665
0.001184041124
-0.001711388149
0.06489429728
0.06474689623
0.06438203482
0.06379462867
0.06299999151
0.06200064921
0.06078779317
0.05935078906
0.05768191094
0.05577580731
0.05362612365
0.05122764767
0.04857873937
0.04568208357
0.04254769175
0.03919179171
0.03563608195
0.03191664103
0.02807713052
0.02416244009
0.02022511904
0.01632510449
0.01252680206
0.008894657757
0.005488403496
0.00236643133
-0.000420447251
0.06428984809
0.06414103309
0.06377152907
0.06317669527
0.06237290252
0.06136363603
0.06014069921
0.05869432188
0.05701981308
0.05511291108
0.05296909176
0.05058546344
0.04796254012
0.04510531147
0.04202579116
0.03874196219
0.03527851347
0.03167068289
0.02795787198
0.02418246124
0.02039393045
0.01664749336
0.01300124907
0.009512766417
0.006235443991
0.003220314178
0.0005116724935
0.06388653686
0.06373693079
0.06336466256
0.06276528011
0.06195590597
0.06094048047
0.05971073314
0.05825916845
0.05658180278
0.0546752115
0.0525362924
0.05016355187
0.04755883405
0.04472857903
0.041686024
0.03845028509
0.03504771203
0.03151363735
0.02788354609
0.02419877954
0.02050675421
0.01685949533
0.01331113263
0.009915057478
0.006721003026
0.00377529815
0.001117739522
0.06368751223
0.06353767132
0.06316440829
0.06256328184
0.06175125926
0.06073216013
0.059498704
0.05804448197
0.05636550209
0.05445887699
0.05232220813
0.04995468386
0.04735882821
0.04454168285
0.04151686645
0.03830578092
0.03493510705
0.03143697556
0.02784691106
0.0242062932
0.02056140834
0.0169625853
0.01346196864
0.01011100098
0.006958057605
0.004047331581
0.001415961539
0.4787532426
0.5884464771
0.4787729578
0.2240272424
-0.0388666009
0.4078454411
0.2239811598
-0.03881412969
-0.1532947267
-0.1532839952
-0.4851133713
-0.4851212453
-0.4716440623
-0.4716942582
-0.1931944599
-0.479509872
-0.2365741981
-0.1932451046
-0.4794583574
-0.5917633939
-0.6808726711
-0.5917138001
-0.6808520874
-0.6936822835
-0.5899052535
-0.6936619434
-0.5899639405
-0.4917699967
-0.5724458879
-0.5028665732
-0.4916904549
-0.5723921712
-0.5027364199
0.5625792017
0.4209719679
0.4711788881
0.4698727265
0.5625583498
0.4209094054
0.4712275939
0.5702328474
0.5909866534
0.5999224644
0.5679255007
0.5990552172
0.570854341
0.5703815644
-0.4646449619
-0.4621140177
-0.07553755462
0.07008296372
-0.1075586301
0.1733893421
-0.07555766475
0.07005365972
-0.1075699941
-0.3163063885
-0.2422058809
-0.2603610887
-0.2371449576
-0.2527646206
-0.2394230657
-0.317574649
-0.6961746095
-0.6999220157
-0.5366086997
-0.5314477936
-0.5774898447
-0.5297206675
-0.5788087475
-0.5369461231
-0.4873822638
-0.4805816374
-0.4873154069
-0.6106124018
-0.3189115357
-0.4095531456
-0.4965706032
-0.6106118605
-0.3188240724
-0.4095479038
-0.5704553424
-0.426971053
-0.4403669544
-0.6260154546
-0.5706189627
-0.4270019303
-0.4405290851
0.5077634086
0.4810577625
0.5266647966
0.4612193184
0.5287797884
0.4637459496
0.5094995497
0.4408663301
0.44186829
0.5702275756
0.5909796
0.5998992999
0.5678989246
0.5990484224
0.5708497189
0.5703654573
0.5077594604
0.4810563213
0.5266415805
0.4612082495
0.5287779304
0.4637434757
0.5094875523
0.4408661711
0.4418673799
0.2342711369
0.2890178476
0.1630783179
0.2840525451
0.1645761362
0.2316438242
0.1528653749
-0.03752579222
-0.00506866597
0.09513596895
-0.01232321487
0.09681069257
0.1515058697
0.23426943
0.2890101541
0.1630806809
0.2840523481
0.1645741636
0.2316417582
0.1528633842
-0.03752514437
-0.005060889412
0.09514898941
-0.01232951907
0.09681626429
0.1515074586
-0.153896487
-0.1538720314
-0.4839144539
-0.4839088808
-0.4718239383
-0.477915743
-0.4635930654
-0.4792915661
-0.4635964449
-0.4646476712
-0.4621120667
-0.4718243884
-0.4779013763
-0.4635672968
-0.4792874328
-0.4635921478
-0.5067208011
-0.4652494184
-0.5124500725
-0.4682990944
-0.5063531976
-0.4994197711
-0.3163028543
-0.2421896537
-0.2603638939
-0.2371885673
-0.252769678
-0.2394142548
-0.3175690302
-0.5067281061
-0.4652771194
-0.5124538965
-0.4683070646
-0.5063587272
-0.4994392064
-0.6145836076
-0.5953672625
-0.671960897
-0.6222903753
-0.67843315
-0.6243331474
-0.6197692945
-0.686365738
-0.6827275994
-0.7046326548
-0.6626039882
-0.7029844529
-0.666430834
-0.6850464279
-0.696169038
-0.6999168359
-0.6145733126
-0.5953423552
-0.6719206614
-0.6222383875
-0.6784193607
-0.6243230555
-0.6197381553
-0.6863564058
-0.6827237999
-0.7046096521
-0.6625744936
-0.702978005
-0.6664241561
-0.6850202835
-0.5894955155
-0.5857247108
-0.6914023236
-0.6970283404
-0.732591962
-0.665351073
-0.7344217659
-0.6667473754
-0.692048401
-0.6611993864
-0.5896221105
-0.5895784235
-0.629300441
-0.5882912915
-0.6307435856
-0.6585454886
-0.5895024563
-0.5857239288
-0.691401183
-0.6970236282
-0.7325744284
-0.6653392092
-0.7344164963
-0.6667482175
-0.6920415905
-0.6611951554
-0.5896320387
-0.5895682881
-0.62929115
-0.5882894877
-0.6307443378
-0.6585330823
-0.5268966249
-0.492295254
-0.5147169407
-0.4990025541
-0.5148111995
-0.4990734843
-0.525055698
-0.5365943386
-0.5314026113
-0.5774527951
-0.5297036021
-0.5787963909
-0.5369066185
-0.5268848042
-0.4922824119
-0.5146451371
-0.4989846043
-0.5147958318
-0.4990649094
-0.5250203144
0.4386680048
0.3407304102
0.3986758979
0.3635174625
0.4386418099
0.340764155
0.3986034193
0.4927063241
0.5010892082
0.4612111374
0.4742498321
0.5033970126
0.4656523245
0.4903563341
0.3742804038
0.2918871235
0.2741896985
0.3267990053
0.3743546641
0.2918609081
0.2741565477
0.4175168233
0.2828947394
0.2573917978
0.3915164446
0.417511834
0.2828587496
0.2574153643
0.3098240701
0.4085401865
0.3721400293
0.3426690707
0.3737426336
0.3436944297
0.3074891174
0.2109044639
0.1670947571
0.103787352
0.2494564475
0.2108442229
0.1671559389
0.1037972517
0.1753695074
0.1145176949
0.1154609242
0.07557705968
0.1294937872
0.1321913421
0.07399976553
-0.481686557
-0.4653548452
-0.4799088402
-0.465484526
-0.4799566696
-0.4680963769
-0.4682037996
0.08022099389
0.09848747505
0.01680559791
0.1432174905
0.08020580599
0.09849209894
0.01679605879
-0.1071415355
-0.003683560986
-0.1015331399
0.04811418179
-0.107190536
-0.003701782709
-0.101595417
-0.4161220652
-0.1448235172
-0.2767949478
-0.1791603643
-0.4159444715
-0.144887537
-0.2766301255
-0.4972354527
-0.546368699
-0.5460339733
-0.4684200744
-0.4212845686
-0.4209873122
-0.4688621169
-0.6268971401
-0.6161954871
-0.6167002371
-0.5550345281
-0.5529369631
-0.5531509638
-0.5548743047
-0.4949722448
-0.4367741433
-0.4169410025
-0.5529847291
-0.4950807463
-0.4367953609
-0.4169211985
-0.4078083211
-0.4826445756
-0.4079283465
-0.2472498528
-0.1219993465
-0.2193806581
-0.1458502849
-0.2472168157
-0.1220217631
-0.2193545165
-0.3619675763
-0.2258012517
-0.262172419
-0.2832078339
-0.3619661312
-0.2258330489
-0.2621662027
-0.3977858465
-0.2734111683
-0.2999075017
-0.3784158079
-0.3978430176
-0.2734218971
-0.2999599176
-0.3856249034
-0.300533924
-0.3125682972
-0.397007007
-0.3855471286
-0.3005077193
-0.3125848472
0.2331680177
0.2255528191
0.2802899033
0.1693157439
0.2814301365
0.1698792192
0.2325868716
0.3098211795
0.4085325298
0.3721624715
0.3426454927
0.3737458995
0.3436916924
0.3074831656
0.2331670968
0.2255416692
0.2803146721
0.1692951724
0.2814365636
0.169876337
0.2325861904
-0.3087901573
-0.1929409848
-0.211937046
-0.2817518062
-0.212054349
-0.2810145266
-0.3099196852
-0.4493098105
-0.4789326242
-0.517767387
-0.3878377982
-0.5165063219
-0.3883579337
-0.4467910559
-0.3088043545
-0.19297015
-0.2119436524
-0.2818752642
-0.2120615918
-0.2810515566
-0.3099593615
-0.4493241541
-0.4789149374
-0.5177936569
-0.3879015159
-0.516508244
-0.3883797588
-0.4468319585
-0.554180796
-0.5732055519
-0.5891791538
-0.5473158844
-0.5926844528
-0.5472939605
-0.5539899961
-0.5244714936
-0.5029745601
-0.5016297956
-0.5217744308
-0.5016136652
-0.5218508
-0.524401193
-0.5541546658
-0.5731836639
-0.5891879209
-0.5471336408
-0.5926777534
-0.547246243
-0.5539197884
-0.5244521281
-0.502951278
-0.5015329568
-0.5217225613
-0.5015884473
-0.5218347235
-0.5243370141
0.5637773207
0.5461854273
0.5473924455
0.5208241224
0.5326580329
0.5340692132
0.5194067238
0.4720184809
0.4442960982
0.4410724645
0.4256887701
0.4488787176
0.4436884815
0.4696303283
0.4722876125
0.5139532944
0.5147897065
0.4950215511
0.4587606336
0.4603603458
0.4936565659
0.4927029381
0.4742464733
0.5010813583
0.4611988818
0.5033947926
0.465648461
0.4903461495
0.5637711069
0.5461556757
0.5473876101
0.5208191804
0.5326452497
0.5340647837
0.519385644
0.4720180068
0.4256856241
0.4443201213
0.4410416145
0.448880326
0.443687955
0.4696283294
0.4722896667
0.5139351144
0.5147855909
0.4950214213
0.4587602513
0.4603610238
0.4936632162
-0.07385091294
0.03326753769
-0.101401149
0.03379931126
-0.1004712236
-0.002086297014
-0.002912167981
0.0482113027
0.09621310488
0.02358454308
0.07578126524
0.1004381588
0.02686789124
0.04573962979
-0.1064482572
-0.1065285591
-0.1054799872
-0.02062487158
-0.03616612154
-0.03453909576
-0.02200336117
0.1753546173
0.1145654196
0.1154715289
0.07557487539
0.1295248521
0.1321997017
0.07400814337
-0.0738866548
0.03329432256
-0.1014640996
0.0337988419
-0.1005030221
-0.0021005188
-0.002932435169
0.04820055418
0.07577139797
0.09621320863
0.02355933371
0.1004349643
0.02685807819
0.045716148
-0.1064573172
-0.1065895679
-0.1054934902
-0.02063941722
-0.03619681748
-0.03454812894
-0.02204026259
-0.4875989111
-0.4832415919
-0.483496794
-0.4728433004
-0.474613556
-0.4748475499
-0.4727874139
-0.4816805631
-0.4654404089
-0.4799616415
-0.4654865009
-0.4799622497
-0.4680870116
-0.4681776441
-0.4875859673
-0.4834130261
-0.4835205778
-0.4728417843
-0.4747104958
-0.4748688826
-0.4728093678
-0.6106641289
-0.5844019778
-0.5844561519
-0.5059830533
-0.5350827914
-0.5349583844
-0.5063155442
-0.4056612434
-0.3642077673
-0.355015035
-0.3170748219
-0.3634536194
-0.3534911307
-0.4062687193
-0.4401052423
-0.4673527889
-0.3853858433
-0.4088408304
-0.4670367327
-0.3843040086
-0.4405841658
-0.4971866772
-0.5463350758
-0.5460270487
-0.4684508144
-0.4208278321
-0.4208853203
-0.468934871
-0.6106651322
-0.584397713
-0.5844591978
-0.5059981886
-0.5350807587
-0.5349593444
-0.5063469352
-0.4057341773
-0.3170808223
-0.3638426249
-0.3551575708
-0.3634107096
-0.3535439798
-0.4064483738
-0.4401275954
-0.4088455112
-0.4673418219
-0.3854274435
-0.4670363015
-0.384323973
-0.4406340701
-0.5706552278
-0.5948211432
-0.5953847545
-0.5460394714
-0.5328016752
-0.5329057106
-0.5458840889
-0.4927867343
-0.4852872562
-0.4371285733
-0.4265383476
-0.4851640876
-0.436876022
-0.4928498272
-0.4918531784
-0.4865372964
-0.4407672894
-0.4401116833
-0.4865171804
-0.4405954922
-0.4919227257
-0.6269000435
-0.6162186688
-0.6167132348
-0.5550686951
-0.5529655763
-0.5531621561
-0.5549680013
-0.5706700388
-0.5948850499
-0.5954006404
-0.5460972419
-0.5332235132
-0.5329375813
-0.5461147171
-0.49283549
-0.4265548401
-0.4853262867
-0.4372241413
-0.4851808492
-0.4369119517
-0.492980117
-0.4919406797
-0.4401385145
-0.4872091757
-0.4409341698
-0.4866037359
-0.4406437018
-0.4922195917
0.3379817072
0.30002385
0.3263591836
0.3081722429
0.337981503
0.3000197924
0.326350503
0.4087798299
0.3736146148
0.3599504137
0.3718202958
0.4131593322
0.368524049
0.3687391237
0.3054383481
0.2614837021
0.2796171336
0.2832750688
0.3054312895
0.261382857
0.2795209104
0.349227091
0.3296792014
0.3091150864
0.3349589161
0.3698278232
0.3184135446
0.3135054262
0.4055183115
0.3973544084
0.4089447398
0.3712815853
0.3580629659
0.3668810806
0.3667008831
0.2450845504
0.2128979628
0.2031724327
0.2507328508
0.2451464788
0.2128689659
0.20318067
0.225358345
0.2477194254
0.2226982723
0.273956323
0.2582113227
0.2377220729
0.2120809173
0.1626939898
0.1440863212
0.1323938355
0.1773767395
0.1627225672
0.1440728874
0.1323970284
0.1487412974
0.1077198411
0.1178605
0.1561639037
0.169051115
0.1343155194
0.09214360893
0.005680825991
0.05567792563
0.01015679332
-0.001693092556
0.02909823893
0.04011564982
-0.007111843547
-0.1785468946
-0.2543258629
-0.2536035112
-0.2269645888
-0.1652047419
-0.1638707298
-0.2282075437
-0.5537391789
-0.5340124631
-0.5343608559
-0.5204498614
-0.5206350109
-0.5063719531
-0.5064925158
-0.4831204218
-0.4696578516
-0.4700902773
-0.4550258506
-0.4653872354
-0.4659199419
-0.4542056582
0.03754801491
0.04973341502
0.02411251799
0.07083541179
0.03754465451
0.04972633166
0.02411238915
-0.1191406014
-0.02195767127
-0.06240393279
-0.01423542756
-0.1191877132
-0.02195548993
-0.06240721417
-0.1467490406
-0.1728298323
-0.1397575575
-0.112383586
-0.1632581873
-0.09890904483
-0.1560934706
-0.3139760615
-0.2782561005
-0.3102674879
-0.2740088542
-0.2562966039
-0.2441927024
-0.2809143379
-0.3893847484
-0.3776045716
-0.388904342
-0.3482574111
-0.3378604156
-0.3365405224
-0.3490800124
-0.3967114252
-0.3595393201
-0.3943600704
-0.360581669
-0.39410916
-0.3600013014
-0.3597181117
-0.3067912338
-0.3773854728
-0.3067016773
-0.1480830512
-0.09541137615
-0.1236206559
-0.1075269736
-0.1480872218
-0.09541804464
-0.1236181631
-0.2154374281
-0.1537521593
-0.1807027492
-0.1829791857
-0.2154431379
-0.1537550865
-0.1807093761
-0.2556087563
-0.201378805
-0.2183438297
-0.2398018882
-0.2556278382
-0.2013864639
-0.2183473242
-0.2563088449
-0.2254872769
-0.2365405401
-0.2608785692
-0.256362009
-0.2254797762
-0.2365372001
0.4316533138
0.4484756616
0.4415881334
0.4239121825
0.4052951765
0.4295115724
0.3994542079
0.4002026901
0.3524230501
0.3454707051
0.3489675379
0.3611361839
0.386592764
0.3593595509
0.4177966099
0.4085984852
0.4278272947
0.4127890191
0.3722768671
0.3968119719
0.3881072621
0.4087782333
0.371820499
0.3736117552
0.3599888612
0.4131587636
0.3685262453
0.3687459329
0.448469939
0.4316520096
0.4415829689
0.4239105845
0.4052903424
0.4295087158
0.3994751022
0.4001967119
0.348962957
0.3524059833
0.3454886213
0.3611311909
0.3865848325
0.3593466655
0.4085930319
0.4177911775
0.4278258682
0.4127826465
0.3722255713
0.3968012717
0.3880732985
0.3846517634
0.3484229378
0.3525199578
0.3462322373
0.3754601422
0.3591462466
0.3326196744
0.3181853828
0.3082303543
0.2852696625
0.3169433268
0.3426036312
0.2923429843
0.3127409303
0.3492193321
0.3349420785
0.3296265015
0.309125125
0.3698197841
0.3184056641
0.3134950629
0.3846614031
0.3484191171
0.3525164713
0.3462280359
0.3754587774
0.3591428218
0.3326157401
0.3181763557
0.3169439543
0.3082523024
0.2852342956
0.3426025988
0.2923324554
0.3127306993
0.4183631724
0.3628342655
0.3642388497
0.4156869833
0.4175707357
0.3719552115
0.3695517859
0.3329995946
0.3189548996
0.2853440116
0.3075873655
0.3388311854
0.294768806
0.3253686218
0.2600215911
0.3088942861
0.3108883093
0.3259576297
0.2769388567
0.281522147
0.3224762057
0.3973645764
0.4056127191
0.408955707
0.3712752132
0.3580554764
0.3668763047
0.3666857368
0.4183597161
0.3627909405
0.3642291056
0.415730188
0.4175723719
0.3719477585
0.3695307033
0.3329989052
0.3075860508
0.3189707226
0.2853514791
0.3388315698
0.2947721367
0.325367452
0.2600231469
0.3088903133
0.3108841239
0.325958046
0.2769629113
0.2815254627
0.3224717885
0.2144423948
0.1683542582
0.1735771482
0.205194772
0.235031884
0.241269282
0.1952516792
0.2093645969
0.199146904
0.1327293277
0.175486227
0.2014318968
0.1880395391
0.1688218548
0.1322482328
0.1158709725
0.1416582974
0.1788008915
0.122801565
0.1547104347
0.1543608489
0.2253586667
0.2739630184
0.2477439785
0.2227197782
0.2582160119
0.2377228708
0.2120843008
0.2144323286
0.1683583022
0.1735790425
0.2051931311
0.2350134471
0.2412659666
0.1952322311
0.20936787
0.1754979852
0.1991398849
0.1327721239
0.2014322095
0.18804834
0.1688282375
0.1158683434
0.1322744009
0.1416603153
0.1788014912
0.1228604673
0.1547198503
0.1543729876
0.09341137763
0.1042492085
0.09877062356
0.05945277566
0.1309813145
0.07484990258
0.0835690885
0.07384399685
0.03090162147
0.04883607255
0.07008589789
0.07515252013
0.06111345991
0.07208333426
0.1487359011
0.1561729346
0.1077033555
0.1178658924
0.1690659615
0.1343206796
0.0921233483
0.09341366295
0.1042432519
0.09871436548
0.05957567517
0.1309993465
0.07489558422
0.08356406953
0.0738392852
0.07007944263
0.03092736785
0.04882638849
0.07515791805
0.06111018649
0.07207743286
-0.1060526655
-0.04596372504
-0.04394519446
-0.04985330897
-0.1048704676
-0.1037127081
-0.05174104125
-0.009002243802
0.009032199108
-0.01926745525
0.02604760697
0.03432101271
-0.01270666434
-0.0166706944
-0.05536361697
-0.1027588981
-0.0527430457
-0.09549211644
-0.1008889196
-0.0653131597
-0.05486973061
0.05566874577
0.005657410818
0.01015016672
-0.001701295422
0.02913087118
0.04012587091
-0.007136604543
-0.1060809656
-0.04598293086
-0.04395397408
-0.04987101028
-0.1049640215
-0.1037497809
-0.0517781893
-0.009016018304
0.02603540422
0.009022122293
-0.01929449091
0.03431302924
-0.01271613183
-0.01670376589
-0.05538164332
-0.09551308525
-0.102844412
-0.05278915445
-0.100919974
-0.06532866026
-0.05491692855
-0.415367928
-0.3375367974
-0.3373605366
-0.3593232336
-0.3585449576
-0.2942511652
-0.2947493141
-0.2031724966
-0.1535570173
-0.1871874098
-0.1355239615
-0.1498100253
-0.1826212597
-0.2058375176
-0.3138814539
-0.2756037942
-0.3129225487
-0.2592069915
-0.2322025909
-0.2307232217
-0.2604253014
-0.1785972853
-0.2544959299
-0.2536480316
-0.2270272081
-0.1653811672
-0.1639327845
-0.228493779
-0.4152922175
-0.3376101816
-0.3373653624
-0.3587165636
-0.3583455829
-0.2942554971
-0.2953457667
-0.2032114763
-0.135545009
-0.1536856839
-0.1872969386
-0.1498553443
-0.1826344812
-0.2060433699
-0.2755532316
-0.3128188865
-0.3126566077
-0.2591017424
-0.2320625146
-0.2306694759
-0.2604133163
-0.495275154
-0.5131607159
-0.5134621871
-0.4913262659
-0.4760833327
-0.476364287
-0.4911054079
-0.4790320114
-0.4367396279
-0.4792244497
-0.4701011575
-0.4316450763
-0.4314700563
-0.4702375964
-0.4599346512
-0.4485569743
-0.4247454785
-0.417289859
-0.448963389
-0.4246395014
-0.4597720452
-0.5536653456
-0.5337604961
-0.5343236813
-0.5200654334
-0.5204505744
-0.506129257
-0.5049168789
-0.4953104985
-0.5130876709
-0.5134694621
-0.4913802515
-0.4763011168
-0.4764350705
-0.4911528495
-0.4366891518
-0.4795178378
-0.4791539067
-0.4698723782
-0.431286686
-0.4313530543
-0.4691994766
-0.4599834924
-0.4173107914
-0.4487716791
-0.4244628719
-0.4490429015
-0.4245812946
-0.4598431334
-0.4313708433
-0.438495334
-0.3970253178
-0.4097039967
-0.4395938586
-0.4044455095
-0.4287203229
-0.4830904288
-0.4697099182
-0.4701076076
-0.4550153742
-0.4653148683
-0.4659022716
-0.4541416114
-0.4313677213
-0.409741083
-0.4385574984
-0.3970265741
-0.4396142921
-0.4044468085
-0.4286985292
-0.2444899317
-0.195219471
-0.2081962271
-0.2258463192
-0.2081208636
-0.2167583449
-0.1842198977
-0.1836195346
-0.2316141534
-0.1725776224
-0.1397590542
-0.1669997711
-0.1601658619
-0.1756262036
-0.1467559567
-0.1123896975
-0.1728495995
-0.1397734106
-0.1632488929
-0.09891589665
-0.1561123577
-0.2444730377
-0.1951995519
-0.2080662599
-0.2258001287
-0.2080888151
-0.2167430403
-0.1842052717
-0.1836073425
-0.1397570538
-0.2315697538
-0.1725744657
-0.1669998731
-0.1601676443
-0.1756078924
-0.3403597004
-0.3606912311
-0.3382217973
-0.2995938595
-0.322605211
-0.3204991005
-0.3031411124
-0.2399194166
-0.2444756617
-0.2329584283
-0.1750353211
-0.2017874304
-0.2133018392
-0.2562931068
-0.2660723163
-0.2900578923
-0.2462506845
-0.2583187109
-0.2862846824
-0.2379688545
-0.2728407163
-0.2782444136
-0.3140164258
-0.3102846133
-0.2740136198
-0.2562323627
-0.244175147
-0.2809167078
-0.3606945756
-0.3403880085
-0.3382315387
-0.2996075846
-0.3226162969
-0.3205037211
-0.3031846195
-0.2399211057
-0.1750464036
-0.2444902267
-0.2329501973
-0.201794748
-0.2133006896
-0.2562935778
-0.2660775862
-0.2583206687
-0.290066248
-0.2462752588
-0.2862882797
-0.2379736807
-0.2728561449
-0.3952936885
-0.397402697
-0.394899036
-0.3553784339
-0.3599629027
-0.3593552193
-0.3560975649
-0.3133390647
-0.3035944376
-0.2860262801
-0.2708383438
-0.3011341926
-0.2849735725
-0.3150269692
-0.3204029902
-0.3271473291
-0.2914638077
-0.2994015442
-0.3257647167
-0.2901453605
-0.3219123852
-0.3776178445
-0.3894569648
-0.3889304103
-0.3482748462
-0.3378876341
-0.3365504481
-0.349137798
-0.3974285287
-0.3953667468
-0.3949273567
-0.3553913837
-0.3600091365
-0.3593749977
-0.3561229901
-0.313352269
-0.270845224
-0.3036134112
-0.286077388
-0.3011416692
-0.2849878439
-0.3150637478
-0.3204160999
-0.2994143984
-0.3272065452
-0.291481268
-0.3257804581
-0.2901548737
-0.3219489788
-0.3569442918
-0.390039949
-0.3578502166
-0.3854858684
-0.3894894923
-0.3615483015
-0.356798576
-0.3237069213
-0.3279484633
-0.3086869358
-0.2988987687
-0.3258725051
-0.3084367887
-0.3252544343
-0.3967319951
-0.3595473788
-0.3943538756
-0.3606268011
-0.3940664481
-0.3600199049
-0.3597363067
-0.3569346718
-0.3854677519
-0.3898434015
-0.3578204712
-0.3894153803
-0.3615464859
-0.356767316
-0.3237407857
-0.2989047349
-0.3279320862
-0.3087245388
-0.3258804279
-0.3084590484
-0.3252857117
-0.3695501164
-0.3471842819
-0.377347809
-0.369483129
-0.3511185695
-0.3509574569
-0.3511000473
0.2598104512
0.2218519934
0.2905097181
0.2693485634
0.2637341526
0.2439797141
0.2316847808
0.2905220033
0.2598706528
0.2219077244
0.2693621928
0.2637419079
0.2439919883
0.2317336705
-0.06119246122
-0.1189981006
-0.06600552978
-0.06939928068
-0.0500569876
-0.06018026664
-0.07325617032
-0.0660205613
-0.06123131324
-0.1190297718
-0.06941074352
-0.05006757443
-0.06018954509
-0.07328435982
-0.3773760655
-0.3696006426
-0.3472415388
-0.3694817758
-0.351114776
-0.3509417847
-0.3511137162
-0.1591694338
-0.15918408
-0.158455143
-0.1591986296
-0.1592190697
-0.1584905522
-0.4934746971
-0.4957384272
-0.4981920987
-0.4934756179
-0.4957384188
-0.4981924732
0.6027409364
0.607760574
0.6089295321
0.6256993481
0.6320986429
0.6378928117
0.6211870258
0.6251246064
0.6259177424
0.6064035239
0.6138047683
0.6198361745
-0.4665321608
-0.4672505383
-0.4660987005
-0.3055248863
-0.3088907445
-0.3101462865
-0.3013518344
-0.3037333299
-0.3022227068
0.5466251001
0.551116122
0.5518596542
0.5507534566
0.5573224775
0.5625056715
0.6027352966
0.6077549304
0.6089240019
0.6256766445
0.6320754986
0.6378692011
0.6211797652
0.6251172356
0.6259103718
0.6063863315
0.6137872173
0.6198184328
0.5466216217
0.5511126958
0.5518563443
0.5507424291
0.557311379
0.5624945684
0.4452681607
0.4478230395
0.4520322106
-0.4307935253
-0.4323266641
-0.4340400761
-0.4308058194
-0.4323381506
-0.4340512797
0.02335109283
0.0279635082
0.03052510558
0.02037752851
0.02509302484
0.02726683411
0.1548830826
0.1530637581
0.1532438305
0.0233531622
0.02796541947
0.03052773757
0.02037502866
0.02509067245
0.02726452891
-0.1586734982
-0.158054152
-0.1560751372
-0.1586837314
-0.1580693974
-0.1560903474
-0.4889960084
-0.4892408997
-0.4876329351
-0.4889913876
-0.489236461
-0.4876284575
-0.4590006022
-0.4604119005
-0.4630006146
-0.4713604327
-0.4739573548
-0.4766229611
-0.6947561192
-0.6956628946
-0.7004354303
-0.5414158043
-0.5447374951
-0.5477242147
-0.5988313958
-0.6033864406
-0.6076761932
0.4452691103
0.4478235496
0.4520311044
0.3255966216
0.331991544
0.3362799015
0.1553917674
0.1542633116
0.1555484554
0.325589353
0.3319859272
0.3362762565
0.1553919955
0.154264026
0.1555503953
-0.4589937178
-0.4604058864
-0.4629942027
-0.4713584798
-0.4739537245
-0.4766188653
-0.5783146011
-0.5853358124
-0.5884509561
-0.5783147529
-0.5853390254
-0.5884567
-0.6947505645
-0.6956571871
-0.7004309974
-0.6067551017
-0.6114549503
-0.6149620539
-0.6067564632
-0.6114551019
-0.6149627273
-0.5987977015
-0.6033536903
-0.6076434623
-0.4562767602
-0.4558411193
-0.4547453125
-0.6931968815
-0.6912988071
-0.6906405798
-0.6719687587
-0.6735888638
-0.6699391919
-0.6767751095
-0.6810817346
-0.6832860931
-0.6960426745
-0.6968921214
-0.6963045011
-0.767862832
-0.7763067182
-0.783620704
-0.7645671284
-0.7699826663
-0.7711893426
-0.7014729082
-0.7050100537
-0.7100442605
-0.536437642
-0.53751831
-0.5361254468
-0.5956055342
-0.5977927214
-0.5972993816
0.4429481335
0.4436909054
0.4444774729
0.4429466293
0.4436902387
0.4444781401
-0.4262859245
-0.4260615488
-0.4241625472
-0.4262896077
-0.426065044
-0.4241658422
0.3216348479
0.326917491
0.3284933537
0.1548858047
0.1530659037
0.1532450391
0.3216321391
0.3269150805
0.3284921702
-0.4601069672
-0.4587532056
-0.4602889008
-0.3055369357
-0.3089044796
-0.3101607778
-0.3013563576
-0.3037378609
-0.302227437
-0.4601308234
-0.4587782675
-0.4603155867
-0.4593280801
-0.456158504
-0.4540560768
-0.4853321081
-0.4870726887
-0.4895570584
-0.5310077647
-0.5339703903
-0.5370181258
-0.4820935634
-0.4819346414
-0.4804480398
-0.5271368301
-0.5280210019
-0.526718924
-0.5413696409
-0.5446903056
-0.5476761387
-0.5364208116
-0.5375015169
-0.5361086475
-0.4853137947
-0.4870550684
-0.4895400673
-0.530956143
-0.5339195714
-0.5369654941
-0.4820882277
-0.4819292289
-0.4804426297
-0.5271231319
-0.5280070883
-0.5267045345
-0.4562757609
-0.4558398576
-0.4547434767
-0.4665294484
-0.4672475256
-0.4660953473
-0.4593215933
-0.4561511748
-0.4540474631
-0.573540415
-0.578401617
-0.5764846765
-0.5735415717
-0.5784035422
-0.5764882108
-0.747554418
-0.7544765358
-0.7542696072
-0.7170145154
-0.7201538678
-0.7241577648
-0.7112188373
-0.7116708639
-0.709890517
-0.7500965726
-0.7599971688
-0.7658395696
-0.6931921384
-0.69129509
-0.6906380942
-0.6719565074
-0.6735757295
-0.6699259837
-0.6767411737
-0.6810454188
-0.683248802
-0.7475446095
-0.7544666555
-0.7542598537
-0.7169928286
-0.7201320417
-0.7241356636
-0.7112117977
-0.7116637507
-0.709883511
-0.7500692109
-0.7599693022
-0.765811371
-0.6003089112
-0.6026317786
-0.6011687638
-0.6841303211
-0.6874227335
-0.687746947
-0.6875504179
-0.6935296667
-0.6993284913
-0.6960413642
-0.6968909048
-0.6963033964
-0.7678483725
-0.77629231
-0.7836060884
-0.764562769
-0.7699783707
-0.7711850055
-0.7014663296
-0.7050035052
-0.7100377447
-0.6003066783
-0.6026295727
-0.6011669778
-0.6841289194
-0.6874217078
-0.6877461484
-0.687544593
-0.6935246561
-0.6993238731
-0.5955943727
-0.5977813535
-0.5972877795
)
;

boundaryField
{
    inlet
    {
        type            zeroGradient;
    }
    outlet
    {
        type            fixedValue;
        value           nonuniform 0();
    }
    topAndBottom
    {
        type            symmetry;
    }
    frontAndBack
    {
        type            empty;
    }
    cylinder
    {
        type            zeroGradient;
    }
    procBoundary2to0
    {
        type            processor;
        value           nonuniform List<scalar> 
75
(
0.09779338906
0.09806048271
0.09871758804
0.09978713288
0.1012655458
0.1031844116
0.1056089731
0.1086237139
0.1123325729
0.1168693646
0.1224111885
0.129196076
0.1375487941
0.1479202004
0.1609382072
0.1775061805
0.1988611866
0.2270087438
0.2640414639
0.3081734305
0.3635317477
0.4698960284
0.5884719156
0.5884409178
0.562575429
0.4698718497
0.5625548467
0.5909809367
0.5999135262
0.5990464405
0.5909739802
0.5998904208
0.5990397176
0.4386668861
0.3635183279
0.4386414584
0.5010875275
0.4742485758
0.5033954733
0.5637735289
0.5326557696
0.5340669732
0.4742454529
0.5010800999
0.5033934149
0.5637674289
0.5326432779
0.5340626627
0.3379842688
0.308177057
0.3379862888
0.373613833
0.3718205804
0.4131595316
0.4484748869
0.4052943777
0.4295114859
0.3718211856
0.3736119944
0.4131593946
0.4484694876
0.4052904969
0.4295090149
0.6256916068
0.6320908773
0.6378849649
0.6211795845
0.6251172075
0.6259103473
0.625669062
0.6320679136
0.6378615471
0.6211724182
0.6251099368
0.6259030783
)
;
    }
    procBoundary2to3
    {
        type            processor;
        value           nonuniform List<scalar> 
103
(
-0.237613851
-0.237613851
-0.237613851
-0.237613851
-0.237613851
-0.237613851
-0.1782760481
-0.1371136694
-0.1048467394
-0.08176659015
-0.06389118085
-0.05021784676
-0.0395213848
-0.0310782206
-0.02434711702
-0.01894224741
-0.01458460734
-0.01106586003
-0.008233215288
-0.005971777008
-0.004195623785
-0.002840940474
-0.001862176173
-0.001225289094
-0.000910750032
-0.4522847194
-0.4566896437
-0.452756528
-0.4584504658
-0.4251839485
-0.4223574966
-0.42519884
-0.4223614819
-0.4655345081
-0.4655345081
-0.4644491125
-0.4644491125
-0.4599617316
-0.4596545773
-0.452280735
-0.4566790733
-0.4527462646
-0.4584481519
-0.4655321312
-0.4655321312
-0.4644335994
-0.4644335994
-0.4598608478
-0.4596469094
-0.4607134318
-0.460803754
-0.4639156805
-0.4639209362
-0.4691539381
-0.4699399697
-0.4703949965
-0.4689689367
-0.4608338235
-0.4608100038
-0.4639077379
-0.4639399499
-0.4691541143
-0.4699430972
-0.4703964058
-0.4689810812
-0.4619963026
-0.4628754523
-0.4458729718
-0.444636132
-0.3470370631
-0.3470370631
-0.3470370631
-0.3470370631
-0.3027751666
-0.34701077
-0.34701077
-0.34701077
-0.34701077
-0.3027240995
-0.4223762812
-0.385824066
-0.398054141
-0.4190214361
-0.4621226092
-0.4629024817
-0.4458896933
-0.4446895535
-0.4223811285
-0.3857856291
-0.3980398612
-0.4190387401
-0.3949477153
-0.3944233819
-0.3955966842
-0.3949553339
-0.3944311557
-0.3956046282
-0.3920057336
-0.3898897441
-0.3878244952
-0.3920101251
-0.3898942503
-0.3878291232
)
;
    }
}


// ************************************************************************* //
