/*--------------------------------*- C++ -*----------------------------------*\
| =========                 |                                                 |
| \\      /  F ield         | OpenFOAM: The Open Source CFD Toolbox           |
|  \\    /   O peration     | Version:                                        |
|   \\  /    A nd           | Website:  www.openfoam.com                      |
|    \\/     M anipulation  |                                                 |
\*---------------------------------------------------------------------------*/
FoamFile
{
    version     2.0;
    format      ascii;
    class       surfaceScalarField;
    location    "3.2";
    object      phi;
}
// * * * * * * * * * * * * * * * * * * * * * * * * * * * * * * * * * * * * * //

dimensions      [0 3 -1 0 0 0 0];
oriented        oriented;


internalField   nonuniform List<scalar> 
5126
(
0.0001578671874
-1.3133662e-07
9.164325984e-05
-0.0002493044827
0.0004823164056
5.559862867e-05
-1.791265113e-06
-0.0005360583859
0.0005984904906
-0.002334429436
-7.461311452e-05
5.852493737e-09
0.0005658637932
0.0006399508227
0.0006047788039
-0.004519660166
-0.002868654434
0.002049585826
0.001644201251
0.002049598139
0.001644262951
-0.0009516707259
-0.00356882565
0.002761115298
-0.003713531969
0.006227150855
-0.003466580408
0.009240323165
-0.003013494757
0.01174196337
-0.00250177682
0.01375796765
-0.002016019498
0.01534761271
-0.001589600532
0.01657578732
-0.001228114525
0.01750244805
-0.0009266094127
0.0181813495
-0.0006788670864
0.01866221745
-0.0004808491256
0.01899224184
-0.0003300151798
0.01921518975
-0.0002229430315
0.01936707993
-0.000151885455
0.01947668572
-0.0001096000207
0.0195623651
-8.567265136e-05
0.01963445956
-7.208709713e-05
0.01969786946
-6.340209435e-05
0.01975447564
-5.659788938e-05
0.01980483261
-5.034804471e-05
0.01984912358
-4.428131304e-05
0.01988760134
-3.846757895e-05
0.01992072277
-3.311097568e-05
0.01994911481
-2.838145716e-05
0.01997346826
-2.434284975e-05
0.01999443296
-2.095419661e-05
0.02001255805
-1.811486208e-05
0.02002828223
-1.571444321e-05
0.02004195376
-1.366247576e-05
0.02005385668
-1.189467209e-05
0.02006423027
-1.036620041e-05
0.02007327992
-9.043222135e-06
0.02007899289
-5.707239292e-06
0.02008239973
-3.401357643e-06
0.02008489272
-2.488024972e-06
0.02008658876
-1.691377573e-06
0.02008758867
-9.954847481e-07
0.02008797978
-3.869200407e-07
0.020087838
1.457693682e-07
0.0200872293
6.124839059e-07
0.02008621118
1.021720465e-06
0.02008483376
1.380823494e-06
0.02008314083
1.696165318e-06
0.02008117072
1.973193008e-06
0.02007895699
2.216666215e-06
0.02007652901
2.430787555e-06
0.02007391259
2.619109133e-06
0.02007113036
2.78480469e-06
0.0200682022
2.930621719e-06
0.02006514559
3.058967878e-06
0.02006197587
3.171948068e-06
0.02005870657
3.271435356e-06
0.02005534958
3.359029254e-06
0.02005191538
3.436165201e-06
0.02004841321
3.504071928e-06
0.02004485124
3.563825758e-06
0.02004123663
3.616401301e-06
0.02003757575
3.662618317e-06
0.02003387419
3.703235261e-06
0.02003013694
3.738880639e-06
0.02002636837
3.770132782e-06
0.02002257239
3.797499371e-06
0.02001875246
3.82139279e-06
0.02001491165
3.842221485e-06
0.02001105279
3.86023372e-06
0.02000717693
3.877192118e-06
0.02000327561
3.902622292e-06
3.889962791e-06
8.351722363e-05
-0.0002716827051
6.403237813e-08
0.0002859749051
-9.787345616e-05
-0.0001841971318
0.0001496216272
-3.469633653e-07
-0.0001621941592
0.0001971166244
0.0001343505412
8.107244033e-05
-0.0001858467865
-0.0002404506706
7.363684363e-10
3.447700399e-05
0.0001390015666
3.73951799e-05
0.00425225463
-0.004643645353
-0.0001460952386
-0.001092271821
-0.0001460842277
-0.001092812419
0.006462171161
-0.005778742184
0.008763950702
-0.006015311502
0.01087674053
-0.005579370239
0.01269032567
-0.004827079886
0.01418158381
-0.003993034972
0.01537852815
-0.003212963844
0.01632826359
-0.002539335975
0.01707933534
-0.001979186268
0.01767331087
-0.001520584958
0.01814261606
-0.001148172297
0.01851169624
-0.0008499293227
0.01879954151
-0.0006178604573
0.01902184745
-0.000445248971
0.01919372684
-0.0003237648494
0.01932685579
-0.0002427289746
0.01943173929
-0.0001905561449
0.01951651594
-0.0001568637418
0.01958694878
-0.0001338349267
0.01964678359
-0.0001164326872
0.0196983048
-0.0001018692511
0.01974330473
-8.928123874e-05
0.01978130506
-7.646791266e-05
0.01981410383
-6.590975382e-05
0.01984238706
-5.66647021e-05
0.01986679538
-4.875118088e-05
0.01988790502
-4.206384118e-05
0.01990621011
-3.641995836e-05
0.01992212122
-3.162555551e-05
0.01993597689
-2.751814337e-05
0.01994805922
-2.397700338e-05
0.01995860677
-2.091375234e-05
0.01996751054
-1.794699347e-05
0.01997354805
-1.174475684e-05
0.01997982408
-9.677390295e-06
0.01998521207
-7.876013266e-06
0.01998982477
-6.304081471e-06
0.01999375983
-4.930554952e-06
0.01999710197
-3.729058051e-06
0.01999992471
-2.676971276e-06
0.02000229212
-1.754916076e-06
0.02000426004
-9.461965659e-07
0.02000587738
-2.365078751e-07
0.02000718656
3.869939002e-07
0.02000822503
9.347177789e-07
0.02000902546
1.416239205e-06
0.02000961651
1.839739404e-06
0.02001002333
2.212286701e-06
0.02001026802
2.54011877e-06
0.02001036997
2.828667321e-06
0.02001034622
3.082717381e-06
0.02001021176
3.306412059e-06
0.02000997978
3.503406083e-06
0.02000966193
3.676880887e-06
0.02000926846
3.829642152e-06
0.0200088084
3.964141063e-06
0.02000828971
4.082519681e-06
0.02000771943
4.186689304e-06
0.02000710378
4.278281749e-06
0.02000644822
4.358796046e-06
0.02000575763
4.429472427e-06
0.02000503632
4.491452388e-06
0.0200042881
4.545718707e-06
0.02000351637
4.593125588e-06
0.02000272415
4.634441479e-06
0.02000191417
4.670206422e-06
0.02000108983
4.701537091e-06
0.02000026453
4.727918102e-06
4.757952648e-06
-0.0001566023883
-0.0002068949461
-1.947917772e-07
0.0001499122176
0.0002137799096
-0.0001515779824
-0.0003571505475
0.0004082804308
0.0001013361211
-8.880240879e-07
0.01367174356
-0.00372022169
0.0004098931799
0.0006494053665
0.0004091511472
0.0006504064175
-0.002500277044
-0.003534777445
-0.00250037383
-0.003534949667
0.01460653162
-0.005578433399
0.01524086486
-0.006413075413
0.01577022652
-0.00654467316
0.01621891
-0.006028053718
0.01663883597
-0.005247005861
0.01701266094
-0.004366859954
0.01734635376
-0.003546656669
0.01764255082
-0.002835533032
0.01790923302
-0.002245868471
0.01815471809
-0.001766070046
0.01838548601
-0.001378940222
0.01860402574
-0.001068469061
0.01880844871
-0.000822283435
0.01899413567
-0.0006309359291
0.01915648635
-0.0004861155364
0.01929319013
-0.0003794327409
0.01940500998
-0.0003023759987
0.01949513198
-0.0002469857367
0.01956783278
-0.0002065357265
0.01962726755
-0.0001758674458
0.01967678982
-0.0001513915184
0.01971839268
-0.0001308841008
0.01975508784
-0.0001131630724
0.0197868863
-9.770822979e-05
0.01981452912
-8.430752715e-05
0.0198385867
-7.280876289e-05
0.01985953651
-6.301365785e-05
0.01987779525
-5.467870846e-05
0.01989372819
-4.755849856e-05
0.01990810677
-4.189672581e-05
0.0199198359
-3.570613516e-05
0.01993009069
-3.116854365e-05
0.01993715316
-2.500946781e-05
0.01994499808
-1.958967896e-05
0.01995187063
-1.654993493e-05
0.01995789407
-1.38994622e-05
0.01996317531
-1.158531708e-05
0.01996780705
-9.562301215e-06
0.01997186985
-7.791851288e-06
0.01997543386
-6.240986358e-06
0.01997856027
-4.88131994e-06
0.01998130245
-3.688373205e-06
0.01998370702
-2.64107453e-06
0.01998581504
-1.721022646e-06
0.0199876622
-9.124416982e-07
0.01998928006
-2.016132724e-07
0.01999069591
4.2389224e-07
0.01999193405
9.741443282e-07
0.01999301568
1.458488497e-06
0.0199939595
1.884846977e-06
0.01999478193
2.260286111e-06
0.01999549744
2.590900527e-06
0.01999611876
2.882086788e-06
0.01999665711
3.138528346e-06
0.01999712237
3.364383476e-06
0.01999752328
3.563245974e-06
0.0199978675
3.738305992e-06
0.01999816184
3.892355423e-06
0.01999841227
4.027855934e-06
0.01999862411
4.146959888e-06
0.01999880206
4.251535638e-06
0.01999895025
4.343258328e-06
0.0199990724
4.423568837e-06
0.01999917178
4.493748586e-06
0.01999925132
4.554902481e-06
0.01999931367
4.607852791e-06
0.01999936096
4.654251622e-06
0.0199993983
4.690571093e-06
4.740537204e-06
-1.147294571e-05
-0.0009787949489
1.969490177e-08
0.0009887816619
1.466521836e-06
-0.001094871614
0.0001497010479
0.004979400581
-0.0004282740183
6.741081961e-09
-0.001250845602
-0.001095132979
-0.001259984205
0.02255893655
-0.003744908291
-0.005206128326
-0.006061330861
-0.005205436642
-0.006061354125
0.02201105006
-0.005030546908
0.0213044585
-0.00570648385
0.0204895402
-0.005729754874
0.01972950691
-0.005268020432
0.01919687045
-0.004714369405
0.01884362308
-0.004013612587
0.01866388534
-0.003366918923
0.0185925894
-0.002764237098
0.01859724223
-0.002250521311
0.0186510375
-0.001819865322
0.01873891512
-0.001466817847
0.01885031523
-0.001179869176
0.01897600855
-0.0009479767616
0.01910645234
-0.0007613797156
0.01923245616
-0.0006121193509
0.01934681574
-0.0004937923163
0.01944550777
-0.0004010680267
0.01952775133
-0.0003292292967
0.01959511441
-0.0002738988036
0.01965028045
-0.0002310334736
0.01969602388
-0.0001971349502
0.01973463488
-0.0001694951013
0.01976775866
-0.0001462868687
0.01979648597
-0.0001264355413
0.01982153204
-0.0001093536086
0.01984340242
-9.467914866e-05
0.01986250065
-8.211188302e-05
0.0198791791
-7.135717154e-05
0.01989375382
-6.213322553e-05
0.01990604931
-5.41922138e-05
0.01991767313
-4.732996279e-05
0.01992788712
-4.138253267e-05
0.01993751499
-3.46373336e-05
0.01994499002
-2.706470796e-05
0.01995155617
-2.311609389e-05
0.01995732716
-1.967045187e-05
0.01996240176
-1.665991078e-05
0.01996686599
-1.402653912e-05
0.01997079488
-1.172073381e-05
0.01997425383
-9.699932991e-06
0.01997730002
-7.927507111e-06
0.01997998348
-6.371829706e-06
0.01998234798
-5.005573976e-06
0.01998443197
-3.80501166e-06
0.01998626909
-2.749555381e-06
0.01998788876
-1.82128456e-06
0.01998931719
-1.004538384e-06
0.01999057715
-2.858170885e-07
0.01999168859
3.470446968e-07
0.01999266925
9.04191204e-07
0.01999353463
1.394906951e-06
0.01999429846
1.827068316e-06
0.01999497281
2.207732889e-06
0.01999556832
2.543027176e-06
0.01999609438
2.838325602e-06
0.01999655924
3.098390538e-06
0.01999697021
3.327344406e-06
0.01999733372
3.52885187e-06
0.01999765546
3.706122644e-06
0.01999794049
3.861935474e-06
0.01999819325
3.998775656e-06
0.0199984177
4.118814363e-06
0.01999861734
4.22392672e-06
0.01999879531
4.315780449e-06
0.01999895439
4.395828416e-06
0.01999909706
4.465181794e-06
0.01999922541
4.525901859e-06
0.01999934249
4.573484095e-06
4.638918736e-06
9.054525516e-06
-0.00685373307
0.006755814047
2.538643968e-05
6.432038558e-08
2.485500202e-05
1.137952568e-05
2.717921469e-05
0.02645025497
-0.001591217238
0.0004504537327
0.0006016990718
0.0004502158577
0.0006014293698
-0.006714186543
-0.006767482775
-0.006713825406
-0.006767341002
0.02558853241
-0.002883185724
0.02445787565
-0.003899890134
0.02321523509
-0.004463843298
0.022022969
-0.004537488801
0.02110926428
-0.004354315715
0.02035345331
-0.00395855844
0.01976722764
-0.003427386911
0.01940759608
-0.003007287362
0.01918770953
-0.002544350559
0.01909209356
-0.002154905346
0.01906512493
-0.001792896697
0.01908497957
-0.001486672493
0.01913413567
-0.001229025277
0.01920193089
-0.001015771982
0.01928039897
-0.0008398477905
0.0193625698
-0.0006942901817
0.0194425836
-0.0005738061149
0.01951621538
-0.0004746998008
0.01958117786
-0.0003941917812
0.01963694855
-0.0003296694793
0.01968422882
-0.0002783137419
0.01972430554
-0.0002372116685
0.01975854015
-0.0002037297225
0.01978808368
-0.000175830411
0.01981379501
-0.0001521468687
0.01983628251
-0.0001318411195
0.01985598897
-0.0001143856044
0.01987326425
-9.938717361e-05
0.0198884088
-8.650171996e-05
0.01990169001
-7.541444127e-05
0.01991334543
-6.584763427e-05
0.01992358252
-5.756706122e-05
0.01993258074
-5.038075164e-05
0.01994193187
-4.39884606e-05
0.0199488224
-3.395523688e-05
0.01995488487
-2.917856793e-05
0.01996022101
-2.500658893e-05
0.0199649194
-2.135830356e-05
0.01996905753
-1.81646654e-05
0.01997270338
-1.53665858e-05
0.01997591629
-1.291283866e-05
0.01997874853
-1.075974561e-05
0.01998124561
-8.868911399e-06
0.01998344766
-7.207621332e-06
0.01998538995
-5.747293022e-06
0.01998710336
-4.462970839e-06
0.01998861529
-3.333209165e-06
0.01998994955
-2.338797079e-06
0.01999112717
-1.463445398e-06
0.01999216687
-6.926517551e-07
0.01999308515
-1.409355217e-08
0.01999389608
5.839761189e-07
0.0199946124
1.110749778e-06
0.01999524549
1.574650346e-06
0.01999580508
1.983436128e-06
0.01999629986
2.343549832e-06
0.01999673771
2.660550172e-06
0.01999712517
2.939888773e-06
0.01999746842
3.185601245e-06
0.01999777267
3.401883063e-06
0.01999804276
3.591853965e-06
0.01999828262
3.758914845e-06
0.01999849604
3.905397525e-06
0.01999868636
4.033609563e-06
0.01999885638
4.145758135e-06
0.01999900876
4.243449857e-06
0.01999914587
4.328077393e-06
0.01999926944
4.402327355e-06
0.01999938259
4.46033067e-06
4.540239416e-06
0.02627710799
0.0009236030837
-0.0001673363176
-0.0001675198242
0.02616261925
-0.0001103540117
-2.42304916e-05
0.000136613016
-2.368392259e-05
0.0001361441529
0.0257566869
-0.00118528489
0.02503011959
-0.002156618412
0.02409013511
-0.00295990566
0.02309980621
-0.003473514417
0.02220191981
-0.0036396024
0.02142120238
-0.003573598282
0.02076832816
-0.003305684227
0.0203463341
-0.003005392848
0.01998977667
-0.002650729928
0.01969458496
-0.002249158856
0.01952500919
-0.001985329586
0.0194211012
-0.001688988709
0.01938542136
-0.001450992651
0.01939104047
-0.001234644389
0.01941725863
-0.001041990143
0.01945583423
-0.0008784233861
0.01950150305
-0.0007399590082
0.01955022201
-0.0006225250776
0.01959883854
-0.0005233163211
0.01964502867
-0.0004403819085
0.01968731853
-0.0003719593338
0.01972504101
-0.0003160362234
0.01975817369
-0.000270344355
0.01978709881
-0.0002326548459
0.01981236345
-0.0002010950594
0.01983450813
-0.0001742915517
0.01985398574
-0.000151318729
0.01987115048
-0.0001315503473
0.01988628359
-0.00011452029
0.0198996212
-9.983932742e-05
0.01991137284
-8.716608723e-05
0.01992172698
-7.620178071e-05
0.01993085251
-6.669258466e-05
0.01993889782
-5.842606812e-05
0.01994613588
-5.122651966e-05
0.01995359241
-4.141176173e-05
0.01995904557
-3.463173815e-05
0.01996385418
-2.981519946e-05
0.0199680951
-2.559921884e-05
0.01997183573
-2.190529171e-05
0.01997513568
-1.866653485e-05
0.01997804723
-1.582439103e-05
0.0199806163
-1.332881036e-05
0.01998288358
-1.113618867e-05
0.01998488474
-9.208776538e-06
0.01998665109
-7.513649136e-06
0.01998821064
-6.022514692e-06
0.01998958757
-4.710136958e-06
0.0199908035
-3.554727383e-06
0.0199918774
-2.537348151e-06
0.01999282618
-1.641429361e-06
0.01999366408
-8.519980591e-07
0.0199944049
-1.568414088e-07
0.01999505971
4.55933109e-07
0.01999563843
9.959339675e-07
0.01999615043
1.471442228e-06
0.0199966034
1.890583571e-06
0.01999700431
2.259638724e-06
0.01999735944
2.58477086e-06
0.01999767411
2.870933286e-06
0.01999795335
3.122650823e-06
0.01999820121
3.343997037e-06
0.01999842167
3.538459429e-06
0.01999861798
3.709096778e-06
0.0199987931
3.858491434e-06
0.01999894968
3.989177038e-06
0.01999909017
4.102954526e-06
0.01999921652
4.201727229e-06
0.01999933085
4.288005472e-06
0.01999943527
4.355903577e-06
4.44889577e-06
0.02527295957
0.0007477708646
0.0252284806
-6.587503246e-05
0.02489432957
-0.0008511338395
0.0243717476
-0.001634036451
0.02364253048
-0.002230688551
0.0228683819
-0.002699365841
0.02214855581
-0.002919776309
0.02151500543
-0.002940047908
0.02101945519
-0.002810133981
0.02062208881
-0.002608026466
0.0202925596
-0.002321200724
0.02011370227
-0.002070301526
0.01993573785
-0.001807365174
0.01975758511
-0.001510835972
0.01963889799
-0.001332305528
0.0196025418
-0.001198288203
0.01959873356
-0.001038181894
0.01960934808
-0.0008890379141
0.0196290136
-0.0007596245323
0.01965448357
-0.0006479950471
0.01968328095
-0.0005521137046
0.01971333779
-0.0004704387436
0.01974295057
-0.0004015721046
0.01977088184
-0.0003439675005
0.01979642638
-0.0002958889022
0.01981935573
-0.0002555841999
0.01983976414
-0.0002215034781
0.01985789481
-0.0001924222164
0.01987401418
-0.0001674381016
0.01988835388
-0.0001458900436
0.01990110322
-0.0001272696344
0.01991242311
-0.0001111592179
0.01992245898
-9.720195645e-05
0.01993134712
-8.508992226e-05
0.01993921448
-7.455994976e-05
0.01994617702
-6.538860428e-05
0.01995233793
-5.738742996e-05
0.01995910287
-4.817670141e-05
0.01996385791
-3.938678633e-05
0.01996806145
-3.401873265e-05
0.01997177655
-2.931432149e-05
0.0199750599
-2.518863886e-05
0.019977961
-2.156763341e-05
0.01998052454
-1.838792622e-05
0.01998278953
-1.559380711e-05
0.01998479089
-1.313754279e-05
0.01998655928
-1.097716509e-05
0.01998812193
-9.076294781e-06
0.01998950271
-7.403297089e-06
0.01999072282
-5.930250202e-06
0.01999180131
-4.63321114e-06
0.01999275452
-3.490557669e-06
0.01999359698
-2.483894997e-06
0.019994342
-1.597020691e-06
0.01999500068
-8.155215564e-07
0.01999558354
-1.269242714e-07
0.0199960991
4.803753406e-07
0.01999655536
1.015179472e-06
0.01999695934
1.486612107e-06
0.01999731718
1.901799399e-06
0.01999763444
2.267521272e-06
0.01999791581
2.589563137e-06
0.01999816557
2.872902784e-06
0.01999838757
3.122000746e-06
0.01999858506
3.340973844e-06
0.0199987611
3.533057672e-06
0.01999891833
3.701266066e-06
0.01999905919
3.848320994e-06
0.01999918546
3.976683875e-06
0.01999929954
4.087643902e-06
0.01999940236
4.185187177e-06
0.01999949685
4.261413664e-06
4.366321918e-06
0.02447187697
0.0005934653648
0.02439613124
9.870693652e-06
0.02414679499
-0.0006017975953
0.02374806681
-0.001235308292
0.02323483492
-0.001717456659
0.02264599857
-0.002110529496
0.02207041732
-0.002344195061
0.02154555247
-0.002415183052
0.02110751461
-0.002372096119
0.02075269774
-0.002253209603
0.02050310417
-0.002071607159
0.02030893116
-0.001876128516
0.02013507963
-0.001633513642
0.02004179237
-0.001417548711
0.01987241206
-0.001162925216
0.01978444338
-0.001110319532
0.01975416177
-0.001007900286
0.01974357933
-0.000878455479
0.01974417719
-0.0007602223979
0.01975239711
-0.0006562149656
0.01976586542
-0.0005655820071
0.01978260671
-0.0004871800359
0.01980093656
-0.0004199019498
0.019819513
-0.0003625439479
0.01983740729
-0.0003137832016
0.01985410054
-0.0002722774558
0.01986939349
-0.0002367964252
0.0198832806
-0.00020630933
0.01989584047
-0.0001799979689
0.01990717147
-0.0001572210351
0.01991736672
-0.0001374648871
0.01992651249
-0.0001203049855
0.01993469182
-0.0001053812919
0.01994198863
-9.238672628e-05
0.01994848595
-8.105726948e-05
0.01995426487
-7.116752011e-05
0.01995940087
-6.252343239e-05
0.01996524487
-5.402070914e-05
0.01996922893
-4.337084192e-05
0.01997276248
-3.755228755e-05
0.01997589499
-3.244682637e-05
0.01997867005
-2.796370124e-05
0.0199811278
-2.40253837e-05
0.01998330355
-2.056367553e-05
0.01998522955
-1.751980794e-05
0.01998693389
-1.484188082e-05
0.01998844211
-1.248538038e-05
0.01998977652
-1.04107079e-05
0.01999095704
-8.583814674e-06
0.01999200163
-6.974837594e-06
0.01999292566
-5.557237046e-06
0.01999374321
-4.308112621e-06
0.0199944667
-3.20738695e-06
0.01999510693
-2.237249088e-06
0.01999567357
-1.382160549e-06
0.01999617514
-6.284988645e-07
0.01999661956
3.595382298e-08
0.01999701306
6.216905087e-07
0.01999736193
1.137745085e-06
0.0199976712
1.592530157e-06
0.01999794552
1.993208721e-06
0.01999818919
2.345898081e-06
0.01999840574
2.656351097e-06
0.01999859831
2.929442391e-06
0.01999877003
3.1692537e-06
0.01999892325
3.379841635e-06
0.01999906022
3.564301803e-06
0.01999918304
3.72550248e-06
0.0199992935
3.866226856e-06
0.01999939312
3.988023107e-06
0.01999948341
4.094898701e-06
0.01999956617
4.178654511e-06
4.293628235e-06
0.02377484181
0.0004921783035
0.02375784588
2.686663891e-05
0.02361572732
-0.0004596790537
0.02329540948
-0.0009149904551
0.02292579687
-0.001347844047
0.02245597883
-0.001640711446
0.02199178234
-0.001879998574
0.0215629346
-0.001986335309
0.02118208708
-0.001991248603
0.02085833141
-0.001929453937
0.02060724438
-0.001820520132
0.02041440678
-0.001683290913
0.02029574238
-0.001514849242
0.02020455557
-0.001326361899
0.02008102275
-0.001039392395
0.01995509741
-0.0009843942008
0.01989775968
-0.0009505625548
0.01986452208
-0.0008452178882
0.01984918451
-0.000744884825
0.01984374688
-0.0006507773343
0.0198447777
-0.0005666128248
0.01985033535
-0.0004927376792
0.01985879557
-0.0004283621758
0.01986884503
-0.000372593416
0.0198795076
-0.000324445776
0.01989013464
-0.0002829045025
0.01990035001
-0.0002470117952
0.01990996594
-0.0002159252504
0.01991890568
-0.000188937706
0.01992714825
-0.0001654636044
0.01993469869
-0.0001450153279
0.01994157534
-0.0001271816339
0.01994780561
-0.0001116115561
0.0199534243
-9.800542173e-05
0.01995847278
-8.610574057e-05
0.01996299617
-7.569091001e-05
0.01996704161
-6.656887885e-05
0.01997189844
-5.887753829e-05
0.01997505645
-4.652885912e-05
0.01997787024
-4.036607267e-05
0.0199803745
-3.495109143e-05
0.01998260125
-3.019044274e-05
0.01998457928
-2.600341516e-05
0.01998633539
-2.231978991e-05
0.01998789334
-1.907775749e-05
0.01998927533
-1.622386941e-05
0.01999050055
-1.371059134e-05
0.01999158661
-1.14967748e-05
0.01999254921
-9.546407392e-06
0.01999340202
-7.827653038e-06
0.01999415775
-6.312958834e-06
0.0199948273
-4.977669579e-06
0.0199954205
-3.80058708e-06
0.01999594626
-2.763008216e-06
0.0199964121
-1.848002402e-06
0.01999682504
-1.041441914e-06
0.01999719127
-3.302760087e-07
0.0199975161
2.968678665e-07
0.01999780434
8.495023019e-07
0.01999806025
1.336624786e-06
0.01999828769
1.76577888e-06
0.01999848988
2.143709808e-06
0.01999866989
2.476349983e-06
0.01999883032
2.769008569e-06
0.01999897352
3.026061941e-06
0.01999910154
3.251826634e-06
0.01999921622
3.449627188e-06
0.01999931919
3.622531134e-06
0.01999941212
3.773302455e-06
0.01999949602
3.904118231e-06
0.01999957228
4.01864827e-06
0.01999964231
4.108620461e-06
4.231952359e-06
0.02325978974
0.0004090596588
0.02326785847
1.8797885e-05
0.02313498737
-0.0003268079504
0.02290317071
-0.0006831737937
0.02260570402
-0.001050377353
0.02226655314
-0.001301560567
0.02189882659
-0.00151227202
0.02154965879
-0.001637167509
0.02123007824
-0.001671668054
0.02094763082
-0.001647006524
0.02070868804
-0.001581577345
0.02051367444
-0.001488277312
0.02037443939
-0.001375614201
0.02029286871
-0.001244791213
0.02030275744
-0.001049281137
0.02017904881
-0.000860685572
0.02008043994
-0.0008519536875
0.01999023604
-0.0007550139888
0.01994641197
-0.0007010607519
0.01992819614
-0.0006325615017
0.01991897349
-0.0005573901661
0.01991508694
-0.0004888511347
0.01991500009
-0.0004282753214
0.01991746751
-0.0003750608511
0.01992152455
-0.0003285028197
0.01992646987
-0.0002878498224
0.01993182595
-0.0002523678728
0.01993728579
-0.0002213850838
0.01994265792
-0.0001943098373
0.01994782527
-0.0001706309546
0.01995271727
-0.0001499073268
0.01995729282
-0.0001317571855
0.01996153087
-0.0001158495984
0.01996542437
-0.0001018989155
0.01996897695
-8.965832147e-05
0.01997220064
-7.891460021e-05
0.01997511365
-6.948189031e-05
0.01997743314
-6.119702658e-05
0.01998123322
-5.032894373e-05
0.01998329212
-4.242497446e-05
0.01998513564
-3.679460923e-05
0.01998678378
-3.183858343e-05
0.0199882552
-2.74748356e-05
0.01998956701
-2.363159849e-05
0.01999073542
-2.024616266e-05
0.0199917751
-1.726354598e-05
0.01999269986
-1.463535259e-05
0.01999352177
-1.231868665e-05
0.01999425211
-1.027674684e-05
0.01999490085
-8.476388165e-06
0.01999547693
-6.889043489e-06
0.01999598849
-5.489225694e-06
0.01999644269
-4.254793729e-06
0.01999684596
-3.16627743e-06
0.01999720411
-2.206149694e-06
0.01999752213
-1.359460095e-06
0.01999780466
-6.128125194e-07
0.01999805603
4.549815474e-08
0.01999827936
6.261742035e-07
0.01999847821
1.137785498e-06
0.01999865518
1.588804406e-06
0.01999881301
1.985888622e-06
0.01999895381
2.335550134e-06
0.01999907968
2.643150596e-06
0.01999919216
2.913586781e-06
0.01999929312
3.150869762e-06
0.01999938395
3.358796046e-06
0.0199994657
3.540783529e-06
0.01999953958
3.699432182e-06
0.01999960658
3.837116182e-06
0.01999966763
3.957604646e-06
0.01999972396
4.052287909e-06
4.182142461e-06
0.02283745304
0.000349223735
0.02283041843
2.58324914e-05
0.02275727111
-0.0002536606186
0.02261820261
-0.000544105294
0.02237033017
-0.0008025049088
0.02212005887
-0.00105128927
0.02181091149
-0.001203124647
0.02151715489
-0.001343410902
0.02124937134
-0.001403884513
0.02100722343
-0.001404858611
0.02079435708
-0.00136871099
0.02061257991
-0.001306500141
0.02046360689
-0.001226641183
0.02035417924
-0.001135363567
0.02033209811
-0.00102720001
0.02037142985
-0.0009000173193
0.02031907007
-0.0007995939066
0.02017217329
-0.0006081172059
0.02005485439
-0.0005837418484
0.02000730294
-0.0005850100464
0.01998793392
-0.0005380211458
0.01997590103
-0.0004768182371
0.01996851615
-0.0004208904464
0.01996436804
-0.0003709127483
0.01996252971
-0.0003266644907
0.01996228807
-0.0002876081825
0.01996311643
-0.0002531962318
0.01996463672
-0.0002229053761
0.01996658196
-0.0001962550725
0.01996876402
-0.0001728130223
0.01997105099
-0.0001521942855
0.01997335148
-0.0001340576743
0.01997560289
-0.0001181010066
0.01997776298
-0.0001040590012
0.01997980394
-9.169927408e-05
0.01998170885
-8.081951799e-05
0.01998346971
-7.124274586e-05
0.01998508509
-6.281241232e-05
0.01998764877
-5.289262417e-05
0.01998893239
-4.370859043e-05
0.01999009531
-3.795753444e-05
0.01999114586
-3.288913586e-05
0.01999209255
-2.842152387e-05
0.01999294367
-2.448271643e-05
0.01999370741
-2.100989729e-05
0.01999439132
-1.794745251e-05
0.01999500303
-1.524706362e-05
0.01999554975
-1.286540786e-05
0.01999603769
-1.076468259e-05
0.01999647311
-8.911805673e-06
0.01999686145
-7.277384563e-06
0.01999720765
-5.835428748e-06
0.01999751628
-4.56342868e-06
0.01999779129
-3.441280864e-06
0.01999803639
-2.451257746e-06
0.01999825496
-1.578028698e-06
0.01999844987
-8.077247518e-07
0.01999862386
-1.284939032e-07
0.01999877925
4.70792108e-07
0.01999891786
9.991734798e-07
0.01999904205
1.464620546e-06
0.01999915306
1.874884082e-06
0.01999925266
2.235952436e-06
0.01999934207
2.553747703e-06
0.01999942245
2.833210913e-06
0.01999949494
3.078380638e-06
0.01999956038
3.293365465e-06
0.01999961978
3.481382474e-06
0.0199996737
3.645521305e-06
0.019999723
3.787820311e-06
0.01999976802
3.912581667e-06
0.01999980981
4.010500026e-06
4.14484465e-06
0.02250549603
0.0002998729191
0.02250105473
3.027380282e-05
0.02246110898
-0.000213714857
0.02233235265
-0.00041534897
0.02214985666
-0.0006200089117
0.02193856986
-0.000840002472
0.0217126446
-0.0009771993903
0.0214717498
-0.001102516098
0.0212465978
-0.001178732519
0.02103938306
-0.001197643866
0.02085261782
-0.001181945746
0.02068858375
-0.001142466074
0.02054783882
-0.001085896255
0.02043045314
-0.001017977898
0.02034604029
-0.0009427871556
0.02030722571
-0.0008612027418
0.02028284792
-0.000775216115
0.02030711199
-0.0006323812777
0.02020456261
-0.0004811924611
0.02009890052
-0.0004793479481
0.02005802073
-0.0004971413556
0.02003319019
-0.0004519876985
0.02001870034
-0.0004064005977
0.02000887006
-0.0003610824689
0.02000185654
-0.0003196509741
0.01999696469
-0.0002827163276
0.01999365475
-0.000249886296
0.01999151477
-0.0002207653976
0.01999023267
-0.0001949729769
0.01998957293
-0.0001721532784
0.01998935827
-0.0001519796245
0.01998945615
-0.0001341555521
0.01998976886
-0.0001184137033
0.01999022372
-0.0001045138649
0.01999076683
-9.224238211e-05
0.01999135758
-8.141026556e-05
0.01999196552
-7.185068696e-05
0.01999256871
-6.341560611e-05
0.01999419077
-5.451468476e-05
0.01999469354
-4.421135655e-05
0.01999516865
-3.843264289e-05
0.01999561356
-3.333404903e-05
0.01999602717
-2.883513216e-05
0.01999640912
-2.486466766e-05
0.01999675983
-2.136060483e-05
0.01999708041
-1.826802524e-05
0.01999737215
-1.553880379e-05
0.0199976368
-1.313005582e-05
0.01999787647
-1.100434897e-05
0.01999809311
-9.128445209e-06
0.01999828853
-7.472807722e-06
0.01999846487
-6.01177002e-06
0.01999862376
-4.722324698e-06
0.01999876684
-3.584359847e-06
0.01999889572
-2.580133481e-06
0.01999901178
-1.694098649e-06
0.01999911633
-9.122734397e-07
0.01999921062
-2.227813765e-07
0.01999929561
3.858072773e-07
0.01999937242
9.223575114e-07
0.01999944185
1.395198219e-06
0.01999950475
1.811987827e-06
0.01999956162
2.179084508e-06
0.01999961339
2.501981951e-06
0.01999966062
2.785987632e-06
0.01999970361
3.035398059e-06
0.01999974301
3.253973704e-06
0.01999977912
3.445277736e-06
0.0199998124
3.612242068e-06
0.01999984319
3.757035235e-06
0.01999987175
3.884024333e-06
0.01999989849
3.983755388e-06
4.120492508e-06
0.02223496631
0.0002592038467
0.02222782567
3.741444209e-05
0.02218386551
-0.000169754703
0.02210572855
-0.000337212009
0.02199383084
-0.0005081112035
0.02180907695
-0.0006552485816
0.02164020454
-0.0008083269739
0.0214274627
-0.0008897742651
0.02123146298
-0.0009827327896
0.02105317532
-0.001019356212
0.02088986538
-0.001018635797
0.02074305816
-0.0009956588599
0.02061382278
-0.0009566608792
0.02050209458
-0.0009062497047
0.02040772029
-0.0008484128681
0.02033281637
-0.0007862988182
0.0202793932
-0.0007217929387
0.02028957971
-0.0006425677815
0.02032778696
-0.0005193997098
0.02024168476
-0.0003932457476
0.02017216064
-0.0004276172336
0.02010174296
-0.0003815700175
0.02006677905
-0.0003714366883
0.02005047803
-0.0003447814468
0.02003899236
-0.0003081653026
0.020030002
-0.0002737259711
0.02002297679
-0.0002428610885
0.02001749645
-0.0002152850575
0.02001322856
-0.0001907050884
0.02000990952
-0.0001688342429
0.02000733207
-0.000149402168
0.02000533393
-0.0001321574128
0.0200037887
-0.0001168684607
0.02000259799
-0.000103323158
0.02000168537
-9.132975552e-05
0.02000098998
-8.071487574e-05
0.0200004631
-7.132380677e-05
0.02000006624
-6.301874374e-05
0.02000075053
-5.519897434e-05
0.0200004793
-4.394012707e-05
0.02000027129
-3.822464108e-05
0.02000011341
-3.317616847e-05
0.01999999464
-2.871636121e-05
0.01999990704
-2.47770651e-05
0.01999984358
-2.129714117e-05
0.01999979884
-1.82232881e-05
0.01999976847
-1.550842321e-05
0.01999974924
-1.311082724e-05
0.01999973864
-1.099374299e-05
0.01999973441
-9.124223706e-06
0.01999973529
-7.473686376e-06
0.01999973983
-6.016304593e-06
0.01999974724
-4.72973859e-06
0.01999975676
-3.593884656e-06
0.01999976789
-2.591267863e-06
0.01999978006
-1.7062669e-06
0.01999979308
-9.252966271e-07
0.01999980659
-2.362860512e-07
0.01999982025
3.721484349e-07
0.01999983429
9.083144755e-07
0.01999984816
1.381332305e-06
0.01999986195
1.798207788e-06
0.01999987586
2.165178619e-06
0.01999988932
2.488520574e-06
0.01999990269
2.772625663e-06
0.01999991582
3.022278373e-06
0.01999992856
3.241230085e-06
0.01999994111
3.432736887e-06
0.01999995343
3.599925115e-06
0.01999996551
3.744959064e-06
0.01999997724
3.872302092e-06
0.01999998859
3.972400467e-06
4.109300999e-06
0.02201418849
0.0002245752747
0.0220099953
4.160761547e-05
0.02197515221
-0.0001349116096
0.02192513792
-0.0002871977128
0.02181443037
-0.0003974036548
0.02166881198
-0.0005096301946
0.0215247021
-0.0006642170972
0.02136533667
-0.0007304088343
0.02120619996
-0.0008235960738
0.02105425458
-0.0008674108284
0.02091161376
-0.0008759949885
0.02078068987
-0.0008647349686
0.02066291558
-0.00083888659
0.02055875209
-0.0008020862211
0.02046793624
-0.0007575970117
0.02038987909
-0.0007082416593
0.02032443029
-0.0006563441358
0.02028439694
-0.0006025344256
0.02030400433
-0.0005390071092
0.02037030562
-0.0004595470318
0.02034655993
-0.0004038715523
0.02022828772
-0.0002632978036
0.02013005335
-0.0002732023211
0.0200907294
-0.0003054574866
0.02007379604
-0.0002912319398
0.0200610127
-0.000260942634
0.02005070379
-0.0002325521822
0.02004222566
-0.0002068069266
0.02003524127
-0.0001837207019
0.02002947485
-0.0001630678245
0.02002470163
-0.0001446289409
0.02002073935
-0.0001281951307
0.02001744097
-0.0001135700784
0.02001468818
-0.0001005703675
0.02001238482
-8.90263942e-05
0.0200104533
-7.878335432e-05
0.02000882984
-6.970034315e-05
0.02000746146
-6.165036634e-05
0.02000722507
-5.496258252e-05
0.02000619787
-4.29129253e-05
0.020005322
-3.73487703e-05
0.02000457294
-3.242710714e-05
0.02000393138
-2.807480773e-05
0.02000338109
-2.422677693e-05
0.02000290876
-2.082480702e-05
0.02000250282
-1.781734705e-05
0.02000215371
-1.51593096e-05
0.02000185313
-1.281023742e-05
0.02000159403
-1.073465002e-05
0.02000137071
-8.900897048e-06
0.02000117804
-7.281015921e-06
0.02000101187
-5.850140851e-06
0.02000086859
-4.586454286e-06
0.02000074517
-3.470469093e-06
0.02000063894
-2.48504351e-06
0.0200005476
-1.614926302e-06
0.02000046915
-8.468450175e-07
0.02000040206
-1.692042468e-07
0.02000034472
4.294964958e-07
0.02000029583
9.572014959e-07
0.02000025437
1.42280095e-06
0.02000021943
1.833151523e-06
0.02000018985
2.19476571e-06
0.02000016526
2.513110548e-06
0.02000014481
2.793083288e-06
0.020000128
3.039088454e-06
0.02000011433
3.254908366e-06
0.02000010324
3.443839012e-06
0.02000009451
3.60865367e-06
0.0200000877
3.751778382e-06
0.0200000826
3.877404091e-06
0.02000007877
3.976226302e-06
4.111363082e-06
0.02183248425
0.0001946338606
0.02183039818
4.369369079e-05
0.02179880513
-0.000103318566
0.02174529832
-0.0002336909005
0.02166256107
-0.0003146664053
0.02156684745
-0.0004139165753
0.02144117647
-0.0005385461163
0.02131865833
-0.0006078906982
0.02117991437
-0.0006848521113
0.02104748272
-0.0007349791827
0.02092259945
-0.0007511117256
0.02080599664
-0.0007481321639
0.02069906985
-0.0007319597901
0.02060258261
-0.0007055989804
0.02051668993
-0.0006717043206
0.02044109685
-0.0006326485784
0.02037520941
-0.0005904566884
0.02031946234
-0.000546787363
0.02028274634
-0.0005022911164
0.02027844461
-0.0004552452995
0.02028002716
-0.0004054541064
0.02031963164
-0.000302902283
0.02023686512
-0.0001904357921
0.02014639515
-0.0002149875115
0.02011242464
-0.0002572614262
0.02009065307
-0.0002391710744
0.02007656297
-0.000218462083
0.0200654329
-0.0001956768519
0.02005601361
-0.0001743014169
0.02004802703
-0.0001550812465
0.02004124163
-0.0001378435413
0.02003546451
-0.0001224180062
0.02003053488
-0.0001086404488
0.02002631941
-9.635489285e-05
0.02002270729
-8.541427976e-05
0.02001960646
-7.568251782e-05
0.02001694
-6.703388485e-05
0.02001464356
-5.935392233e-05
0.02001221989
-5.253890488e-05
0.02001176233
-4.24553627e-05
0.02001024223
-3.582867133e-05
0.02000892251
-3.110739219e-05
0.02000777523
-2.692752374e-05
0.02000677675
-2.322830089e-05
0.02000590739
-1.995544585e-05
0.02000515021
-1.706016263e-05
0.02000449044
-1.449954024e-05
0.02000391535
-1.223513768e-05
0.02000341376
-1.023306621e-05
0.02000297616
-8.463297125e-06
0.02000259415
-6.899005234e-06
0.02000226088
-5.516867354e-06
0.02000196995
-4.295533796e-06
0.02000171611
-3.216626751e-06
0.02000149476
-2.263699022e-06
0.02000130193
-1.422096075e-06
0.02000113396
-6.788780291e-07
0.02000098759
-2.283010651e-08
0.02000086046
5.56623207e-07
0.0200007499
1.067767679e-06
0.020000654
1.518706576e-06
0.02000057081
1.916347593e-06
0.02000049889
2.266681954e-06
0.02000043673
2.575280282e-06
0.02000038295
2.846870111e-06
0.02000033674
3.085308363e-06
0.0200002969
3.294749119e-06
0.02000026277
3.477977048e-06
0.02000023336
3.638065776e-06
0.02000020807
3.777069989e-06
0.02000018634
3.899140384e-06
0.0200001674
3.995169058e-06
4.126350322e-06
0.02168247538
0.0001682887757
0.02168250845
4.366062528e-05
0.02165724345
-7.805357061e-05
0.02161156572
-0.0001880131771
0.02156234157
-0.0002654422537
0.02149909139
-0.0003506663942
0.02138371916
-0.0004231738868
0.02128693413
-0.0005111056757
0.02115659755
-0.0005545155364
0.02103664405
-0.0006150256904
0.02092627612
-0.0006407437943
0.02082228861
-0.0006441446575
0.02072531366
-0.0006349848332
0.02063622444
-0.0006165097485
0.0205554406
-0.0005909204751
0.02048299216
-0.0005602001428
0.02041862268
-0.0005260872075
0.02036188288
-0.0004900475709
0.02031286649
-0.0004532747335
0.0202741764
-0.0004165552126
0.0202486456
-0.000379923306
0.02027626134
-0.0003305180167
0.02032530278
-0.0002394772206
0.02025434947
-0.0001440342045
0.02019572138
-0.0001986333331
0.02013315557
-0.0001766052636
0.02010194597
-0.0001872524887
0.02008691106
-0.0001806419393
0.02007533704
-0.0001627273988
0.0200653643
-0.0001451085103
0.02005676136
-0.0001292405976
0.02004933063
-0.0001149872773
0.02004290411
-0.0001022139285
0.02003733834
-9.07891211e-05
0.02003251178
-8.058772308e-05
0.020028321
-7.149172782e-05
0.02002467828
-6.339116671e-05
0.02002150906
-5.618470132e-05
0.02001874946
-4.977929562e-05
0.02001709079
-4.079669841e-05
0.020014959
-3.369687612e-05
0.02001309628
-2.924467557e-05
0.0200114671
-2.529834169e-05
0.02001004124
-2.180244701e-05
0.02000879289
-1.870708879e-05
0.02000769968
-1.596694775e-05
0.02000674226
-1.354212024e-05
0.02000590371
-1.139658796e-05
0.02000516901
-9.498366172e-06
0.02000452522
-7.819503264e-06
0.02000396116
-6.334947536e-06
0.02000346684
-5.022551249e-06
0.02000303374
-3.862433933e-06
0.02000265432
-2.83721117e-06
0.02000232199
-1.9313716e-06
0.02000203108
-1.131184659e-06
0.02000177657
-4.243732436e-07
0.02000155376
1.999814151e-07
0.02000135909
7.512968983e-07
0.02000118898
1.237884803e-06
0.0200010405
1.667184734e-06
0.0200009109
2.045956126e-06
0.0200007978
2.379782094e-06
0.02000069933
2.67375511e-06
0.02000061355
2.932659644e-06
0.02000053872
3.16014097e-06
0.02000047371
3.359767883e-06
0.02000041703
3.534664567e-06
0.02000036764
3.687460005e-06
0.02000032441
3.820305527e-06
0.0200002868
3.936746893e-06
0.02000025326
4.028714343e-06
4.153916641e-06
0.02155844359
0.0001447002691
0.02156017899
4.192521629e-05
0.02154114934
-5.902393108e-05
0.02150699407
-0.0001538579081
0.02147209937
-0.0002305475485
0.02139922904
-0.0002777960668
0.02130693724
-0.0003308820855
0.02121853137
-0.0004226998123
0.02112078088
-0.0004567650621
0.02102153041
-0.0005157752262
0.02092507748
-0.0005442908636
0.02083219225
-0.0005512594149
0.02074416004
-0.0005469526222
0.02066195607
-0.0005343057781
0.02058616209
-0.000515126486
0.02051703246
-0.0004910705186
0.02045456329
-0.0004636180405
0.02039855703
-0.0004340413169
0.02034868167
-0.0004033993773
0.02030467421
-0.0003725477487
0.02026690323
-0.0003421523249
0.02024796387
-0.0003115786608
0.02028089636
-0.0002724097075
0.02035461121
-0.0002177490499
0.0203408864
-0.0001849085235
0.02023381754
-6.953640681e-05
0.02014362942
-9.706436915e-05
0.02010829012
-0.0001453026336
0.02009303464
-0.0001474719194
0.02008131054
-0.0001333844126
0.02007109118
-0.0001190212408
0.02006217812
-0.0001060742107
0.02005439955
-9.443536028e-05
0.02004760648
-8.399606024e-05
0.02004167008
-7.465131304e-05
0.02003647886
-6.630050946e-05
0.02003193702
-5.884931927e-05
0.02002796118
-5.220885964e-05
0.02002447952
-4.629763823e-05
0.02002210639
-3.842356032e-05
0.0200194041
-3.099458574e-05
0.02001703357
-2.68741486e-05
0.02001495301
-2.321777625e-05
0.02001312627
-1.99757135e-05
0.02001152183
-1.710264562e-05
0.02001011262
-1.45577285e-05
0.02000887476
-1.230426228e-05
0.02000778744
-1.03092642e-05
0.02000683272
-8.543649902e-06
0.02000599417
-6.980952297e-06
0.02000525779
-5.598569364e-06
0.02000461113
-4.375891775e-06
0.02000404327
-3.294582854e-06
0.02000354486
-2.338805032e-06
0.02000310741
-1.493914852e-06
0.02000272349
-7.472683815e-07
0.02000238696
-8.784155963e-08
0.02000209162
4.953204674e-07
0.0200018329
1.010012019e-06
0.02000160619
1.464603707e-06
0.02000140764
1.865732145e-06
0.02000123401
2.219593166e-06
0.02000108194
2.531862633e-06
0.02000094892
2.806776146e-06
0.02000083258
3.049007103e-06
0.0200007308
3.261928502e-06
0.0200006417
3.44887039e-06
0.02000056373
3.612649245e-06
0.02000049528
3.75590759e-06
0.02000043523
3.880363028e-06
0.02000038228
3.98969453e-06
0.02000033499
4.076005955e-06
4.193505889e-06
0.02145609249
0.0001232149654
0.02145908458
3.893311575e-05
0.02144403425
-4.397360135e-05
0.02141294376
-0.0001227674221
0.02137171057
-0.0001893143533
0.0213157373
-0.0002218228017
0.02125460006
-0.0002697448532
0.02117391354
-0.0003420132985
0.02109738843
-0.00038023995
0.02100798313
-0.0004263699341
0.02092130682
-0.0004576145419
0.02083784323
-0.0004677958224
0.02075767304
-0.000466782429
0.020681674
-0.0004583067419
0.02061052785
-0.0004439803475
0.02054464748
-0.0004251901468
0.02048421576
-0.0004031863307
0.02042923073
-0.0003790562831
0.0203795485
-0.000353717143
0.02033492196
-0.000327921209
0.02029503772
-0.0003022680786
0.02026067883
-0.0002772197749
0.02024075404
-0.0002524849205
0.02024866489
-0.0002256599024
0.02025971819
-0.0001959618192
0.02030462213
-0.0001144403508
0.02022968442
-2.212665083e-05
0.02014533323
-6.095144375e-05
0.02011077291
-0.0001129115967
0.02009574268
-0.0001183541814
0.02008410491
-0.0001073834755
0.02007388151
-9.585081174e-05
0.02006490017
-8.545402182e-05
0.02005700918
-7.610507313e-05
0.02005007524
-6.77173673e-05
0.02004398125
-6.02065208e-05
0.02003862459
-5.349264846e-05
0.02003391546
-4.749973337e-05
0.02002977535
-4.215752126e-05
0.02002673958
-3.538779613e-05
0.02002351471
-2.77697146e-05
0.020020678
-2.403743223e-05
0.02001818238
-2.072215297e-05
0.02001598624
-1.777957911e-05
0.02001405349
-1.516988582e-05
0.0200123524
-1.285663803e-05
0.02001085528
-1.080714258e-05
0.02000953814
-8.992130317e-06
0.0200083793
-7.384807434e-06
0.02000736014
-5.961789056e-06
0.02000646382
-4.702254777e-06
0.02000567568
-3.58775853e-06
0.02000498282
-2.601726237e-06
0.02000437372
-1.729700094e-06
0.02000383844
-9.586419399e-07
0.0200033683
-2.771245169e-07
0.02000295495
3.255091675e-07
0.02000259239
8.578761723e-07
0.02000227399
1.328412566e-06
0.02000199475
1.743848464e-06
0.02000174983
2.110656725e-06
0.02000153485
2.434578208e-06
0.02000134652
2.720200864e-06
0.02000118137
2.971934263e-06
0.0200010366
3.19377851e-06
0.02000090966
3.388877526e-06
0.02000079826
3.560273309e-06
0.02000070039
3.710531405e-06
0.02000061433
3.841968503e-06
0.02000053836
3.956340804e-06
0.02000047125
4.056802736e-06
0.020000411
4.136257835e-06
4.244062269e-06
0.02137211162
0.0001033194035
0.02137610217
3.494257334e-05
0.0213644798
-3.235122897e-05
0.02133822962
-9.651724736e-05
0.02130110341
-0.0001521881465
0.02126554277
-0.0001862621641
0.02122303598
-0.000227238071
0.02114650897
-0.0002654862884
0.02108440113
-0.0003181321113
0.02099788708
-0.0003398558721
0.02091687551
-0.0003766029675
0.02084089801
-0.0003918183228
0.0207674587
-0.0003933431336
0.02069688472
-0.0003877327654
0.02062989447
-0.0003769901045
0.02056701643
-0.000362312112
0.02050857392
-0.0003447438213
0.02045471361
-0.0003251959715
0.02040543885
-0.0003044423786
0.02036064244
-0.000283124789
0.02032013739
-0.0002617630319
0.02028368289
-0.0002407652837
0.02025164153
-0.0002204435609
0.02022685409
-0.0002008724668
0.02021243608
-0.0001815438088
0.02024743653
-0.0001494407979
0.02030063247
-7.532257971e-05
0.02022743388
1.224714493e-05
0.02014423299
-2.971070451e-05
0.02011033122
-8.445241356e-05
0.0200956967
-9.274895798e-05
0.02008433524
-8.448934841e-05
0.0200743038
-7.542258504e-05
0.02006544913
-6.725040424e-05
0.02005763518
-5.990341795e-05
0.0200507415
-5.331283003e-05
0.02004466066
-4.741180532e-05
0.02003929784
-4.213691181e-05
0.02003456878
-3.742846437e-05
0.02003092837
-3.174738157e-05
0.02002723443
-2.407578102e-05
0.02002397832
-2.078131601e-05
0.02002110865
-1.7852478e-05
0.0200185794
-1.525032981e-05
0.02001635029
-1.294077372e-05
0.02001438568
-1.089203034e-05
0.02001265442
-9.075876284e-06
0.02001112896
-7.466674321e-06
0.02000978536
-6.041211334e-06
0.02000860237
-4.778795787e-06
0.02000756093
-3.660820069e-06
0.02000664425
-2.671082789e-06
0.02000583768
-1.795156639e-06
0.02000512801
-1.020029984e-06
0.02000450397
-3.346039895e-07
0.02000395493
2.719177915e-07
0.02000347242
8.080119248e-07
0.02000304825
1.282053982e-06
0.02000267575
1.700910925e-06
0.02000234845
2.071153024e-06
0.02000206107
2.398041868e-06
0.02000180887
2.686780307e-06
0.02000158738
2.941695585e-06
0.02000139292
3.166407295e-06
0.02000122232
3.364383392e-06
0.02000107241
3.538788628e-06
0.02000094066
3.692031757e-06
0.02000082481
3.826388495e-06
0.02000072267
3.944114021e-06
0.02000063244
4.046577422e-06
0.02000055249
4.136756808e-06
0.02000048057
4.208170222e-06
4.30484396e-06
0.02130393193
8.461104201e-05
0.02130870533
3.016918034e-05
0.02129979381
-2.343970568e-05
0.02127820041
-7.492385516e-05
0.02124795117
-0.000121938903
0.02121933096
-0.0001576419545
0.02116741518
-0.000175322295
0.02110464169
-0.0002027127956
0.02104567046
-0.0002591608763
0.02097939273
-0.0002735781332
0.02091105084
-0.0003082610787
0.02084255618
-0.0003233236729
0.02077481884
-0.000325605809
0.02070882413
-0.000321738057
0.02064538864
-0.0003135546281
0.02058513298
-0.0003020564472
0.02052848758
-0.000288098414
0.02047571209
-0.0002724204749
0.02042692334
-0.0002556536264
0.02038212344
-0.0002383248891
0.02034122565
-0.0002208652506
0.02030407857
-0.0002036182009
0.02027048578
-0.0001868507748
0.02024037598
-0.0001707626713
0.02021432691
-0.0001554947399
0.02020473956
-0.0001398534421
0.02024119506
-0.0001117780764
0.02029493743
-4.149521828e-05
0.02022279106
4.243566226e-05
0.0201407076
-2.368955766e-06
0.02010754703
-5.958838543e-05
0.02009345398
-7.039629769e-05
0.02008252362
-6.449222531e-05
0.02007284106
-5.756784835e-05
0.02006426873
-5.133108018e-05
0.02005668303
-4.572713474e-05
0.02004997355
-4.070231971e-05
0.02004404146
-3.620482149e-05
0.02003879875
-3.218574774e-05
0.02003461775
-2.75663814e-05
0.02003051365
-1.99716864e-05
0.02002689031
-1.715796882e-05
0.02002369207
-1.465423777e-05
0.0200208699
-1.242816012e-05
0.02001837981
-1.045067554e-05
0.02001618297
-8.695194486e-06
0.02001424527
-7.138175839e-06
0.0200125364
-5.757804121e-06
0.02001102975
-4.534570357e-06
0.02000970184
-3.450883679e-06
0.0200085321
-2.491081999e-06
0.02000750179
-1.640776305e-06
0.02000659456
-8.87925186e-07
0.02000579604
-2.21516359e-07
0.02000509296
3.684787193e-07
0.02000447448
8.904015606e-07
0.02000393046
1.352025785e-06
0.020003452
1.760516757e-06
0.02000303136
2.121549816e-06
0.02000266173
2.440795924e-06
0.02000233686
2.72290758e-06
0.02000205137
2.972281926e-06
0.02000180075
3.192325095e-06
0.02000158045
3.386708627e-06
0.02000138682
3.558017831e-06
0.02000121672
3.708893502e-06
0.02000106699
3.841771727e-06
0.02000093508
3.958303638e-06
0.02000081865
4.060551392e-06
0.02000071565
4.149574704e-06
0.02000062428
4.228128679e-06
0.02000054201
4.290448443e-06
4.374339837e-06
0.02124962776
6.677842116e-05
0.0212550068
2.479014002e-05
0.02124812873
-1.656164032e-05
0.02122955994
-5.635506642e-05
0.02120083906
-9.321801731e-05
0.02116609622
-0.0001228991127
0.02112318999
-0.0001324160562
0.02107585276
-0.0001553755627
0.02102307501
-0.0002063831187
0.02096770938
-0.0002182125052
0.02090697799
-0.0002475296936
0.02084402793
-0.0002603736291
0.02078082198
-0.0002623998705
0.02071849001
-0.0002594060841
0.02065791894
-0.0002529835625
0.02059980542
-0.0002439429204
0.0205446596
-0.000232952587
0.02049282392
-0.000220584793
0.02044449785
-0.0002073275558
0.02039976353
-0.0001935905707
0.02035861026
-0.0001797119883
0.02032095606
-0.0001659640037
0.02028666579
-0.0001525605038
0.02025556697
-0.0001396638533
0.02022746423
-0.0001273919982
0.02020343459
-0.0001158238011
0.02019538207
-0.0001037255546
0.02023292084
-7.903399005e-05
0.02028739743
-1.204092541e-05
0.02021626761
6.876087114e-05
0.02013525255
2.142666878e-05
0.02010292284
-3.8066587e-05
0.02008949003
-5.105941319e-05
0.02007911725
-4.719506141e-05
0.02006990982
-4.212365157e-05
0.02006174273
-3.756004742e-05
0.02005450357
-3.346315831e-05
0.02004809097
-2.979222073e-05
0.02004241368
-2.650845946e-05
0.02003776062
-2.291331259e-05
0.02003330956
-1.552062331e-05
0.02002937444
-1.322285058e-05
0.02002589715
-1.117694518e-05
0.02002282574
-9.356751123e-06
0.02002011332
-7.738254915e-06
0.02001771875
-6.300617265e-06
0.02001560484
-5.024277283e-06
0.02001373936
-3.892321617e-06
0.02001209359
-2.888803773e-06
0.02001064219
-1.999488029e-06
0.02000936266
-1.211549485e-06
0.02000823521
-5.133354117e-07
0.02000724198
1.053087559e-07
0.02000636717
6.532941459e-07
0.02000559697
1.13867228e-06
0.02000491889
1.568485614e-06
0.0200043221
1.948820651e-06
0.02000379716
2.285456931e-06
0.02000333546
2.58325135e-06
0.02000292946
2.846798663e-06
0.02000257249
3.079885093e-06
0.02000225873
3.28604313e-06
0.02000198286
3.468202642e-06
0.02000174054
3.6290386e-06
0.02000152745
3.771110598e-06
0.02000133986
3.896497139e-06
0.02000117481
4.006827947e-06
0.02000102931
4.103799679e-06
0.02000090081
4.189054983e-06
0.02000078697
4.263424711e-06
0.020000686
4.329101304e-06
0.02000059492
4.381524979e-06
4.451487796e-06
0.02120773452
4.957929128e-05
0.02121356847
1.895618734e-05
0.0212082113
-1.120446402e-05
0.02119211061
-4.025437862e-05
0.02116615007
-6.72574686e-05
0.02113285707
-8.960610834e-05
0.02109896482
-9.852379437e-05
0.02105741055
-0.0001138212997
0.02100996259
-0.0001589351538
0.02096079335
-0.0001690432775
0.0209050421
-0.0001917784479
0.02084616065
-0.0002014921874
0.02078627653
-0.0002025157473
0.02072662284
-0.0001997523927
0.02066815981
-0.0001945205365
0.02061163997
-0.0001874230697
0.02055762451
-0.0001789371271
0.02050650887
-0.0001694691598
0.02045854664
-0.0001593653229
0.020413875
-0.0001489189351
0.02037253627
-0.0001383732561
0.0203344988
-0.0001279265405
0.02029967406
-0.0001177357643
0.02026793189
-0.0001079216818
0.02023911278
-9.857288263e-05
0.02021303887
-8.974988786e-05
0.02019080259
-8.148928254e-05
0.02018429672
-7.252811678e-05
0.02022304754
-5.079174431e-05
0.02027841374
1.339467049e-05
0.02020830758
9.153283576e-05
0.02012834462
4.189637231e-05
0.02009690441
-1.961919666e-05
0.02008444257
-3.473322818e-05
0.02007450491
-3.21859823e-05
0.02006586924
-2.892438748e-05
0.02005820234
-2.579625383e-05
0.02005140066
-2.299053731e-05
0.0200453708
-2.047860252e-05
0.02004031796
-1.786047094e-05
0.02003558566
-1.078832093e-05
0.020031398
-9.035185337e-06
0.02002769407
-7.473009714e-06
0.02002441975
-6.082432264e-06
0.02002152641
-4.844914449e-06
0.0200189706
-3.744812923e-06
0.02001671348
-2.767155739e-06
0.02001472051
-1.899353725e-06
0.02001296125
-1.129550649e-06
0.02001140914
-4.4738513e-07
0.02001004015
1.574375365e-07
0.02000883325
6.935671242e-07
0.02000776977
1.16878487e-06
0.02000683275
1.590321776e-06
0.02000600751
1.963904963e-06
0.02000528095
2.295049977e-06
0.02000464131
2.588463714e-06
0.02000407842
2.84835437e-06
0.02000358298
3.078688008e-06
0.02000314737
3.28241657e-06
0.02000276425
3.463007298e-06
0.02000242742
3.622880052e-06
0.02000213128
3.764346286e-06
0.02000187078
3.889545507e-06
0.02000164162
4.000276505e-06
0.0200014401
4.098024407e-06
0.02000126265
4.184284854e-06
0.02000110598
4.260476055e-06
0.02000096764
4.327398622e-06
0.02000084513
4.385939507e-06
0.02000073624
4.43799482e-06
0.02000063818
4.479584573e-06
4.534797336e-06
0.02117716968
3.281806481e-05
0.02118332551
1.280035946e-05
0.0211790385
-6.917444866e-06
0.02116471079
-2.592666458e-05
0.02114118935
-4.373602703e-05
0.02111101562
-5.94323708e-05
0.02108153872
-6.904689397e-05
0.02104645231
-7.873489554e-05
0.02100388978
-0.0001163726323
0.02095863011
-0.0001237836083
0.0209059978
-0.000139146133
0.02084960407
-0.0001450984613
0.02079173112
-0.0001446427861
0.02073371939
-0.000141740659
0.02067657206
-0.0001373732116
0.02062106051
-0.0001319115199
0.0205677646
-0.0001256412179
0.02051710235
-0.0001188069151
0.02046935597
-0.0001116189468
0.02042469455
-0.0001042575108
0.02038319423
-9.687293284e-05
0.02034485643
-8.958874129e-05
0.02030962429
-8.250362366e-05
0.02027739577
-7.569316552e-05
0.02024803646
-6.921357383e-05
0.02022138892
-6.310235285e-05
0.02019728218
-5.738253562e-05
0.02017681754
-5.206348303e-05
0.02017188901
-4.586320802e-05
0.02021197562
-2.669193714e-05
0.02026839362
3.511484233e-05
0.02019929435
0.0001109956473
0.02012096632
5.870883143e-05
0.02009481394
-8.580850153e-06
0.02007871453
-1.608657531e-05
0.02006902279
-1.923264135e-05
0.02006103159
-1.780505651e-05
0.02005393449
-1.589343647e-05
0.02004763662
-1.418073273e-05
0.02004225912
-1.248296555e-05
0.02003731394
-5.843137396e-06
0.02003293454
-4.655781351e-06
0.02002905867
-3.597137724e-06
0.02002563009
-2.653851566e-06
0.02002259905
-1.813875578e-06
0.02001992032
-1.066090932e-06
0.02001755419
-4.010299355e-07
0.02001546435
1.904803716e-07
0.02001361932
7.154794211e-07
0.02001199072
1.181211148e-06
0.02001055384
1.594317583e-06
0.02000928678
1.960621202e-06
0.0200081698
2.285768762e-06
0.02000718559
2.574533097e-06
0.02000631859
2.830903492e-06
0.02000555502
3.05862149e-06
0.02000488269
3.26080145e-06
0.02000429091
3.440133975e-06
0.02000377027
3.599332892e-06
0.02000331204
3.740652883e-06
0.02000290905
3.86599949e-06
0.02000255469
3.977244887e-06
0.02000224309
4.075949852e-06
0.02000196906
4.163588951e-06
0.02000172796
4.241373758e-06
0.02000151582
4.310171732e-06
0.02000132879
4.371323292e-06
0.02000116392
4.425349778e-06
0.02000101823
4.473092751e-06
0.02000088899
4.515184369e-06
0.02000077439
4.552596518e-06
0.02000067088
4.583091632e-06
4.622465883e-06
0.02115717987
1.633517997e-05
0.02116353814
6.442098938e-06
0.0211599243
-3.303587758e-06
0.02114670134
-1.270370146e-05
0.02112448973
-2.152441347e-05
0.02109447705
-2.941968494e-05
0.02106018579
-3.475564349e-05
0.02103853826
-5.708737393e-05
0.02100579772
-8.363209339e-05
0.02096244668
-8.043257009e-05
0.0209104503
-8.714974062e-05
0.02085468644
-8.933460145e-05
0.02079744713
-8.740346043e-05
0.02074003762
-8.433114783e-05
0.02068341933
-8.075492592e-05
0.02062833021
-7.682240787e-05
0.02057533127
-7.26422813e-05
0.02052483577
-6.831141389e-05
0.02047713124
-6.391442439e-05
0.0204323985
-5.952476097e-05
0.02039072961
-5.520404204e-05
0.02035214361
-5.100274397e-05
0.02031660075
-4.696075651e-05
0.02028401603
-4.310845592e-05
0.02025426912
-3.946666097e-05
0.02022721559
-3.604883043e-05
0.02020269457
-3.286151841e-05
0.02018053644
-2.990534727e-05
0.02016184995
-2.717671589e-05
0.02015854168
-2.338366248e-05
0.02020007374
-6.417208784e-06
0.02025802372
5.304566452e-05
0.02019740923
0.000119323327
0.02014776382
4.106455652e-05
0.02009256943
3.910781126e-05
0.02007197068
1.366106073e-06
0.02006296065
-8.795018642e-06
0.02005566331
-8.596101677e-06
0.02004918385
-7.701267051e-06
0.02004355896
-6.858070956e-06
0.02003847095
-7.551237164e-07
0.02003396351
-1.483424112e-07
0.020029972
3.943767875e-07
0.02002643989
8.782524452e-07
0.02002331591
1.310107624e-06
0.02002055453
1.695287345e-06
0.02001811462
2.038877283e-06
0.02001595976
2.345335856e-06
0.02001405717
2.618061159e-06
0.02001237777
2.86061066e-06
0.02001089592
3.076167952e-06
0.02000958868
3.267854744e-06
0.02000843618
3.438268037e-06
0.02000742032
3.590394199e-06
0.02000652519
3.726034539e-06
0.02000573686
3.846957787e-06
0.02000504268
3.954985792e-06
0.02000443154
4.051272371e-06
0.02000389383
4.137050204e-06
0.02000342074
4.213743429e-06
0.02000300458
4.282163193e-06
0.02000263863
4.343205259e-06
0.02000231673
4.397856471e-06
0.02000203372
4.446606805e-06
0.02000178473
4.490362956e-06
0.02000156545
4.529459251e-06
0.02000137241
4.564366645e-06
0.02000120217
4.59559724e-06
0.02000105165
4.623621366e-06
0.02000091832
4.648510861e-06
0.02000079983
4.671086477e-06
0.02000069299
4.689937776e-06
4.713084197e-06
0.02114726095
0.02115370305
0.02115039946
0.02113769576
0.02111617135
0.02108675166
0.02105199601
0.02099490864
0.02091127655
0.02083084398
0.02074369424
0.02065435965
0.02056695619
0.02048262504
0.02040187011
0.0203250477
0.02025240541
0.020184094
0.02012017958
0.02006065482
0.02000545078
0.01995444803
0.01990748728
0.01986437882
0.01982491215
0.01978886332
0.01975600181
0.01972609646
0.01969891975
0.01967553609
0.01966911888
0.01972216455
0.01984148787
0.01988255243
0.01992166024
0.01992302634
0.01991423133
0.01990563522
0.01989793396
0.01989107589
0.01989032077
0.01989017243
0.0198905668
0.01989144506
0.01989275516
0.01989445045
0.01989648932
0.01989883466
0.01990145272
0.01990431333
0.01990738949
0.01991065735
0.01991409562
0.01991768601
0.01992141205
0.01992525901
0.01992921399
0.01993326527
0.01993740232
0.01994161607
0.01994589823
0.01995024144
0.0199546393
0.01995908591
0.01996357627
0.01996810574
0.01997267011
0.01997726571
0.01998188933
0.01998653784
0.01999120893
0.01999589887
-9.090160059e-08
6.878754298e-05
8.923981137e-05
0.0002567772116
-0.0001188492028
2.109635501e-08
-0.0002246729438
8.672383924e-05
-0.0001578704037
-8.732474598e-08
6.879477845e-05
8.923646331e-05
0.0002567251652
-0.0001187953141
8.906861436e-09
-0.0002246089605
8.667020316e-05
1.263551879e-07
7.379499923e-05
0.0002663730833
0.0001923389406
7.461448643e-05
-1.058307052e-07
-0.0002335764128
-3.327118321e-05
-8.352119521e-05
1.322117905e-07
7.378633424e-05
0.0002663278168
0.0001922529923
7.463084421e-05
-6.091529014e-08
-0.0002334993503
-3.332357047e-05
0.0004143315888
6.886230338e-05
-8.036322032e-07
1.949171732e-09
-0.0002332664159
-0.0001572674339
-0.0002729788989
0.0002181949543
-0.0001815177855
0.0002368061606
-5.044321164e-07
-1.307252687e-07
9.164777526e-05
-0.0002493036029
-0.000482302094
-7.994923622e-07
0.0004143540418
6.883107583e-05
0.00027168918
-3.080711464e-08
-0.0002332619925
-0.0001571916915
-0.0002730156047
0.0002181381586
-5.059222868e-07
-0.0001815447222
0.0002369280888
-0.0001614167083
1.280326032e-07
0.0001448835779
-2.388967813e-09
-4.190401489e-05
4.528103425e-07
0.0001610764153
-9.816485011e-05
-6.099192657e-05
-9.753984434e-05
-8.513619741e-10
-6.13592611e-05
0.0001454400144
-4.157030692e-05
-1.02996786e-07
-9.744906249e-05
0.0001332886074
0.0006853462359
1.747904642e-05
-3.787126682e-05
-0.0006648909909
-6.304028978e-08
0.0001564693913
-6.939609653e-08
-9.74573758e-05
0.0001333103618
0.0006853604129
1.737295076e-05
-4.347680453e-08
-3.783291899e-05
-0.0006648569836
-6.194948067e-05
-7.150744233e-05
7.983972691e-08
0.0001280064009
1.379206671e-09
5.369303226e-06
6.92592737e-05
8.900345498e-05
9.39197328e-10
-0.00015828499
-8.527172734e-08
6.213921618e-05
6.779742429e-06
-1.124223612e-07
7.123610866e-05
0.0001687377466
-0.0001506216173
7.563939311e-10
7.269798919e-06
0.0001683751686
1.788946958e-09
-0.0001509933664
0.000128555455
4.899708738e-06
-4.728881108e-07
-9.662308283e-05
-9.783923938e-05
4.630642509e-10
-8.441680262e-05
0.000210957011
-3.988097101e-07
1.60699455e-09
1.863392552e-06
-0.0002244302054
8.724987205e-05
1.729830024e-09
0.000256295494
-0.0001190957945
7.928045556e-08
8.392476745e-05
-0.0001399392432
-2.118140888e-07
-0.0002105724674
0.000200885039
1.415155331e-09
-0.0001403939742
1.129178736e-09
0.0002001547123
1.508953161e-06
-6.195201961e-05
-7.15044145e-05
8.018639443e-08
0.00012800869
5.368935966e-06
6.925861215e-05
8.900548536e-05
-0.0001582792557
-8.424158232e-08
6.214633922e-05
6.780202231e-06
-1.08820966e-07
7.123376185e-05
0.0001687274934
-0.0001506159718
7.26959937e-06
0.0001683798868
-0.0001509858389
0.0001285607491
4.899529569e-06
-4.746070247e-07
-9.662951778e-05
9.817448539e-05
-9.783713045e-05
9.753766501e-05
-8.441331816e-05
0.0002109595074
-3.98752521e-07
1.862870014e-06
-0.0002244287155
8.723618352e-05
0.000256282439
-0.0001190792702
8.401245655e-08
8.392046241e-05
-0.0001398859489
-2.094122945e-07
-0.0002105741791
0.0002008242758
-0.0001403767234
0.0002001502759
1.508286277e-06
-3.872147366e-07
-1.052309906e-09
-2.863861675e-05
-2.846452853e-05
-0.000161414379
1.247197924e-07
0.0001448804663
-4.191143285e-05
4.558789328e-07
0.0001610710963
-6.098006002e-05
-6.135796312e-05
0.0001454300326
-4.158879684e-05
-3.925433466e-07
-2.864604452e-05
-2.848899175e-05
9.14717517e-05
-0.0002498144114
1.758382276e-09
-1.234722758e-07
-0.0002318345975
0.0001729797141
-0.0002322793495
0.0001726317927
2.474451157e-09
-8.675354141e-05
2.168943714e-07
-0.0003101116191
0.0001643650006
3.917420567e-09
-2.372334342e-07
8.688878738e-05
-0.0003358779409
-0.0003367287316
2.562633818e-09
-0.0003093311981
0.0001646023006
0.0005926800336
9.169857292e-06
-3.32643011e-06
-0.0001507788635
-1.012351107e-06
-0.000305384817
6.632368212e-05
-0.0003777841443
-3.668675392e-05
0.0003504995753
-2.352359716e-06
-1.78609102e-06
5.55893269e-05
-0.0005360350607
-0.0005984212497
-3.328563829e-06
0.0005926659862
9.116766258e-06
0.0001840212919
-9.826682045e-07
-0.0001507520271
-0.0003053022055
6.635053679e-05
-0.0003778420769
-2.367339494e-06
-3.667090304e-05
0.0003505297817
0.0001334611171
-1.400041092e-07
0.0002344954702
-1.83684446e-08
-0.0002511803384
0.0001189182432
0.0002316719428
0.0001808044329
-0.0002147277652
-0.0001972936979
-4.549147605e-07
6.751954976e-08
0.0002858874971
-9.778702969e-05
-0.0001496791492
-1.923211713e-07
0.0001337254153
0.0002342842096
0.0002070173972
-3.53270492e-08
-0.0002512588373
0.0001189076009
0.0002316697056
0.0001807682686
-4.39482688e-07
-0.0002146782477
-0.0001973202457
0.00015824045
4.269322585e-05
-2.594541009e-07
-0.0001747478042
0.0002560163945
-1.174638066e-06
-1.175796234e-08
0.0009591448436
0.0001784728999
-8.954310699e-05
-5.658255686e-05
-5.263084106e-05
-9.198642414e-05
-0.0001617614112
-0.0002621290325
-0.0002584190743
-0.0001645535461
-3.784078273e-07
-0.000162243057
0.0001969636061
-0.0001342939967
-2.499205614e-07
0.0001582220941
4.26723595e-05
0.0001515306756
-1.155929926e-06
-0.0001747714402
0.0002560663971
0.000958891479
0.0001786368468
-8.953811946e-05
-5.650394828e-05
-5.264311952e-05
-9.199520191e-05
-0.0001617538103
-0.0002621885086
-0.0002583837431
-0.0001645336521
-0.0003081911783
0.0001320066077
-1.615541916e-07
-3.999788312e-05
-7.37233396e-08
0.0007139448757
-1.352414349e-05
0.0008198604326
-1.385136486e-05
-0.0007913968051
-1.088127043e-06
-1.396971777e-07
0.0001498642076
0.0002137622786
0.0003572475887
-1.857391876e-07
-0.0003082918099
0.0001319982244
1.151925029e-05
-9.09956946e-08
-4.002543545e-05
0.000713957596
-1.355020991e-05
0.0008200505134
-1.112725898e-06
-1.395971176e-05
-0.0007914278735
-0.0009603159838
8.715941699e-09
-1.00860837e-06
0.001594700728
2.069384297e-05
-8.218216204e-06
-0.00160734348
1.671178329e-07
0.0009786603653
1.917114895e-08
-0.0009603977917
-9.087807776e-07
0.001594613295
2.097105694e-05
1.353147452e-07
-8.234758695e-06
-0.001607484916
-0.001043143529
-6.539449094e-05
1.42253371e-07
1.783219252e-05
0.00158585655
6.651593837e-08
1.338865866e-08
0.006121568768
-0.0002018063859
4.327312484e-05
6.533878951e-05
6.838540914e-05
4.039309133e-05
-0.001492502365
-0.001575171209
-0.001577392047
-0.001492100567
2.723124637e-08
0.0009887741575
1.378214092e-06
0.001094886922
1.39922225e-07
-0.001043207276
-6.536976793e-05
-9.08810976e-06
6.140583931e-08
1.776668794e-05
0.001585873313
0.006122064532
-0.0002021915472
4.328007572e-05
6.529930596e-05
6.83577465e-05
4.041598033e-05
-0.001492515742
-0.00157516218
-0.001577411684
-0.001492123105
-0.0002133469747
-4.221157925e-05
-3.82444412e-08
0.0002136959584
-3.172102857e-09
7.412902693e-05
0.0002662162993
-6.896382524e-11
-8.392340683e-05
4.227691367e-07
0.0002132653489
-5.210094858e-08
4.223934035e-05
0.0002592205931
-3.503474779e-05
2.726923884e-10
0.0002590565632
-4.606354256e-09
-3.509934167e-05
0.0002138961417
-1.0173231e-05
0.0001953139017
-8.208653835e-08
-1.237386095e-09
-0.0002334505739
-3.351195002e-05
-5.176571249e-09
0.0001924676538
7.439419517e-05
1.498536333e-08
1.003916899e-05
1.559001853e-05
-8.047104813e-08
-0.0001953886906
0.0001567099401
-8.790544431e-10
1.544861741e-05
-2.810492354e-09
0.000156335954
-0.0002133314941
-4.222819152e-05
-4.414836005e-08
0.0002136892337
7.412358192e-05
0.0002661913601
-8.390036183e-05
4.153253212e-07
0.0002132152262
-2.722706585e-08
4.229768066e-05
0.0002591381958
-3.508083253e-05
0.0002590600653
-3.51287362e-05
0.0002138799628
-1.017829993e-05
0.0001953114784
-9.1219159e-08
-0.0002334359649
-3.347418274e-05
0.0001924042888
7.443975596e-05
1.46223713e-08
1.004050238e-05
1.558371132e-05
-4.677906978e-08
-0.0001953402382
0.0001565459305
1.545953501e-05
0.00015637366
-7.886928758e-05
-0.0003815403632
3.694107186e-07
0.0001499235945
5.030869607e-09
-4.135916692e-07
7.894799172e-05
-7.121530951e-07
0.0003800880902
0.0001307234771
-0.0004412371109
0.0004159335147
6.880890014e-05
2.269479537e-09
-0.0004854744129
3.57634774e-09
0.0001305645335
3.466834247e-09
-0.0004440116043
0.0001500743028
-0.0002328282174
-0.0001577297082
1.784889494e-09
0.000271462293
-1.99062145e-08
-0.0002002060361
-0.0002006121393
1.836838712e-09
0.0002239276497
1.252062634e-07
-0.0002603037974
3.810399496e-09
-1.337419543e-07
-0.0002242319233
-0.0001977693345
0.000264867563
-0.0001983628776
2.335786916e-09
0.0002644247393
-0.0002597104628
-0.0003165632457
0.0002059151588
2.625794356e-07
5.305160227e-09
-4.929951682e-07
0.0003155761207
-0.0003658774298
-2.814136265e-07
-0.0002062025218
0.000245520761
-0.0001814820612
0.0002377472397
2.919378674e-09
-0.0002746587745
0.0002178862491
5.225060161e-09
-0.0003679789994
2.43108311e-09
0.000245015672
9.148186521e-05
-0.0002498110819
-1.20152136e-07
-0.0002318096758
0.0001729616333
-0.0002322651908
0.0001726435375
-8.676562949e-05
2.193591537e-07
-0.0003101083011
0.0001643933146
-2.395516567e-07
8.691483373e-05
-0.0003358861189
-0.000336728882
-0.0003093200261
0.0001646445494
-7.888208436e-05
-0.0003815445663
3.763651753e-07
0.000149947024
0.0004159367236
6.879853882e-05
-0.0004854547185
-4.170004076e-07
7.898080157e-05
-7.158051222e-07
0.0003801020806
0.0001306650343
-0.0004412202326
0.0001305435849
-0.0004440019631
0.0001501392164
-0.0002328531051
-0.0001576969958
0.0002714418014
-2.173554834e-08
-0.0002001645724
-0.000200606195
0.0002239433176
1.448094568e-07
-0.0002602972048
-1.928664123e-07
-0.0002243248204
-0.0001976984241
0.0002650244208
-0.0001983132978
0.0002643690728
-0.0002597000429
-0.0003165811921
0.0002059522329
2.84072113e-07
-0.0001814942694
0.0002377517389
-0.0002746483996
0.0002178879147
-5.144065179e-07
0.0003156182153
-0.000365983502
-3.591158056e-07
-0.0002063414501
0.0002459302214
-0.0003680410721
0.0002450339742
-9.744100817e-05
0.0001333146788
-3.308511265e-09
0.0001564942858
6.065769893e-08
0.0001076899791
0.00010762674
3.06491425e-09
0.0002109213672
4.494575947e-08
6.317673778e-05
-1.103877103e-09
-3.13245532e-08
-0.0002110152265
7.842962277e-05
0.0002659055408
7.831271227e-05
1.517473866e-09
0.000265890486
6.318731049e-05
0.0003996323105
3.233329878e-05
1.597948994e-09
2.485963623e-10
-1.481963019e-08
-0.0003996482738
0.0004402214649
1.5900389e-09
-3.208493482e-05
8.896981385e-06
-3.774931092e-05
-0.0006650953449
-4.237075001e-09
0.0006851250525
1.766081872e-05
1.125617992e-09
0.0004401797686
1.459385565e-09
8.853299614e-06
-9.744887314e-05
0.0001333773357
0.0001564031313
1.46401083e-08
0.0001076671434
0.0001076352014
0.0002109226062
5.810253658e-08
6.316832295e-05
-5.60170678e-08
-0.0002110311606
7.841062192e-05
0.0002659869228
7.833695173e-05
0.0002659085031
6.316625015e-05
0.0003996410862
3.232377399e-05
6.506856512e-09
-3.772761602e-05
-0.0006650351945
0.0006851730397
1.754207587e-05
-3.167724652e-08
-0.000399678597
0.0004402879746
-3.688236615e-09
-3.206174805e-05
8.938363285e-06
0.000440219852
8.914170451e-06
-1.574001304e-06
-0.0004884725776
0.0001044080982
5.592288344e-05
-0.0005431236728
2.009774196e-10
-0.0004944995342
0.0001048364082
4.023579702e-10
-4.38673751e-05
4.261236382e-06
-0.0005393645857
8.446900354e-05
2.186762504e-09
-4.804023199e-06
4.30548485e-05
-0.0005742549737
-0.0005917416018
4.737392023e-10
-0.000524003824
8.284731863e-05
-0.0002849040565
4.336676891e-09
-0.001712935491
1.031739825e-08
0.0004587171309
0.0003985810493
0.0004843021749
9.82267288e-09
-0.0003536481141
-0.002334450412
-7.464454594e-05
0.0006398940396
0.0005659569111
0.0006048746861
-0.0002849046295
-0.001712959636
-8.104845962e-05
0.0003986259644
0.0004586558017
0.0004842500332
-0.0003535914736
0.0002857930829
-9.819201825e-05
1.848806412e-09
-1.527493676e-08
-2.920814164e-05
0.0002801635732
-2.943009649e-05
0.0002801115791
-3.023256505e-09
3.648758112e-08
0.0002823918116
-0.0001154341996
0.0002820565324
-0.0001157923885
5.06265333e-09
-9.123188279e-08
-2.514744516e-05
0.0002778731139
-8.004312477e-09
-2.48193371e-05
0.0002779117674
-0.0001637168833
0.0001970013638
-0.0001842002395
0.0001505623115
6.485911898e-09
-0.000151424232
2.309411342e-05
7.698150372e-07
-2.692107872e-05
0.0001544888649
-7.4868836e-09
-8.666019351e-07
0.0001505382178
-0.0001428605526
-0.0001690052207
-5.875148722e-07
-2.192007513e-05
2.157138074e-05
0.0001980528372
-0.0001441139767
-0.0001718911684
-2.564105316e-09
2.240243519e-05
0.000197111533
-6.013326077e-09
-2.561036962e-05
0.0001549983293
-0.0006855853923
-4.746103551e-09
0.001128535836
5.151631712e-08
8.399077841e-08
-0.0001858579944
-0.0002402337184
0.0001389734847
3.437286193e-05
3.740363722e-05
-0.0006855384342
0.001127860439
0.0001497301026
0.0002137505966
-0.0002071772147
-4.005305704e-09
-1.529292462e-07
0.0003258082025
9.01624879e-05
0.0003254004949
9.00670618e-05
1.050859672e-10
-0.0001641463564
2.081496695e-07
0.000389141455
0.0001001990954
-1.846437235e-09
-6.564712191e-08
0.0001637062491
-0.000211349449
0.0002614887582
-0.0002115137619
0.000261054109
-1.761583876e-09
0.000389256869
0.0001004656896
-0.0002491813514
-7.335810604e-08
-0.000469577784
-0.0004666234783
-0.0005659408394
-0.0005704073233
0.003326339676
-4.11213277e-08
-0.0006931648975
-0.0008159947316
-0.0006918268646
-5.630492516e-05
-5.404425153e-05
-2.128037543e-05
-2.412101843e-05
-8.435487632e-08
-0.0004575347676
-9.187090833e-07
0.0004083718232
0.0001013251449
-0.0002491120714
-0.0004696649251
-0.0004666073816
-0.0005659615742
-0.0005704643742
0.003326763431
-0.0001502562203
-0.000816092946
-0.0006930367623
-0.0006916219252
-5.638802993e-05
-5.408391277e-05
-2.123812906e-05
-2.40360915e-05
-0.0004573826657
0.0009886876173
1.839528554e-06
-1.155102808e-05
-0.0009789569586
5.582534731e-10
1.623710536e-05
-0.001258512292
-9.036184415e-07
0.001255040573
-1.18657645e-05
3.989611383e-09
1.202033917e-07
-1.723854645e-05
-2.533429258e-06
0.00100843342
7.778750112e-08
0.001256920749
-0.001245147802
-1.03842054e-05
-3.030068034e-06
0.001008069339
5.659430541e-09
-0.001245318937
-1.127309405e-05
-2.930394154e-09
0.001250384665
-1.160607473e-05
-0.0006842145343
-4.794212542e-08
0.006143782356
-3.386315583e-08
-6.398343467e-08
0.004979378495
-0.000428769
-0.001095117962
-0.001250865208
-0.001259988877
-0.0006834887758
0.006143477521
0.0001569968512
-2.756622735e-08
-7.275088139e-05
-1.828755821e-05
-7.176245101e-05
-5.94673034e-08
0.006789927599
0.0001574618762
0.006853168834
-1.849693848e-05
-7.247179622e-05
-7.141947401e-05
0.00679009335
-0.0001602183979
3.953391053e-08
0.006791054264
2.927560791e-08
-3.388239225e-08
0.006755605495
2.516391985e-05
1.140470109e-05
2.480703083e-05
2.716385221e-05
-0.0001603719191
0.006791602643
-2.819139917e-05
-0.0005788070659
8.263488403e-06
5.936940974e-05
9.790394199e-10
-9.173291566e-06
2.764250872e-05
-2.847815591e-06
0.000545688935
3.219253007e-05
0.000629062539
7.593101463e-06
1.964455138e-09
4.894446402e-10
3.071513013e-05
1.893575631e-09
5.759110513e-05
-1.123060439e-06
-0.0004111251346
-0.0001512511351
-0.0003086225168
2.297087499e-09
-0.0004155201643
3.375751194e-09
0.0001176853416
3.046111222e-06
-0.0004517832083
5.945350191e-10
-2.370083134e-06
-0.0001161892636
-0.0003296860183
-0.0003374178311
-3.392179069e-09
-0.0004414209737
-0.000477811247
7.953902343e-05
5.858926143e-06
-5.049206752e-10
-1.282818268e-06
0.0004555057288
-4.770380305e-06
-7.753479714e-05
0.0001031187302
-3.592315626e-05
0.0003673607078
2.225314399e-09
6.478891928e-05
9.03459659e-11
4.683166018e-10
0.0001047110598
5.594246481e-05
-0.0005431160065
-1.580876253e-06
-0.0004885288239
0.0001044787919
-0.0004945471534
0.0001049071763
-4.38668677e-05
4.27452769e-06
-0.0005393675067
8.4414873e-05
-4.80627934e-06
4.306814553e-05
-0.0005742407183
-0.000591733938
-0.0005240200918
8.283393638e-05
-2.81917131e-05
-0.0005788189748
8.26798671e-06
5.937617553e-05
0.0006290563863
7.544196146e-06
-9.175705728e-06
2.764569695e-05
-2.857691773e-06
0.000545706487
3.222488296e-05
3.074410092e-05
5.760007714e-05
-0.0001512333564
-0.0003085887026
0.0001841932832
-1.12668173e-06
-0.0004111300616
-0.0004154905734
0.0001176731342
3.03698576e-06
-0.0004517852343
-2.348787426e-06
-0.0001161516269
-0.0003296658154
0.0001428640262
-0.0003374305142
0.0001441627618
-0.0004414107649
-0.0004778045917
7.95360283e-05
5.859017335e-06
-3.590699073e-05
0.0003673816319
6.478621102e-05
-1.282637637e-06
0.0004554924259
-4.783077456e-06
-7.754075224e-05
0.0001031877948
0.0001047045319
-5.915455912e-08
0.0002636068332
0.0001340295449
0.0002342751576
3.85412604e-09
0.0002631910575
2.612707399e-09
-2.28627806e-05
9.665341054e-09
0.0002609180315
-2.130376424e-08
-2.018586696e-07
2.218250018e-05
0.0002340862097
0.0002336219066
-8.961045156e-09
0.0002609796515
-0.0002512802513
0.0001184770749
1.771652539e-09
1.143474317e-08
4.456180743e-05
4.428947384e-05
1.900044044e-09
0.0002518208434
-1.555200812e-08
7.034779336e-05
9.501663084e-09
-3.2912806e-08
-0.000251762223
0.0001593639111
0.0001587494458
1.790537813e-09
7.069579139e-05
9.294303413e-05
0.0002383178238
1.76821721e-09
3.197733932e-09
-2.095174371e-08
-9.335586122e-05
0.0001127352531
-1.716894426e-07
-0.000238321345
0.0002005632433
-0.0002147851001
-0.0001963639661
-1.945156206e-09
0.0002300883242
0.0001806077701
4.378635497e-09
0.0001117545006
1.114123858e-09
0.0002005304889
0.0002857776214
-9.816682131e-05
3.619752852e-08
-2.942172395e-05
0.0002801921913
-2.941028126e-05
0.0002800923328
-1.940850511e-08
0.0002830620564
-0.0001158052651
0.0002819895839
-0.0001158016782
-2.725572925e-07
-2.508497512e-05
0.0002779288283
-2.493829195e-05
0.0002783060633
0.0001340651468
0.0002342366492
-0.0001506023424
-2.379028965e-07
0.0002640882728
0.0002630621569
-2.28096665e-05
-1.091213734e-07
0.000260874659
-1.734013804e-07
2.198440781e-05
0.0002339582296
-2.148502575e-05
0.0002336434359
-2.239880907e-05
0.0002610252681
-0.0002512921174
0.0001185099843
0.0002071883219
2.757268857e-08
4.448948213e-05
4.428922476e-05
0.000251850168
-4.719892721e-08
7.042458726e-05
-4.73411381e-08
-0.000251873628
0.0001593972739
0.0002114312957
0.0001587779242
0.0002115366748
7.087471506e-05
9.299342833e-05
0.0002383239525
-1.493602589e-08
-0.0002147713504
-0.0001963563952
0.000230055762
0.0001806305381
-5.481420771e-08
-9.353923387e-05
0.0001128740265
-1.734716941e-07
-0.0002383458069
0.0002005962972
0.0001118150885
0.000200573122
-9.398600606e-05
-2.40988617e-05
1.623391123e-06
-2.704544936e-09
-2.229027363e-06
9.458298307e-05
-8.027729896e-07
2.139044333e-05
0.0001633936445
4.013814979e-05
-7.715407702e-10
-1.508755911e-09
8.416773903e-10
-0.0001334983437
0.0001266800299
-4.491124017e-07
-5.116194167e-09
-4.647786677e-07
0.0001365050525
-1.509186383e-06
-0.0001265007091
0.0001218972505
-0.0001749020337
0.000253451076
-2.043973025e-09
0.000150366678
8.700298101e-10
-4.621473254e-09
0.0001202074623
-0.0001637570482
0.0001969760752
-0.0001514181104
2.309423166e-05
7.594367118e-07
-2.690607796e-05
0.0001544630365
-8.652075445e-07
0.0001505147396
-0.0001690285608
-5.549522204e-07
-2.189597138e-05
0.0001979295066
-0.0001718801654
0.0001971105319
-2.557368518e-05
0.0001549518989
-9.39846506e-05
-2.408446516e-05
1.622205392e-06
0.0001633752129
4.013378256e-05
-2.21342467e-06
9.459474806e-05
-8.10674315e-07
2.135194392e-05
-0.0001335145405
0.0001266731102
-4.544632001e-07
-0.0001749270701
0.0002534236344
0.0001504012165
-4.848955528e-07
0.0001365169895
-1.490670695e-06
-0.0001264807772
0.000121849331
0.0001202177122
-0.000153906236
0.0004374265007
3.615236114e-07
0.0001052574781
2.186332467e-09
-7.655720531e-08
0.0001539373684
-5.329697154e-07
-0.0004383351586
8.465256873e-05
0.0004862221692
-0.0003076002544
0.0001321523059
1.894474571e-09
0.0003558922584
1.554683933e-09
8.408176319e-05
-7.308267108e-10
0.0004849647918
0.0001052205924
2.204418844e-08
0.0004903640379
-4.004343824e-05
0.000713539352
4.402453501e-09
0.0004902211621
4.283589264e-09
3.978621962e-05
4.408234827e-08
0.0005505907904
-8.456387999e-10
-1.769234515e-07
-3.956798135e-05
0.0007511563748
0.0007501157173
2.875930136e-09
0.0005513058345
0.0006209726734
3.451171868e-05
3.632320676e-07
6.505075164e-10
5.859567024e-07
-0.0006229496438
-4.610475997e-07
-3.394001878e-05
-5.839358333e-06
-1.381680141e-05
-0.0007897063361
2.971282209e-09
-1.35626893e-05
-3.259978344e-09
1.18719823e-09
-5.541121375e-06
0.0001497181988
0.0002137295419
-1.447756231e-07
0.0003258333591
9.016255518e-05
0.0003253606436
9.012137957e-05
-0.0001641370885
1.847339707e-07
0.0003891579909
0.0001001531524
-5.080809288e-08
0.0001636843795
0.0002615600086
0.0002610765428
0.0003893240325
0.0001003784338
-0.0001539205804
0.0004374469205
3.646646407e-07
0.000105269176
-0.000307639825
0.0001321647211
0.0003559217678
-9.079857205e-08
0.000153955293
-5.461066965e-07
-0.0004383908573
8.466711198e-05
0.0004862680802
8.403588524e-05
0.0004850289173
0.0001052531149
-4.006640701e-05
0.0007135730749
1.157977332e-05
-1.275726957e-08
0.0004904378529
0.0004902663412
3.98028517e-05
4.886106758e-08
0.0005505669511
-1.887445801e-07
-3.960573369e-05
0.0007511686924
2.583376071e-06
0.0007501094752
3.080591122e-06
0.0005512593927
0.0006209426448
3.452624281e-05
3.679017771e-07
-1.392747653e-05
-0.0007896818254
-1.359337993e-05
5.741594159e-07
-0.0006229035164
-4.704917412e-07
-3.397687847e-05
-5.811792483e-06
-5.515422397e-06
2.47460735e-08
1.224121628e-06
-0.0009603467486
-9.387894007e-07
-1.899041829e-09
1.124748972e-06
9.544586538e-09
0.001241621327
1.005540783e-07
1.883772673e-05
4.044288298e-09
-5.513911738e-08
-0.001241960001
-4.141260071e-06
-4.693724739e-06
2.139605396e-09
1.92146229e-05
0.001471271769
5.286774546e-05
2.926628388e-07
9.121003768e-10
-3.617181862e-07
-0.001471541197
0.001459543454
-2.705750259e-07
-5.278928647e-05
-6.801264429e-06
-0.001607504062
2.430553451e-09
0.001596182411
3.323332732e-09
0.001459411755
-7.33240803e-09
-0.0009604131438
-8.464624752e-07
0.0009788189617
-1.120694741e-08
1.320940708e-06
1.21289304e-06
0.001241635359
1.136196362e-07
1.879661567e-05
-6.601296258e-08
-0.001241997446
-4.082797368e-06
0.001245237488
-4.643202234e-06
0.001245368202
1.912990674e-05
0.001471276179
5.282585861e-05
2.955865173e-07
-6.771135777e-06
-0.001607714086
0.00159612603
-3.73370533e-07
-0.001471555556
0.001459611356
-2.608167359e-07
-5.270454648e-05
0.00145949179
3.959394715e-05
0.001259663351
-9.485298369e-07
4.936860585e-09
-4.982248021e-07
-4.005123898e-05
-1.123329257e-06
-0.001249777967
-0.001041619575
-6.693576097e-05
1.925544329e-09
4.370484575e-09
5.464666122e-09
-0.001466353689
-3.796470477e-05
-5.286701821e-08
3.136125697e-09
-6.596566784e-07
0.00146765109
-5.680741068e-07
3.610842724e-05
1.887579479e-05
0.001588749374
3.280106088e-09
1.123305304e-09
3.786366893e-09
0.0009886692339
1.757281599e-06
1.622611407e-05
-0.001258494012
-8.984804031e-07
0.00125503213
-1.186175122e-05
1.073646072e-07
-1.721961366e-05
0.001008469741
8.856705364e-08
0.001256891538
-1.036440465e-05
0.001008088962
-1.128289651e-05
0.001250369161
-1.159572121e-05
3.958865515e-05
0.001259669499
-9.410024742e-07
-0.001041659702
-6.690980008e-05
-5.068546374e-07
-4.004246838e-05
-1.134024402e-06
-0.001249801646
-0.001466368819
-3.795577192e-05
-4.975524161e-08
1.88240955e-05
0.001588771311
-6.652906072e-07
0.001467678947
-5.714630798e-07
3.608964178e-05
-2.701821968e-07
6.08700681e-05
-1.006986079e-06
0.0005322603594
0.0004053557369
0.0001000142896
8.7803793e-10
5.867709021e-05
-7.539873313e-09
0.0005299309881
-3.146328681e-09
1.397917731e-06
-1.104918761e-08
0.000405393354
0.0001000117945
-2.989535693e-07
6.085518974e-05
-1.031299623e-06
0.0005322364899
5.869717833e-05
0.0005299223446
1.408778211e-06
2.108910923e-06
-4.349896459e-06
1.022201789e-07
7.507980718e-06
8.514953619e-11
4.946045225e-07
-2.101622944e-06
7.680513961e-08
3.639085212e-06
4.377777619e-11
-5.790949479e-07
5.72431289e-08
1.016436304e-06
2.054298336e-11
2.539468854e-06
-1.054792686e-07
4.349389928e-06
5.196831776e-07
-8.013150282e-08
2.101667494e-06
-5.93179105e-08
5.794861344e-07
2.81798681e-06
5.314303849e-11
6.379484346e-07
2.811125082e-11
1.337559552e-11
1.842376969e-06
7.508942666e-06
3.804885119e-07
3.640355442e-06
1.01721806e-06
7.304972445e-07
7.890997541e-08
8.930656912e-11
1.736212754e-07
6.219833429e-08
4.585850018e-11
5.01472838e-08
2.178301462e-11
5.183220865e-07
7.689006954e-08
2.108754228e-06
-4.349989705e-06
1.022349832e-07
7.508021505e-06
4.945549641e-07
-2.101669371e-06
7.680994629e-08
3.63910238e-06
-5.791072099e-07
5.724442925e-08
1.016439263e-06
2.539654922e-06
-1.054219445e-07
4.349701852e-06
5.197346037e-07
-8.010044834e-08
2.101830513e-06
-5.930258696e-08
5.795368579e-07
2.817896697e-06
6.379067173e-07
1.842309335e-06
7.509158856e-06
3.8047201e-07
3.640471865e-06
1.017254324e-06
7.302948964e-07
7.894006357e-08
1.735666009e-07
6.22132293e-08
5.01537605e-08
5.180608125e-07
7.683331134e-08
)
;

boundaryField
{
    inlet
    {
        type            calculated;
        value           nonuniform 0();
    }
    outlet
    {
        type            calculated;
        value           nonuniform List<scalar> 
25
(
0.01999938688
0.01999939654
0.01999941572
0.01999944411
0.01999948127
0.01999952662
0.01999957943
0.01999963886
0.01999970399
0.01999977377
0.01999984711
0.01999992285
0.01999999979
0.02000007671
0.02000015241
0.0200002257
0.02000029541
0.02000036045
0.02000041979
0.02000047251
0.02000051778
0.02000055487
0.02000058322
0.02000060237
0.02000061195
)
;
    }
    topAndBottom
    {
        type            symmetry;
        value           uniform 0;
    }
    frontAndBack
    {
        type            empty;
        value           nonuniform 0();
    }
    cylinder
    {
        type            calculated;
        value           uniform 0;
    }
    procBoundary3to1
    {
        type            processor;
        value           nonuniform List<scalar> 
125
(
6.66427264e-07
8.361841892e-07
7.459182185e-07
5.448174507e-07
3.224453135e-07
1.366538834e-07
1.522940006e-08
-4.454978074e-08
-6.009143444e-08
-5.13305642e-08
-3.438117373e-08
-1.883390476e-08
-9.205861746e-09
-4.88370759e-09
-4.730248404e-09
-5.772190277e-09
-6.706105063e-09
-7.34272538e-09
-7.80368277e-09
-8.312366891e-09
-8.962863086e-09
-9.710609104e-09
-1.022650845e-08
-1.047109177e-08
-1.058071083e-08
-1.059491186e-08
-1.048603487e-08
-1.020378917e-08
-9.720811066e-09
-9.055214603e-09
-8.252721963e-09
-7.403847817e-09
-6.446707204e-09
-5.746384506e-09
-5.493030251e-09
-4.975130294e-09
-4.672848601e-09
-4.420347276e-09
-4.193982324e-09
-3.980466603e-09
-3.776308791e-09
-3.581756503e-09
-3.397413768e-09
-3.226966615e-09
-3.07095511e-09
-2.92939232e-09
-2.803151179e-09
-2.688488015e-09
-2.578383586e-09
-2.467262781e-09
-2.353458306e-09
-2.240394134e-09
-2.134234023e-09
-2.040341976e-09
-1.960448892e-09
-1.892285383e-09
-1.831523762e-09
-1.774226322e-09
-1.718254086e-09
-1.66327098e-09
-1.609882659e-09
-1.558736706e-09
-1.510068689e-09
-1.463715184e-09
-1.419315752e-09
-1.376770926e-09
-1.335292262e-09
-1.301300546e-09
-1.239809894e-09
-7.463022989e-08
-6.538128457e-08
-4.719774983e-08
-6.925933426e-08
-7.351622501e-08
-7.386155971e-08
-8.385544756e-08
-8.353093949e-08
-6.958025331e-08
-4.613656346e-08
-4.603061082e-08
-7.122634314e-08
-4.751738235e-08
-4.649012264e-08
-3.296586749e-08
-7.026516744e-08
-3.293880959e-08
-7.541730389e-08
-7.809509821e-08
-7.900398266e-08
-8.075232035e-08
-7.390679207e-08
-8.166276069e-08
-7.900999595e-08
-9.276793072e-08
-8.481373142e-08
-7.776493622e-08
-9.587549487e-08
-8.766735145e-08
5.612564156e-08
-4.606620784e-08
5.670741204e-08
-6.509270406e-08
-5.423633833e-08
-5.395578515e-08
-4.416885557e-08
-3.32057445e-08
-4.42458026e-08
-6.7068385e-08
-5.620332123e-08
-5.475187995e-08
-3.315046375e-08
-4.473286609e-08
-4.448659793e-08
-3.634630343e-09
-1.752381156e-09
-4.855630546e-10
-3.615029972e-09
-1.739885453e-09
-4.807470012e-10
-3.734433428e-09
-1.804620428e-09
-5.018679022e-10
-3.653849865e-09
-1.760406416e-09
-4.871413778e-10
)
;
    }
    procBoundary3to2
    {
        type            processor;
        value           nonuniform List<scalar> 
103
(
-0.0002922928083
-0.000292767156
-0.006593561016
-0.006547213884
-0.006594254916
-0.006545765178
-0.02509712734
-0.02431757148
-0.02367355472
-0.02317667111
-0.02277761709
-0.02245614519
-0.02219429722
-0.02197955991
-0.02180254285
-0.0216561303
-0.02153485507
-0.02143460719
-0.02135221607
-0.02128522357
-0.02123179512
-0.02119053538
-0.02116040846
-0.021140697
-0.02113092578
5.831150763e-05
-2.372459194e-06
5.733472857e-05
-2.063930165e-06
-1.068891376e-06
-1.739452812e-07
-1.070336821e-06
-1.746648105e-07
3.347956101e-05
0.0001404309062
3.31130232e-05
0.0001404043289
5.488031686e-06
5.388340847e-06
5.831826544e-05
-2.372433262e-06
5.735458527e-05
-2.06372882e-06
3.348242669e-05
0.0001404355999
3.312170468e-05
0.0001404047824
5.517508311e-06
5.41405138e-06
-4.848976011e-05
-4.86742056e-05
-0.0001665152215
-0.000166467624
-0.0003687907296
-0.0006417046124
-0.000641615231
-0.0003685442612
-4.859322324e-05
-4.869270829e-05
-0.0001665149479
-0.0001664721475
-0.0003688027894
-0.000641729931
-0.0006416278397
-0.0003685675757
-0.0009526678679
-0.000952603026
-0.001259438887
-0.001259849945
-0.001701739045
-0.001700891168
-0.001711527128
-0.001713050217
-0.006800207613
-0.001701876117
-0.001700975156
-0.001711477659
-0.001712970109
-0.006800210762
-0.001505595344
-0.00162703449
-0.00162666201
-0.001504823193
-0.0009527691443
-0.0009527135389
-0.001259328651
-0.001259692761
-0.001505600119
-0.001626991366
-0.001626575811
-0.00150483464
8.578488371e-06
4.143983589e-06
1.14425581e-06
8.578326643e-06
4.143910645e-06
1.144242494e-06
8.561877406e-06
4.133715858e-06
1.139886152e-06
8.561749625e-06
4.133659761e-06
1.139872401e-06
)
;
    }
}


// ************************************************************************* //
