/*--------------------------------*- C++ -*----------------------------------*\
| =========                 |                                                 |
| \\      /  F ield         | OpenFOAM: The Open Source CFD Toolbox           |
|  \\    /   O peration     | Version:                                        |
|   \\  /    A nd           | Website:  www.openfoam.com                      |
|    \\/     M anipulation  |                                                 |
\*---------------------------------------------------------------------------*/
FoamFile
{
    version     2.0;
    format      ascii;
    class       surfaceScalarField;
    location    "5.6";
    object      phi;
}
// * * * * * * * * * * * * * * * * * * * * * * * * * * * * * * * * * * * * * //

dimensions      [0 3 -1 0 0 0 0];
oriented        oriented;


internalField   nonuniform List<scalar> 
5191
(
0.02137015543
-4.500299102e-05
0.02140712961
-3.697417959e-05
0.02143594807
-2.881846442e-05
0.02145595825
-2.001017431e-05
0.02146637581
-1.04175578e-05
0.02146648551
-1.097053317e-07
0.02145591069
1.057482572e-05
0.02143466161
2.12490741e-05
0.02140326405
3.139755816e-05
0.02136270506
4.055898642e-05
0.02131458547
4.811959475e-05
0.02126235261
5.223285991e-05
0.02120907632
5.32762851e-05
0.02112806853
8.10077906e-05
0.02102274457
0.0001053239608
0.02091403004
0.0001087145318
0.02080757209
0.0001064579372
0.02070492107
0.0001026510249
0.0206067226
9.819846916e-05
0.02051333548
9.338712777e-05
0.02042496733
8.836815715e-05
0.02034172247
8.324485853e-05
0.02026362555
7.809692197e-05
0.02019063512
7.299043458e-05
0.0201226561
6.797902435e-05
0.02005954868
6.310741892e-05
0.02000113782
5.841085475e-05
0.01994722128
5.391654473e-05
0.01989757619
4.964509778e-05
0.01985196606
4.561013615e-05
0.0198101462
4.181986276e-05
0.01977186859
3.827760022e-05
0.01973688648
3.498211144e-05
0.01970495719
3.192928934e-05
0.01967584543
2.911175719e-05
0.0196493251
2.652033237e-05
0.01962518099
2.414410719e-05
0.01960321001
2.19709853e-05
0.01958322094
1.998906523e-05
0.01956503559
1.818534864e-05
0.01954848802
1.654757185e-05
0.01953342431
1.506370891e-05
0.01951970384
1.372047829e-05
0.01952909358
-9.389745858e-06
0.01953994248
-1.08489041e-05
0.01955159632
-1.165383774e-05
0.01956397323
-1.237691387e-05
0.01957699915
-1.302591844e-05
0.01959060703
-1.360788176e-05
0.01960473635
-1.412932107e-05
0.01961933201
-1.459565219e-05
0.01963434419
-1.501217874e-05
0.01964972787
-1.538368421e-05
0.01966544253
-1.571465565e-05
0.01968145146
-1.600892846e-05
0.01969772113
-1.626967315e-05
0.01971431425
-1.65931211e-05
0.01973101056
-1.669630938e-05
0.01974788256
-1.687200213e-05
0.01976490524
-1.702268539e-05
0.0197820541
-1.714886007e-05
0.01979930444
-1.725033247e-05
0.01981662956
-1.732512935e-05
0.0198341618
-1.753223517e-05
0.01985269476
-1.85329654e-05
0.01987000255
-1.730778197e-05
0.01988705826
-1.705571269e-05
0.01990389189
-1.683362762e-05
0.01992030853
-1.641663948e-05
0.01993593353
-1.562499618e-05
0.01994997613
-1.40426069e-05
0.01996071036
-1.073422178e-05
-4.488662194e-06
0.02138352731
-9.059129423e-05
0.02142082488
-7.427174444e-05
0.02144969832
-5.769190358e-05
0.02146949798
-3.980983128e-05
0.02147945541
-2.037499355e-05
0.02147889174
4.53967043e-07
0.02146745388
2.201267997e-05
0.0214451936
4.350935342e-05
0.02141268302
6.390813672e-05
0.0213711744
8.206760689e-05
0.02132413561
9.515839008e-05
0.02128036987
9.599859845e-05
0.02122335711
0.0001102890387
0.02116562531
0.0001387395831
0.02110844495
0.0001625043236
0.02104603086
0.0001711286267
0.02098029545
0.0001721933497
0.02091347409
0.0001694723872
0.02084708966
0.0001645828983
0.0207821624
0.0001583143908
0.02071940542
0.0001511251376
0.02065932305
0.0001433272367
0.02060226339
0.0001351565821
0.02054845373
0.0001268001088
0.02049802305
0.0001184097
0.02045102269
0.0001101077883
0.02040743985
0.0001019936988
0.02036721176
9.414464298e-05
0.02033023612
8.662073883e-05
0.02029638118
7.94650741e-05
0.02026549318
7.270786502e-05
0.02023740416
6.636662357e-05
0.02021193687
6.044940401e-05
0.02018891037
5.495578733e-05
0.02016814359
4.987853226e-05
0.02014945859
4.520533721e-05
0.02013268287
4.091982908e-05
0.02011765098
3.700287483e-05
0.02010420629
3.343375527e-05
0.02009220073
3.01909118e-05
0.0200814959
2.725239832e-05
0.02007196353
2.459607995e-05
0.02006405037
2.163363639e-05
0.02005713187
-2.471246445e-06
0.02005049879
-4.215828299e-06
0.02004462525
-5.780300536e-06
0.0200394305
-7.182161089e-06
0.02003484123
-8.43664581e-06
0.02003079228
-9.558935641e-06
0.02002722478
-1.056182546e-05
0.02002421338
-1.158424418e-05
0.02002145022
-1.224901441e-05
0.02001902633
-1.295979232e-05
0.02001690496
-1.359328751e-05
0.02001505314
-1.415711749e-05
0.02001374232
-1.495884884e-05
0.02001451848
-1.73692845e-05
0.02001342328
-1.560111447e-05
0.02001222728
-1.567600195e-05
0.02001119126
-1.598666356e-05
0.02001030304
-1.626064131e-05
0.02000955424
-1.650153094e-05
0.02000912308
-1.689397224e-05
0.02001114069
-1.954984881e-05
0.02001986777
-2.726003859e-05
0.02002033688
-1.777689674e-05
0.02001874382
-1.546264293e-05
0.02001728255
-1.537235971e-05
0.02001621515
-1.53492322e-05
0.0200157829
-1.519275318e-05
0.02001644526
-1.470496934e-05
0.02001879721
-1.308616919e-05
-6.663827274e-06
0.02141033842
-0.0001373510727
0.02144826278
-0.0001121960811
0.02147720639
-8.663551684e-05
0.02149652947
-5.913291693e-05
0.02150549953
-2.934505254e-05
0.02150350902
2.444474612e-06
0.02149025377
3.526793573e-05
0.02146587291
6.789021634e-05
0.02143110498
9.86760634e-05
0.02138797856
0.000125194028
0.02134151927
0.0001416176729
0.02129377557
0.0001437423065
0.02122906729
0.0001749973275
0.02116400421
0.0002038026564
0.02110180015
0.0002247083823
0.02103765932
0.0002352694651
0.02097144609
0.0002384065782
0.02090445842
0.0002364600647
0.02083796211
0.0002310791992
0.02077294732
0.000223329188
0.02071014497
0.0002139274889
0.02065007791
0.0002033943072
0.02059310487
0.0001921296288
0.02053945465
0.0001804503258
0.02048925269
0.0001686116736
0.02044254172
0.0001568187594
0.02039929937
0.0001452360513
0.02035945171
0.0001339923096
0.02032288598
0.0001231864783
0.02028946013
0.0001128909218
0.02025901164
0.0001031563569
0.0202313644
9.401386009e-05
0.02020633473
8.547907262e-05
0.02018373642
7.755410155e-05
0.020163384
7.023095764e-05
0.02014509612
6.349321969e-05
0.02012869802
5.731792638e-05
0.02011402249
5.167840436e-05
0.02010091095
4.65452962e-05
0.02008921484
4.188701975e-05
0.02007879593
3.767131108e-05
0.02006952605
3.386595337e-05
0.02006241877
2.874091901e-05
0.02005510813
4.839388657e-06
0.02004862822
2.264083562e-06
0.02004304648
-1.985631908e-07
0.02003796409
-2.099767679e-06
0.02003347096
-3.943521111e-06
0.02002950295
-5.590931197e-06
0.02002640705
-7.465921028e-06
0.0200263075
-1.148469809e-05
0.02002379775
-9.739253826e-06
0.02002123523
-1.039727469e-05
0.02001896199
-1.132005378e-05
0.02001727213
-1.24672552e-05
0.02002018565
-1.787236362e-05
0.02003690784
-3.409147571e-05
0.0200384872
-1.718047536e-05
0.02003576857
-1.295737812e-05
0.02003290193
-1.31200218e-05
0.02003016081
-1.351952277e-05
0.02002760986
-1.395057699e-05
0.02002659863
-1.588274462e-05
0.02003476506
-2.771627756e-05
0.02006129893
-5.379391407e-05
0.02006436347
-2.084143249e-05
0.02005677456
-7.873733279e-06
0.02004795692
-6.554711048e-06
0.02003924734
-6.639652181e-06
0.02003081429
-6.759710431e-06
0.02002297014
-6.860814272e-06
0.02001679217
-6.908201722e-06
-7.094856093e-06
0.02145107663
-0.0001859150345
0.02148996585
-0.0001510852846
0.02151900858
-0.0001156782434
0.02153757657
-7.770090277e-05
0.02154499445
-3.676292948e-05
0.02154075212
6.686807438e-06
0.02152465218
5.136787856e-05
0.02149708406
9.545833899e-05
0.02146032325
0.0001354368766
0.02142126831
0.0001642489696
0.02138285585
0.0001800301328
0.0213149004
0.0002116977456
0.02123975788
0.0002501398568
0.02116955784
0.0002740027041
0.02110134454
0.0002929216858
0.02103291102
0.0003037029735
0.02096399646
0.0003073211495
0.02089523342
0.0003052231102
0.02082750142
0.0002988112162
0.0207616129
0.0002892177136
0.02069821747
0.0002773229213
0.0206377939
0.0002638178708
0.02058067004
0.0002492534842
0.02052704746
0.0002340729123
0.0204770254
0.0002186337439
0.02043062113
0.0002032230289
0.02038778796
0.0001880692212
0.02034842942
0.000173350855
0.02031241174
0.000159204149
0.02027957428
0.0001457283819
0.02024973834
0.0001329922895
0.02022271421
0.0001210379976
0.02019830682
0.0001098864697
0.02017632038
9.954053941e-05
0.02015656263
8.998871739e-05
0.02013884654
8.120930191e-05
0.02012299275
7.317172201e-05
0.02010883113
6.584003206e-05
0.02009620082
5.917559797e-05
0.02008495196
5.313587599e-05
0.02007494642
4.767684717e-05
0.02006622993
4.258245089e-05
0.02005965424
3.531660782e-05
0.02005261751
1.187611901e-05
0.02004687912
8.002467077e-06
0.02004503469
1.645862083e-06
0.02004045256
2.48236858e-06
0.02003597097
5.380708339e-07
0.02003242956
-2.049521222e-06
0.02003526772
-1.030408705e-05
0.02005742371
-3.364068906e-05
0.0200594079
-1.172344422e-05
0.02005558682
-6.576190922e-06
0.0200517676
-7.500835068e-06
0.02005078245
-1.148210103e-05
0.02006744355
-3.453346086e-05
0.02012341207
-9.005999269e-05
0.02013754831
-3.131672156e-05
0.02013072119
-6.130258099e-06
0.0201211583
-3.557136588e-06
0.02011157399
-3.935214919e-06
0.020102004
-4.380589832e-06
0.02009114314
-5.021881411e-06
0.02007220718
-8.780319084e-06
0.02003791349
-1.950021892e-05
0.02002358036
-6.508306787e-06
0.02001911964
-3.413002344e-06
0.02001598903
-3.4241044e-06
0.02001294822
-3.598837026e-06
0.02000993775
-3.749244385e-06
0.02000695652
-3.879584209e-06
0.02000402354
-3.975217714e-06
-4.119559302e-06
0.02150645504
-0.000237005679
0.02154669925
-0.0001913294865
0.02157588106
-0.0001448600538
0.02159338895
-9.520878573e-05
0.02159862682
-4.200079516e-05
0.02159122441
1.408921342e-05
0.0215712337
7.135858832e-05
0.02154060872
0.0001260833281
0.02150896247
0.0001670831232
0.02147894299
0.0001942684533
0.0214153751
0.0002435980303
0.02133053878
0.0002965340781
0.0212533873
0.0003272913239
0.02117827213
0.000349117871
0.02110394885
0.0003672449708
0.02103022153
0.0003774302964
0.02095722536
0.0003803173329
0.02088542474
0.0003770237327
0.02081545631
0.0003687796368
0.02074794951
0.0003567245229
0.02068343101
0.0003418414242
0.02062229334
0.0003249555495
0.02056479755
0.0003067492624
0.02051108959
0.0002877808602
0.0204612194
0.0002685039257
0.02041516055
0.0002492818736
0.02037282639
0.0002304033938
0.02033408484
0.0002120924035
0.02029877095
0.0001945180497
0.0202666967
0.0001778026288
0.02023766005
0.0001620289453
0.02021145171
0.0001472463366
0.02018786054
0.0001334776417
0.02016667811
0.0001207229634
0.02014770166
0.0001089651673
0.02013073602
9.817495241e-05
0.02011559671
8.83110291e-05
0.02010227751
7.915923966e-05
0.02009027826
7.117484551e-05
0.0200796152
6.379892709e-05
0.02007067758
5.66144753e-05
0.02006639762
4.686240648e-05
0.02006115593
4.055830492e-05
0.02005486538
1.81666647e-05
0.02005657568
6.292166171e-06
0.02008233019
-2.410864583e-05
0.02008382391
9.886458274e-07
0.02007853611
5.825864706e-06
0.02007668259
-1.960002007e-07
0.02009894864
-3.25701426e-05
0.02017638459
-0.0001110766385
0.02019826373
-3.360257621e-05
0.02019155874
1.287986273e-07
0.02018098069
3.077216622e-06
0.02016796424
1.534350864e-06
0.02013951119
-6.080405297e-06
0.02007816304
-2.871184266e-05
0.02005220305
-5.356734882e-06
0.02004561738
4.554146982e-07
0.02004188622
1.740172366e-07
0.02003838543
-4.344269753e-07
0.02003497571
-9.708735424e-07
0.02003139739
-1.443562483e-06
0.02002471021
-2.093138277e-06
0.02000913981
-3.929815533e-06
0.02000512419
-2.49267939e-06
0.02000426766
-2.556474434e-06
0.02000364352
-2.799963166e-06
0.02000305602
-3.011336721e-06
0.02000249952
-3.192749694e-06
0.02000196984
-3.34990089e-06
0.02000146642
-3.47180035e-06
-3.631849841e-06
0.02157745926
-0.0002914700636
0.02161952185
-0.0002333920713
0.02164890393
-0.0001742421332
0.02166501367
-0.0001113185229
0.02166735911
-4.434623651e-05
0.02165580864
2.563968515e-05
0.02163121732
9.594990572e-05
0.02160032827
0.0001569723903
0.02158350947
0.0001839019273
0.02152227103
0.0002555068867
0.02143352967
0.0003323393832
0.02135131803
0.0003787457306
0.02127067587
0.0004079334922
0.02118899793
0.0004307958044
0.02110793304
0.0004483098547
0.02102813922
0.000457224106
0.02095009402
0.00045836254
0.02087429604
0.0004528217127
0.02080127141
0.0004418042711
0.02073150994
0.0004264859933
0.02066541013
0.0004079412368
0.02060325548
0.0003871101954
0.02054521444
0.0003647902963
0.02049135176
0.0003416435511
0.02044164657
0.0003182091214
0.02039600906
0.0002949193873
0.02035429746
0.0002721149958
0.02031633102
0.0002500588326
0.02028190304
0.0002289460333
0.02025078914
0.0002089165253
0.0202227576
0.0001900604842
0.02019757377
0.0001724301659
0.02017500574
0.0001560456795
0.02015482961
0.0001408990897
0.0201369945
0.0001268002885
0.020120966
0.0001142034501
0.02010722843
0.0001020486016
0.02009858307
8.780459632e-05
0.02008791452
8.184339314e-05
0.02007855918
7.315427234e-05
0.02007813454
5.703911847e-05
0.02010559327
1.94036775e-05
0.02010960207
3.654950734e-05
0.02010651034
2.125838601e-05
0.02013249523
-1.969272111e-05
0.02022707524
-0.0001186886575
0.02025467391
-2.661002728e-05
0.02024723125
1.326851892e-05
0.02023197747
1.50577802e-05
0.0201956278
3.779528411e-06
0.02011323613
-2.868497115e-05
0.02007796418
1.6693743e-06
0.02006926893
8.82405591e-06
0.02006462803
7.718119089e-06
0.02005992847
6.233915493e-06
0.02004936893
4.479129287e-06
0.0200203323
3.247922281e-07
0.02001240945
2.566115289e-06
0.02001077436
2.090498158e-06
0.02000965927
1.289114078e-06
0.02000864269
5.82145099e-07
0.02000771316
-4.13413014e-08
0.02000685991
-5.903093343e-07
0.02000584002
-1.073252317e-06
0.02000347897
-1.568764494e-06
0.02000284617
-1.859871258e-06
0.02000247397
-2.18427397e-06
0.02000214076
-2.466752331e-06
0.02000184089
-2.711470192e-06
0.02000156997
-2.921833827e-06
0.02000132358
-3.10350688e-06
0.020001096
-3.244224753e-06
-3.429621684e-06
0.02166538515
-0.0003503252602
0.02170983033
-0.0002778372619
0.02173950178
-0.0002039135883
0.02175382948
-0.0001256462209
0.02175253356
-4.305030954e-05
0.02173614667
4.202657119e-05
0.02170619542
0.0001259011565
0.02167187058
0.0001912972329
0.02162913281
0.0002266396989
0.02154925327
0.0003353864331
0.02146483329
0.0004167593537
0.02137935237
0.0004642266419
0.02129067802
0.0004966078538
0.02120086737
0.0005206064714
0.0211120976
0.0005370796375
0.02102538922
0.000543932488
0.02094146516
0.0005422866029
0.02086089691
0.0005333899512
0.02078416083
0.0005185403492
0.02071163853
0.0004990082938
0.02064360358
0.0004759761975
0.02058021738
0.0004504963993
0.02052153395
0.0004234737388
0.02046751539
0.0003956621079
0.02041804853
0.0003676759731
0.02037296303
0.0003400048781
0.02033204531
0.0003130327126
0.02029505403
0.0002870501079
0.02026172969
0.0002622703786
0.0202318034
0.0002388428124
0.02020500741
0.0002168564668
0.02018123851
0.0001961990723
0.02015991882
0.0001773653679
0.02014146729
0.0001593506298
0.0201285775
0.0001396900752
0.02011474917
0.0001280317829
0.02010973838
0.000107059391
0.02013252479
6.50181862e-05
0.0201316564
8.271178092e-05
0.02012818096
7.662971678e-05
0.02015674915
2.847092982e-05
0.0202659764
-8.982357551e-05
0.02030459323
-2.067317039e-06
0.0202920765
3.377511324e-05
0.02024856386
2.381991967e-05
0.02014781228
-1.793708123e-05
0.0201041221
1.708015163e-05
0.02009309943
2.429118376e-05
0.02008661252
2.154468853e-05
0.02007251033
1.788172181e-05
0.02003279915
1.102620634e-05
0.02002144808
1.302045132e-05
0.02001879266
1.14794734e-05
0.020016922
9.588775668e-06
0.02001524071
7.915212947e-06
0.02001328523
6.434608099e-06
0.0200086276
4.982421748e-06
0.02000721648
3.977241226e-06
0.0200063516
2.955372787e-06
0.02000558745
2.053266252e-06
0.02000491207
1.257527661e-06
0.02000431455
5.561766012e-07
0.02000378556
-6.131900047e-08
0.0200033166
-6.042855576e-07
0.02000282859
-1.080762545e-06
0.02000246679
-1.498066499e-06
0.0200021451
-1.86258408e-06
0.02000185787
-2.179522829e-06
0.02000160052
-2.454120552e-06
0.02000136859
-2.6898989e-06
0.02000115858
-2.893503983e-06
0.02000096535
-3.050992167e-06
-3.258817749e-06
0.02177193512
-0.0004148038043
0.02181945221
-0.000325354367
0.02184953341
-0.000233994796
0.02186177845
-0.0001378912577
0.02185748983
-3.876168724e-05
0.02184056068
5.895572597e-05
0.02181540672
0.0001510551155
0.02179242449
0.0002142794553
0.02170146606
0.0003175981314
0.02160073758
0.0004361149207
0.02150773585
0.0005097610931
0.02141167616
0.0005602863382
0.02131256679
0.0005957172117
0.02121304453
0.0006201287315
0.02111536108
0.0006347630728
0.02102077447
0.0006385191159
0.02093016826
0.0006328928198
0.02084416438
0.0006193938285
0.02076319468
0.0005995100517
0.02068753697
0.0005746659973
0.0206173345
0.000546178663
0.02055261019
0.0005152207021
0.02049328505
0.000482798883
0.02043919626
0.000449750891
0.02039011938
0.0004167528567
0.02034578465
0.0003843396055
0.0203058917
0.0003529256632
0.02027012699
0.0003228148147
0.02023832537
0.0002940719911
0.02020985203
0.0002673161498
0.02018504493
0.0002416635669
0.02016647277
0.0002147712365
0.02014769829
0.0001961398476
0.02013822905
0.0001688198757
0.02015689473
0.0001210243915
0.02015688172
0.0001280447891
0.02018140412
8.253699628e-05
0.02028510093
-3.867862102e-05
0.02032216762
4.56450957e-05
0.02031763614
8.11611979e-05
0.02028011167
6.599539667e-05
0.02017571547
1.457262941e-05
0.02012857078
4.507737142e-05
0.02011449852
4.784736567e-05
0.020096496
4.18224452e-05
0.02004727052
3.128839661e-05
0.02003254385
3.180682058e-05
0.02002859203
2.824300262e-05
0.02002570389
2.443282691e-05
0.02002253238
2.105322377e-05
0.02001569758
1.786101436e-05
0.02001330473
1.541330081e-05
0.0200117196
1.306460301e-05
0.0200103225
1.098587881e-05
0.02000909119
9.146521701e-06
0.02000800555
7.520253686e-06
0.02000690532
6.082651409e-06
0.02000606967
4.812885383e-06
0.02000533337
3.69167391e-06
0.02000468446
2.70218368e-06
0.02000411227
1.829717367e-06
0.02000360757
1.060880629e-06
0.02000316171
3.845351207e-07
0.02000276765
-2.102212375e-07
0.02000241887
-7.319823961e-07
0.02000210953
-1.188727637e-06
0.02000183448
-1.587529654e-06
0.02000158909
-1.934140101e-06
0.02000136937
-2.234397936e-06
0.02000117146
-2.491989203e-06
0.02000099249
-2.714534039e-06
0.02000082782
-2.88632357e-06
-3.11343616e-06
0.02189928921
-0.0004864076744
0.02195071919
-0.0003767843452
0.02198147629
-0.000264751895
0.02199287133
-0.0001492863027
0.02199406405
-3.995441549e-05
0.02199116634
6.185343855e-05
0.02197467947
0.0001675419836
0.02188682298
0.0003021359334
0.02176559035
0.0004388307552
0.02166139224
0.0005403130347
0.02155663435
0.0006145189956
0.02144718779
0.0006697328892
0.02133550863
0.0007073963598
0.02122450157
0.0007311357925
0.02111652495
0.0007427396924
0.02101300647
0.0007420376082
0.02091492331
0.0007309759696
0.0208229014
0.0007114157236
0.02073729958
0.0006851118629
0.02065827082
0.0006536947602
0.02058580601
0.000618643478
0.02051976829
0.0005812584091
0.02045992089
0.0005426462777
0.0204059534
0.0005037183779
0.02035751197
0.0004651942918
0.0203143641
0.0004274874811
0.02027579953
0.0003914902317
0.02024205648
0.000356557859
0.02021555607
0.0003205723937
0.02018987807
0.0002929941494
0.02017427187
0.0002572697715
0.02018720461
0.0002018384968
0.02018251732
0.0002008271471
0.02020273199
0.0001486052055
0.02030163857
2.211780774e-05
0.02033146136
9.822200026e-05
0.02029710668
0.0001168916779
0.02019244607
6.598199352e-05
0.0201443129
9.377826847e-05
0.02013131227
9.416182862e-05
0.02011373443
8.357324009e-05
0.02006006423
6.824282459e-05
0.0200434696
6.167199883e-05
0.02003816201
5.31549621e-05
0.02003346715
4.651730296e-05
0.02002437831
4.037722699e-05
0.0200207932
3.539192898e-05
0.02001828703
3.074917034e-05
0.02001608633
2.663352704e-05
0.02001415286
2.298669262e-05
0.02001225672
1.975715522e-05
0.0200107714
1.689862018e-05
0.02000946635
1.436965729e-05
0.02000831923
1.213299743e-05
0.02000731044
1.015531356e-05
0.02000642337
8.407331521e-06
0.02000564288
6.863138597e-06
0.02000495625
5.499510562e-06
0.02000435217
4.295756021e-06
0.02000382024
3.23411622e-06
0.02000335175
2.298220211e-06
0.02000293883
1.473798502e-06
0.02000257481
7.485578998e-07
0.02000225307
1.115198775e-07
0.02000196872
-4.476328254e-07
0.02000171673
-9.367437507e-07
0.0200014929
-1.363691875e-06
0.02000129352
-1.734761502e-06
0.02000111522
-2.056100634e-06
0.02000095482
-2.331589518e-06
0.02000080988
-2.569597172e-06
0.02000067675
-2.753192165e-06
-2.996206564e-06
0.02205011325
-0.0005669853667
0.02210652271
-0.0004331937945
0.02213877375
-0.000297002942
0.0221523676
-0.000162880153
0.02216044601
-4.80328348e-05
0.02213049762
9.180182144e-05
0.02206470384
0.0002333357635
0.02195681121
0.0004100285729
0.02184614433
0.0005494976244
0.02173205087
0.00065440649
0.02161067799
0.0007358918824
0.02148497409
0.0007954368
0.0213583186
0.0008340518497
0.02123385519
0.000855599214
0.02111407334
0.0008625215388
0.02100052005
0.0008555908922
0.02089419861
0.0008372974155
0.02079567592
0.0008099384273
0.02070518492
0.0007756028572
0.02062271039
0.0007361692824
0.02054805365
0.0006933002036
0.02048088646
0.0006484255938
0.02042093706
0.0006025956788
0.02036741595
0.0005572394868
0.0203204493
0.0005121609418
0.02028229551
0.0004656412667
0.02024646532
0.000427320415
0.02022196004
0.00038106314
0.02022688433
0.0003156481063
0.02021550278
0.0003043756978
0.02022976318
0.0002430093757
0.02032292211
0.0001086795634
0.02034844109
0.0001753081641
0.02031120448
0.000185841816
0.02020525966
0.0001280626377
0.02015456454
0.0001489171202
0.02012901213
0.0001424440916
0.02007352633
0.0001214677926
0.02005448934
0.0001128152557
0.02004781146
0.0001008397135
0.02004194855
8.943614936e-05
0.02003118529
7.900609084e-05
0.02002736715
6.549012845e-05
0.02002396048
5.656163659e-05
0.02002099194
4.948583555e-05
0.02001816036
4.320881237e-05
0.02001590745
3.764483355e-05
0.02001393994
3.271668088e-05
0.02001222024
2.835322362e-05
0.0200107156
2.449132916e-05
0.02000939822
2.107454366e-05
0.02000824408
1.805275679e-05
0.02000723252
1.538121594e-05
0.02000634566
1.301986507e-05
0.02000556765
1.093332052e-05
0.02000488497
9.090009436e-06
0.02000428575
7.462361204e-06
0.02000375969
6.025573514e-06
0.02000329748
4.757966006e-06
0.02000289153
3.640068741e-06
0.02000253461
2.655146455e-06
0.02000222055
1.787865699e-06
0.02000194392
1.02518562e-06
0.02000170024
3.552028542e-07
0.02000148495
-2.323482622e-07
0.02000129468
-7.4647549e-07
0.02000112601
-1.195016071e-06
0.0200009761
-1.584855483e-06
0.02000084235
-1.922349209e-06
0.02000072236
-2.211601767e-06
0.02000061417
-2.461406708e-06
0.02000051505
-2.654078637e-06
-2.909019438e-06
0.02222778316
-0.0006588036878
0.02229047103
-0.0004958816546
0.022324804
-0.0003313359202
0.02233825199
-0.0001763281353
0.02233042876
-4.020961016e-05
0.0222974797
0.0001247508814
0.0221896388
0.0003411766549
0.02206993933
0.00052972804
0.02194569591
0.0006737410509
0.02181111696
0.0007889854356
0.0216690099
0.0008779989289
0.02152380516
0.0009406415488
0.02137943287
0.0009784241432
0.02123933477
0.0009956973153
0.02110613516
0.0009957211591
0.02098143926
0.0009802867947
0.02086623115
0.0009525055183
0.02076086255
0.0009153070255
0.02066540125
0.0008710641502
0.02057960023
0.0008219702994
0.02050301838
0.0007698820562
0.02043557002
0.0007158739576
0.0203793984
0.0006587672954
0.02032780805
0.0006088298371
0.02028960995
0.0005503590338
0.0202826148
0.0004726364158
0.02026103749
0.0004488977258
0.02026651616
0.0003755844733
0.02035214972
0.0002300145507
0.02037133641
0.0002851889992
0.02032932563
0.0002850201547
0.02022044051
0.0002175646774
0.02016669905
0.0002290496284
0.02013847208
0.0002140687957
0.02008115509
0.0001853796276
0.02006041802
0.000169654189
0.0200515471
0.0001513150147
0.02003908908
0.0001339258069
0.02003296729
0.0001189370486
0.02002844425
0.0001053627594
0.02002457791
9.330248746e-05
0.02002103502
8.254898835e-05
0.02001909328
6.743186035e-05
0.0200165974
5.905751834e-05
0.02001444366
5.163956747e-05
0.02001258118
4.507129887e-05
0.02001096765
3.925835784e-05
0.0200095682
3.411612485e-05
0.02000835269
2.956873824e-05
0.02000729543
2.554858773e-05
0.0200063749
2.19950771e-05
0.02000557254
1.885511178e-05
0.02000487272
1.608104317e-05
0.02000426195
1.363062778e-05
0.02000372845
1.146682249e-05
0.02000326222
9.556237761e-06
0.02000285465
7.869936175e-06
0.02000249816
6.382065136e-06
0.02000218608
5.070054192e-06
0.02000191277
3.91337706e-06
0.02000167336
2.894559607e-06
0.02000146351
1.997724283e-06
0.02000127942
1.209270735e-06
0.02000111768
5.169404771e-07
0.0200009755
-9.01701602e-08
0.02000085031
-6.212756553e-07
0.02000073987
-1.084578462e-06
0.02000064226
-1.487250465e-06
0.02000055538
-1.835467492e-06
0.02000047797
-2.134191993e-06
0.02000040838
-2.391813552e-06
0.02000034487
-2.590572557e-06
-2.85366418e-06
0.02243666892
-0.0007646767139
0.02250807417
-0.000567286895
0.02255132005
-0.0003745818002
0.02257970445
-0.0002047125393
0.02254067443
-1.179600363e-06
0.02245860325
0.0002068220671
0.02233935823
0.0004604216786
0.02220652532
0.0006625609523
0.02205836484
0.000821901525
0.02189778617
0.0009495641146
0.02173053439
0.001045250698
0.0215620252
0.001109150731
0.02139682964
0.001143619703
0.02123876225
0.001153764704
0.02109047224
0.001144011161
0.02095369551
0.001117063528
0.02082986557
0.001076335455
0.02071760626
0.001027566338
0.02061731518
0.0009713552444
0.02052854283
0.0009107426466
0.02045102905
0.0008473958377
0.02039059412
0.0007763088811
0.02036452389
0.0006848375237
0.02032646238
0.0006468913391
0.02031779392
0.0005590274848
0.02039112072
0.0003993096179
0.02040003247
0.0004399859754
0.02035028902
0.000425327928
0.02024009924
0.0003402043244
0.02018161409
0.0003436741501
0.02014894746
0.0003176867843
0.02008831578
0.0002781963611
0.020064855
0.0002525104086
0.02005386373
0.0002250600695
0.02003986021
0.0001993831519
0.02003260786
0.000176906539
0.02002730381
0.0001566190642
0.02002265394
0.0001385756719
0.02001902967
0.0001225613244
0.02001602152
0.000108370908
0.02001351544
9.580857615e-05
0.02001249897
8.356545242e-05
0.02001068268
6.92481488e-05
0.02000914971
6.059048697e-05
0.02000785215
5.293712703e-05
0.02000675007
4.617337937e-05
0.02000581147
4.01969528e-05
0.02000501017
3.491741911e-05
0.02000432453
3.025437712e-05
0.02000373675
2.613637663e-05
0.02000323176
2.250005967e-05
0.02000279728
1.928959135e-05
0.02000242293
1.645539374e-05
0.02000209996
1.395359584e-05
0.02000182116
1.174562095e-05
0.02000158015
9.797251122e-06
0.02000137169
8.078399322e-06
0.02000119114
6.562620928e-06
0.02000103491
5.226281179e-06
0.02000089941
4.048889917e-06
0.02000078197
3.012003678e-06
0.02000068004
2.099648052e-06
0.02000059172
1.29759027e-06
0.02000051523
5.934363088e-07
0.02000044874
-2.367921563e-08
0.02000039107
-5.636086104e-07
0.02000034094
-1.034445165e-06
0.02000029715
-1.443467094e-06
0.02000025896
-1.797275816e-06
0.02000022539
-2.100616635e-06
0.02000019581
-2.362237214e-06
0.02000016923
-2.56398969e-06
-2.831024449e-06
0.02268210115
-0.0008879818808
0.02276438654
-0.0006495722857
0.02281405763
-0.0004242528869
0.02282825735
-0.0002189122558
0.02280009974
2.697801578e-05
0.02267243508
0.0003344867329
0.02252529133
0.0006075654198
0.02236378434
0.000824067955
0.02218377402
0.001001911843
0.02199121216
0.001142125965
0.02179356238
0.001242900487
0.02159730005
0.001305413057
0.02140792247
0.001332997295
0.02123026429
0.001331422889
0.0210654567
0.001308818746
0.02091729453
0.001265225695
0.02079013389
0.001203496109
0.0206726253
0.001145074922
0.02056798636
0.001075994184
0.02047702485
0.001001704144
0.02040225765
0.0009221630279
0.02036541822
0.0008131482987
0.0204102237
0.0006400320437
0.02040054735
0.0006565676899
0.02034003071
0.0006195441247
0.02021374781
0.0005255925206
0.02014546525
0.0005082685259
0.02011442996
0.0004563632189
0.02008627647
0.0003683578069
0.02006786891
0.0003620817114
0.02005388807
0.0003316676197
0.02003717222
0.0002949122164
0.02002797206
0.0002617105689
0.02002136422
0.0002316679068
0.02001593611
0.0002048112656
0.0200119447
0.0001808979477
0.02000887784
0.0001596859266
0.02000653009
0.0001409234202
0.0200047342
0.000124357221
0.02000336066
0.0001097444558
0.02000231027
9.685896039e-05
0.02000265657
8.321915298e-05
0.02000198276
6.992195568e-05
0.02000146211
6.111113574e-05
0.02000106052
5.333872224e-05
0.02000075167
4.648222497e-05
0.02000051484
4.043378416e-05
0.02000033408
3.509817793e-05
0.02000019685
3.039160196e-05
0.02000009357
2.623965881e-05
0.02000001679
2.257684276e-05
0.01999996063
1.934574597e-05
0.0199999207
1.649532068e-05
0.01999989317
1.398113239e-05
0.01999987533
1.176345349e-05
0.01999986483
9.807750757e-06
0.01999985999
8.083240269e-06
0.01999985944
6.563174881e-06
0.01999986221
5.223513895e-06
0.01999986738
4.04373186e-06
0.01999987448
3.004901123e-06
0.01999988292
2.091205846e-06
0.01999989242
1.288095162e-06
0.01999990243
5.834228333e-07
0.01999991309
-3.433257022e-08
0.01999992405
-5.745713373e-07
0.0199999351
-1.045488379e-06
0.0199999464
-1.454766076e-06
0.01999995765
-1.808526857e-06
0.01999996877
-2.111737539e-06
0.0199999798
-2.373266483e-06
0.01999999058
-2.57476526e-06
-2.841764284e-06
0.02297207922
-0.001033863239
0.02307577384
-0.0007532669063
0.02315202319
-0.0005005022253
0.02313333565
-0.0002002247221
0.02304945469
0.0001108589897
0.02290842
0.0004755214272
0.02273946202
0.0007765234096
0.0225418728
0.001021657169
0.02232211345
0.001221671205
0.02209031825
0.001373921162
0.02185689417
0.001476324565
0.02162789875
0.001534408473
0.02141223124
0.001548664816
0.02121861911
0.001525035019
0.02103798809
0.001489449776
0.02088131839
0.001421895384
0.02075619977
0.001328614724
0.02063779372
0.001263480959
0.02053005355
0.001183734343
0.0204374719
0.001094285792
0.02035752136
0.001002113572
0.02026338176
0.0009072879035
0.02011535465
0.0007880591514
0.02003741065
0.0007345116972
0.0200170195
0.000639935262
0.01994729004
0.0005953219707
0.01991515182
0.0005404067351
0.01992512655
0.0004463884835
0.01999225146
0.0003012329029
0.02001392791
0.000340405253
0.02000943025
0.0003361652891
0.02000250519
0.0003018372735
0.01999753882
0.0002666769398
0.01999411502
0.0002350917077
0.01999190183
0.0002070244584
0.01999060717
0.0001821926008
0.01998998518
0.000160307924
0.01998983466
0.000141073943
0.01998999863
0.0001241932584
0.01999036237
0.000109380708
0.01999084607
9.637526647e-05
0.01999260833
8.145689355e-05
0.01999312327
6.940701801e-05
0.01999365016
6.058423825e-05
0.01999417229
5.281659495e-05
0.01999467787
4.597664283e-05
0.01999515932
3.995233396e-05
0.01999561182
3.464568557e-05
0.01999603303
2.997038851e-05
0.01999642237
2.585031305e-05
0.01999678007
2.221914719e-05
0.01999710725
1.901856362e-05
0.01999740528
1.619728284e-05
0.01999767618
1.371023671e-05
0.01999792146
1.151817061e-05
0.01999814332
9.585892541e-06
0.01999834357
7.882994943e-06
0.01999852418
6.382567169e-06
0.01999868686
5.060836671e-06
0.01999883361
3.896983898e-06
0.01999896561
2.87289794e-06
0.01999908474
1.972078039e-06
0.01999919205
1.180791918e-06
0.01999928915
4.86323551e-07
0.01999937702
-1.222038735e-07
0.01999945667
-6.542232656e-07
0.0199995292
-1.118015828e-06
0.01999959536
-1.520922007e-06
0.01999965601
-1.869179592e-06
0.01999971188
-2.167604963e-06
0.01999976356
-2.424942865e-06
0.01999981193
-2.623135435e-06
-2.885813142e-06
0.0233143604
-0.001207424001
0.02343832773
-0.0008772342469
0.0235065812
-0.000568755691
0.02350772816
-0.0002013716779
0.0233727994
0.0002457877537
0.02319726936
0.0006510514747
0.0229880865
0.0009857062841
0.02274303819
0.001266705479
0.02247476974
0.001489939648
0.02219671175
0.001651979163
0.02192692979
0.001746106519
0.02166148282
0.001799855446
0.02141896841
0.001791179206
0.02121225306
0.001731750367
0.02101586814
0.001685834691
0.02083493633
0.001602827189
0.02067928457
0.001484266486
0.02054694821
0.001395817314
0.02043605963
0.001294622919
0.02034839108
0.001181954344
0.02029057202
0.001059932624
0.02022355079
0.0009743091323
0.02013782418
0.0008737857556
0.02011804471
0.0007542911654
0.02017647389
0.0005815060748
0.02018183155
0.0005899642971
0.02016278726
0.0005594510266
0.02011811278
0.0004910629662
0.02002076836
0.0003985773198
0.0199793914
0.0003817822112
0.01996992331
0.0003456333762
0.01996694692
0.0003048136629
0.01996580432
0.0002678195372
0.01996590645
0.0002349895817
0.01996692552
0.0002060053885
0.01996857016
0.0001805479626
0.01997059305
0.0001582850435
0.01997279727
0.0001388697208
0.01997503939
0.0001219511364
0.01997722595
0.0001071941572
0.01997930339
9.429782662e-05
0.01998251518
7.824510166e-05
0.01998424626
6.767594546e-05
0.01998583922
5.899127881e-05
0.01998729726
5.135855449e-05
0.01998862553
4.464837538e-05
0.01998983029
3.8747566e-05
0.01999091919
3.355678343e-05
0.01999190041
2.898917095e-05
0.01999278246
2.496826328e-05
0.01999357394
2.142766503e-05
0.01999428306
1.830944121e-05
0.01999491757
1.556276735e-05
0.0199954848
1.31430079e-05
0.01999599151
1.101146127e-05
0.01999644374
9.133667031e-06
0.01999684721
7.479523398e-06
0.01999720698
6.022796758e-06
0.01999752794
4.739877472e-06
0.01999781424
3.610687219e-06
0.01999806982
2.617324283e-06
0.01999829803
1.743868381e-06
0.01999850229
9.765293646e-07
0.01999868494
3.036817474e-07
0.01999884895
-2.86214155e-07
0.01999899644
-8.017198014e-07
0.0199991295
-1.251069054e-06
0.01999924982
-1.641246001e-06
0.01999935916
-1.978510479e-06
0.01999945901
-2.267454274e-06
0.01999955073
-2.516656333e-06
0.01999963602
-2.708432693e-06
-2.962662077e-06
0.02373147618
-0.00142455415
0.02390364314
-0.001049401205
0.02394317137
-0.0006082839171
0.02388567226
-0.0001438725587
0.02373953482
0.0003919251933
0.02353598966
0.0008545966266
0.02327669105
0.001245004893
0.02297360433
0.001569792198
0.02265308247
0.00181046151
0.0223235965
0.00198146513
0.022014333
0.002055370018
0.02170624284
0.002107945607
0.02141397621
0.002083445818
0.02115454999
0.001991176586
0.02093077014
0.001909614533
0.02075000573
0.001783591598
0.02062148062
0.001612791591
0.02052178631
0.001495511626
0.02042021457
0.00139619466
0.02035094591
0.001251223
0.02033916723
0.0010717113
0.02030228511
0.001011191247
0.02024972999
0.0009263408705
0.0201849015
0.0008191196443
0.02007534299
0.0006910645808
0.0200223369
0.000642970387
0.02000410112
0.0005776868084
0.01998565693
0.0005095071507
0.01994067786
0.0004435563902
0.01992850439
0.0003939556739
0.01992800361
0.0003461341588
0.01992981328
0.0003030039862
0.01993286318
0.0002647696401
0.01993681166
0.0002310411015
0.01994134169
0.0002014753617
0.01994616007
0.000175729589
0.01995101432
0.0001534307877
0.01995571097
0.0001341730728
0.01996012394
0.0001175381743
0.01996418903
0.0001031290666
0.01996860578
8.988107643e-05
0.0199725567
7.429418901e-05
0.01997550655
6.472609663e-05
0.01997816334
5.633449589e-05
0.01998055248
4.896941045e-05
0.01998269685
4.250400476e-05
0.01998461787
3.682655304e-05
0.01998633526
3.183938203e-05
0.01998786829
2.745613965e-05
0.019989235
2.360155548e-05
0.01999045212
2.02105332e-05
0.01999153549
1.722607256e-05
0.01999249924
1.459901672e-05
0.01999335589
1.228636297e-05
0.01999411738
1.024996418e-05
0.01999479395
8.457107339e-06
0.01999539503
6.878439609e-06
0.01999592925
5.488574254e-06
0.01999640387
4.265263118e-06
0.01999682585
3.188711325e-06
0.01999720134
2.241831231e-06
0.01999753566
1.409551021e-06
0.01999783352
6.786729903e-07
0.01999809959
3.761288304e-08
0.01999833757
-5.241899133e-07
0.01999855078
-1.014931413e-06
0.01999874241
-1.442700894e-06
0.01999891524
-1.814067e-06
0.01999907174
-2.135007443e-06
0.01999921429
-2.410008691e-06
0.01999934459
-2.646948085e-06
0.01999946565
-2.829491183e-06
-3.071268626e-06
0.02422035273
-0.00168261706
0.02439760668
-0.001226655154
0.02447957181
-0.0006902490407
0.02437361909
-3.791984011e-05
0.02419483717
0.0005707071061
0.02394386271
0.001105571101
0.02362819636
0.001560671236
0.02325624161
0.001941746946
0.02286926503
0.002197438096
0.0224550752
0.00239565495
0.02205040662
0.002460038604
0.02167959678
0.00247875544
0.02136104522
0.002401997371
0.0211104569
0.00224176491
0.02090260851
0.002117462921
0.0206954854
0.001990714706
0.02051670691
0.00179157008
0.02043111039
0.001581108142
0.02034049725
0.001486807795
0.02023714178
0.001354578466
0.02011640772
0.001192445349
0.02004483437
0.001082764602
0.02000367296
0.0009675022719
0.01996685145
0.0008559411568
0.01990793461
0.0007499814126
0.01988673685
0.000664168152
0.01988078902
0.0005836346325
0.01987894055
0.0005113556192
0.01987544621
0.0004470507272
0.01987880317
0.000390598708
0.01988446274
0.0003404745911
0.01989129479
0.0002961719287
0.01989895177
0.000257112666
0.01990711676
0.0002228761095
0.0199154737
0.0001931184261
0.01992371708
0.000167486207
0.01993158447
0.0001455633921
0.01993888896
0.0001268685887
0.01994553214
0.0001108949954
0.01995149527
9.716593943e-05
0.01995825572
8.312063685e-05
0.01996291057
6.963933477e-05
0.01996705765
6.057901923e-05
0.01997075588
5.263626846e-05
0.01997405446
4.567083416e-05
0.01997699462
3.956384358e-05
0.01997961188
3.420929477e-05
0.01998193876
2.9512503e-05
0.01998400558
2.538931547e-05
0.01998583978
2.176734453e-05
0.01998746712
1.858319925e-05
0.01998891006
1.578312382e-05
0.01999018946
1.331961987e-05
0.01999132377
1.115205761e-05
0.01999232917
9.244560381e-06
0.01999322049
7.565792619e-06
0.01999401073
6.088192374e-06
0.01999471131
4.787998697e-06
0.01999533294
3.643633312e-06
0.01999588452
2.637134569e-06
0.01999637442
1.751929111e-06
0.01999680982
9.741517346e-07
0.01999719724
2.912543176e-07
0.01999754272
-3.078644811e-07
0.01999785085
-8.323176353e-07
0.01999812664
-1.290722885e-06
0.01999837406
-1.690115989e-06
0.01999859677
-2.036770211e-06
0.01999879826
-2.336494176e-06
0.01999898125
-2.593000754e-06
0.01999914854
-2.814232207e-06
0.01999930351
-2.984463966e-06
-3.210072299e-06
0.0248511729
-0.002013368715
0.02500864943
-0.00138413168
0.02503718724
-0.0007187868372
0.02494576082
5.350659188e-05
0.02475651423
0.0007599536806
0.02445183918
0.001410246161
0.02406370605
0.001948804355
0.02357906549
0.002426387503
0.02305790637
0.002718597223
0.02255610129
0.002897460024
0.02211457348
0.002901566412
0.02172015287
0.002873176039
0.02133684088
0.002785309361
0.02100385424
0.002574751551
0.02079556414
0.002325753029
0.02059685999
0.002189418846
0.02038966936
0.001998760714
0.02019353442
0.001777243081
0.0200693683
0.001610973908
0.01998400715
0.001439939618
0.01990237354
0.001274078958
0.01985655201
0.001128586126
0.01982980627
0.000994248009
0.01981309359
0.0008726538368
0.01979974798
0.0007633270179
0.01979755197
0.0006663641573
0.0198008421
0.0005803444997
0.01980756582
0.0005046318935
0.01981643101
0.0004381855385
0.01982714037
0.0003798893465
0.01983893376
0.0003286811985
0.01985142817
0.0002836775205
0.01986429427
0.000244246571
0.01987719885
0.00020997152
0.0198897915
0.0001805257801
0.01990173796
0.0001555397508
0.01991277344
0.0001345279086
0.01992274249
0.0001168995454
0.01993160739
0.0001020300899
0.01993942424
8.934909616e-05
0.01994778319
7.476169126e-05
0.01995376828
6.365424796e-05
0.01995906211
5.528518622e-05
0.01996375718
4.79412012e-05
0.01996792501
4.150301118e-05
0.01997162377
3.586508563e-05
0.01997490308
3.092997838e-05
0.01997780792
2.660766414e-05
0.0199803792
2.281802702e-05
0.01998265459
1.949194775e-05
0.01998466794
1.656985367e-05
0.01998644957
1.400148667e-05
0.01998802612
1.174307381e-05
0.01998942123
9.756950595e-06
0.01999065586
8.009931147e-06
0.01999174879
6.472857299e-06
0.01999271631
5.120673112e-06
0.01999357323
3.931088004e-06
0.01999433238
2.884477519e-06
0.01999500537
1.964149201e-06
0.01999560227
1.155025202e-06
0.0199961323
4.441258499e-07
0.01999660355
-1.799937226e-07
0.01999702286
-7.27170544e-07
0.0199973969
-1.206355323e-06
0.01999773113
-1.624953514e-06
0.01999803061
-1.989591178e-06
0.01999829996
-2.306116716e-06
0.01999854323
-2.579762136e-06
0.01999876404
-2.813801341e-06
0.01999896563
-3.015820383e-06
0.01999915221
-3.171048378e-06
-3.377017429e-06
0.02551154517
-0.00239522629
0.02576215305
-0.00163473955
0.02578420913
-0.000740842919
0.02569601156
0.0001417041527
0.02548315968
0.0009728055578
0.02506798509
0.001825420758
0.02451423246
0.002502557004
0.0238973172
0.003043302756
0.0232847133
0.003331201126
0.02268222797
0.003499945347
0.0220932764
0.003490517975
0.02164998636
0.003316466071
0.02123870882
0.003196586907
0.02084774739
0.002965712979
0.02050062191
0.002672878508
0.02026219247
0.002427848284
0.02008830647
0.002172646723
0.01994055807
0.001924991479
0.01984737393
0.001704158053
0.01978586253
0.001501451009
0.01974157564
0.001318365848
0.01971572545
0.001154436316
0.01970229643
0.001007677026
0.01969814501
0.0008768052459
0.01970086382
0.0007606082113
0.01970917705
0.0006580509209
0.01972141324
0.0005681083136
0.01973643248
0.0004896126464
0.01975336882
0.0004212492042
0.01977158422
0.0003616739404
0.01979058058
0.0003096848415
0.01980989923
0.0002643588652
0.01982906392
0.0002250818819
0.01984758232
0.0001914531176
0.01986499456
0.0001631135436
0.01988094101
0.0001395932987
0.01989521538
0.0001202535449
0.01990777958
0.0001043353467
0.01991873473
9.107494457e-05
0.01992830856
7.977526441e-05
0.01993809458
6.497566838e-05
0.01994531165
5.643718788e-05
0.01995167378
4.892305367e-05
0.01995729924
4.231574042e-05
0.01996227799
3.652426623e-05
0.0199666823
3.146077307e-05
0.01997057519
2.703708529e-05
0.01997401392
2.316893703e-05
0.01997705054
1.978139835e-05
0.01997973254
1.680994015e-05
0.01998210175
1.420064693e-05
0.01998419515
1.190808356e-05
0.01998604506
9.893171429e-06
0.01998768008
8.121923825e-06
0.01998912551
6.564500626e-06
0.01999040341
5.194960904e-06
0.01999153377
3.990314522e-06
0.01999253381
2.93104787e-06
0.01999341903
1.99926269e-06
0.01999420312
1.180053749e-06
0.01999489797
4.60180691e-07
0.01999551455
-1.724519819e-07
0.01999606209
-7.27535776e-07
0.01999654912
-1.214197854e-06
0.019996983
-1.640228843e-06
0.01999737046
-2.01240954e-06
0.01999771743
-2.336560911e-06
0.01999802933
-2.618005467e-06
0.01999831058
-2.861013497e-06
0.01999856604
-3.069259881e-06
0.01999879868
-3.248459818e-06
0.01999901425
-3.386620101e-06
-3.569485161e-06
0.02629564189
-0.0005969494383
-0.0005970576313
0.02650031984
-0.0005320287181
-0.000388027325
-0.0005312941978
-0.0003880672643
0.02649294032
-0.0007334633872
0.02642479251
0.0002098519655
0.02610488824
0.001292709843
0.02560194606
0.002328362938
0.02497060521
0.003133897867
0.02422375704
0.003790150917
0.02340338176
0.004151576418
0.0226958944
0.004207432708
0.02198553758
0.004200874789
0.02132764639
0.003974357259
0.02083327008
0.00369096322
0.02045721481
0.003341768242
0.02015321668
0.002976876635
0.01994649171
0.00263457326
0.01980374535
0.002315393079
0.01970240642
0.002026330416
0.01963765138
0.001768913088
0.0195981532
0.001540949193
0.01957673224
0.0013397868
0.01956880291
0.001162365649
0.01957060936
0.001005870572
0.01957951056
0.0008679040423
0.01959361611
0.000746502652
0.01961164384
0.0006400231925
0.01963277998
0.000546972176
0.01965649815
0.0004658944702
0.01968236106
0.0003953862934
0.0197098394
0.0003341955994
0.01973820365
0.0002813205952
0.01976653505
0.0002360274643
0.01979384871
0.0001977682154
0.01981926984
0.0001660319873
0.0198421848
0.0001401985874
0.01986231252
0.0001194655815
0.01987968451
0.0001028815555
0.01989455745
8.946240729e-05
0.01990729942
7.833298394e-05
0.01991991508
6.715960247e-05
0.01992939168
5.549906404e-05
0.01993770373
4.812514421e-05
0.01994503116
4.159562388e-05
0.01995150269
3.584420528e-05
0.01995721773
3.080923535e-05
0.01996226006
2.641843745e-05
0.0199667056
2.25915441e-05
0.01997062391
1.925062268e-05
0.01997407839
1.632691715e-05
0.01997712529
1.376303335e-05
0.01997981362
1.151231586e-05
0.01998218638
9.535326477e-06
0.01998428106
7.798494762e-06
0.01998613078
6.27219865e-06
0.01998776439
4.930898282e-06
0.01998920759
3.751761027e-06
0.0199904829
2.715000451e-06
0.01999161071
1.803243884e-06
0.01999260814
1.001828446e-06
0.01999349086
2.973344248e-07
0.01999427297
-3.219297952e-07
0.01999496627
-8.657477086e-07
0.01999558175
-1.343019091e-06
0.01999612886
-1.761300964e-06
0.01999661594
-2.127309104e-06
0.01999705074
-2.447196632e-06
0.01999743985
-2.725665956e-06
0.01999778927
-2.967427628e-06
0.01999810448
-3.17621658e-06
0.01999839017
-3.354952148e-06
0.01999865079
-3.509077834e-06
0.01999889165
-3.62747692e-06
-3.784632681e-06
-0.006667332278
0.006660085179
-0.0005247899016
8.280621817e-09
0.02581121991
-0.0002378874033
-0.006629002812
-0.006311057782
-0.006629363428
-0.006311292612
-9.439442755e-05
-0.0002374419231
-9.424290427e-05
0.02561685675
0.0004042151326
0.02534161216
0.001567954444
0.02490345023
0.002766524858
0.02425353821
0.00378380989
0.02357890138
0.004464787759
0.02278203866
0.004948439133
0.02195986795
0.005029603423
0.02127349545
0.004887247284
0.02070178709
0.004546065627
0.02027562589
0.004117124416
0.01996099824
0.003656395892
0.01973181234
0.00320606254
0.0195774103
0.002788975297
0.0194782713
0.002414532081
0.01941959508
0.002085006638
0.01939034223
0.001798165935
0.01938156154
0.001549729882
0.01938663483
0.001334713509
0.01940074113
0.001148259342
0.0194205542
0.0009860574966
0.0194440052
0.0008444530465
0.01947010304
0.0007204048049
0.01949871091
0.0006114153177
0.0195301858
0.0005154972855
0.01956489705
0.0004311832161
0.01960276036
0.0003575229844
0.0196429654
0.0002939905623
0.01968401262
0.0002402733706
0.01972403637
0.0001960037199
0.01976126577
0.0001605388181
0.01979442671
0.0001328710413
0.01982294092
0.0001116843864
0.0198468903
9.551620152e-05
0.01986681552
8.295634112e-05
0.01988345919
7.281873365e-05
0.01989755164
6.424054175e-05
0.01991132727
5.338396775e-05
0.01992183569
4.499065166e-05
0.0199310888
3.887203084e-05
0.01993926215
3.34222703e-05
0.01994647897
2.862738256e-05
0.01995284046
2.444775232e-05
0.01995844008
2.081881764e-05
0.01996336621
1.766540716e-05
0.01996770085
1.491597426e-05
0.01997151752
1.251024625e-05
0.01997488025
1.040029868e-05
0.01997784476
8.547809735e-06
0.01998045909
6.920990704e-06
0.01998276528
5.492307411e-06
0.0199848
4.237480745e-06
0.01998659584
3.135064455e-06
0.01998818136
2.166241207e-06
0.01998958175
1.314610326e-06
0.01999081898
5.660133308e-07
0.01999191292
-9.211447068e-08
0.01999288079
-6.705352255e-07
0.01999373765
-1.178784871e-06
0.01999449695
-1.625045963e-06
0.01999517053
-2.016600128e-06
0.01999576902
-2.35978521e-06
0.01999630182
-2.660105127e-06
0.01999677701
-2.922381943e-06
0.01999720218
-3.150823921e-06
0.01999758379
-3.349037622e-06
0.01999792785
-3.520276148e-06
0.01999823973
-3.666835342e-06
0.01999852376
-3.793110018e-06
0.01999878653
-3.890241061e-06
-4.019068895e-06
-0.001410460538
0.0001052851929
0.001385316213
-7.943747631e-05
-7.034017253e-07
-0.005092982849
0.005013120916
-0.0001580628782
3.741650646e-08
0.01823526349
-0.0002648094362
-0.004944406935
-0.003838731687
-0.004944859405
-0.003838240885
0.01879469109
0.001008526846
0.01924639778
0.002314818177
0.0194256544
0.003604553265
0.01937991016
0.004510531993
0.01928369849
0.005044650803
0.01913841058
0.005174891332
0.01901603092
0.005009626937
0.01891561868
0.00464647788
0.01885009828
0.004182644812
0.01881848297
0.003688011204
0.0188169679
0.003207577615
0.0188399232
0.002766020003
0.01888047778
0.002373977502
0.01893239364
0.002033090769
0.01899046214
0.00174009743
0.01905065655
0.001489535469
0.01911006951
0.001275300545
0.01916686532
0.001091463535
0.01922029063
0.0009326321747
0.01927066862
0.0007940750535
0.01931926005
0.0006718133674
0.01936788469
0.0005627906804
0.0194183041
0.0004650778755
0.01947153284
0.0003779544718
0.01952735307
0.0003017027513
0.01958426005
0.0002370835908
0.01963987845
0.0001846549625
0.01969167163
0.0001442105485
0.01973764448
0.0001145659647
0.01977677772
9.373781056e-05
0.01980908475
7.93773607e-05
0.01983535736
6.92435895e-05
0.01985676976
6.154395002e-05
0.01987451324
5.507525254e-05
0.01988972497
4.902881393e-05
0.01990426179
3.884714637e-05
0.01991564033
3.361211916e-05
0.01992569705
2.881530241e-05
0.01993458639
2.453293221e-05
0.01994242498
2.078878836e-05
0.01994931997
1.755276954e-05
0.01995537666
1.476212468e-05
0.01996069625
1.234581183e-05
0.01996537151
1.024070595e-05
0.0199694842
8.397554929e-06
0.01997310489
6.779607718e-06
0.01997629423
5.358467923e-06
0.01997910462
4.110596166e-06
0.01998158179
3.015145861e-06
0.01998376584
2.053428417e-06
0.01998569206
1.208840757e-06
0.01998739141
4.668930679e-07
0.01998889129
-1.852717913e-07
0.01999021575
-7.584448695e-07
0.01999138589
-1.262254118e-06
0.01999242033
-1.704973056e-06
0.01999333543
-2.093885809e-06
0.01999414574
-2.435345428e-06
0.01999486405
-2.73491356e-06
0.01999550171
-2.997432148e-06
0.01999606874
-3.227136377e-06
0.01999657411
-3.42773829e-06
0.01999702571
-3.602426061e-06
0.01999743067
-3.753998688e-06
0.01999779532
-3.884921997e-06
0.01999812547
-3.996989281e-06
0.01999842589
-4.093525217e-06
0.01999870342
-4.167768988e-06
-4.26624845e-06
-0.0004810036734
6.662291104e-05
-7.448156962e-05
-1.882132183e-07
0.000489050546
-0.0005286219129
0.0003501569588
0.002085893826
-3.048483659e-08
-0.0004381331839
-0.0005259108161
-0.0004366679481
-0.000133214044
-0.0001316243119
-0.0001200295095
-0.0001218185954
0.008314323127
-0.0004043401436
-0.002204896473
-0.001473765697
-0.002205008537
-0.001473825247
-0.0002065148378
-0.0004048347793
-0.0002059468578
0.009191519091
0.0001313308868
0.0100785136
0.001427823661
0.01101756073
0.002665506139
0.01196738878
0.003560703948
0.01289831811
0.004113721465
0.01376361654
0.004309592908
0.0145526518
0.004220591686
0.01525705206
0.003942077618
0.01587737839
0.003562318481
0.01641816173
0.003147227867
0.01688639128
0.002739348061
0.01729007613
0.002362335157
0.01763731496
0.002026738664
0.0179356291
0.001734776628
0.01819169752
0.001484029009
0.0184113589
0.001269874085
0.01859976403
0.001086895416
0.01876162163
0.0009296059208
0.01890144075
0.0007928130509
0.01902363767
0.0006718781312
0.01913241239
0.0005630386395
0.01923140633
0.0004637967342
0.01932326979
0.0003732144197
0.01940934741
0.0002918768447
0.01948967055
0.0002213796179
0.01956331706
0.0001634370783
0.01962902568
0.0001189463478
0.0196858325
8.740372645e-05
0.01973349863
6.689983673e-05
0.01977260986
5.462658517e-05
0.01980438132
4.760589918e-05
0.01983030867
4.331625134e-05
0.01985182859
4.002403581e-05
0.01987009981
3.680404198e-05
0.01988764838
3.148024563e-05
0.01990137781
2.511771586e-05
0.01991348484
2.150509013e-05
0.01992415962
1.814052238e-05
0.01993354744
1.514510794e-05
0.01994178231
1.255392119e-05
0.01994899528
1.033979442e-05
0.01995531155
8.445855209e-06
0.01996084538
6.811970885e-06
0.01996569724
5.388834818e-06
0.01996995367
4.141126314e-06
0.01997368892
3.044352353e-06
0.01997696703
2.080357746e-06
0.01997984373
1.233896875e-06
0.01998236766
4.912151235e-07
0.01998458167
-1.605843177e-07
0.01998652326
-7.327466027e-07
0.01998822546
-1.235301179e-06
0.01998971712
-1.676932042e-06
0.0199910237
-2.06502884e-06
0.01999216754
-2.406087614e-06
0.01999316834
-2.705767241e-06
0.01999404344
-2.968986061e-06
0.01999480817
-3.200077324e-06
0.01999547603
-3.402769214e-06
0.019996059
-3.580394181e-06
0.01999656766
-3.735787567e-06
0.0199970114
-3.871473983e-06
0.01999739861
-3.989634604e-06
0.01999773676
-4.092152434e-06
0.01999803255
-4.180703869e-06
0.01999829204
-4.256479453e-06
0.01999852028
-4.321768598e-06
0.01999872634
-4.373827005e-06
-4.436703063e-06
-2.251306724e-05
0.0001682528036
1.519958515e-09
-0.000191896661
4.61554053e-05
-0.0001022988208
0.0001881466684
0.0001103994684
-0.0001952106838
-1.03663264e-06
-0.0002536687273
0.000217288999
-0.0003680231301
6.272255603e-08
-0.0005633929356
-7.092916229e-05
-0.0001298430435
0.0005126750057
-0.0001299165419
0.000512737558
0.0001778000886
0.0006866306343
0.001463288749
0.001380017479
0.00306394055
0.001960052154
0.004851604626
0.002326057393
0.006684013908
0.002477183632
0.008445487569
0.002459118027
0.01006811953
0.00231944566
0.01151898314
0.002111454864
0.01278936256
0.001876848445
0.01388627621
0.001642434403
0.01482537657
0.001423234797
0.01562578067
0.001226334549
0.01630681619
0.00105374111
0.0168863276
0.0009045175962
0.01737999141
0.0007762102709
0.01780118166
0.0006657051715
0.01816108516
0.0005697024194
0.01846888781
0.0004850103956
0.01873195641
0.0004088095149
0.01895602291
0.000338972126
0.01914545241
0.0002743672249
0.01930364351
0.0002150233107
0.01943353368
0.000161986673
0.0195380918
0.0001168214943
0.01962064189
8.088698022e-05
0.01968491107
5.467716781e-05
0.01973480813
3.75066637e-05
0.01977405096
2.765700943e-05
0.01980580602
2.287152638e-05
0.01983246962
2.094229358e-05
0.01985563728
2.014859564e-05
0.01987622927
1.943205547e-05
0.01989469676
1.833655349e-05
0.01991225351
1.392350245e-05
0.01992599036
1.13808734e-05
0.01993798624
9.509217401e-06
0.01994837635
7.75042828e-06
0.01995732863
6.192838277e-06
0.01996502325
4.85930475e-06
0.01997163192
3.731112593e-06
0.01997730528
2.77248238e-06
0.01998216949
1.947741031e-06
0.01998632904
1.229266546e-06
0.01998987166
5.984907872e-07
0.01999287271
4.329232794e-08
0.01999539795
-4.44894335e-07
0.01999750545
-8.736006365e-07
0.01999924629
-1.249624953e-06
0.02000066517
-1.579463413e-06
0.02000180134
-1.868917243e-06
0.02000268915
-2.123101357e-06
0.02000335864
-2.346420247e-06
0.02000383629
-2.542672657e-06
0.02000414532
-2.715111714e-06
0.02000430618
-2.866618656e-06
0.02000433688
-2.999676159e-06
0.02000425326
-3.116457928e-06
0.02000406939
-3.218893488e-06
0.02000379764
-3.308631819e-06
0.02000344899
-3.387139424e-06
0.02000303321
-3.455694951e-06
0.02000255896
-3.51538323e-06
0.02000203399
-3.567176881e-06
0.02000146518
-3.611903203e-06
0.02000085888
-3.650178673e-06
0.02000022143
-3.684318398e-06
0.01999957035
-3.722750916e-06
-3.726735701e-06
8.67842747e-05
0.0001870665937
2.336915341e-08
-0.0001570798377
-0.0001167944002
0.0002183230105
0.0001713052963
-0.0001360524873
-8.570914039e-07
-0.0002527187299
0.0003495772959
0.0003711253701
-0.001733500555
-0.000175306636
4.396085997e-09
0.0003986996924
0.0003683801851
0.0004210202568
-0.008163689065
0.001869629803
0.002176399018
0.001869651987
0.002176393726
-0.007477910459
-0.006098825167
-0.004139567585
-0.001813964834
0.0006631507103
0.003122529959
0.005442443123
0.007554453027
0.009431856399
0.01107479192
0.01249843969
0.01372509436
0.01477907493
0.01568374911
0.01646004412
0.01712578112
0.0176954793
0.01818045555
0.01858921958
0.01892814541
0.01920247144
0.01941746109
0.01957942098
0.01969622095
0.0197770904
0.01983175329
0.01986924857
0.01989689688
0.01991976201
0.01994069958
0.01996084434
0.01998027303
0.01999860577
0.02001252463
0.02002390016
0.02003340324
0.02004114695
0.02004733279
0.02005218505
0.02005590929
0.02005867525
0.02006061691
0.02006184061
0.02006243403
0.02006247271
0.02006202361
0.02006114613
0.02005989291
0.02005831009
0.02005643804
0.020054312
0.02005196282
0.02004941753
0.02004669995
0.02004383098
0.02004082905
0.02003771044
0.02003448947
0.02003117883
0.02002778974
0.02002433217
0.02002081496
0.02001724602
0.0200136324
0.02000998055
0.02000629459
0.02000257023
0.0001511055487
-4.3837982e-08
-6.582444602e-07
-0.0001729165345
-0.000170448318
-7.164061236e-05
1.001587806e-07
0.000182174731
5.981404161e-05
0.0001510100912
2.248398975e-05
-2.482508808e-08
-6.123665363e-07
-0.0001728568891
-0.0001704358637
-7.167047534e-05
1.010613153e-07
0.0001821708171
5.983446115e-05
4.155137219e-08
6.161168597e-05
-0.0001453172823
-9.695556046e-05
3.340640312e-08
5.590620802e-05
4.103049925e-05
-8.67902117e-05
3.096023504e-08
6.15900675e-05
-0.0001452666775
-9.696307916e-05
3.783612024e-08
5.589665674e-05
4.10398179e-05
5.210812454e-05
-0.0004683360732
-6.467737254e-05
-9.836189162e-08
7.991756256e-05
-5.424843805e-08
-4.536472598e-05
0.0001166069633
5.200181904e-05
0.0004809926253
-7.64842895e-08
-0.0004682725526
-6.464541012e-05
7.980285894e-05
-3.266593414e-08
-4.534798731e-05
0.0001165878847
-3.379889783e-07
-0.0001041014883
3.799845063e-09
-3.310674513e-05
-0.0001044811253
-3.289410436e-05
-3.710198042e-07
6.397542449e-05
-6.338638089e-05
6.3511333e-05
-6.446445474e-05
1.26531326e-09
0.0001814899239
0.0001837260621
-0.0001464928664
-4.001150752e-07
-3.426054423e-08
6.00676584e-05
-0.0001569741878
-0.0003260105106
5.341506628e-05
0.000273118323
-5.2377659e-07
0.0001870961738
3.699411348e-09
-0.0001570555994
-0.0001168344885
0.0001814302715
-0.0002182909407
-3.757624347e-07
0.0001837243752
-0.0001464879434
-3.219581059e-08
6.005296298e-05
-0.0001569766395
-0.000325999702
-5.181274867e-07
5.337147271e-05
0.0002731364395
-0.0001112949124
1.918416834e-08
6.682491918e-09
-3.801837491e-05
3.087851787e-07
0.0001110766035
-4.627084245e-05
3.639389836e-09
-4.662601849e-05
-3.770249559e-05
-3.198849173e-07
-0.0001041143857
-3.312121891e-05
-0.000104518242
-3.294643036e-05
-0.0001113102264
3.080887625e-08
-3.803014351e-05
3.050580926e-07
0.0001111177127
-6.400500272e-05
-4.627865833e-05
-6.351742462e-05
-4.663178669e-05
-3.77310504e-05
0.0001324442865
-5.548394144e-05
-2.665394092e-07
-7.813639271e-05
1.479045757e-09
1.441107884e-06
6.198954868e-05
-0.0001451554908
1.689654464e-09
-8.692243938e-05
0.000170128243
-6.224827899e-08
-0.0001321106824
0.0001303982236
1.002686876e-07
5.504336142e-05
-0.0001069801146
-9.348079581e-05
2.744155848e-09
0.0001299043932
-0.0001067689398
6.326847506e-10
-9.377085579e-05
-7.844550149e-05
1.111628415e-06
-4.444445991e-05
-3.712361817e-05
6.371680942e-08
6.236742359e-10
3.367348125e-06
5.577310626e-05
4.153557987e-05
2.396405967e-10
-9.72612317e-05
4.172055261e-09
4.408849134e-05
-9.516657258e-05
-8.507202179e-08
3.723824113e-05
3.884341128e-06
6.714608805e-10
-9.543679643e-05
1.676140038e-10
4.333861979e-06
2.94493751e-06
-3.740216257e-07
-6.341304793e-05
-6.447109904e-05
0.0001324543779
-5.54866964e-05
-2.66544256e-07
-7.814081656e-05
1.441175573e-06
6.198845338e-05
-0.0001451593741
0.0001701311521
-8.692758195e-05
-6.252830948e-08
-0.0001321321184
0.0001303716527
1.060602143e-07
5.50549546e-05
-0.0001069676519
-9.346004324e-05
0.0001299119511
-0.0001067731967
-9.376618165e-05
-7.845615853e-05
1.112424222e-06
-4.44450522e-05
-3.712566133e-05
6.312462941e-08
3.367404071e-06
5.577317239e-05
4.153578933e-05
-9.725788931e-05
9.232044968e-09
4.409483561e-05
-9.517507481e-05
-8.327088431e-08
3.724401327e-05
3.88520634e-06
-9.543518224e-05
4.333845258e-06
2.94580669e-06
0.000122546943
-0.001434812284
-9.784682856e-05
-3.48351375e-07
0.0007165454453
-0.0007184726411
-4.110903789e-08
5.407642282e-05
0.001410346842
0.000122799657
-3.779140769e-07
-0.001434962097
-9.780650097e-05
0.0007175969064
-8.104221725e-08
-0.0007185934348
5.307939123e-05
3.174627236e-08
0.0003298537767
-0.001222810051
-0.001354664334
-0.001352401907
-0.001223515719
-7.819102907e-05
-5.739156798e-05
-5.454399325e-05
-7.934975483e-05
-1.379082005e-07
6.310587655e-05
0.0007202003876
-8.316528821e-05
0.0007766058398
4.383751197e-05
-0.000737517951
2.398830399e-07
0.0001052363215
-7.032846025e-07
0.001385236153
-7.942236218e-05
0.0003301794338
0.005092622563
-0.00122268525
-0.001354633689
-0.001352409802
-0.001223238423
-7.827698187e-05
-5.742703651e-05
-5.456925308e-05
-7.952982662e-05
-6.552890589e-05
-8.583005573e-08
6.065436103e-05
0.0007225572786
-8.317135486e-05
0.0007766035511
2.346263502e-07
4.394548821e-05
-0.0007376123143
-2.465305401e-08
0.0004619479992
4.048815695e-05
0.00046184311
5.412340984e-09
4.064244013e-05
-0.0005220200135
-8.866022567e-05
-1.106968705e-06
-1.394886459e-07
0.0001352057507
0.0001131041002
-0.0001901975938
0.0001950444293
0.0001618847424
-0.0001665175997
-2.139782436e-07
-1.292791895e-07
-7.436078198e-05
0.0004899537963
0.0005287960177
-1.133982104e-06
-0.0005221132259
-8.872015372e-05
-0.000168326325
-9.673830275e-08
0.0001351408402
0.0001130850711
-0.0001901643082
0.0001951144567
-2.340406592e-07
0.0001618690473
-0.0001665851552
-8.63170223e-05
-0.0002057338818
-4.455107566e-07
4.07490653e-08
0.0002022874462
-8.690221575e-05
-0.000146180606
0.0001252873361
-1.468661203e-07
0.0002025300547
-2.244127993e-08
-0.0001919336782
4.611378186e-05
0.0001022738324
-4.212411766e-07
-8.629088539e-05
-0.0002057260106
3.636456262e-08
0.0002022654102
-8.687607428e-05
-0.000146194137
-1.780655714e-07
0.0001253003786
0.0002025020904
1.362194668e-08
0.0006480231882
-3.641802579e-05
-0.0001043393855
-0.000101536923
-3.895956787e-05
-0.0001640363258
-0.0001457366588
-0.0001455959661
-0.0001650826745
-4.068119675e-07
0.0001920111128
-0.0001664796112
-0.0001288663405
-0.0001884718704
0.000125571919
0.0001927018674
-9.3557696e-07
0.0001881007761
-1.017428302e-06
0.0001104277538
-0.0001952372715
0.000648230248
0.0002534311647
-3.642082428e-05
-0.0001043927875
-0.0001015183407
-3.895640482e-05
-0.0001640379593
-0.0001456219132
-0.0001456141867
-0.0001650853886
-0.0001712125249
-4.371084491e-07
0.0001919864205
-0.000166530922
-0.000128902499
-0.0001884021634
-9.179119167e-07
0.0001255233424
0.0001926992303
-0.0001568116517
-0.0001170638499
1.801491675e-09
0.0001869746203
7.827874396e-09
-0.0001360309993
-0.0001145374669
-0.0001362434113
-0.0001143319743
6.994653674e-10
0.000158001461
7.318416304e-08
-0.0001804118475
-0.0001139077903
1.579300737e-09
-7.293176119e-08
-0.000158123898
-0.0001496247146
0.0001910271451
-0.00015001521
1.132401662e-09
0.0001908787461
-0.0001800675868
-0.0001140141379
0.0003129264079
-8.991426045e-05
-2.301195323e-06
4.815323408e-05
-1.193174566e-06
-0.0003729746061
-0.0004726362047
2.924314348e-05
0.0004453375381
-1.959394961e-06
-8.292328538e-07
-0.0001360377007
-0.0002526365356
-0.0003496397671
-2.319398485e-06
0.0003129529075
-8.9896243e-05
-1.187614233e-06
4.813494613e-05
-0.0003729558536
-0.0004725738822
-1.955917268e-06
2.917619734e-05
0.0004453384988
0.0001439143688
-2.688467868e-05
-1.007820066e-07
-0.0001500406943
5.039864569e-09
-7.264007917e-07
-0.0001728018662
1.064276704e-09
0.0001511323965
2.235097423e-05
-1.185330615e-08
-0.0001439951852
0.0001233199676
3.931749369e-08
2.678426189e-05
-0.0001837320659
-1.600804394e-05
3.578280091e-09
0.0001230605876
-0.0001835716656
3.531055475e-09
-1.607909217e-05
-0.0001502058138
-4.434720438e-05
-0.0001436615106
-5.404076446e-08
3.689630912e-09
0.0001820773313
6.006707545e-05
2.264615797e-09
-7.191827864e-05
-2.934122632e-08
4.43399329e-05
-4.586792672e-05
3.189881627e-07
0.0001436224327
1.978400227e-09
-4.587286218e-05
2.923096965e-09
0.0001439165821
-2.689301541e-05
-9.458382752e-08
-0.000150045146
-6.883406407e-07
-0.0001727901179
0.0001510823226
2.237237709e-05
-3.129921609e-09
-0.0001439725383
0.0001232039927
2.456535101e-08
2.679165206e-05
-0.0001836742693
-1.599883856e-05
0.0001230819163
-0.0001835794349
-1.607561223e-05
-0.0001502219
-4.435907684e-05
-0.0001436639602
-4.856200765e-08
0.0001820755953
6.007365589e-05
-7.191476673e-05
-2.210308287e-08
4.438127527e-05
-4.586262805e-05
3.07215491e-07
0.0001436202408
-4.588302947e-05
4.812929222e-05
0.0002691400561
2.289544244e-09
-6.894605987e-05
1.94355727e-09
-3.10086879e-08
-4.810840663e-05
4.175134591e-05
-7.100926892e-09
-0.0002690205869
-8.536666186e-05
0.0002897169669
-0.0004681486717
-6.485968039e-05
-4.866698616e-09
0.0004809856016
5.192926759e-05
2.394889396e-09
4.17903358e-05
-8.530162174e-05
-2.565573212e-10
0.0002895751567
-6.880964245e-05
-4.533836112e-05
0.0001165711451
-4.135660327e-10
7.984578609e-05
1.078373495e-07
9.477765277e-05
9.479609759e-05
5.076789173e-09
0.0001282254187
-2.014377504e-08
2.150515358e-09
-7.463571422e-11
-0.0001282639466
0.0001595043267
2.417814662e-09
0.0001594924341
-5.164625201e-08
0.0004619335576
4.05969616e-05
0.0004618639857
4.068660569e-05
4.813873413e-05
0.0002691240516
8.350825749e-09
-6.893964811e-05
-0.0004681118953
-6.481716342e-05
5.195303201e-05
0.0004808946704
-4.702911147e-08
-4.813617362e-05
4.184420712e-05
-1.119686625e-08
-0.0002689813047
-8.533501574e-05
0.0002896821032
4.184618196e-05
-8.529716947e-05
0.0002895926093
-6.879037201e-05
-4.533520748e-05
0.0001166045137
7.97799286e-05
5.671380587e-08
9.477374648e-05
9.479946593e-05
0.0001282236235
-5.062115304e-09
-2.414406018e-08
-0.0001282692326
0.0001595462452
0.0001595092297
0.0001538545323
-0.0002248307302
1.835706314e-07
-0.0001096212406
2.012903094e-09
-1.853672905e-07
-0.0001539720931
0.0001882588017
-3.725279167e-07
0.0002241921044
-0.0001028192731
-0.0002674931735
0.0001844243521
-0.0001465108222
-1.575765088e-10
-0.0002196532551
0.0001813397659
7.758427791e-10
0.0001880775247
-0.0001027007402
1.984315911e-09
-0.0002690153329
-0.0001096640049
5.997719088e-05
-0.0001572591918
6.44642146e-10
-4.289742551e-08
-0.0001495934855
-0.0001498352568
7.706908304e-10
-5.948286048e-05
1.226523623e-07
-0.0002043834486
5.996939895e-10
-1.249304744e-07
5.954137944e-05
-0.0002163811759
-0.0002168593855
1.020030045e-09
-0.000203943604
-0.0002572743597
-5.69634342e-05
2.323228241e-07
7.764123868e-10
-4.770112071e-07
0.0002563866238
-0.0003053138253
-2.501758691e-07
5.698866636e-05
5.336131207e-05
0.0002740739514
8.885659861e-10
-0.0003279609157
3.296519008e-10
-0.0003070911294
1.544231883e-09
-0.0001568300466
-0.0001170670524
0.0001869750086
1.133862939e-08
-0.0001360276097
-0.0001144993744
-0.0001362474295
-0.0001143367627
0.0001580083557
7.67039236e-08
-0.0001804157416
-0.000113915179
-7.463174914e-08
-0.0001581342443
-0.0001496368486
0.0001910112341
-0.0001500153914
0.0001908831927
-0.0001800818071
-0.0001140033493
0.000153859917
-0.0002248352609
1.841831412e-07
-0.000109622571
0.0001844183248
-0.0001465180887
0.0001813518927
-0.0002196280595
-1.74345059e-07
-0.0001539622794
0.0001882241465
-3.813401114e-07
0.0002241905409
-0.0001027478791
-0.0002675492704
0.0001880892856
-0.0001026803744
-0.0002690523371
-0.0001096693668
5.997902437e-05
-0.0001572572834
-3.666916597e-08
-0.0001495848245
-0.0001498288215
-5.948194044e-05
1.195157329e-07
-0.0002043809838
-1.250216078e-07
5.953418482e-05
-0.0002163890374
-0.0002168595675
-0.0002039344811
-0.000257272985
-5.696211085e-05
2.323134135e-07
5.33493083e-05
0.0002740757961
-0.0003279469964
-4.75946242e-07
0.0002563856299
-0.0003052860871
-2.508002604e-07
5.698590897e-05
-0.0003070796632
-0.000596585082
-5.224229177e-08
-3.476086654e-08
0.006468014346
-0.0001698600558
-0.0001204852678
-0.0001688674998
-0.001603606908
-0.001602813391
-0.001637449384
-0.001638935195
-0.0005970389481
0.006667485158
0.006467413609
-0.000120682498
-0.0001695663274
-0.0001685197477
-0.001603748549
-0.001602903588
-0.001637403987
-0.00163886299
-0.0003569111038
-3.388046293e-08
0.006338117056
3.610209056e-08
-9.450324163e-05
-0.0001031976067
-9.194267637e-05
1.956858259e-09
0.006660895436
-0.0005246961804
-0.0003565691395
0.006337680352
-0.0001031571955
-9.45660487e-05
-9.196728418e-05
6.58370893e-08
0.001297802405
-0.0001071468754
2.783396942e-09
0.001297105086
-0.0001063281204
6.109817594e-05
-0.001210632663
-1.377500923e-07
-7.314622957e-05
8.413852079e-09
-1.089656603e-06
-6.276170523e-05
-7.651802739e-07
0.001212572854
-0.001222652837
-6.859232396e-05
0.001384339133
-7.821131541e-05
-0.001410024478
-4.343071129e-09
3.053166041e-09
-0.001222234334
-6.734976104e-05
-2.50876839e-08
-7.384231339e-05
-2.566127772e-05
-1.91563762e-08
0.003602716686
3.405716867e-08
-0.0009305515283
-0.0007756167395
-0.0009278825373
-4.746206677e-08
-0.000261628823
0.00501307961
-0.0001578615531
-2.604186917e-05
0.003602497298
-0.0003497642543
-0.0007755993784
-0.0009305047124
-0.0009278529033
-0.000261832916
-1.458167674e-08
0.0003153554473
-0.0001001054821
-7.443107596e-05
0.0004890269851
6.621600757e-05
-1.455013435e-08
0.00031515819
-0.0001000297927
1.093878495e-09
8.223596073e-05
1.349585681e-07
0.0003496972901
-0.0001169110214
9.983391492e-10
-3.688406168e-07
-8.239563089e-05
6.820876767e-05
0.000503606232
6.830645139e-05
0.0005025820394
5.631949182e-09
0.000350304069
-0.0001172092799
-0.0003805771965
-5.427648172e-08
0.0001584117488
0.0002255394642
-7.601104061e-07
-7.160314315e-08
-0.0002670518179
-0.0002641905113
-0.000335592802
-0.0003394129633
0.002086273303
-0.0005259855996
-0.0004380653773
-0.0004365169916
-0.0001333033123
-0.0001316450465
-0.0001199996072
-0.0001217560442
-0.0003806224322
-7.858240493e-07
0.000158407449
0.0002255936103
-0.0002671045211
-0.000264161763
-0.0003355935165
-0.0003394292229
-0.0001919753287
4.585896376e-05
0.000168465325
3.53132768e-09
5.752068281e-10
-3.270146521e-06
-0.0002046351365
-3.459236522e-06
-0.000204596325
1.715018852e-09
0.0002028612686
2.568272995e-08
7.279016649e-06
-0.0002136273789
2.175102864e-09
-3.457804609e-08
-0.0002028204253
0.0001817879691
6.722243843e-05
0.0001818816286
6.680235764e-05
1.68301287e-09
7.465163836e-06
-0.000213530048
0.0001786352619
-2.551120728e-05
-1.861401665e-07
-0.0001893574355
1.496571644e-09
-1.272296399e-06
-0.0001782591812
0.0001855915611
-4.743668322e-07
2.792730075e-05
-2.079867271e-05
-0.0002018649466
0.000108143099
-0.0001954120265
-0.0001009738529
1.060834233e-09
0.0001872050991
-6.488944212e-10
0.0001839697978
-1.992439251e-05
-0.0002014762759
3.081058513e-09
-0.0001894775716
-0.0001190368056
-3.208682843e-08
-0.0006200457412
4.317740589e-09
0.0001171847191
0.0001954583806
0.0001220286911
-1.897357214e-09
-0.0002264056467
0.0002168863964
-0.0003682272893
-0.0001190090949
-0.00062008695
-0.0003711183844
0.0001954267607
0.0001171122629
0.0001220411655
-0.0002263603916
-8.974475566e-07
-0.0003107782722
-9.186994831e-05
-0.0001363363448
-0.0002555477002
0.0001713739583
-2.736374802e-10
-0.0003141905203
-9.205935359e-05
7.446722773e-10
0.000124902242
2.428489194e-06
-0.0003554917433
-8.602874565e-05
-7.607013909e-10
-2.078558192e-06
-0.0001239239016
0.0001565341714
-0.0002832504457
0.0001575852774
-0.000290306883
-2.409142937e-09
-0.0003471612916
-8.511239336e-05
-9.027337213e-05
-3.028710872e-09
-0.002086001168
4.613558212e-10
0.0004534117139
0.0005026597576
0.0004818923895
-2.031836151e-09
-0.001733533149
-0.0001752705051
0.0003684237625
0.0003986474887
0.0004209786426
-9.024458822e-05
-0.002086020926
0.0005026171659
0.0004534962913
0.0004819701062
0.0001351381506
0.001248910307
2.839243517e-07
-8.653230876e-05
2.320955535e-09
-3.812737602e-07
-0.0001351695204
-4.375474709e-07
-0.001249198853
-7.086327377e-05
-0.001434598507
-9.626085388e-05
1.258997432e-09
-7.282806255e-09
-7.002380451e-05
1.37595083e-09
-8.697937042e-05
-7.4101386e-08
6.393565145e-05
0.0007300128342
6.37566368e-05
0.0007299148959
7.043097406e-09
6.3041426e-08
0.001025236912
4.456114945e-09
0.001025639932
-6.419582759e-09
5.32979662e-05
-0.0007184176235
5.337616753e-05
-9.871826956e-10
0.0007169306094
5.327213719e-05
9.037868181e-09
0.000991822584
1.442513956e-07
9.906826751e-09
-2.093358088e-07
-0.0009921027562
0.0009755252464
6.820595102e-09
0.000974958789
0.0001274461423
7.050251841e-08
0.001297824811
-0.0001071738999
-2.968426455e-07
-0.000127638766
0.001469090954
0.0001527304708
0.001468623196
0.0001520607598
0.001297160899
-0.0001064006342
0.0001350889868
0.001248924319
2.959159308e-07
-8.648209071e-05
-0.001434810134
-9.620909917e-05
0.001409960077
-3.750131108e-07
-0.0001350624575
-4.662484682e-07
-0.001249259537
-7.052577601e-05
0.001222445061
-6.995115846e-05
0.001222201517
-8.686517881e-05
-7.967774571e-08
6.39578745e-05
0.0007300553682
6.370544819e-05
0.0007299844726
5.785271943e-08
0.001025148435
0.001025528326
-0.0007184656235
5.322068554e-05
0.0007171159401
-5.331134169e-08
5.335945677e-05
5.332074718e-05
0.0009918158375
1.811631139e-07
-3.000582337e-07
-0.0009922037552
0.0009750574515
0.0009747920944
6.218413847e-05
0.0007208735601
-4.899199011e-08
-0.0009694081428
-6.617968441e-05
5.586278583e-07
0.0009618526075
3.035849696e-08
-4.487170157e-07
0.0009704875047
-1.093895573e-07
6.504861146e-05
0.0007234699321
-6.370733643e-08
0.0007228532594
3.766904553e-08
0.0009622524513
0.0009414983239
-5.862319559e-05
7.670905195e-07
1.935027997e-08
-1.198809121e-06
-0.000942906779
-6.794046317e-07
5.923696572e-05
-7.260557108e-05
4.213618331e-05
-0.0007353444224
2.133630745e-09
-8.217074338e-05
9.172530161e-09
1.514222489e-08
-7.180890064e-05
6.114993283e-05
-0.001210152275
-1.36645917e-07
-7.353784639e-05
0.001384318466
-7.822321046e-05
-1.094390254e-06
-6.286922357e-05
-7.463562412e-07
0.001211613329
-6.784428607e-05
-6.69453927e-05
-7.463095724e-05
6.087345847e-05
0.0007220383745
-6.593072108e-05
-0.0009682648996
-6.727416822e-05
5.81331373e-07
0.0009614502415
-3.915644046e-07
0.0009682590896
-1.402609953e-07
6.723694896e-05
0.0007241497751
-6.868917082e-05
0.0007231934798
-6.853187092e-05
0.0009614464239
0.0009414329869
-5.903217386e-05
7.917893002e-07
4.219467327e-05
-0.0007353939418
-8.216334217e-05
-1.214669268e-06
-0.0009427715801
-7.007224385e-07
6.006319399e-05
-7.282499333e-05
-7.191822635e-05
9.036347727e-05
0.0003919038708
3.714825035e-07
-0.0001329460788
4.532633205e-09
-7.942604455e-07
-9.022509094e-05
3.803726511e-07
-0.0003934829442
-0.0001336908648
-0.0005203337978
-8.885625111e-05
1.530181058e-09
8.566373007e-09
-0.0001332386992
-1.244464026e-09
-0.000133032468
0.000135068756
0.0001131046233
-1.756814764e-09
-9.752907466e-08
0.0001947021278
0.0001944329778
8.898262864e-10
-0.0001552531563
1.688353296e-07
0.0002326083694
-2.091921127e-09
-5.997170858e-08
0.0001550009934
0.000139951053
0.0001396734833
-3.561773623e-10
0.0002326626733
0.0002607367973
-0.0001613726317
2.958902634e-07
2.240043294e-09
-4.283526295e-07
-0.000261394666
0.0002900168972
-9.322462717e-08
0.0001614685524
-0.0001879418788
0.0001618738262
-0.0001660790052
2.741530998e-09
-0.0001900154129
0.0001940038797
7.199137683e-11
0.0002889435198
2.420810498e-09
-0.0001878737906
-7.440719139e-05
0.000489227318
-3.765806017e-08
0.000315432783
-0.0001000738124
0.0003152066375
-0.0001000577849
8.225241541e-05
1.271558664e-07
0.0003496868901
-0.0001168588097
-3.036461498e-07
-8.233638004e-05
0.000503904639
0.0005026498566
0.0003502996111
-0.0001170760554
9.037860875e-05
0.0003918865075
3.72459688e-07
-0.000132946159
-0.0005203295676
-8.895183684e-05
-7.892300309e-07
-9.024434751e-05
3.787322572e-07
-0.0003934563511
-0.0001337079092
-0.0001332048176
-0.0001330286186
0.0001350505322
0.0001130895156
-0.0001684586156
-9.943667242e-08
0.0001947127087
0.0001944034364
-0.0001552302846
1.481327423e-07
0.000232624687
-4.925884561e-08
0.0001549426139
0.0001399998017
-0.0001818080843
0.0001396887796
-0.0001818791562
0.00023272741
0.0002607552525
-0.0001613723939
2.979174711e-07
0.0001618799455
-0.0001661030483
-0.0001900289965
0.0001940208082
-4.422273438e-07
-0.0002614477611
0.0002900511232
-1.064937179e-07
0.0001614510356
-0.0001879298922
0.0002889882283
-0.0001878907393
0.0002068464786
1.514850192e-05
6.345261443e-08
-0.0002147817808
2.365267537e-09
-1.686871544e-07
-0.0002068677753
-1.389673657e-07
-1.550411394e-05
-0.0002108894636
-8.560435223e-05
-0.0002058297164
-7.058511758e-10
2.007683416e-09
-0.0002107460963
1.52211767e-09
-0.0002148432674
0.0002021564622
-8.7061322e-05
1.9478239e-09
-4.116497981e-08
-4.817445719e-05
-4.835468598e-05
8.008649874e-10
2.586619083e-08
0.0002092738194
-0.0001051747537
0.0002092907772
-0.0001054502315
2.750911775e-09
3.036192795e-08
-5.272238142e-05
7.344386934e-10
-5.240031526e-05
-1.469954612e-08
0.0002083860909
0.0001257547959
0.000202468826
3.971506396e-09
-0.0001470347003
0.0002083627465
4.645709072e-09
-5.9231303e-05
8.989371958e-08
1.822334741e-12
-2.128113937e-07
5.87675927e-05
-6.691418382e-05
-1.107524275e-09
-6.772027481e-05
-0.0001919774291
4.587228323e-05
-6.218848531e-09
-3.317592269e-06
-0.0002046087052
-3.470864129e-06
-0.0002045866789
0.0002028584626
2.651791196e-08
7.275438844e-06
-0.00021362911
-5.08725173e-08
-0.0002028375798
6.719415607e-05
6.680238772e-05
7.459460465e-06
-0.0002135881159
0.0002068432659
1.514759148e-05
6.54190743e-08
-0.0002147784639
-8.558671982e-05
-0.0002058063301
0.0001009421142
-1.701948236e-07
-0.0002068564314
-1.462925922e-07
-1.550734558e-05
-0.000210868089
2.079571384e-05
-0.0002107417424
1.993823353e-05
-0.0002148389011
0.000202154035
-8.705547702e-05
-2.92892526e-08
-4.817663726e-05
-4.834415427e-05
3.259993279e-09
0.0002093098294
-0.0001051779256
0.000209284927
-0.0001054511939
3.171092797e-08
-5.271930314e-05
-5.242321078e-05
0.0001257674979
0.0002024668375
-0.0001470565351
-5.314981821e-08
0.0002083997519
0.0002083570871
-5.92326612e-05
9.198923291e-08
-2.147251202e-07
5.877037123e-05
-6.692164294e-05
-6.772339617e-05
0.0001921055221
-0.0001681775631
4.484709812e-09
7.760545158e-05
-0.0001767634043
8.908007558e-07
-9.108983316e-05
-4.422810935e-10
-5.144628266e-07
-7.625354349e-05
-1.129092127e-06
0.0001759343524
-0.0001847506997
-3.988559016e-11
-0.0001884840206
-7.626851321e-10
-8.890595384e-05
-0.000102565236
-0.0001542990192
1.736217253e-06
1.885466882e-09
-1.326261251e-06
9.83462375e-05
-2.544532408e-06
0.0001539061811
-0.0001434104775
0.000127462836
0.0001995663409
-8.872365292e-10
-0.0001325054931
4.050022127e-09
-6.951787704e-10
-0.0001457605405
0.0001786309448
-2.55089567e-05
-1.865323262e-07
-0.0001893547699
0.0001081243459
-0.0001954201905
0.0001872215941
-1.258516911e-06
-0.0001782374276
0.0001855309141
-4.883966263e-07
2.790792237e-05
-0.0002018610839
0.0001839777781
-0.0002014762173
-0.0001894724401
0.000192103268
-0.0001682089141
-0.0001713835165
7.761390783e-05
-0.000176766675
8.90824799e-07
-9.109327149e-05
-5.175304401e-07
-7.627878273e-05
-1.128129253e-06
0.0001759410595
-0.0001847800656
-0.000156563788
-0.0001884752012
-0.0001576292728
-8.891933331e-05
-0.0001025623535
-0.0001543018006
1.7347971e-06
0.0001274576093
0.0001995506129
-0.0001325002686
-1.32628519e-06
9.833997939e-05
-2.527756863e-06
0.0001539299434
-0.0001434830165
-0.0001457548407
0.0001117799934
-0.0003942146391
4.769838804e-06
-7.782558713e-05
-1.349688216e-09
-4.307474729e-06
-0.000109427044
-1.123355326e-06
0.0003758967616
-6.598797574e-05
0.0003285955466
-9.50243336e-05
2.289328773e-09
6.412432813e-10
-6.934117257e-05
-9.029878399e-10
-7.592174223e-05
-1.082814411e-06
-0.0003479477317
4.829220664e-05
-0.0003774498369
-2.913376406e-10
-0.0003519406118
-4.775099829e-10
-4.432187088e-05
2.93011969e-06
-0.0003965786116
1.00134003e-09
-3.187004991e-06
4.385789188e-05
-0.0004136519748
-0.0004249648166
6.453251289e-12
-0.0003862721009
-0.0004415024092
-3.872462872e-05
5.822357729e-06
4.812136325e-10
-1.820736957e-06
0.0004184876132
-6.209045775e-06
3.788387913e-05
3.077380931e-05
0.0004699095031
5.518689745e-11
1.871183121e-09
1.209609038e-10
-0.0001363248246
-0.0002555162588
-8.964901061e-07
-0.0003107747939
-9.191569193e-05
-0.0003141649524
-9.210795598e-05
0.0001248951661
2.419154739e-06
-0.0003554919472
-8.598808431e-05
-2.064075934e-06
-0.0001239042607
-0.0002832319887
-0.000290316845
-0.0003471468263
-8.511307316e-05
0.0001117779265
-0.0003942103461
4.76994518e-06
-7.783083055e-05
0.0003286152661
-9.50088785e-05
-4.322147196e-06
-0.0001094399445
-1.121151396e-06
0.0003758907554
-6.601835574e-05
-6.936264403e-05
-7.592607597e-05
4.830373268e-05
-0.0003774444113
-1.086933517e-06
-0.0003479798999
-0.0003519712984
-4.432065724e-05
2.941345926e-06
-0.0003965790637
-3.188622406e-06
4.386949916e-05
-0.0004136453193
-0.0004249606416
-0.0003862821203
-0.0004415103021
-3.872586301e-05
5.826737736e-06
3.073647611e-05
0.0004699077758
-1.835505474e-06
0.0004184896348
-6.210185944e-06
3.789182391e-05
-1.979912316e-07
0.0001547481179
0.0001533302077
-2.539075638e-09
5.541818243e-07
-6.870343543e-09
-2.146761819e-07
0.0001547382206
0.0001533250833
5.63666419e-07
-6.868350646e-07
0.0003159014407
-2.085270562e-07
0.0001442877374
0.0001572437532
0.0002232030321
2.091212834e-09
0.0003138785018
-2.363831025e-09
0.0001427785777
-4.769851012e-09
1.042387016e-06
-7.622281393e-09
0.0001572419072
0.0002232167622
-7.154923161e-07
0.0003158707548
-2.360469975e-07
0.0001442560458
0.0003138672346
0.0001427919656
1.058472493e-06
5.757830422e-07
7.365789635e-08
-4.501524187e-06
5.616758413e-11
1.430555902e-07
5.734944449e-08
-2.165442413e-06
2.652999104e-11
4.590046722e-08
-5.99954319e-07
1.217367216e-11
3.792201196e-07
-4.499433527e-06
5.402004749e-08
-2.165317486e-06
-6.001505018e-07
1.329723111e-06
-2.554703689e-06
9.079134637e-08
1.566256097e-11
3.183322186e-07
-1.223032491e-06
6.897110754e-08
6.48313446e-12
-3.33866733e-07
5.223708775e-08
2.956998102e-12
1.427602156e-06
-9.515773128e-08
2.552297857e-06
2.788319727e-07
-7.293426814e-08
1.221906346e-06
-5.486659759e-08
3.337545803e-07
1.684425645e-06
-1.211770545e-12
3.886700886e-07
-1.815254568e-12
-7.506101453e-13
1.088598938e-06
2.141569345e-07
5.75812608e-07
7.365294077e-08
-4.501777857e-06
1.430590902e-07
5.734255603e-08
-2.165573333e-06
4.589493626e-08
-5.999915952e-07
3.795464812e-07
-4.500155073e-06
5.410286162e-08
-2.165702332e-06
-6.002656834e-07
1.329732315e-06
-2.554802666e-06
9.071524941e-08
3.18324522e-07
-1.223080786e-06
6.892601889e-08
-3.338794441e-07
5.221345157e-08
1.427957501e-06
-9.502695368e-08
2.552604364e-06
2.789230624e-07
-7.286432197e-08
1.222062769e-06
-5.48321015e-08
3.338011977e-07
1.684400119e-06
3.886524934e-07
1.088969129e-06
2.142490287e-07
)
;

boundaryField
{
    inlet
    {
        type            calculated;
        value           nonuniform 0();
    }
    outlet
    {
        type            calculated;
        value           nonuniform List<scalar> 
25
(
0.01996519902
0.02002097238
0.0200172232
0.02000104824
0.02000097871
0.02000089377
0.02000079454
0.02000068244
0.02000055952
0.02000042787
0.02000028952
0.02000014659
0.02000000132
0.01999985598
0.01999971288
0.01999957426
0.01999944232
0.01999931916
0.01999920672
0.01999910679
0.01999902096
0.01999895059
0.01999889679
0.01999886039
0.01999884193
)
;
    }
    topAndBottom
    {
        type            symmetry;
        value           uniform 0;
    }
    frontAndBack
    {
        type            empty;
        value           nonuniform 0();
    }
    cylinder
    {
        type            calculated;
        value           uniform 0;
    }
    procBoundary1to0
    {
        type            processor;
        value           nonuniform List<scalar> 
116
(
-0.02132515248
-0.02133793903
-0.02136357867
-0.0214025127
-0.02145536444
-0.02152299492
-0.02160652996
-0.02170745652
-0.02182768529
-0.02196953557
-0.02213596486
-0.0223307959
-0.02255879603
-0.0228261979
-0.02314079965
-0.02351434603
-0.02396228979
-0.02452042121
-0.02512968758
-0.000698482956
-0.006489815565
-0.006561273672
-0.006488176245
-0.006560472862
-0.0006986398044
-0.00666764445
0.0001645089913
0.0001665198825
-0.0004667268817
-0.0004667741273
0.0001064635417
3.107887496e-05
0.0001063038272
2.002882276e-05
3.073339999e-05
2.011195377e-05
-2.180352375e-07
5.808497e-07
4.518591458e-05
4.431717977e-05
-1.13911169e-06
-8.524279003e-07
0.0001064740844
3.108520588e-05
0.000106391451
2.015929875e-05
3.075332064e-05
2.014675731e-05
4.520184767e-05
4.436132096e-05
-1.139118447e-06
-8.522911741e-07
-2.179425829e-07
5.809184358e-07
-0.0007533862221
-0.001493885823
-0.0007533366005
-0.0004668443726
-3.567125139e-05
-0.0002483275373
-3.568463277e-05
-0.0002483170402
-1.693024093e-05
-1.697112636e-05
-0.00010235737
-0.0001023160868
-0.0004669194504
-3.567736675e-05
-0.0002483295324
-3.570473638e-05
-0.0002483187405
-1.697446372e-05
-1.699096806e-05
-0.0001023566199
-0.0001022909117
-0.001605529936
-0.006667556067
0.000164571694
0.0001666103261
-0.001605541607
0.0001274238819
-0.001318148051
0.0001275876943
-0.001469121552
-0.0001526270916
-0.00131829884
-0.001468701846
-8.880949707e-11
-0.0001519477983
-0.0007531102475
-0.001068694649
-0.001067969359
-0.001318164802
-0.001493534565
-0.001318328553
-0.0007530759663
-0.001068670295
-0.001067913221
-0.001650152774
-0.001604391293
-0.001649175477
-0.001604385121
-0.001650171445
-0.001649221135
5.305507156e-06
2.547865672e-06
7.000709258e-07
5.306686281e-06
2.548484837e-06
7.002631533e-07
5.293135792e-06
2.540790376e-06
6.970988736e-07
5.293549167e-06
2.541010876e-06
6.971666528e-07
)
;
    }
    procBoundary1to3
    {
        type            processor;
        value           nonuniform List<scalar> 
125
(
6.853799225e-07
8.520194641e-07
9.321524734e-07
7.945265112e-07
4.546046875e-07
6.806571764e-08
-2.612221429e-07
-4.674940804e-07
-5.550140189e-07
-5.548912294e-07
-5.010945802e-07
-4.129775906e-07
-3.20125372e-07
-2.394796509e-07
-1.566098231e-07
-8.476160098e-08
-3.183440681e-08
4.242016382e-09
3.414318143e-08
4.549419964e-08
4.631348027e-08
4.12290365e-08
3.369653453e-08
2.679994607e-08
2.151358336e-08
1.752213393e-08
1.429113615e-08
1.140348952e-08
8.734276618e-09
6.44087187e-09
4.755346858e-09
3.86289274e-09
3.371635299e-09
3.804543254e-09
4.616502897e-09
5.308072038e-09
6.116433104e-09
6.701200917e-09
7.011033873e-09
7.064385323e-09
6.893978702e-09
6.550080484e-09
6.092714354e-09
5.583911493e-09
5.080122939e-09
4.621441454e-09
4.215656167e-09
3.875483615e-09
3.586614007e-09
3.338453726e-09
3.122226996e-09
2.927682551e-09
2.753736239e-09
2.601506705e-09
2.466571531e-09
2.348823212e-09
2.248244022e-09
2.162105121e-09
2.087245223e-09
2.020103919e-09
1.956876451e-09
1.894999178e-09
1.833910231e-09
1.774997663e-09
1.720844981e-09
1.674237964e-09
1.636175846e-09
1.612014933e-09
1.572568377e-09
-1.476894266e-08
4.027971981e-09
9.400336016e-08
-1.455326028e-08
-1.122571113e-08
8.969264852e-10
-7.202238682e-09
9.919250838e-09
-1.428792044e-08
-7.011294512e-09
-7.138960893e-09
-1.299763366e-08
-6.131710315e-09
-6.823367075e-09
1.492178577e-08
8.823004192e-09
1.509629996e-08
-1.414229647e-08
-9.463069041e-09
-8.620682158e-09
-1.34531051e-09
9.810066719e-10
-5.965584215e-10
-1.119176869e-08
3.222844533e-09
-3.65215583e-09
4.651540598e-09
1.22959414e-08
4.8653121e-09
1.265091715e-07
9.343609197e-08
1.261809266e-07
3.829651557e-09
6.479434119e-09
6.109352922e-09
1.074304423e-08
1.700096198e-08
1.089207997e-08
5.772727321e-09
8.595537694e-09
6.962459095e-09
1.704368972e-08
1.154243999e-08
1.120397229e-08
-3.99680049e-10
-2.024051746e-10
-6.00891809e-11
-4.163944182e-10
-2.131380294e-10
-6.406360012e-11
-3.294398414e-10
-1.651881313e-10
-4.828990771e-11
-3.890889623e-10
-1.984260431e-10
-5.935868206e-11
)
;
    }
}


// ************************************************************************* //
