/*--------------------------------*- C++ -*----------------------------------*\
| =========                 |                                                 |
| \\      /  F ield         | OpenFOAM: The Open Source CFD Toolbox           |
|  \\    /   O peration     | Version:                                        |
|   \\  /    A nd           | Website:  www.openfoam.com                      |
|    \\/     M anipulation  |                                                 |
\*---------------------------------------------------------------------------*/
FoamFile
{
    version     2.0;
    format      ascii;
    class       volScalarField;
    location    "3.4";
    object      p;
}
// * * * * * * * * * * * * * * * * * * * * * * * * * * * * * * * * * * * * * //

dimensions      [0 2 -2 0 0 0 0];


internalField   nonuniform List<scalar> 
2429
(
0.09325875069
0.09354031112
0.0942337569
0.09536219682
0.09692091678
0.0989419574
0.1014923439
0.1046588794
0.1085487326
0.1133008957
0.1190998893
0.1261919488
0.1349078241
0.1456987713
0.1591847115
0.1762490042
0.1980918755
0.2266376228
0.2638049646
0.3076150739
0.3621253368
0.4656785954
0.5799827553
0.09288345643
0.09315688815
0.09382900521
0.09492217561
0.09643068547
0.09838367881
0.1008433104
0.1038894522
0.1076194396
0.1121578901
0.1176678413
0.1243628078
0.1325225499
0.14251622
0.1548284383
0.1701066405
0.1891530136
0.2131361618
0.2428788023
0.2830258059
0.3261251611
0.3892162194
0.4049859516
0.09214465905
0.09240064734
0.09303141462
0.09405639409
0.09546770766
0.09728921942
0.09957408683
0.1023893749
0.1058144164
0.1099478158
0.1149142565
0.1208698951
0.1280070475
0.136558478
0.1467913225
0.1590006505
0.173402842
0.1901202829
0.2083256338
0.2261435725
0.2513533682
0.2508264551
0.1788713728
-0.2037611605
-0.4210893909
0.09106400901
0.09129555202
0.09186790559
0.09279660831
0.09407098604
0.09570795571
0.09774881115
0.1002439666
0.1032497617
0.1068321775
0.1110687901
0.1160474358
0.1218586314
0.1285846743
0.1362522434
0.1448104224
0.1539110311
0.1628324318
0.1696628081
0.171121019
0.1786593222
0.1466000465
0.05670493051
-0.155421627
-0.4396257864
-0.5364953092
-0.4711122539
-0.4192709013
0.08967313356
0.08987500769
0.0903750603
0.09118471041
0.09229085947
0.09370257911
0.09544769471
0.09755829788
0.1000661348
0.1030029633
0.106397855
0.1102722917
0.1146173537
0.1193870698
0.1244139446
0.1293995072
0.1336923547
0.1361375805
0.1346090407
0.1252299902
0.1016647852
0.07400063702
-0.007172086967
-0.1307778973
-0.25804221
-0.345589277
-0.3682818319
-0.3676078677
0.08800723728
0.08817908324
0.08859736796
0.08927159645
0.09018774014
0.09134703158
0.09276363102
0.09445170049
0.0964197304
0.09866703039
0.1011772003
0.1039186461
0.1068054316
0.1097016083
0.1123363344
0.1142719617
0.1147657365
0.1125896281
0.105928029
0.09187900838
0.0665635434
0.02433911979
-0.03627666384
-0.1016669921
-0.1755348644
-0.2340383192
-0.2640503481
0.08611701317
0.08625276593
0.08658313596
0.08711331333
0.08782796827
0.08872134471
0.08979513353
0.09104752272
0.09246674702
0.09402288843
0.09566533117
0.09732817943
0.0988837652
0.1001393066
0.1007850042
0.1003343928
0.09810665126
0.09307159864
0.08384248741
0.06852856438
0.04490983477
0.01079798803
-0.03422978476
-0.08468503969
-0.1325215125
-0.1706314434
-0.1953056004
0.08404569555
0.08414479695
0.08438546039
0.08476911624
0.08527979113
0.08590606448
0.08663908892
0.08746396601
0.08835225195
0.08925057926
0.09009250565
0.09079320928
0.09120538513
0.09110382816
0.09019152712
0.08802707381
0.08402131781
0.07738531128
0.0671173115
0.05200585982
0.03094449249
0.00308607894
-0.03091963875
-0.06804180506
-0.103953355
-0.1335101951
-0.1542501217
0.08184245304
0.08190557899
0.08205791972
0.08229782917
0.08260977882
0.08297821734
0.08338584871
0.08380785569
0.08420317256
0.08450523168
0.0846447061
0.08452281352
0.08399207164
0.08283535582
0.08077450146
0.0774374493
0.07235072411
0.0649329905
0.05449401935
0.04032100386
0.02192108898
-0.0009310873201
-0.02743790469
-0.05565170718
-0.08279702343
-0.1058227333
-0.1228135143
0.07955491117
0.07958371534
0.07965179895
0.07975513543
0.07987962232
0.08000677963
0.08011263589
0.08016617123
0.08011981821
0.07990186006
0.07944815017
0.07865799834
0.07738368191
0.07543111771
0.0725593525
0.0684699342
0.06280403461
0.05513810453
0.0450201995
0.0320883853
0.01611414612
-0.002759035059
-0.02381509711
-0.04569171269
-0.06670714648
-0.08494776739
-0.09894251472
0.07722864764
0.07722559802
0.07721551934
0.07719251831
0.07714426294
0.07705018073
0.07688301032
0.0766098507
0.07617933833
0.07553031319
0.07459516216
0.07327246002
0.07142808636
0.06889815037
0.06548613069
0.06096091766
0.05505392444
0.04747564964
0.03794742527
0.0263084492
0.01248213687
-0.003256736907
-0.0202693697
-0.0376592016
-0.05433738401
-0.06900620786
-0.08057530084
0.07490598828
0.07487409693
0.07479329527
0.07465621902
0.07445263282
0.07416159297
0.07375334871
0.0731987431
0.07245152165
0.0714526462
0.07013032431
0.06839304181
0.06612816356
0.06320193312
0.05945977931
0.05472470371
0.04880332042
0.04149886836
0.03267040099
0.02223616929
0.01026561735
-0.002964563543
-0.01694978775
-0.03107045916
-0.04456864729
-0.05653518857
-0.06617968564
0.07262527207
0.07256777011
0.07242414618
0.07218606086
0.07184619006
0.07138417383
0.07077475109
0.0699885208
0.06898123741
0.06769704524
0.06607020386
0.06402280484
0.0614622624
0.05828196141
0.05436148994
0.04957058176
0.04377543747
0.03685035073
0.02873837212
0.01940957614
0.008992833631
-0.002238528548
-0.01392224528
-0.02560004631
-0.0367234057
-0.04664420745
-0.05478662987
0.07042017127
0.0703404924
0.07014178356
0.06981611179
0.0693589606
0.06875502339
0.06798093421
0.06700463755
0.0657856161
0.06427557668
0.06241831832
0.06014847274
0.0573911309
0.05406360582
0.05007530506
0.04533078361
0.03973992384
0.0332371124
0.02579506823
0.01745494396
0.008347322323
-0.001296968704
-0.01120536067
-0.02102620741
-0.03035259796
-0.0387119915
-0.04567848207
0.06832009667
0.06822176153
0.0679759137
0.06757572191
0.06702212137
0.06630247709
0.06539250863
0.0642618021
0.06287552842
0.06119315433
0.05916756854
0.05674472222
0.05386608515
0.05046818901
0.04648586885
0.04185306346
0.03651247337
0.03043832612
0.02361689461
0.01612595073
0.008103431628
-0.0002787757869
-0.008802618383
-0.01719200131
-0.02513999516
-0.03229530147
-0.0383383021
0.06635084027
0.06623489517
0.0659513965
0.06549133653
0.06485885665
0.06404375119
0.06302340221
0.06177080429
0.06025641298
0.05844652549
0.05630215672
0.05378008778
0.05083529515
0.04742139848
0.04349172203
0.0390048587
0.03392647964
0.02825641064
0.02200134322
0.01524358279
0.008110780637
0.0007372388515
-0.006697116605
-0.01397217755
-0.02085259401
-0.02707259741
-0.03238853282
0.06453077406
0.06440184874
0.06408806565
0.063579848
0.0628834125
0.06199145802
0.06088414993
0.05953788842
0.05792781013
0.05602620873
0.05380141077
0.05122059024
0.04825033298
0.04485721743
0.04100893165
0.03668084623
0.03186021869
0.02655327692
0.0207961386
0.01466119404
0.008255875736
0.001694079369
-0.004875298563
-0.01127541912
-0.01732227631
-0.02281085518
-0.02755219981
0.06287920704
0.06274052395
0.06240211386
0.06185512574
0.06110799159
0.06015593698
0.05898174762
0.05756503956
0.05588523544
0.05391982169
0.05164404156
0.04903355998
0.04606445449
0.04271386635
0.03896218626
0.03479680707
0.03021997023
0.02523940067
0.01990504043
0.01429027335
0.008478321889
0.00256846691
-0.003313992916
-0.009025320286
-0.0144189399
-0.01933366022
-0.02362034101
0.0614104851
0.0612642724
0.06090633479
0.06032875771
0.05954223524
0.0585441382
0.05731955433
0.05585112497
0.05412182185
0.05211342225
0.04980801562
0.04718814406
0.04423671557
0.04093945952
0.03728728657
0.03327571868
0.02891709465
0.02422619686
0.01925302143
0.01406616574
0.008734285588
0.003345265747
-0.001993466814
-0.007163085957
-0.01204466144
-0.01650912325
-0.02043660547
0.06013542307
0.05998365518
0.05961071846
0.05900956407
0.05819300243
0.05716030774
0.0558985678
0.05439297508
0.05262932059
0.05059373682
0.04827396946
0.04565741083
0.04273306976
0.03949279512
0.03593454705
0.03206243034
0.02789051652
0.02344640421
0.01877436432
0.01393411808
0.008987562047
0.004012706351
-0.000897528666
-0.005642938269
-0.01012474461
-0.01423744568
-0.01788280565
0.05906255289
0.05890678901
0.05852265653
0.05790380657
0.05706488153
0.0560068304
0.05471845854
0.05318682389
0.05139973133
0.04934820309
0.04702358724
0.04441716433
0.04152292655
0.03833778078
0.03486518954
0.03111462579
0.02710099021
0.02285748687
0.01842845985
0.01386351831
0.009220164563
0.004568863408
-8.924759985e-06
-0.004426884787
-0.008600758875
-0.01244228555
-0.01586926233
0.05819828114
0.05803976913
0.05764757051
0.05701589011
0.05616086694
0.05508485287
0.05377783971
0.05222776354
0.05042572198
0.04836578871
0.04604159866
0.04344790004
0.04058230181
0.03744560747
0.03404506678
0.03039359884
0.02650941646
0.0224259176
0.01818511042
0.01383129285
0.009418837551
0.005012643158
0.0006855557182
-0.00348631568
-0.00742900319
-0.01106670627
-0.01432904322
0.05754705925
0.05738697678
0.05698930687
0.05634881022
0.05548278525
0.0543946193
0.05307491172
0.05151245932
0.04970157208
0.04763756693
0.04531605969
0.04273438736
0.03989266422
0.03679440471
0.03344925623
0.0298723129
0.0260853071
0.02212120645
0.01801800381
0.01381793867
0.009572786854
0.005343184061
0.001195908606
-0.002799940466
-0.006577269779
-0.01006898526
-0.01321323061
0.05711252099
0.0569514232
0.05655044294
0.05590453525
0.05503170091
0.05393590751
0.05260761558
0.05103801984
0.04922221963
0.04715644499
0.04483783688
0.04226530685
0.03944054343
0.03636878275
0.03306114245
0.02953409347
0.02581139214
0.02192652474
0.01791350047
0.0138138019
0.009677478844
0.005562259199
0.001531060586
-0.002351310961
-0.006021759047
-0.00941879603
-0.01248645731
0.05689803229
0.05673658422
0.05633434643
0.05568620367
0.05481025399
0.05371001673
0.05237710251
0.05080387924
0.0489854421
0.04691858808
0.04460122983
0.04203305846
0.03921654924
0.03615764564
0.0328679712
0.02936663313
0.02567777122
0.02183151574
0.01786216808
0.0138114366
0.009728374619
0.005669133031
0.001694681734
-0.002132196181
-0.005749898489
-0.009099509737
-0.01212847626
0.473665949
0.5799518371
0.4736852353
0.2276320265
-0.01970160527
0.4049651068
0.2275844761
-0.01965847015
-0.1267865408
-0.1267697252
-0.4245537481
-0.4245553777
-0.4163377866
-0.4163775746
-0.167249328
-0.4234699267
-0.2038182625
-0.1672961694
-0.4234242945
-0.5197265397
-0.5796534709
-0.5196827765
-0.5796312385
-0.5854066288
-0.4970758654
-0.5853832796
-0.4971159582
-0.4290689446
-0.4821248123
-0.4307238446
-0.4289937269
-0.4820704098
-0.4306038465
0.555100881
0.4179985372
0.4664101056
0.4656539854
0.5550801706
0.4179361683
0.466458202
0.5621444531
0.5824280293
0.5909876433
0.5600297956
0.5901254128
0.5628840598
0.5623059922
-0.4133890146
-0.4112385014
-0.05515228754
0.07838716984
-0.08809138076
0.1788343656
-0.05516667885
0.07835681692
-0.08810241887
-0.277003121
-0.2091302365
-0.2237836968
-0.2061807362
-0.2164939023
-0.2084061072
-0.2781896675
-0.6111351858
-0.6146558869
-0.4594874355
-0.4565162177
-0.4869106464
-0.454786522
-0.4878762177
-0.4594116637
-0.4195071246
-0.4210627384
-0.4194325938
-0.5271952373
-0.2880640967
-0.3690646102
-0.4394922413
-0.5271898767
-0.2879920757
-0.3690572458
-0.485187613
-0.3846112547
-0.3986907603
-0.5364932669
-0.4853156575
-0.3846373369
-0.3988226734
0.5015790761
0.4759126514
0.5200116825
0.4568142971
0.522067721
0.4592899877
0.503292385
0.4372330129
0.4381677907
0.5621391852
0.5824210195
0.5909646558
0.5600033079
0.5901186556
0.5628794191
0.5622898945
0.5015750824
0.4759111239
0.5199883985
0.4568029582
0.5220657599
0.459287376
0.5032802681
0.4372324882
0.4381666735
0.2389400142
0.2906439361
0.1711020759
0.2857613472
0.1724099477
0.2363789572
0.1600554678
-0.01842499173
0.01033090855
0.1056262473
0.002735818302
0.1072071153
0.1588909013
0.2389378354
0.290635556
0.1711030403
0.2857608277
0.1724072399
0.2363758284
0.1600530315
-0.01842407976
0.01033645507
0.1056343273
0.002727809965
0.1072124439
0.1588907299
-0.127404248
-0.127378258
-0.4235441511
-0.4235382712
-0.4165978608
-0.4216131882
-0.4107194393
-0.4225571032
-0.4107544026
-0.413389088
-0.4112359432
-0.4165967978
-0.4215980624
-0.410690432
-0.4225526148
-0.4107483079
-0.4480701933
-0.4130218573
-0.4485809866
-0.4160093191
-0.4428225386
-0.4413309207
-0.2770002042
-0.2091128397
-0.2237859597
-0.2062165397
-0.2164986777
-0.2083970105
-0.2781851347
-0.4480768005
-0.4130471032
-0.4485843883
-0.4160166781
-0.4428275712
-0.4413485358
-0.5284790945
-0.5231980294
-0.585111981
-0.5412584518
-0.5907792029
-0.5431546551
-0.5333502992
-0.5868161463
-0.5811864525
-0.5972123625
-0.5702667023
-0.5956210153
-0.5736724438
-0.5857503936
-0.6111297732
-0.6146512115
-0.528469866
-0.5231759918
-0.5850763585
-0.5412125397
-0.5907669272
-0.5431459479
-0.5333223667
-0.5868072648
-0.5811814587
-0.5971890652
-0.5702382604
-0.5956141683
-0.5736656234
-0.5857255563
-0.4984496289
-0.495505258
-0.5781385216
-0.5881752151
-0.6152138592
-0.5589150157
-0.6165546276
-0.5599028417
-0.5787958948
-0.5520704845
-0.4967793003
-0.4977677099
-0.5285549371
-0.4969226941
-0.5293124863
-0.5498108431
-0.4984481175
-0.4955016339
-0.5781351815
-0.5881688785
-0.6151941254
-0.5588966068
-0.6165482991
-0.5599005082
-0.5787846401
-0.5520649672
-0.4967837007
-0.497751363
-0.5285350674
-0.4969181532
-0.5293088479
-0.5497963638
-0.4509644246
-0.4296200892
-0.4433716659
-0.4320236865
-0.4431627603
-0.4321847496
-0.4496923558
-0.4594714981
-0.4564700754
-0.4868707584
-0.4547694345
-0.4878627176
-0.4593682032
-0.450952336
-0.4296071348
-0.4433142688
-0.4320056008
-0.4431486075
-0.4321754603
-0.4496570434
0.4353792984
0.3397573796
0.3963478155
0.362111074
0.4353533452
0.3397911093
0.3962756255
0.4876841351
0.4958500643
0.4572100472
0.4699133715
0.4980933657
0.4615304817
0.4854012451
0.3725386079
0.2917623062
0.2748147982
0.3260587896
0.3726124368
0.2917361329
0.2747813506
0.414366719
0.2834699295
0.2594339758
0.389294459
0.4143617047
0.2834337334
0.2594575327
0.3106141886
0.4056229507
0.3704675956
0.342040842
0.371987069
0.3430259663
0.3083636886
0.214469293
0.1702587929
0.1101926038
0.2508673461
0.2144082228
0.1703210192
0.1102042856
0.1807119877
0.123071584
0.1239601181
0.08540347469
0.1363786771
0.1389361445
0.08392529048
-0.4218316052
-0.4100081718
-0.4186590436
-0.4102448205
-0.4188033998
-0.4093106124
-0.4093855547
0.08695991644
0.1019922112
0.02336872692
0.1466154292
0.08694192273
0.1019973039
0.02336041441
-0.08884654315
0.004237325091
-0.08745028741
0.05665751304
-0.0888927919
0.004221491138
-0.08750586389
-0.3694723683
-0.1280719586
-0.249776265
-0.1555621862
-0.3693141331
-0.1281294309
-0.2496297697
-0.4401841357
-0.4799656759
-0.479687484
-0.4153446058
-0.3752244305
-0.3750057973
-0.415712695
-0.5372954585
-0.5251330547
-0.5255024679
-0.4823268942
-0.4824698966
-0.4827010457
-0.4821756804
-0.427251268
-0.3972564664
-0.3886821065
-0.4709040253
-0.4273238557
-0.3972499091
-0.3886557453
-0.3853713533
-0.419129295
-0.3854708743
-0.2247829662
-0.1123954153
-0.206376727
-0.130812647
-0.2247573383
-0.1124160446
-0.2063520683
-0.3301888869
-0.212865334
-0.2479950463
-0.2579790309
-0.3301866217
-0.2128948978
-0.2479891754
-0.3668988163
-0.2605924458
-0.2899776725
-0.3456125757
-0.3669419737
-0.2606024245
-0.2900273813
-0.3690344082
-0.2941811345
-0.3125890627
-0.3684206408
-0.3689754909
-0.2941561071
-0.3126008592
0.2367402681
0.2290745747
0.281830857
0.1756371445
0.2829084144
0.1761498986
0.2362279697
0.3106110964
0.4056153477
0.3704893874
0.3420167808
0.3719900528
0.3430230829
0.3083571271
0.2367390631
0.2290634209
0.2818547898
0.175614151
0.2829144838
0.1761469311
0.23622612
-0.2713857169
-0.1670435669
-0.1836291475
-0.2479631752
-0.1837695742
-0.2472923593
-0.2724369985
-0.3975371483
-0.4229930023
-0.4547799934
-0.3434132639
-0.4536002938
-0.3439479998
-0.3951200112
-0.2713983128
-0.1670701128
-0.1836350077
-0.2480735388
-0.1837759331
-0.2473253124
-0.2724724353
-0.3975499237
-0.4229773912
-0.4548034339
-0.3434712558
-0.4536021304
-0.3439679993
-0.3951564142
-0.4690509001
-0.4826555035
-0.4964043741
-0.4629082056
-0.4990368255
-0.4628421892
-0.4688883147
-0.4478777009
-0.430644714
-0.4315415698
-0.4444059694
-0.4315073428
-0.4443702707
-0.4477670047
-0.4690293441
-0.4826331895
-0.4964028544
-0.4627373492
-0.4990282148
-0.4627992551
-0.4688305989
-0.4478611496
-0.4306255554
-0.4314535387
-0.4443557009
-0.4314864285
-0.4443565282
-0.4477113852
0.5562684877
0.5391775905
0.5403515167
0.5147980253
0.5263071731
0.5276790289
0.5134223196
0.4675467591
0.4407232294
0.4374480906
0.4225756772
0.4451791673
0.439981404
0.4652297355
0.4674874386
0.5078899948
0.5086995405
0.4897155688
0.454499219
0.4560479261
0.4883935592
0.4876807634
0.4699100323
0.4958421964
0.4571978838
0.4980911337
0.4615266493
0.4853911059
0.5562623208
0.5391480168
0.540346705
0.5147931189
0.5262943906
0.5276746052
0.5134013765
0.4675462724
0.4225725087
0.4407470252
0.4374172302
0.4451807581
0.4399807988
0.4652276606
0.4674893568
0.50787184
0.5086954464
0.4897154016
0.4544986119
0.4560484864
0.4884000205
-0.05359149547
0.04660491859
-0.08054124781
0.04710254418
-0.07970530178
0.01233097085
0.01157509406
0.05870466603
0.1040018079
0.03457600489
0.0837809609
0.1080070801
0.03762580498
0.05638257111
-0.08707332466
-0.08619596084
-0.08522325956
-0.005984370829
-0.02152055652
-0.02001733201
-0.007266132909
0.1806978948
0.1231219744
0.1239711276
0.08540183341
0.1364113522
0.138944789
0.08393508289
-0.05362425618
0.04663513105
-0.08059651114
0.04710317953
-0.07973437497
0.01231798906
0.01155685824
0.05869468587
0.08377097627
0.104002702
0.03455286474
0.1080040027
0.03761688723
0.05636093917
-0.08708150573
-0.0862485766
-0.0852349353
-0.005997493477
-0.02154694086
-0.02002517009
-0.007298949919
-0.4195125354
-0.4178952791
-0.4180828007
-0.4093049715
-0.4098163744
-0.4097511301
-0.409320332
-0.4218254216
-0.4100793361
-0.4187067117
-0.4102452539
-0.4188059085
-0.4093019345
-0.4093575565
-0.4194971121
-0.4180337664
-0.4180979916
-0.4093042159
-0.4098919285
-0.4097652923
-0.4093496449
-0.5272717787
-0.5089760109
-0.5090588169
-0.4462113489
-0.4692178701
-0.4691492294
-0.4464726398
-0.3630434536
-0.3265674388
-0.3205512438
-0.2864566163
-0.3259405443
-0.3192027715
-0.3635479715
-0.3927195237
-0.4157694179
-0.3476122438
-0.3684452801
-0.4155257155
-0.3466596904
-0.3931118508
-0.4401415073
-0.4799360548
-0.4796817342
-0.415371572
-0.3748189426
-0.3749169865
-0.4157766993
-0.5272707573
-0.5089687907
-0.509060114
-0.4462223804
-0.4692109561
-0.4691480626
-0.4464947493
-0.3631090346
-0.2864645783
-0.326246673
-0.3206808684
-0.3259045008
-0.3192508427
-0.3637102132
-0.3927372678
-0.3684484934
-0.4157557608
-0.3476459622
-0.4155238374
-0.3466762546
-0.3931506058
-0.4852959183
-0.5056506592
-0.5059898432
-0.4734245884
-0.4621482613
-0.4622389851
-0.4733083233
-0.4365913646
-0.4306638668
-0.3939122085
-0.3842453641
-0.4305953679
-0.3937085314
-0.4366109329
-0.4354958376
-0.431485889
-0.397748008
-0.3984749211
-0.4314962767
-0.3976026557
-0.4355415387
-0.5372954353
-0.5251431735
-0.5255100802
-0.4823532669
-0.4824890479
-0.4827084815
-0.4822478204
-0.4853022003
-0.505689528
-0.505996705
-0.4734666083
-0.4625015726
-0.4622593745
-0.4734903948
-0.4366340489
-0.3842595026
-0.4306959692
-0.3939961512
-0.4306091577
-0.3937399478
-0.4367251451
-0.4355721005
-0.3984926256
-0.4320918983
-0.3978933314
-0.4315720163
-0.3976436635
-0.4358046135
0.337072268
0.2995762082
0.3256371146
0.3076171997
0.3370721334
0.2995722395
0.3256285193
0.4064142766
0.3719427038
0.3585959963
0.3703003892
0.4107112303
0.3670473253
0.3671612991
0.3050102161
0.2614641611
0.2795019768
0.2830144051
0.3050033644
0.261362736
0.2794056492
0.3480476821
0.3289036978
0.3086464318
0.3341197592
0.3682357383
0.3179163935
0.3130259854
0.4028581078
0.3949539598
0.4061737322
0.3695399978
0.356708358
0.365243592
0.3651202181
0.2463239274
0.2139127551
0.2049234386
0.2513294762
0.2463856784
0.2138836157
0.2049314614
0.2273838185
0.2494290254
0.2248215722
0.2745304013
0.2595005971
0.2389808837
0.2147568441
0.1648712008
0.145422608
0.1345440804
0.1786633729
0.1649002667
0.1454091163
0.1345474571
0.1518973153
0.1126760639
0.1212758558
0.15920482
0.1718141333
0.137720992
0.09698068232
0.01677320095
0.06379760456
0.02072149538
0.0084573619
0.03765236964
0.0480129573
0.003674762865
-0.1550386905
-0.2243918633
-0.223755854
-0.2008550386
-0.14402317
-0.142836052
-0.2019684104
-0.4715095963
-0.4560558839
-0.4562459952
-0.4522682086
-0.452430288
-0.4412822107
-0.4414053686
-0.4192864306
-0.4103852108
-0.4102856053
-0.4076653217
-0.4136332553
-0.4136681288
-0.4078010907
0.04227135827
0.05204850065
0.02780500226
0.07400608176
0.0422688474
0.05204139364
0.02780483472
-0.10577719
-0.01690915687
-0.05511690031
-0.007185762224
-0.1058190164
-0.01690796927
-0.05512010861
-0.1329576661
-0.1556592775
-0.1269399022
-0.0992173953
-0.1469382163
-0.0879808328
-0.141389321
-0.2861776575
-0.253451662
-0.2827928615
-0.2523077096
-0.2357385248
-0.2245289935
-0.2587071131
-0.3563592284
-0.3448902842
-0.3559345634
-0.3234545929
-0.3128076711
-0.311604303
-0.324213045
-0.3681147817
-0.3427301826
-0.3689287319
-0.3409738135
-0.3685469338
-0.3403531419
-0.3432136661
-0.3172076705
-0.3676939965
-0.3171173068
-0.1409123772
-0.09315487472
-0.1205207395
-0.1016880156
-0.1409161131
-0.09316250127
-0.1205184499
-0.2080721466
-0.1516591355
-0.1786478259
-0.1755362542
-0.2080776944
-0.15166137
-0.1786541928
-0.2529669063
-0.2022338586
-0.2209609556
-0.2340496811
-0.2529852684
-0.2022422534
-0.220968354
-0.2681528819
-0.2334091679
-0.2477680567
-0.264086436
-0.2682048255
-0.2334128863
-0.2477842148
0.4285305734
0.4449338043
0.4382081071
0.4210619181
0.4028844336
0.4265396136
0.397172438
0.3980087473
0.3512115813
0.3443814059
0.3478834758
0.3597984437
0.3846877329
0.3579745292
0.4150064353
0.4059974279
0.4247723688
0.4101801029
0.3706084475
0.3945538655
0.3860803669
0.4064127137
0.3703005987
0.3719399208
0.3586343895
0.4107106759
0.3670495612
0.3671681366
0.4449281573
0.4285293836
0.4382030255
0.4210603492
0.4028797057
0.4265368002
0.3971932756
0.3980028286
0.3478789386
0.3511946362
0.3443993715
0.3597934759
0.3846799043
0.3579617967
0.4059920058
0.4150009795
0.4247709391
0.4101737815
0.3705575021
0.3945433043
0.3860466104
0.3826106729
0.3471358386
0.3513017751
0.3451868593
0.3736497556
0.3576804316
0.3318900346
0.3176269165
0.3080901145
0.285494737
0.3164602399
0.34150477
0.2923833834
0.3124417782
0.3480399613
0.3341030677
0.3288511459
0.3086564514
0.3682277328
0.3179085964
0.313015579
0.3826202192
0.3471319963
0.3512982448
0.3451825325
0.3736484014
0.3576769881
0.3318859963
0.3176178366
0.3164606703
0.3081118893
0.2854591033
0.3415036995
0.2923727418
0.3124314114
0.4151736079
0.3614311382
0.3627769261
0.4126646555
0.4144821175
0.370216701
0.3679044817
0.3322965878
0.318616962
0.2860244787
0.3073861003
0.3378599717
0.2951021333
0.3249429367
0.261949128
0.3092376032
0.3111446346
0.3255867864
0.2780737544
0.2824746972
0.3222426225
0.3949639976
0.4029518958
0.4061845248
0.3695336205
0.3567008156
0.3652387955
0.3651051568
0.4151701442
0.3613878437
0.362767285
0.4127076067
0.4144837015
0.3702092872
0.3678835875
0.3322958648
0.3073847039
0.318632663
0.2860318066
0.3378603192
0.2951053793
0.3249417011
0.2619505295
0.3092335419
0.311140483
0.3255871074
0.2780977793
0.2824778876
0.3222380948
0.2178372219
0.1732056723
0.1781784976
0.2082590282
0.2374133265
0.2433877093
0.1987560017
0.2115896969
0.2017869107
0.1374489516
0.1781831391
0.2036026935
0.1904274054
0.1726253281
0.1380662558
0.1217319788
0.1470361539
0.1823755566
0.1280705527
0.1587001034
0.158952886
0.2273842815
0.2745370582
0.2494536038
0.2248433543
0.259505234
0.2389817396
0.2147605681
0.2178273308
0.1732104449
0.1781808102
0.2082576526
0.2373947074
0.2433843942
0.1987367978
0.2115930764
0.1781950758
0.2017801128
0.1374938514
0.2036030338
0.1904359591
0.172632683
0.1217293095
0.1380942644
0.1470384108
0.1823765177
0.1281338746
0.1587095004
0.1589668394
0.09954522997
0.1086315066
0.1043862834
0.06631629132
0.1352748801
0.08097882216
0.08934199776
0.07893584433
0.03757881015
0.05379703672
0.07553275226
0.08123317782
0.06630217822
0.0775357227
0.1518925586
0.1592140459
0.1126603556
0.1212821407
0.171828695
0.1377264743
0.09696169328
0.0995466797
0.108626124
0.1043291428
0.06643632965
0.1352909213
0.08102467099
0.08933738394
0.07893217214
0.07552705699
0.0376041046
0.05378822119
0.08124083378
0.06629936306
0.07753008061
-0.087868145
-0.03177950343
-0.02994524035
-0.03665970941
-0.08797120943
-0.0869665602
-0.03831405555
0.000574880427
0.01722513263
-0.009849553035
0.0326779528
0.04183342045
-0.003895273925
-0.006480514818
-0.04320368384
-0.08731775475
-0.04112248433
-0.0822244594
-0.08572109518
-0.05455761214
-0.0423561561
0.06378862707
0.01675393341
0.0207163665
0.00844946155
0.03767730322
0.0480253996
0.003654135348
-0.08789416422
-0.03179601178
-0.02995293055
-0.03667587742
-0.0880565199
-0.08700019506
-0.03834795013
0.0005625317104
0.03266634602
0.01721527659
-0.009874914063
0.0418265357
-0.003904136031
-0.00650990593
-0.04321969815
-0.08224315683
-0.08739454533
-0.04116367791
-0.08574895333
-0.05457145056
-0.04239816195
-0.3688385358
-0.2997043354
-0.299597066
-0.3205627791
-0.3199039064
-0.2621662522
-0.2625765167
-0.1805182333
-0.1346634012
-0.1673520571
-0.1193992676
-0.1312106308
-0.1631669379
-0.1829456504
-0.2814813247
-0.2488277851
-0.2806767366
-0.2319295108
-0.208883677
-0.2076882841
-0.2329805186
-0.1550834926
-0.224542744
-0.2237949481
-0.2009107305
-0.1441805066
-0.1428914311
-0.2022240844
-0.3687706829
-0.2997736084
-0.2996027091
-0.3200211968
-0.3197264622
-0.2621723602
-0.2631187097
-0.1805527232
-0.1194181057
-0.1347789768
-0.1674497847
-0.1312512422
-0.1631786295
-0.183130927
-0.2487818959
-0.2805154103
-0.2804345482
-0.2318308235
-0.208749982
-0.2076376545
-0.2329577604
-0.42730095
-0.4405913927
-0.4407272344
-0.43036507
-0.4195836918
-0.4195679101
-0.4302447128
-0.426151085
-0.397199597
-0.4263213194
-0.4200139489
-0.3951113837
-0.3948759682
-0.4201567603
-0.4134594993
-0.4064693145
-0.392012619
-0.3881232253
-0.4063454966
-0.391644967
-0.4134436013
-0.4714416523
-0.4558192963
-0.4562263581
-0.4519483975
-0.4522713128
-0.4411215718
-0.4401218837
-0.4273253067
-0.4405084967
-0.4407331743
-0.4304223101
-0.4197314753
-0.41961626
-0.4302749642
-0.3971385314
-0.4266015914
-0.4262453332
-0.4198384068
-0.3948213689
-0.3947770388
-0.4193629514
-0.4135155005
-0.3881437366
-0.4066361365
-0.3917992533
-0.4064117071
-0.3916103917
-0.4135234904
-0.3984115822
-0.4016595414
-0.3830505923
-0.384780223
-0.4014980107
-0.382395716
-0.39861404
-0.4192577267
-0.410422364
-0.4102977756
-0.4076567432
-0.4135624098
-0.4136470399
-0.4077475157
-0.3984111683
-0.3848117118
-0.4017132991
-0.3830636323
-0.4015145151
-0.3823949235
-0.3986065436
-0.2224964305
-0.1800199351
-0.1884617849
-0.2070155685
-0.1890115525
-0.199279344
-0.1673192356
-0.1707775566
-0.215182106
-0.1622812523
-0.1290662511
-0.1540068567
-0.1492895019
-0.1615411729
-0.1329638769
-0.09922306702
-0.155676715
-0.1269544253
-0.1469312973
-0.08798708965
-0.1414047692
-0.2224816
-0.1799971386
-0.1883435216
-0.206971841
-0.1889833251
-0.1992640109
-0.1673025708
-0.1707645518
-0.1290646418
-0.2151390084
-0.162277532
-0.154006898
-0.1492910951
-0.1615222025
-0.3103077707
-0.3290415544
-0.3083769821
-0.2762845285
-0.2979463847
-0.2960077334
-0.2795467382
-0.2234056607
-0.2275570161
-0.2191129398
-0.164394121
-0.1874065396
-0.2005382284
-0.2386261948
-0.2484269327
-0.2712560957
-0.2328898457
-0.244373072
-0.2677495767
-0.2252242969
-0.2546677028
-0.2534428062
-0.2862160662
-0.2828091103
-0.2523124131
-0.2356816493
-0.2245137344
-0.2587103567
-0.3290443449
-0.3103324819
-0.3083855853
-0.2762967178
-0.2979557899
-0.2960116563
-0.2795859603
-0.2234073955
-0.164404624
-0.2275710214
-0.2191051699
-0.1874136568
-0.2005371573
-0.2386270765
-0.2484317954
-0.2443748495
-0.2712633293
-0.2329130876
-0.2677527337
-0.2252289299
-0.2546819043
-0.3629096719
-0.3665444151
-0.3625532404
-0.3315663054
-0.3378000708
-0.3372145397
-0.3322298537
-0.2952607425
-0.2850588192
-0.2730225375
-0.2582892101
-0.2827951774
-0.2720011013
-0.2968471257
-0.3037721836
-0.3121074551
-0.2808313308
-0.2894038709
-0.3107770468
-0.2796599512
-0.3051746405
-0.3449019359
-0.3564225672
-0.3559571606
-0.3234702048
-0.3128322653
-0.3116132028
-0.3242648871
-0.3665640832
-0.3629701951
-0.3625765417
-0.3315775328
-0.337841117
-0.3372317914
-0.3322510485
-0.2952727286
-0.2582957132
-0.2850758844
-0.273070554
-0.2828019206
-0.2720145196
-0.2968806753
-0.3037840859
-0.2894161466
-0.3121623932
-0.2808474181
-0.3107914733
-0.2796688426
-0.3052079964
-0.3434761249
-0.3685949544
-0.3489134773
-0.367666231
-0.3676142903
-0.3483220948
-0.3443274627
-0.3158747177
-0.3159964454
-0.3028650228
-0.2926370343
-0.314010807
-0.3024970665
-0.3173597026
-0.3681284
-0.3427277298
-0.3689252474
-0.3410085766
-0.3685077076
-0.3403672627
-0.3432128419
-0.3434639319
-0.3676587158
-0.3684495229
-0.3488846454
-0.3675608382
-0.3483152731
-0.3442965475
-0.315904199
-0.2926427142
-0.3159776706
-0.3029042162
-0.3140169423
-0.3025184645
-0.3173849726
-0.3695012539
-0.3464855472
-0.3656335598
-0.3684901734
-0.3449012762
-0.3485575093
-0.3495617828
0.2604946513
0.2235319856
0.2905936684
0.269876518
0.2644278002
0.2451185959
0.2328298101
0.2906057617
0.2605545734
0.2235878247
0.269889803
0.2644354226
0.2451306234
0.2328785762
-0.05049926112
-0.1074042306
-0.05520929191
-0.05936187235
-0.04056961174
-0.0509544601
-0.06431409805
-0.05522269876
-0.05053354832
-0.1074321689
-0.05937200298
-0.04057917534
-0.05096293332
-0.06433930454
-0.3656577923
-0.3695525203
-0.3465361754
-0.3684884261
-0.3448975818
-0.3485409814
-0.3495757186
-0.1321886816
-0.1322239212
-0.1315757696
-0.132211928
-0.1322529521
-0.1316051286
-0.4297758847
-0.4313100107
-0.4332678042
-0.4297717289
-0.4313050419
-0.4332631035
0.5938465378
0.5987361253
0.5998525402
0.6161567994
0.6224194617
0.6281002094
0.6116937035
0.615531245
0.6162876226
0.5974819743
0.6047191957
0.6106259385
-0.4140075552
-0.4143251841
-0.4131507253
-0.2676600781
-0.2711648941
-0.2724250793
-0.2641391006
-0.2666516892
-0.265483239
0.5395125239
0.5438782201
0.5445623453
0.5436093087
0.5500280024
0.555094469
0.5938408906
0.5987304651
0.5998469894
0.6161342432
0.6223964704
0.628076756
0.6116864683
0.6155238983
0.6162802835
0.5974647866
0.6047016513
0.6106082075
0.539508945
0.5438746863
0.544558929
0.5435980947
0.5500167105
0.5550831738
0.4414964074
0.4439838845
0.4480922254
-0.3949616188
-0.396380863
-0.3980056735
-0.3949700752
-0.396388473
-0.3980131019
0.03841806935
0.04287137741
0.04528840255
0.03514678553
0.03964658391
0.04155109317
0.1628803721
0.1610554999
0.1611353619
0.03841898971
0.04287213652
0.04528972496
0.03514366959
0.03964363403
0.04154813832
-0.1318515573
-0.1313559296
-0.1296697178
-0.1318595544
-0.1313688187
-0.1296825448
-0.425871853
-0.425649333
-0.4240477747
-0.4258664776
-0.4256440878
-0.4240425716
-0.4129779772
-0.4142879431
-0.4165472973
-0.4182868964
-0.4202777964
-0.4225025371
-0.6095904341
-0.6104852702
-0.614980049
-0.4629348873
-0.4652323056
-0.4676204426
-0.5045458674
-0.5081881325
-0.5115726315
0.4414977181
0.4439847874
0.4480915674
0.3265289509
0.3327537457
0.3369016511
0.1636006718
0.162502438
0.1637569393
0.3265211048
0.332747533
0.3368973562
0.1635996287
0.1625018515
0.163757505
-0.4129693983
-0.4142801614
-0.4165392867
-0.4182829225
-0.4202723823
-0.4224967438
-0.510994062
-0.5179002708
-0.5209426352
-0.5109945846
-0.5179032823
-0.5209478688
-0.6095850285
-0.6104797319
-0.6149755536
-0.5116909416
-0.5154390751
-0.5184100414
-0.5116843497
-0.5154313126
-0.5184026621
-0.5045093144
-0.5081522441
-0.5115365725
-0.4103296987
-0.4099891613
-0.4089088805
-0.6082977583
-0.6067185555
-0.6064673088
-0.5818128391
-0.5842696764
-0.5814563308
-0.5865135718
-0.5911747415
-0.593465693
-0.5844802945
-0.5856774357
-0.5854159814
-0.6459998715
-0.6534806879
-0.659885384
-0.6430465927
-0.6479750187
-0.6492415149
-0.589169591
-0.5926334754
-0.5970932739
-0.4584687768
-0.4588748274
-0.4575214256
-0.5016624537
-0.5032962882
-0.5026333479
0.4391449271
0.439834541
0.4405486525
0.4391432547
0.4398336848
0.4405490932
-0.3909238863
-0.3906946664
-0.3890155228
-0.3909260561
-0.3906967277
-0.3890174986
0.3225519371
0.3276524893
0.3290853323
0.1628837229
0.1610583019
0.1611372898
0.322549025
0.3276498792
0.3290839198
-0.4075302683
-0.4063867426
-0.4079506278
-0.2676666425
-0.271173691
-0.2724345023
-0.2641423597
-0.2666548765
-0.2654866159
-0.407551943
-0.4064090068
-0.4079746274
-0.4069910595
-0.4041615245
-0.4025568494
-0.4265202417
-0.4278170019
-0.4298827786
-0.4540826983
-0.4561485016
-0.4585147067
-0.4235080064
-0.4231455738
-0.4216892946
-0.4505476313
-0.4508491684
-0.4494443573
-0.4628895636
-0.465186403
-0.4675737633
-0.458452155
-0.4588582916
-0.4575049412
-0.4265015536
-0.4277989983
-0.4298653362
-0.454038508
-0.4561049898
-0.4584700221
-0.423502376
-0.4231398643
-0.4216836481
-0.4505350096
-0.4508364224
-0.4494313695
-0.4103277679
-0.4099870744
-0.4089063634
-0.4140044041
-0.4143217806
-0.4131471256
-0.4069850932
-0.4041549959
-0.4025490523
-0.5065031388
-0.5115296387
-0.5101253041
-0.506504349
-0.5115313111
-0.5101286433
-0.6419091948
-0.6485404329
-0.6488075188
-0.6099176401
-0.6132533863
-0.6171138294
-0.6048438934
-0.6058786479
-0.6048503656
-0.644153615
-0.6533417759
-0.6587870801
-0.6082934927
-0.606715192
-0.6064650307
-0.58180116
-0.5842574164
-0.5814439845
-0.5864816858
-0.5911411849
-0.593431249
-0.6419001148
-0.6485313333
-0.6487985585
-0.6098955338
-0.6132311556
-0.617091352
-0.6048366118
-0.6058713078
-0.6048431082
-0.6441280464
-0.6533158248
-0.6587608695
-0.5062989442
-0.508026782
-0.5068330796
-0.5725693143
-0.5754767453
-0.5757583588
-0.5755439309
-0.5807281904
-0.5855942608
-0.5844766572
-0.5856738321
-0.5854124972
-0.6459824789
-0.6534632636
-0.6598677249
-0.6430408828
-0.6479693394
-0.6492358502
-0.5891579289
-0.5926217192
-0.5970815152
-0.5062940791
-0.5080218888
-0.5068285378
-0.5725652231
-0.575472894
-0.5757547264
-0.5755321952
-0.5807168221
-0.5855831865
-0.5016499547
-0.5032835801
-0.5026204814
)
;

boundaryField
{
    inlet
    {
        type            zeroGradient;
    }
    outlet
    {
        type            fixedValue;
        value           nonuniform 0();
    }
    topAndBottom
    {
        type            symmetry;
    }
    frontAndBack
    {
        type            empty;
    }
    cylinder
    {
        type            zeroGradient;
    }
    procBoundary2to0
    {
        type            processor;
        value           nonuniform List<scalar> 
75
(
0.09325788139
0.09353979287
0.09423319301
0.09536158654
0.09692033902
0.09894144818
0.1014919369
0.1046586231
0.1085486945
0.113301174
0.1191006341
0.1261933789
0.1349102065
0.1457022569
0.1591887419
0.1762502061
0.1980799101
0.2265987653
0.2637758037
0.3076170821
0.3621246301
0.465676229
0.5799755541
0.5799448302
0.5550957481
0.4656522181
0.5550753345
0.5824208477
0.5909769425
0.5901148743
0.5824139499
0.5909540475
0.5901082035
0.4353773503
0.362111278
0.435352169
0.4958473921
0.4699112061
0.4980908182
0.5562633505
0.5263037626
0.5276756731
0.4699081099
0.4958399764
0.4980887599
0.5562573082
0.5262914056
0.5276714177
0.3370737314
0.3076207616
0.3370757517
0.3719412313
0.3703000374
0.4107107743
0.4449321991
0.4028828713
0.4265387735
0.3703006422
0.3719394656
0.4107106505
0.4449268797
0.4028790955
0.4265363443
0.6161470764
0.6224096585
0.6280902767
0.6116842972
0.6155218391
0.6162781971
0.6161247166
0.6223868901
0.6280670604
0.6116771729
0.6155146082
0.6162709754
)
;
    }
    procBoundary2to3
    {
        type            processor;
        value           nonuniform List<scalar> 
103
(
-0.2635676961
-0.2635676961
-0.2635676961
-0.2635676961
-0.2635676961
-0.2635676961
-0.2076471303
-0.1660826149
-0.1332509375
-0.1081222014
-0.08852703077
-0.07308122081
-0.06081714544
-0.05099143613
-0.04306636499
-0.03664203423
-0.03142119803
-0.02717875937
-0.02374550802
-0.02099302444
-0.01882397471
-0.01716552044
-0.01596446225
-0.0151824262
-0.01479639889
-0.4053734719
-0.4101269269
-0.4056172119
-0.4113454302
-0.3902083366
-0.3877871291
-0.390218937
-0.3877896291
-0.4138867364
-0.4138867364
-0.412954882
-0.412954882
-0.4072435208
-0.4070602369
-0.4053690953
-0.4101151808
-0.4056059779
-0.4113423943
-0.4138836365
-0.4138836365
-0.4129390781
-0.4129390781
-0.4071569908
-0.4070532502
-0.4052713595
-0.4054228523
-0.4043452224
-0.4044400396
-0.4053101318
-0.4065834896
-0.4065637041
-0.4053198917
-0.4053841565
-0.405429928
-0.4043422475
-0.4044672726
-0.4053101481
-0.4065964258
-0.4065657744
-0.4053304119
-0.4066327703
-0.4066772789
-0.4033964513
-0.4037357392
-0.3592869541
-0.3592869541
-0.3592869541
-0.3592869541
-0.3238869633
-0.3592634125
-0.3592634125
-0.3592634125
-0.3592634125
-0.3238291007
-0.3958076956
-0.380660615
-0.3797517652
-0.3966249755
-0.4067487787
-0.4067013964
-0.4034112009
-0.4037813976
-0.3958116509
-0.3806177187
-0.3797356348
-0.3966366628
-0.3734704224
-0.3733804481
-0.3746533465
-0.3734736774
-0.3733838077
-0.3746568153
-0.3706470793
-0.3690562735
-0.3672468093
-0.3706496862
-0.3690589809
-0.3672496219
)
;
    }
}


// ************************************************************************* //
