/*--------------------------------*- C++ -*----------------------------------*\
| =========                 |                                                 |
| \\      /  F ield         | OpenFOAM: The Open Source CFD Toolbox           |
|  \\    /   O peration     | Version:                                        |
|   \\  /    A nd           | Website:  www.openfoam.com                      |
|    \\/     M anipulation  |                                                 |
\*---------------------------------------------------------------------------*/
FoamFile
{
    version     2.0;
    format      ascii;
    class       volScalarField;
    location    "6.9";
    object      p;
}
// * * * * * * * * * * * * * * * * * * * * * * * * * * * * * * * * * * * * * //

dimensions      [0 2 -2 0 0 0 0];


internalField   nonuniform List<scalar> 
2429
(
-0.03717319965
-0.04052673845
-0.04340574587
-0.04577757027
-0.04762210795
-0.04893268722
-0.04971548834
-0.04998980889
-0.04978477375
-0.04913822975
-0.04809533343
-0.04670656499
-0.0450256711
-0.04310634358
-0.04099971451
-0.03875782623
-0.03643143454
-0.03406553745
-0.03169861099
-0.02936316079
-0.02708616868
-0.0248892216
-0.02278882292
-0.0207969059
-0.01892142071
-0.01716689597
-0.01553498782
-0.01402500193
-0.01263435639
-0.01135900943
-0.0101938526
-0.009133041986
-0.008170257164
-0.007298910788
-0.006512330247
-0.00580390811
-0.005167210743
-0.004596053461
-0.004084558542
-0.003627197179
-0.003218807369
-0.002854601793
-0.002530139148
-0.002241543442
-0.001985087241
-0.001757164473
-0.001554712837
-0.001375036848
-0.001215643835
-0.00107429474
-0.0009489923543
-0.0008379394772
-0.0007395153752
-0.000652277416
-0.0005749481352
-0.0005063868691
-0.0004455740292
-0.0003915962279
-0.000343637193
-0.0003009695057
-0.0002629458659
-0.0002289845866
-0.0001985638298
-0.0001712186335
-0.0001465351031
-0.000124137239
-0.0001036809973
-8.484412184e-05
-6.735184469e-05
-5.086285841e-05
-3.540248963e-05
-1.979412622e-05
-8.736359653e-06
-0.03761001456
-0.04100330752
-0.04391070746
-0.04629905291
-0.04814823001
-0.04945192464
-0.05021661227
-0.0504633805
-0.05022259682
-0.049533675
-0.04844348464
-0.0470038195
-0.04527048579
-0.04329937997
-0.04114419482
-0.03885838078
-0.03649223235
-0.03409064184
-0.03169251041
-0.02933066847
-0.0270320431
-0.02481794468
-0.02270450956
-0.02070324776
-0.01882164789
-0.01706377312
-0.01543082955
-0.01392169448
-0.01253339689
-0.01126155678
-0.0101007718
-0.009044937961
-0.008087510307
-0.007221719563
-0.006440751244
-0.005737885164
-0.005106597425
-0.004540637861
-0.004034087017
-0.003581387854
-0.003177358697
-0.002817203678
-0.002496494664
-0.002211380655
-0.001957990478
-0.001732874372
-0.001532932017
-0.001355563307
-0.001198255366
-0.00105879019
-0.0009352007736
-0.0008256868736
-0.00072863102
-0.0006426127552
-0.0005663783325
-0.0004987992755
-0.0004388686466
-0.000385682512
-0.0003384311658
-0.0002963963377
-0.0002589390045
-0.0002254836361
-0.0001955161974
-0.0001685797119
-0.0001442674217
-0.0001222104527
-0.0001020682823
-8.352344923e-05
-6.630413351e-05
-5.00721074e-05
-3.485638961e-05
-1.948462191e-05
-8.622525035e-06
-0.03849382025
-0.04196617257
-0.04493023282
-0.04735163904
-0.04920992772
-0.05049931152
-0.05122815809
-0.05141922147
-0.05110580668
-0.05033078041
-0.04914472737
-0.04760297978
-0.04576564712
-0.04369194136
-0.04143901909
-0.03906277893
-0.03661448182
-0.0341396997
-0.03167798961
-0.02926249408
-0.02691992305
-0.0246710168
-0.02253114945
-0.0205109644
-0.01861702066
-0.01685242729
-0.01521746595
-0.01371015618
-0.01232674813
-0.01106216028
-0.009910368569
-0.008864736466
-0.007918277848
-0.007063861541
-0.006294378506
-0.00560287674
-0.004982655619
-0.004427335717
-0.003930903849
-0.003487734281
-0.003092608172
-0.002740724105
-0.002427663143
-0.002149543124
-0.001902464631
-0.001683046511
-0.001488478765
-0.00131589416
-0.001162875553
-0.001027271571
-0.0009071708171
-0.0008007940668
-0.000706537938
-0.0006230229211
-0.0005490348211
-0.0004834606285
-0.0004253165992
-0.0003737228222
-0.0003278946711
-0.0002871429948
-0.0002508389599
-0.0002184159348
-0.000189375267
-0.0001632732813
-0.0001397115778
-0.0001183336204
-9.881916886e-05
-8.086012151e-05
-6.418758253e-05
-4.847164367e-05
-3.374132507e-05
-1.886169049e-05
-8.351008814e-06
-0.03984574712
-0.04343975466
-0.04649088178
-0.04896276661
-0.05083438706
-0.05210084584
-0.05277292861
-0.05287676946
-0.05245013437
-0.05154089792
-0.05020568651
-0.0485074485
-0.04651119783
-0.04428008704
-0.04187735413
-0.0393624171
-0.03678850689
-0.03420260695
-0.03164505776
-0.02914909897
-0.02674093893
-0.02444040301
-0.02226167443
-0.02021402121
-0.01830252986
-0.01652883414
-0.01489180372
-0.01338813996
-0.01201288952
-0.01075990328
-0.009622234425
-0.008592461611
-0.007662939558
-0.006825991548
-0.006074073951
-0.005399899268
-0.0047965044
-0.00425732139
-0.003776199437
-0.003347410219
-0.002965696999
-0.002626278837
-0.002324734864
-0.002057132719
-0.001819583523
-0.001608877619
-0.001422169082
-0.001256709479
-0.001110142365
-0.0009803626813
-0.0008654524785
-0.0007636925871
-0.0006735822676
-0.0005938123209
-0.0005231973581
-0.0004606227053
-0.0004051228312
-0.0003558500016
-0.0003121289459
-0.0002733006173
-0.0002387232295
-0.000207844318
-0.0001801927953
-0.0001553474762
-0.0001329198859
-0.0001125577189
-9.399011509e-05
-7.691139603e-05
-6.10542508e-05
-4.610518259e-05
-3.209421103e-05
-1.794201657e-05
-7.945846272e-06
-0.04170193074
-0.0454637886
-0.04863423308
-0.05117417093
-0.05306191977
-0.05429393455
-0.05488463848
-0.05486501344
-0.05427858362
-0.05318037217
-0.05163914573
-0.04972517631
-0.04750738475
-0.04505951546
-0.04245202141
-0.03974793624
-0.03700335063
-0.03426736524
-0.03158124476
-0.02897808546
-0.02648323837
-0.02411514602
-0.02188622471
-0.01980375642
-0.01787075613
-0.01608680519
-0.01444881284
-0.01295166636
-0.01158878558
-0.01035259617
-0.009234915411
-0.008227271054
-0.007321147502
-0.006508156547
-0.005780201556
-0.005129558932
-0.004548906671
-0.00403146825
-0.003570933718
-0.00316141567
-0.002797623726
-0.002474852007
-0.002188644584
-0.001935003692
-0.001710132107
-0.001510939108
-0.001334609594
-0.001178519014
-0.001040505511
-0.0009184214862
-0.0008103455438
-0.0007145225093
-0.0006298244284
-0.0005550708557
-0.0004889646983
-0.00043039347
-0.0003784180214
-0.0003322167209
-0.0002913340746
-0.0002550862508
-0.0002228085757
-0.0001939744139
-0.000168155205
-0.0001449626735
-0.0001240364231
-0.0001050488665
-8.772633876e-05
-7.178596734e-05
-5.698397696e-05
-4.303083061e-05
-2.995467706e-05
-1.674644163e-05
-7.417188705e-06
-0.0441117027
-0.04809278686
-0.0514176779
-0.0540438556
-0.05594896873
-0.05713145923
-0.05761074798
-0.05742442133
-0.05662239862
-0.05527459959
-0.05346411069
-0.05126260064
-0.04875402386
-0.04602508727
-0.04315289786
-0.04020521843
-0.03724233787
-0.03431592965
-0.03146807623
-0.02873134433
-0.02612967725
-0.0236794819
-0.02139069392
-0.01926786849
-0.01731122419
-0.01551762076
-0.01388141698
-0.01239517028
-0.01105022619
-0.009837203372
-0.008746362237
-0.007767943488
-0.006892373609
-0.006110374122
-0.005413208676
-0.00479263316
-0.004240847455
-0.003750902505
-0.003316310642
-0.002931002538
-0.002589692376
-0.002287730647
-0.002020432379
-0.001783962171
-0.001574953955
-0.001389891982
-0.001226009565
-0.001081441731
-0.0009541463045
-0.0008417478006
-0.0007421914894
-0.0006537340793
-0.0005759279645
-0.0005074707891
-0.00044693776
-0.0003932993395
-0.000345776726
-0.0003036076994
-0.0002662529073
-0.0002330947058
-0.0002035631441
-0.0001771923796
-0.000153587976
-0.0001323910098
-0.0001132701463
-9.592612318e-05
-8.009718073e-05
-6.553338307e-05
-5.201541119e-05
-3.92765892e-05
-2.734032214e-05
-1.5283986e-05
-6.770235319e-06
-0.04714189697
-0.05140044137
-0.05491860557
-0.05764981546
-0.05957110847
-0.06068357688
-0.06101324805
-0.06060733043
-0.05952740304
-0.05786371885
-0.05570069219
-0.0531281974
-0.05025154932
-0.04716896425
-0.04396506316
-0.04071450831
-0.03748283108
-0.0343242863
-0.0312813377
-0.02838542904
-0.02565832587
-0.02311349644
-0.02075746119
-0.01859113688
-0.01661109973
-0.0148107383
-0.01318120749
-0.01171215965
-0.01039240332
-0.009210371331
-0.008154429697
-0.007213344425
-0.006376313602
-0.005632952487
-0.00497388511
-0.004390246388
-0.003873667562
-0.003417122156
-0.003013538401
-0.002657152207
-0.002342934795
-0.002065811225
-0.00182032868
-0.001604023459
-0.001413896698
-0.001246386286
-0.001097311615
-0.0009667954906
-0.0008524407178
-0.0007515717299
-0.0006623751851
-0.0005834184071
-0.0005138804354
-0.0004526027214
-0.0003984311891
-0.0003504753438
-0.0003080201119
-0.0002704075494
-0.0002370622212
-0.0002074565129
-0.0001811125991
-0.0001576122666
-0.0001365892914
-0.0001177162197
-0.0001006981645
-8.526906164e-05
-7.118763925e-05
-5.823383205e-05
-4.62180307e-05
-3.489836558e-05
-2.429192924e-05
-1.35785305e-05
-6.016082011e-06
-0.05088037619
-0.05548315783
-0.05923782657
-0.06209337838
-0.06402648404
-0.06504138427
-0.06517224533
-0.06448101606
-0.06304945074
-0.06098262473
-0.05836958025
-0.0553323676
-0.05199855452
-0.04847858125
-0.04486766808
-0.04124955346
-0.03769535691
-0.03426153496
-0.03099023315
-0.02791085601
-0.02504188825
-0.02239264804
-0.01996504482
-0.0177552408
-0.01575515198
-0.01395383294
-0.01233850123
-0.01089525815
-0.009609962041
-0.008468498236
-0.007456928503
-0.006562451871
-0.005772825619
-0.005076373904
-0.004463273378
-0.003923477922
-0.00344834845
-0.003031155967
-0.002662880341
-0.002339951158
-0.002057666332
-0.001809579207
-0.001589417248
-0.001397357173
-0.001229973141
-0.001083029182
-0.0009531795894
-0.0008390183766
-0.0007388666815
-0.0006507363468
-0.0005729919739
-0.0005043943602
-0.0004439409606
-0.0003906627174
-0.0003436439129
-0.0003020983751
-0.0002653630841
-0.0002328545544
-0.0002040522504
-0.0001784985449
-0.0001557817956
-0.0001355332484
-0.0001174278372
-0.0001011793044
-8.653359167e-05
-7.32615919e-05
-6.115425285e-05
-5.001917256e-05
-3.969222278e-05
-2.996814422e-05
-2.085849779e-05
-1.165716069e-05
-5.166643983e-06
-0.05544090155
-0.06046517817
-0.06450464076
-0.06750393462
-0.06943940241
-0.07031884953
-0.07018984569
-0.06914061486
-0.06726911666
-0.06467503557
-0.06149426619
-0.05788382678
-0.05398856594
-0.04993448413
-0.0458319117
-0.04177539858
-0.03784149186
-0.03408811311
-0.03055603359
-0.0272711874
-0.02424716002
-0.02148752083
-0.01898808168
-0.01673887097
-0.0147258971
-0.01293296881
-0.01134258221
-0.009936504148
-0.008697332136
-0.007607956084
-0.006651706446
-0.005814422834
-0.005081613084
-0.004440557012
-0.003881420701
-0.003391468192
-0.002964176116
-0.002592490377
-0.002265946664
-0.001982649954
-0.001737346253
-0.001523443662
-0.0013355646
-0.001171746103
-0.001029036277
-0.0009041425797
-0.0007944233189
-0.000698042414
-0.0006135697262
-0.0005394837468
-0.0004743764011
-0.0004171083613
-0.0003667239657
-0.0003223875879
-0.0002833363001
-0.0002488927575
-0.0002184778194
-0.0001915933435
-0.0001678012065
-0.0001467141519
-0.0001279853413
-0.0001113047167
-9.639933743e-05
-8.303052867e-05
-7.098775317e-05
-6.008233753e-05
-5.01433922e-05
-4.100993115e-05
-3.2533065e-05
-2.455629589e-05
-1.708851309e-05
-9.547041623e-06
-4.233916849e-06
-0.06097038451
-0.0665055052
-0.07088313294
-0.07404378954
-0.07596267229
-0.07666185886
-0.07621920644
-0.07471470637
-0.07225522683
-0.06899124386
-0.0651097243
-0.0607943543
-0.05621142399
-0.05151014508
-0.04681995326
-0.04224694619
-0.03787252048
-0.03375475527
-0.02993126129
-0.02642238339
-0.0232346002
-0.02036363387
-0.01779737008
-0.01551797634
-0.01350396565
-0.01173303514
-0.01018203508
-0.008827490501
-0.007648802003
-0.006624613554
-0.005735563344
-0.004966746365
-0.004299484011
-0.003723275759
-0.003227225689
-0.002795260201
-0.002424922748
-0.002108051076
-0.001833534243
-0.001596342699
-0.001391720473
-0.001214579622
-0.001060695146
-0.0009269685353
-0.0008108844566
-0.0007099347468
-0.0006218966528
-0.0005450226434
-0.0004779033328
-0.0004192696416
-0.0003679577417
-0.0003229834438
-0.0002835289196
-0.0002488943399
-0.0002184579474
-0.0001916716899
-0.0001680661002
-0.0001472398156
-0.00012884234
-0.0001125628123
-9.812393275e-05
-8.527968183e-05
-7.381479647e-05
-6.354236653e-05
-5.429861401e-05
-4.593676645e-05
-3.832276769e-05
-3.132649558e-05
-2.48479094e-05
-1.874889713e-05
-1.304236999e-05
-7.282329356e-06
-3.232801708e-06
-0.06765927482
-0.07380805826
-0.07858221261
-0.08192026076
-0.08380347908
-0.08427637568
-0.08340848573
-0.08130454192
-0.07809948943
-0.07400563516
-0.06925680911
-0.06407076866
-0.05864763064
-0.05316726443
-0.0477806364
-0.04260535575
-0.03772652745
-0.03320030275
-0.0290582652
-0.02531203092
-0.02195802129
-0.01898139555
-0.01635996995
-0.01406592414
-0.01206820967
-0.01033781464
-0.008844095101
-0.007557899717
-0.006456047308
-0.005510105154
-0.004702300731
-0.004015625886
-0.003425949986
-0.002927860645
-0.002508269928
-0.002150308526
-0.001846277332
-0.001588504196
-0.001368665682
-0.001180784172
-0.001020351954
-0.0008831980319
-0.0007657040961
-0.0006646750889
-0.0005778061141
-0.0005030141048
-0.0004384205224
-0.0003824897452
-0.0003339944127
-0.0002919010421
-0.0002552951469
-0.0002233955297
-0.0001955535725
-0.0001712220724
-0.0001499275258
-0.0001312598167
-0.0001148690767
-0.0001004572945
-8.77660032e-05
-7.656709944e-05
-6.665859958e-05
-5.786330955e-05
-5.002807983e-05
-4.30213957e-05
-3.672872493e-05
-3.104717222e-05
-2.588228558e-05
-2.114478134e-05
-1.676063783e-05
-1.26368281e-05
-8.783483987e-06
-4.898690274e-06
-2.178882366e-06
-0.07575237696
-0.08263242357
-0.08786683286
-0.09139166194
-0.09320277297
-0.09337694468
-0.09196953256
-0.08908550414
-0.08493632046
-0.07980482545
-0.07397496739
-0.06771297261
-0.06126628905
-0.05485210506
-0.04864494567
-0.04277351354
-0.03732439565
-0.03234849399
-0.02786681993
-0.0238777572
-0.02036375718
-0.01729572112
-0.01463857711
-0.01235183833
-0.01039310656
-0.008726175372
-0.007309029294
-0.006112517976
-0.005108843067
-0.004259383741
-0.003552755298
-0.002968645813
-0.002480773544
-0.002075369226
-0.001739516128
-0.001460040741
-0.001227304875
-0.001033876194
-0.0008729700712
-0.0007387810683
-0.0006267850554
-0.00053320704
-0.0004548240962
-0.0003889007765
-0.0003333132704
-0.0002863639581
-0.0002465712468
-0.0002127167578
-0.0001838362062
-0.000159146502
-0.0001379829218
-0.0001197856474
-0.0001040952739
-9.053425237e-05
-7.878677571e-05
-6.8586679e-05
-5.971077641e-05
-5.197171999e-05
-4.520953582e-05
-3.928505757e-05
-3.407690413e-05
-2.948073724e-05
-2.540856131e-05
-2.17864656e-05
-1.855076967e-05
-1.564410821e-05
-1.301363307e-05
-1.061034698e-05
-8.393626525e-06
-6.31451085e-06
-4.379390219e-06
-2.434342e-06
-1.089226874e-06
-0.08556878017
-0.09330798937
-0.09906681571
-0.1027954677
-0.1045183001
-0.1042710605
-0.1021406445
-0.09825959857
-0.0929218002
-0.0864859617
-0.07930439638
-0.07171330022
-0.06402221922
-0.05649256251
-0.04932460923
-0.04265595556
-0.03657007017
-0.03110820923
-0.02627433422
-0.02204777913
-0.018391898
-0.01525785463
-0.01259226269
-0.01033810138
-0.008449001814
-0.00687714079
-0.005564094366
-0.004488239851
-0.003614556359
-0.002896681733
-0.002313228538
-0.001844617457
-0.001467343992
-0.001163373998
-0.0009198715548
-0.0007257587757
-0.0005713774095
-0.0004490444584
-0.0003524356701
-0.000276258327
-0.0002163061469
-0.000169253261
-0.0001323190516
-0.0001033547666
-8.065204487e-05
-6.289453053e-05
-4.900917773e-05
-3.814206354e-05
-2.963743811e-05
-2.298958854e-05
-1.779612524e-05
-1.373582646e-05
-1.055887239e-05
-8.073705186e-06
-6.132069649e-06
-4.617960742e-06
-3.4408082e-06
-2.530004236e-06
-1.829462599e-06
-1.293468959e-06
-8.84823992e-07
-5.745284079e-07
-3.413495148e-07
-1.701429472e-07
-4.925612497e-08
3.165605798e-08
8.224689947e-08
1.105770466e-07
1.218316267e-07
1.181622981e-07
9.988487186e-08
7.117899894e-08
1.856492704e-08
-0.09752783193
-0.1062598188
-0.1125991482
-0.1165311794
-0.1181236135
-0.1173417169
-0.1142570056
-0.1090979137
-0.102252224
-0.09416397328
-0.08528293188
-0.07604469793
-0.06683840627
-0.05797681824
-0.04968976081
-0.04211819427
-0.03533307652
-0.02935787637
-0.02417247806
-0.01972979304
-0.01596749309
-0.01281146833
-0.01018168717
-0.007998593879
-0.006225019826
-0.004794904197
-0.003639604017
-0.00272115639
-0.001999417655
-0.001425900603
-0.0009794643153
-0.0006413723678
-0.00038688729
-0.0001961137668
-5.593991861e-05
4.40130839e-05
0.0001129482293
0.0001583606092
0.0001860634896
0.0002006233205
0.0002056162346
0.0002037778957
0.0001973680232
0.0001878632605
0.0001764605121
0.0001640467815
0.0001512601659
0.0001385500261
0.0001262202129
0.000114466335
0.000103408645
9.31135018e-05
8.36056295e-05
7.487880371e-05
6.690648306e-05
5.964986936e-05
5.306272752e-05
4.709467579e-05
4.169408255e-05
3.681028497e-05
3.239437363e-05
2.839895195e-05
2.47779369e-05
2.148711422e-05
1.848519421e-05
1.573434292e-05
1.319991269e-05
1.084821489e-05
8.64859523e-06
6.557909738e-06
4.582966402e-06
2.578167534e-06
1.127028165e-06
-0.1121676621
-0.1220174016
-0.1290023639
-0.1331888195
-0.1345506304
-0.13303881
-0.1287359275
-0.1219565062
-0.1131883886
-0.1029952343
-0.0919692427
-0.08068588169
-0.0696337406
-0.05918212963
-0.04959286095
-0.04100499709
-0.0334652831
-0.02696336656
-0.02144676127
-0.01682991711
-0.01301429023
-0.009893704223
-0.007365840225
-0.005337493022
-0.003740205919
-0.002487291048
-0.00151927586
-0.0007887103228
-0.0002450169102
0.0001616861989
0.0004470797149
0.0006343809211
0.000750678591
0.0008156915945
0.000842128741
0.0008397675644
0.0008169935226
0.0007805259321
0.0007353721209
0.0006852370195
0.000632891119
0.0005803516869
0.0005292269485
0.0004802437123
0.0004340141061
0.0003909155301
0.0003511045135
0.0003145902141
0.0002812901825
0.0002510618667
0.0002237247967
0.0001990777063
0.0001769101243
0.0001570105819
0.0001391728841
0.0001232000707
0.0001089062214
9.611730658e-05
8.467201313e-05
7.442228051e-05
6.52329509e-05
5.698056841e-05
4.955201647e-05
4.284362857e-05
3.676069433e-05
3.121664118e-05
2.613223826e-05
2.143179282e-05
1.705009533e-05
1.290226591e-05
8.999171886e-06
5.047226054e-06
2.218791778e-06
-0.1301751619
-0.1412159069
-0.1488704556
-0.1533417592
-0.1544710837
-0.152022546
-0.1461533817
-0.1372736772
-0.1260036131
-0.1130914836
-0.09933267902
-0.08549315252
-0.07218855926
-0.05985451491
-0.04877564066
-0.03907521906
-0.03075578364
-0.02375435782
-0.01796256167
-0.0132427836
-0.009452802486
-0.006443008171
-0.004091559702
-0.002286880944
-0.0009232295435
0.0001007612974
0.0008325795932
0.001330893514
0.001654999143
0.001852469474
0.001948576325
0.00196712306
0.001931451223
0.001859234242
0.001762634874
0.001650733333
0.001530762626
0.001408241423
0.001287086207
0.001169970116
0.00105869788
0.0009544470319
0.0008578761686
0.0007690181437
0.0006878064746
0.0006140147117
0.0005472699371
0.0004871130788
0.0004330498983
0.0003845776143
0.000341200158
0.000302439852
0.0002678454758
0.0002369965205
0.0002095046302
0.0001850131138
0.0001631954089
0.0001437535017
0.0001264168148
0.0001109410677
9.710642057e-05
8.471480451e-05
7.358707728e-05
6.356062525e-05
5.448759209e-05
4.623314214e-05
3.867421975e-05
3.169378072e-05
2.519375545e-05
1.905114768e-05
1.327900141e-05
7.439702016e-06
3.276865174e-06
-0.1525574311
-0.1647317613
-0.1731008079
-0.1777959524
-0.1785567225
-0.1750492694
-0.1673085979
-0.1557944875
-0.1412810517
-0.1248189164
-0.107530314
-0.09045216193
-0.07436703972
-0.05978606582
-0.04700715003
-0.03610749332
-0.0270034793
-0.01954558017
-0.01355785229
-0.008841361712
-0.005190789876
-0.002400358822
-0.0003271221168
0.00116849027
0.002215604141
0.002921788983
0.00335596943
0.003581412848
0.003654756827
0.003619877277
0.003507318752
0.00334053424
0.003139340053
0.002919298409
0.002691591975
0.002464136478
0.00224262529
0.002031023635
0.001831855435
0.001646531549
0.001475710497
0.001319589134
0.001177654856
0.001049217457
0.0009334729197
0.0008295223433
0.0007364160812
0.0006531991907
0.0005789463102
0.0005127800402
0.0004538801847
0.000401489208
0.0003549143115
0.0003135260396
0.0002767544774
0.0002440843554
0.0002150502287
0.0001892325115
0.0001662542957
0.0001457782241
0.000127502711
0.0001111574692
9.649909871e-05
8.330744756e-05
7.138291482e-05
6.054379457e-05
5.062466798e-05
4.14719525e-05
3.295238557e-05
2.49086768e-05
1.73553334e-05
9.718318787e-06
4.284746997e-06
-0.1804560348
-0.1934830525
-0.2025208528
-0.207659738
-0.2080144542
-0.2031272477
-0.1929592513
-0.1779806897
-0.1591978961
-0.1381045825
-0.1162767662
-0.09514698289
-0.0757173515
-0.05853831238
-0.04386603885
-0.03171540163
-0.02189543936
-0.01412786437
-0.008101017492
-0.003550030925
-0.0001981536818
0.002214343052
0.00388316003
0.004973810879
0.005626655349
0.005954080876
0.006040178187
0.00595079394
0.005739264908
0.005447087683
0.005105009128
0.004735440707
0.00435553363
0.003978327114
0.003612999332
0.003265540252
0.002939649662
0.002637382031
0.002359543231
0.002106019887
0.00187613967
0.001668933658
0.001482653316
0.001315722738
0.001166566873
0.001033578947
0.0009151954516
0.0008099423255
0.0007164519224
0.0006334679668
0.000559846327
0.0004945526721
0.0004366568245
0.0003853246943
0.0003398090613
0.0002994405744
0.0002636198367
0.0002318109296
0.0002035358556
0.0001783689917
0.0001559311118
0.0001358830442
0.0001179199044
0.0001017665986
8.717493492e-05
7.391830009e-05
6.179121413e-05
5.060390787e-05
4.020074253e-05
3.038149041e-05
2.116383324e-05
1.18474912e-05
5.226642796e-06
-0.2149008111
-0.2284362085
-0.2379777138
-0.2437239898
-0.2447623963
-0.238979844
-0.2259113174
-0.2061333343
-0.1813219548
-0.1538093965
-0.1258969564
-0.09947205715
-0.07583678918
-0.05560112147
-0.03889656348
-0.02551835909
-0.01512988485
-0.00726832588
-0.001456253423
0.002704156109
0.005568849662
0.007443943199
0.008571754324
0.009142761989
0.009308161332
0.009185964079
0.008865574283
0.008413551387
0.007880359359
0.007304119071
0.006712623213
0.006125445926
0.005556428607
0.005015251538
0.004508121169
0.004038390087
0.003607300705
0.003214627045
0.002859129991
0.002538908535
0.002251786014
0.001995413811
0.001766769868
0.001563314338
0.001382621746
0.001222349044
0.001080306461
0.0009544945501
0.0008431046585
0.0007445088034
0.000657248788
0.0005800238286
0.0005116762272
0.0004511763574
0.0003976083379
0.0003501571878
0.0003080978531
0.0002707860069
0.0002376497941
0.0002081815897
0.0001819299123
0.0001584911569
0.0001375027042
0.0001186386536
0.000101607342
8.613783377e-05
7.199033028e-05
5.894785998e-05
4.682363956e-05
3.538163388e-05
2.464403634e-05
1.3793687e-05
6.087624558e-06
-0.2580576256
-0.2704118076
-0.282093255
-0.286844796
-0.287466848
-0.2821099025
-0.2661781265
-0.240384384
-0.2076620905
-0.1717000789
-0.1358708842
-0.1028254107
-0.07409635951
-0.05039174762
-0.03160311847
-0.0171906422
-0.00650082008
0.001174482543
0.006491336677
0.009998240532
0.01214409861
0.01329002212
0.01371715904
0.01363860329
0.01321497819
0.01256643373
0.01178105808
0.01092209361
0.01003485842
0.009151671918
0.008294899572
0.007479340715
0.006714383462
0.006005542466
0.005355317074
0.004763790731
0.004229243828
0.00374875422
0.003318690105
0.002935153413
0.002594283861
0.002291878867
0.002023948642
0.001786874624
0.001577303321
0.001392145432
0.001228598545
0.001084154186
0.0009565808866
0.00084389909
0.0007443564305
0.0006564038079
0.0005786721663
0.0005099509512
0.0004491690554
0.0003953783664
0.0003477396097
0.0003055102579
0.000268033556
0.0002347273887
0.0002050747193
0.0001786138496
0.0001549295246
0.0001336457551
0.0001144435268
9.700289707e-05
8.106167452e-05
6.637047101e-05
5.271414246e-05
3.982920681e-05
2.774064079e-05
1.552588543e-05
6.853903397e-06
-0.3032605982
-0.3355256446
-0.3466093338
-0.3492038809
-0.3402333727
-0.3187760816
-0.2844568631
-0.2401472448
-0.1921744079
-0.1455566122
-0.1040675044
-0.06938082401
-0.04194057339
-0.02118458142
-0.006087595433
0.004460010483
0.01149560451
0.01590479973
0.01839910398
0.01952895611
0.01971169292
0.01925762432
0.01839247139
0.01727805928
0.01602910744
0.01472553668
0.01342177533
0.01215415644
0.0109463653
0.009813105643
0.00876266374
0.007798826738
0.006922194969
0.006130938133
0.00542128208
0.004788006407
0.00422501911
0.003725902758
0.003284492912
0.002894968368
0.002551338259
0.002248419785
0.001981568782
0.001746542744
0.001539530516
0.001357151757
0.001196428576
0.001054744686
0.0009298031918
0.0008195875362
0.0007223262607
0.0006364616426
0.0005606224248
0.0004936004459
0.0004343307124
0.0003818738201
0.0003354008249
0.0002941808328
0.0002575670435
0.0002249845518
0.0001959201932
0.0001699168833
0.0001465636101
0.0001254755883
0.0001063417964
8.88589822e-05
7.274844965e-05
5.777620288e-05
4.365282076e-05
3.0403723e-05
1.701594123e-05
7.51299196e-06
-0.3307322463
-0.3432543627
-0.3885049886
-0.3957583576
-0.3916677125
-0.3704044169
-0.3294882613
-0.273483941
-0.2123474656
-0.1537173464
-0.1026761124
-0.06140305478
-0.03007486758
-0.007562179313
0.007800016957
0.01769211896
0.02357575017
0.02662395378
0.02772906904
0.02754447965
0.02653705201
0.02503434393
0.0232617676
0.02137135059
0.01946354547
0.01760298949
0.01582965251
0.01416681154
0.01262669292
0.01121429482
0.009929905156
0.008770742006
0.007731895208
0.006806746385
0.005987194514
0.005264014131
0.004627449025
0.00406788156
0.003576601218
0.003145538641
0.002767039828
0.00243472033
0.002142937383
0.00188665327
0.001661425191
0.001463372741
0.001289118095
0.001135720242
0.001000614757
0.0008815617535
0.0007766015039
0.0006840168466
0.0006023013293
0.000530131994
0.0004663464297
0.0004099224306
0.0003599576594
0.0003156563621
0.0002763205623
0.0002413294417
0.0002101230204
0.0001822069871
0.0001571409345
0.0001345239252
0.0001140018285
9.525239515e-05
7.797879302e-05
6.19292462e-05
4.679117476e-05
3.259030086e-05
1.823981365e-05
8.05427666e-06
-0.3422981004
-0.3584992439
-0.4052418803
-0.4147215525
-0.4118857176
-0.3903782189
-0.3463833452
-0.2850346794
-0.2168274012
-0.1509921177
-0.09377574209
-0.04817467051
-0.01450614993
0.008671539057
0.02350906464
0.03215532505
0.03644278719
0.03780060349
0.03727741815
0.03560934987
0.03329679766
0.03067133726
0.02794687458
0.02525688073
0.02268106147
0.02026393395
0.0180273885
0.01597911066
0.01411821884
0.01243900234
0.01093323193
0.009591414436
0.008403188974
0.007357187773
0.00644084971
0.005640634547
0.004942733145
0.004334096347
0.003803113268
0.003339239456
0.002933512745
0.002578378573
0.002267292204
0.001994560447
0.001755243692
0.001545073219
0.001360362462
0.001197920095
0.00105497446
0.0009291115063
0.0008182241497
0.0007204704188
0.0006342383064
0.000558115407
0.0004908630997
0.0004313952576
0.0003787541881
0.0003320933898
0.0002906715188
0.0002538300302
0.0002209838027
0.0001916073664
0.0001652327626
0.0001414403863
0.0001198543816
0.0001001375934
8.197693752e-05
6.510541163e-05
4.919253207e-05
3.426423614e-05
1.917720362e-05
8.468712172e-06
-0.3449534283
-0.3633200321
-0.3933966415
-0.4168910734
-0.4116340935
-0.3888117291
-0.341692982
-0.2779103885
-0.2070007571
-0.1386446033
-0.07941663062
-0.03261085103
0.001328323042
0.02396173244
0.03767610804
0.0448654024
0.04756780938
0.04735902858
0.04537792975
0.0424065546
0.03896055554
0.03536777164
0.03182812455
0.02845670406
0.025313951
0.02242617171
0.01979906731
0.01742652615
0.01529623131
0.01339333085
0.0117025685
0.01020911812
0.008898326055
0.007754937064
0.006762486901
0.005903443114
0.005160127779
0.004516315073
0.003957476126
0.003471013834
0.00304670105
0.002676056919
0.002351862538
0.002067949352
0.001819039146
0.001600608329
0.001408768046
0.001240160301
0.00109187309
0.0009613734138
0.000846453463
0.0007451857854
0.00065588552
0.0005770785599
0.000507472925
0.0004459344074
0.0003914706449
0.0003432108428
0.0003003791511
0.0002622889942
0.0002283332954
0.0001979676023
0.0001707061675
0.0001461166339
0.0001238111885
0.0001034408193
8.468096736e-05
6.725443965e-05
5.081844935e-05
3.539854862e-05
1.981307949e-05
8.749662614e-06
-0.3363625044
-0.3558964027
-0.3803798456
-0.3978299145
-0.3926991472
-0.3678143467
-0.3217737354
-0.2597927046
-0.1908283213
-0.1242366748
-0.06647873676
-0.02093359712
0.01195173614
0.03355055249
0.04620872269
0.05234800662
0.05404524805
0.05290479714
0.05008404192
0.04637254561
0.04228504574
0.03814314967
0.03413757549
0.030372993
0.02689942321
0.02373341388
0.02087200716
0.01830186785
0.01600481865
0.01396169379
0.01215410478
0.01056492302
0.009177435828
0.007974124725
0.006935908047
0.006042430039
0.005273338638
0.004610152278
0.004036300326
0.003537939942
0.003104027806
0.002725467813
0.002394620206
0.00210503737
0.001851259655
0.001628637726
0.001433184535
0.001261458018
0.001110472602
0.0009776328215
0.0008606795761
0.0007576429355
0.0006668004756
0.0005866431304
0.0005158491093
0.0004532620067
0.000397872363
0.0003487950116
0.0003052442462
0.0002665232204
0.0002320115641
0.0002011541298
0.000173454454
0.0001484707978
0.0001258079968
0.0001051110819
8.605036146e-05
6.834409436e-05
5.164364485e-05
3.59744315e-05
2.013591838e-05
8.891415241e-06
-0.3447774313
-0.3399205261
-0.3447212233
-0.3399234383
-0.3339785224
-0.322504782
-0.3340063748
-0.3224949182
-0.3420510756
-0.3440908273
-0.3419871492
-0.3440406977
-0.3503471397
-0.3496126105
-0.3353664996
-0.3336168126
-0.3493810056
-0.3258890073
-0.3406365028
-0.3364114634
-0.349326292
-0.3258856159
-0.3406263186
-0.3444704145
-0.3461639025
-0.346881905
-0.3444464729
-0.3503580585
-0.3496678587
-0.3444831696
-0.3461826573
-0.346890396
-0.3444826705
-0.3314833073
-0.3340959134
-0.3327875653
-0.3299778914
-0.3327617171
-0.3302230584
-0.3309739277
-0.3242096595
-0.3226613706
-0.3252000795
-0.3206664971
-0.3252886659
-0.3204290601
-0.3243654332
-0.3353880515
-0.3336234514
-0.3314860321
-0.3340998685
-0.3327925157
-0.329966125
-0.3327659629
-0.3302244071
-0.3309765529
-0.3242110008
-0.3226618258
-0.325189849
-0.3206617508
-0.3252900977
-0.3204293823
-0.3243650806
-0.3315057741
-0.3416638669
-0.3315814308
-0.341755598
-0.3426517016
-0.3432627642
-0.3688569815
-0.3307226851
-0.3426829216
-0.3430491811
-0.368879129
-0.3471396531
-0.3470919018
-0.3422560654
-0.344550732
-0.3581585956
-0.342122348
-0.3423191264
-0.3444522651
-0.3582102752
-0.3576407603
-0.3409578541
-0.353228278
-0.3450133199
-0.3575866331
-0.3409731781
-0.3533086416
-0.3809273809
-0.3600929579
-0.3908276396
-0.3632797539
-0.380945418
-0.3601720433
-0.3907876235
-0.3364424139
-0.3321394276
-0.3321867655
-0.335345743
-0.3395504711
-0.3394274234
-0.3354568843
-0.3723297104
-0.3475972832
-0.3698667546
-0.3558347854
-0.3723777654
-0.3475854641
-0.3698596281
-0.3460652292
-0.3446632274
-0.3460965153
-0.3443491329
-0.3461225655
-0.3444495172
-0.3458243488
-0.3436248389
-0.3401410872
-0.3428189461
-0.3416484027
-0.3427689228
-0.3423314687
-0.3434905073
-0.3460760843
-0.3446646804
-0.3461050961
-0.3443897828
-0.346131829
-0.3444590932
-0.345853138
-0.3436332344
-0.3401457936
-0.3428067628
-0.3416856141
-0.3427736615
-0.3423402747
-0.3435126615
-0.3441479303
-0.343140356
-0.3423618212
-0.3418343261
-0.3430803201
-0.3423667384
-0.3441327261
-0.3439906928
-0.3455295506
-0.3458000243
-0.3450067149
-0.3427103027
-0.3427385423
-0.3449378545
-0.3472152152
-0.3471059172
-0.3441533015
-0.3418207418
-0.3431824404
-0.3423695999
-0.3430856136
-0.3423658646
-0.3441519293
-0.343990047
-0.3456596974
-0.3458113959
-0.345011411
-0.342769418
-0.3427436467
-0.3449769113
-0.3396442286
-0.3438972458
-0.3455152417
-0.3486388734
-0.3435567444
-0.3448708434
-0.3399588178
-0.3258806524
-0.3281616107
-0.3281256875
-0.3317137172
-0.329862661
-0.3296752052
-0.3319079495
-0.3362487582
-0.3423591488
-0.3347607577
-0.3397604009
-0.3415511882
-0.3343569229
-0.3366314627
-0.33644662
-0.3321330234
-0.3321884411
-0.3353496276
-0.3395564659
-0.3394295735
-0.3354687786
-0.3396481319
-0.3486386174
-0.343874007
-0.3455411016
-0.3435583964
-0.3448764601
-0.3399642135
-0.3258821027
-0.3281491445
-0.3281274754
-0.3317152059
-0.3298646203
-0.3296771034
-0.3319023171
-0.3362503201
-0.3397626049
-0.3423582555
-0.33476491
-0.341552161
-0.3343597522
-0.3366331421
-0.3022753965
-0.3241092244
-0.3022283491
-0.3240787031
-0.3050402837
-0.3269103898
-0.3421251681
-0.3032700554
-0.3050123698
-0.3269432314
-0.3421290507
-0.3415617258
-0.3417109268
-0.3584586
-0.3226168184
-0.3435284236
-0.3289415745
-0.3197051141
-0.3416900868
-0.3579559533
-0.3378488209
-0.3671331018
-0.3971055693
-0.3432839299
-0.3378236279
-0.367165063
-0.3970705324
-0.3422968434
-0.3418730693
-0.3422874404
-0.3449213772
-0.3433225025
-0.3424677627
-0.3452047585
-0.3630626486
-0.3674884986
-0.3994882299
-0.3584762502
-0.3630182412
-0.3675514003
-0.3994320729
-0.3449652832
-0.3451072044
-0.3451104729
-0.3477183037
-0.3475583635
-0.3474932866
-0.3477639785
-0.377847921
-0.3657722869
-0.3659198655
-0.3610340301
-0.3631100686
-0.3646493048
-0.3774265314
-0.3908897205
-0.398836866
-0.4172230856
-0.3934603243
-0.3908334294
-0.3988476258
-0.4172196005
-0.3523695738
-0.3543094375
-0.3507811963
-0.3562920356
-0.363575778
-0.3597451955
-0.360609784
-0.3840635247
-0.3784303568
-0.3936894635
-0.3803848271
-0.3840596651
-0.3784313572
-0.3936876947
-0.3389570254
-0.3306699425
-0.3396599449
-0.3305784722
-0.3297146532
-0.338598325
-0.3396211529
-0.3468563255
-0.3466789138
-0.3457619936
-0.345912975
-0.3425364182
-0.3415690898
-0.3425213229
-0.3412839683
-0.3403767789
-0.3398501723
-0.3416420488
-0.3415680312
-0.3335243346
-0.3327421621
-0.3417284496
-0.3389625954
-0.3305817066
-0.3306393066
-0.3397331144
-0.3296990974
-0.3386009675
-0.3396548521
-0.3468809167
-0.3466919239
-0.3457714318
-0.3459091941
-0.3415657477
-0.3426694496
-0.3425445352
-0.3413118376
-0.3406120139
-0.3398659061
-0.3417568014
-0.3429518041
-0.3410294094
-0.3415953542
-0.3457475419
-0.340491468
-0.3455068273
-0.3424063357
-0.3400740649
-0.3379797483
-0.3521908872
-0.369503414
-0.3350671095
-0.3506387869
-0.3418912967
-0.3584774789
-0.3289322842
-0.3226370249
-0.3434323147
-0.3197128631
-0.3416376873
-0.3579801149
-0.3428559718
-0.341091554
-0.3413377469
-0.3458964514
-0.3403631557
-0.3455834372
-0.3425235771
-0.3401152476
-0.3695113095
-0.3380399551
-0.3522753798
-0.3350891001
-0.3506731524
-0.3419909792
-0.3502137469
-0.3451678883
-0.3605748877
-0.3396762685
-0.3433150165
-0.3614479082
-0.3510086783
-0.3442626561
-0.3429865354
-0.3427925224
-0.3456379072
-0.3472529633
-0.3471339082
-0.345995521
-0.3497424771
-0.3563756199
-0.3515671162
-0.3576768655
-0.3554224766
-0.3513668903
-0.350391649
-0.3418325698
-0.3423517225
-0.3422898484
-0.3449239287
-0.3431814761
-0.342481038
-0.3451891295
-0.3502219908
-0.3396792734
-0.345169848
-0.3605754589
-0.3433316833
-0.3614454789
-0.3510182015
-0.3442593474
-0.3429925663
-0.3427944225
-0.3456331916
-0.3472278551
-0.3471331297
-0.3459446125
-0.3497463818
-0.3576832008
-0.3564064943
-0.3516026085
-0.3554224413
-0.3513726949
-0.3503994011
-0.3520074033
-0.3517968084
-0.35840556
-0.3566870646
-0.3514312754
-0.358254896
-0.3521325383
-0.3410527715
-0.3437979011
-0.3437071384
-0.3435455407
-0.3436157115
-0.3463075649
-0.3463703554
-0.3476143515
-0.3529652659
-0.3476135735
-0.3503457366
-0.3561863017
-0.3557723285
-0.3505287976
-0.3449737483
-0.3451247602
-0.3451154661
-0.3477224719
-0.3475991231
-0.3474971084
-0.3477723626
-0.3520119496
-0.3566858807
-0.351804433
-0.3584322311
-0.3514350284
-0.3582582386
-0.3521431881
-0.3410576476
-0.3437727404
-0.3437093936
-0.3436037171
-0.3436222564
-0.3463095381
-0.3463763362
-0.3529746147
-0.3477126861
-0.3476241917
-0.3503458823
-0.3561907554
-0.3557703226
-0.3505350628
-0.3592925646
-0.3690568036
-0.3628825063
-0.3687126648
-0.36178044
-0.3664529429
-0.3709253855
-0.3739135166
-0.3826751809
-0.3789614902
-0.388754048
-0.3797652713
-0.3737314855
-0.3775584397
-0.377852546
-0.3610371652
-0.3657422566
-0.3659569579
-0.3631106693
-0.364660308
-0.3774287145
-0.3593031237
-0.3690571573
-0.3628903259
-0.3687117734
-0.3617810768
-0.3664529857
-0.3709263635
-0.3739190744
-0.3887531658
-0.382685871
-0.3789253625
-0.3797746723
-0.373731077
-0.3775612789
-0.3614321937
-0.3709678059
-0.3771982697
-0.3678118385
-0.3627881138
-0.3750382809
-0.3701791346
-0.3491828279
-0.3455809745
-0.3473177706
-0.3523238748
-0.356091685
-0.35064844
-0.3574578471
-0.3561654572
-0.3704624767
-0.3655692871
-0.3663947067
-0.3670223473
-0.3545972906
-0.3667488221
-0.3543091569
-0.3523701141
-0.3507833743
-0.356290938
-0.3635405986
-0.3597409953
-0.3605889698
-0.3614302577
-0.3678177719
-0.3710032264
-0.3771921928
-0.3627904387
-0.3750363257
-0.3701787146
-0.3455808409
-0.3491924272
-0.3473173571
-0.3523265506
-0.3560964969
-0.3506488567
-0.3574861782
-0.3561670826
-0.3663951537
-0.3705016203
-0.3655732022
-0.3670271107
-0.3545979843
-0.3667612669
-0.3324285203
-0.3320650068
-0.3085432581
-0.310120973
-0.3324645674
-0.3320588116
-0.3085268349
-0.310128433
-0.3627616552
-0.3807030371
-0.365762844
-0.3612916067
-0.3802072364
-0.3650570735
-0.3673334092
-0.3657678605
-0.3628211836
-0.3807552772
-0.3612862845
-0.3801972492
-0.3650407872
-0.3673541384
-0.3253020038
-0.3240708768
-0.3224899054
-0.3278827951
-0.3279641138
-0.329101914
-0.317142959
-0.3153815613
-0.3134269652
-0.3173624645
-0.3169341913
-0.3174818642
-0.3144959668
-0.3127492502
-0.3107445371
-0.3200127495
-0.3195651317
-0.3202032588
-0.3253037738
-0.3240725516
-0.322491563
-0.3278842661
-0.3279652593
-0.3291028112
-0.3171434513
-0.3153819766
-0.3134273755
-0.3173580969
-0.3169296969
-0.3174771392
-0.3144958181
-0.3127490459
-0.3107443839
-0.320010579
-0.3195625786
-0.3202004502
)
;

boundaryField
{
    inlet
    {
        type            zeroGradient;
    }
    outlet
    {
        type            fixedValue;
        value           uniform 0;
    }
    topAndBottom
    {
        type            symmetry;
    }
    frontAndBack
    {
        type            empty;
    }
    cylinder
    {
        type            zeroGradient;
    }
    procBoundary1to0
    {
        type            processor;
        value           nonuniform List<scalar> 
116
(
-0.03338871433
-0.0337752878
-0.03455942025
-0.03575815695
-0.03740234323
-0.03953392837
-0.04220983724
-0.04550523425
-0.04951770508
-0.05437424823
-0.0602413163
-0.06733572314
-0.07594884568
-0.08647301295
-0.09943118998
-0.1155431719
-0.1359466799
-0.1619883455
-0.1955032912
-0.2932820056
-0.2375867483
-0.2549112564
-0.2374476173
-0.2547990705
-0.2932341941
-0.2932820056
-0.2932820056
-0.2932820056
-0.3552217689
-0.3551576238
-0.3495682479
-0.3568623566
-0.3491461331
-0.3491461331
-0.3560457424
-0.3495682479
-0.337785002
-0.3342042099
-0.3475103867
-0.3491903791
-0.3464453469
-0.3440405218
-0.3495832375
-0.356874114
-0.3493043641
-0.3493043641
-0.3561130534
-0.3495832375
-0.347529638
-0.3492516554
-0.3464670474
-0.3440495209
-0.3378045049
-0.33421058
-0.354359489
-0.3356491058
-0.3542405315
-0.3551878171
-0.3480632341
-0.3480632341
-0.348091812
-0.348091812
-0.3501709389
-0.3504072504
-0.3493725904
-0.3493820948
-0.3551798848
-0.3480671784
-0.3480671784
-0.3481291502
-0.3481291502
-0.3501973482
-0.3504042261
-0.3493725506
-0.3493706187
-0.3265870627
-0.2932341941
-0.2932341941
-0.2932341941
-0.3266488332
-0.332741569
-0.344259345
-0.3335058073
-0.3335058073
-0.3335058073
-0.3444269544
-0.332741569
-0.332741569
-0.332741569
-0.3543120862
-0.3509733513
-0.3509748995
-0.34426362
-0.3349925547
-0.3444555628
-0.3542915532
-0.3509645298
-0.3509401713
-0.310790445
-0.3249263809
-0.3093342942
-0.3249352038
-0.3108303804
-0.3093287803
-0.337785002
-0.3385866872
-0.3398852667
-0.3378045049
-0.3386053348
-0.3399037367
-0.3342042099
-0.3337207877
-0.3322209611
-0.33421058
-0.3337270626
-0.3322270607
)
;
    }
    procBoundary1to3
    {
        type            processor;
        value           nonuniform List<scalar> 
125
(
-0.3978015856
-0.3926629373
-0.36777649
-0.3217414331
-0.259770136
-0.1908161886
-0.1242324577
-0.06647848889
-0.02093233033
0.01195569492
0.03355801373
0.04621362769
0.05235079499
0.05404642739
0.05290401646
0.05008113077
0.04636814275
0.04227996704
0.03813801767
0.03413276225
0.03036865558
0.02689565061
0.02373021185
0.02086932889
0.01829958964
0.01600293174
0.01396009608
0.01215276751
0.01056380868
0.009176509415
0.007973367272
0.006935299238
0.006041922679
0.005273140721
0.004610161123
0.004036294772
0.003537870583
0.003103924348
0.002725355056
0.00239451716
0.002104957664
0.001851206754
0.001628604681
0.001433160211
0.001261433884
0.001110444806
0.000977599958
0.0008606403631
0.0007575967436
0.0006667498877
0.0005865953924
0.0005158144313
0.0004532493859
0.0003978842275
0.0003488252156
0.00030528196
0.0002665567766
0.0002320318778
0.000201157543
0.0001734428094
0.0001484496223
0.0001257837875
0.0001050891072
8.603362863e-05
6.833335065e-05
5.163801859e-05
3.597228405e-05
2.013559081e-05
8.891591942e-06
-0.3258875803
-0.3475963115
-0.378424593
-0.3225037387
-0.322494852
-0.3406350962
-0.3258864108
-0.340628725
-0.3226596044
-0.320665418
-0.3204274336
-0.322660438
-0.3206610665
-0.3204279162
-0.3698622958
-0.34758683
-0.3698553967
-0.3258781959
-0.3298607338
-0.3296717249
-0.3347595274
-0.339757482
-0.3343543232
-0.3258804138
-0.3298666805
-0.3296750371
-0.3397611376
-0.3347687776
-0.334359109
-0.3936790729
-0.3784255962
-0.393677268
-0.3455788595
-0.3560902353
-0.3506458403
-0.3655671385
-0.3663894248
-0.3545938344
-0.3455796428
-0.3560962905
-0.3506467691
-0.3663899661
-0.3655716439
-0.3545947987
-0.3173604041
-0.3169319355
-0.3174794741
-0.3144934295
-0.3127465476
-0.3107417372
-0.3173568001
-0.3169283092
-0.317475698
-0.3144935924
-0.3127466927
-0.3107419548
)
;
    }
}


// ************************************************************************* //
