/*--------------------------------*- C++ -*----------------------------------*\
| =========                 |                                                 |
| \\      /  F ield         | OpenFOAM: The Open Source CFD Toolbox           |
|  \\    /   O peration     | Version:                                        |
|   \\  /    A nd           | Website:  www.openfoam.com                      |
|    \\/     M anipulation  |                                                 |
\*---------------------------------------------------------------------------*/
FoamFile
{
    version     2.0;
    format      ascii;
    class       volScalarField;
    location    "0.6";
    object      p;
}
// * * * * * * * * * * * * * * * * * * * * * * * * * * * * * * * * * * * * * //

dimensions      [0 2 -2 0 0 0 0];


internalField   nonuniform List<scalar> 
2429
(
0.09308686771
0.09334131882
0.09395046106
0.09493796482
0.096312342
0.0980921667
0.1003309822
0.1031187309
0.10656221
0.110792618
0.115989445
0.122397838
0.130350412
0.1403083649
0.1529184936
0.1691247583
0.1902416363
0.2184264336
0.2559389956
0.3013650133
0.3593327174
0.4732908389
0.6033705519
0.09275640579
0.09300405069
0.09359344144
0.09454824772
0.09587592137
0.09759242847
0.09974687415
0.1024222435
0.1057153755
0.1097429898
0.114662699
0.1206859684
0.1280924094
0.1372570462
0.1486834035
0.1630634252
0.1812839841
0.2046717095
0.2342854757
0.2754336549
0.3207091002
0.3896671157
0.4088391417
0.09210755092
0.09233867062
0.09289000097
0.093781904
0.09501926441
0.09661373576
0.09860621665
0.101066743
0.104074025
0.1077187597
0.1121197212
0.1174296923
0.1238379982
0.131577387
0.1409220629
0.1521869296
0.1656245438
0.1814162797
0.1987783221
0.2158865631
0.2408066374
0.2384701587
0.1547106552
-0.3154699902
-0.5291218245
0.09115898546
0.09136735985
0.09186511028
0.09266858844
0.09377923394
0.09520309545
0.096970378
0.09913436543
0.1017507605
0.1048779174
0.1085873377
0.1129625981
0.1180890823
0.124044417
0.1308533
0.138464714
0.1465334905
0.1543206957
0.1598255122
0.159550781
0.1650435043
0.1270895094
0.02262059313
-0.2341225294
-0.6203193547
-0.8234366398
-0.7007209445
-0.46634998
0.08993974809
0.09012048596
0.09055230723
0.09124727613
0.0922031892
0.09341992501
0.09491588031
0.09672604116
0.09888166462
0.1014076062
0.1043273615
0.1076583561
0.1113865462
0.1154595467
0.1197058126
0.1238176708
0.1271300935
0.1284472743
0.125537754
0.1142334603
0.08766110516
0.05460162027
-0.03678947153
-0.1814454983
-0.3331242604
-0.4288217891
-0.4055367817
-0.3088088148
0.08848532613
0.08863493632
0.0889923641
0.08956503127
0.09034755203
0.09133387847
0.09253075911
0.09395541776
0.09561625729
0.09750700048
0.0996070696
0.1018820985
0.1042435576
0.1065501775
0.1085270204
0.1097331085
0.1094184859
0.1063350829
0.09860293557
0.08321397384
0.05603427954
0.01122318662
-0.05271248905
-0.1251036477
-0.198277318
-0.2426264448
-0.2373185321
0.08683550984
0.08695266261
0.0872308824
0.08767376659
0.08827370379
0.08901937878
0.08990702645
0.0909381278
0.09210158077
0.09336385928
0.09467218589
0.09595949829
0.09709780855
0.09789407508
0.09804053124
0.0970586574
0.09427634591
0.08867725553
0.07888456414
0.06303112157
0.03893631052
0.004619753096
-0.03970464416
-0.08662474932
-0.125625441
-0.1466585546
-0.1466917998
0.08503187291
0.08511729723
0.08531519375
0.08562717985
0.08604407572
0.08655045387
0.08713397271
0.08778332558
0.08847202292
0.08914508598
0.08973482708
0.09015778013
0.09027105497
0.08985502986
0.08862086295
0.08614664433
0.0818717056
0.07504774495
0.06472712491
0.0497917083
0.02927864747
0.002668571375
-0.02881796934
-0.06125798466
-0.08882595294
-0.1053336245
-0.1064713558
0.0831208769
0.0831733527
0.08329303348
0.08347824644
0.08371871504
0.08399672552
0.0842932808
0.08458753197
0.08484164318
0.08498879145
0.08496006752
0.08466134447
0.08395320019
0.08262904259
0.08042656837
0.0770016467
0.07192124228
0.06465835718
0.05460367705
0.04115902065
0.02400256593
0.003220561818
-0.01995267321
-0.04295766024
-0.0622297984
-0.07422572731
-0.07737461001
0.08114256829
0.08116405132
0.0812101269
0.08127642932
0.08135249069
0.08141951768
0.08145327874
0.08142721916
0.08129794359
0.08099465526
0.08045510839
0.07958681605
0.07825378718
0.07627553307
0.07343191789
0.06945713285
0.0640377906
0.05681322485
0.04741731328
0.03559539361
0.02128748253
0.004869300358
-0.01263913037
-0.02955060905
-0.0438256127
-0.05338547917
-0.05704061673
0.07913745713
0.07913047232
0.07910902969
0.07906676037
0.07899343553
0.07886925156
0.07866846706
0.07836320457
0.0779056944
0.07723690656
0.07629467243
0.07498789801
0.07319509915
0.07076807341
0.06753375634
0.06329507256
0.05783047459
0.05091207213
0.04233923418
0.03204685969
0.02010041176
0.006933106623
-0.006643245471
-0.01953937862
-0.0304870607
-0.03818518979
-0.0419460387
0.07714211073
0.0771096421
0.07702801634
0.07688942917
0.07668391701
0.07639183215
0.07598728223
0.07544482694
0.07472186124
0.07376488454
0.07250925517
0.07087322284
0.06875731888
0.06604523446
0.06260643354
0.05829762343
0.05296929866
0.04648092389
0.03875461974
0.02979351265
0.0197642678
0.009051351814
-0.001742160981
-0.01189216094
-0.0205839408
-0.02699958754
-0.03066498405
0.07518973716
0.07513481112
0.07500050095
0.07477810205
0.07445766194
0.07402161144
0.07345000377
0.0727166493
0.07178202181
0.07059667199
0.06910200876
0.06723007763
0.06490207373
0.06202888073
0.05851327959
0.05425563325
0.0491614959
0.04315241612
0.03622319661
0.02841242779
0.01991149767
0.01105298248
0.002262157407
-0.005959300502
-0.01306982494
-0.01853069547
-0.02202212655
0.0733065297
0.07323408087
0.07305434574
0.07275965797
0.07234146341
0.07178871586
0.07108392921
0.07019826646
0.0690956415
0.06773425441
0.06606566914
0.06403468478
0.06157958695
0.05863417074
0.05512931238
0.05099673691
0.04617970532
0.0406491234
0.03442171627
0.02758394245
0.02030874942
0.01285901025
0.005540705446
-0.001289399704
-0.007259888272
-0.01200591672
-0.01530443562
0.0715208971
0.07143141967
0.07121310846
0.07085794601
0.07036167906
0.06971635524
0.06890428192
0.06789766778
0.0666656471
0.06517475872
0.06338599124
0.06125473539
0.05873448717
0.05577733021
0.05233664609
0.04836955106
0.04384602256
0.03876878532
0.03316014691
0.02712453708
0.02082170552
0.01444544088
0.008224733107
0.002419400669
-0.002709426268
-0.006907877723
-0.01001607306
0.06985005814
0.06974555814
0.06949756915
0.06909561536
0.06853709903
0.06781674857
0.06691921865
0.06581955122
0.06449188945
0.06290983103
0.06104217116
0.05885428056
0.05631222713
0.05338311592
0.05003627795
0.04624912719
0.04200903729
0.03733770126
0.03226812625
0.02689893899
0.02136738398
0.01581906155
0.01042953185
0.005392674159
0.0008968562504
-0.002876919342
-0.00581116407
0.06831074268
0.06819518526
0.06792357426
0.06748502382
0.0668772339
0.0660977567
0.06513463578
0.06396593886
0.06257001728
0.06092635835
0.05901063823
0.05679766876
0.05426397819
0.05138769542
0.0481499118
0.0445408851
0.04056403083
0.03624321993
0.03163021514
0.02680811103
0.02188738677
0.01698359462
0.01223303739
0.007782723842
0.003771505759
0.0003317210609
-0.002447453365
0.06691659891
0.06679391513
0.06650357784
0.06603604649
0.06539013118
0.06456576009
0.06355393686
0.06233545747
0.06089243543
0.0592093195
0.05726831782
0.05505195153
0.05254451888
0.04973291929
0.04660845337
0.04317024275
0.03943260698
0.0354172001
0.031181545
0.02680270218
0.02236581606
0.0179653702
0.01370892638
0.009709587151
0.006072216044
0.002896312489
0.0002514512327
0.06568032461
0.06555168922
0.06524693831
0.06475723212
0.06408246482
0.06322477869
0.06217767986
0.06092441007
0.05945014159
0.05774354786
0.05579306022
0.05358697852
0.05111523534
0.04837162519
0.04535559383
0.0420718232
0.0385412362
0.03478843268
0.03086719524
0.02684599427
0.02279232393
0.01878443662
0.0149098048
0.01125813512
0.007910681478
0.004943891182
0.002413313169
0.06460925134
0.06447631838
0.06416084011
0.06365458946
0.06295846431
0.06207660241
0.06100465395
0.05972788261
0.05823382818
0.05651524092
0.05456574263
0.05237746625
0.04994525006
0.04726771065
0.04434939652
0.04120100185
0.03784319356
0.03430875762
0.03064402714
0.02690661583
0.02315403891
0.01945229098
0.01587387811
0.01249134218
0.00936912607
0.006567589665
0.004132346239
0.0637095859
0.0635738085
0.06325054186
0.06273222704
0.06202068942
0.06112175552
0.06003289425
0.058740695
0.05723458548
0.05551178794
0.053568826
0.05140100684
0.04900714179
0.0463897741
0.04355740221
0.04052432208
0.03731032756
0.03395057698
0.03048896033
0.02697289041
0.02345335068
0.01998723571
0.01663556851
0.01345845922
0.01050886682
0.007836007225
0.005478205172
0.06298605897
0.06284832579
0.06251960448
0.06199281355
0.06127053899
0.06035999287
0.05925991515
0.05795754768
0.05644498816
0.05472231976
0.05278799275
0.05064003279
0.04828010374
0.04571367795
0.04295184493
0.04001095409
0.03691232124
0.03368989842
0.03038408681
0.02703588429
0.02369138962
0.02040124642
0.017218509
0.01419455309
0.01137440614
0.008799372281
0.00650228108
0.06244170824
0.06230272883
0.06197042472
0.06143803137
0.06070865558
0.05979056098
0.05868319726
0.05737443535
0.05585910857
0.05413839473
0.05221236766
0.05008110993
0.04774824987
0.04522121807
0.0425126371
0.03964008025
0.03662697951
0.0335058679
0.03031264987
0.02708519974
0.02386624729
0.02070200611
0.01763981906
0.01472496635
0.01199733185
0.009493007101
0.007240931833
0.06207862531
0.06193900116
0.06160461986
0.0610689006
0.06033522241
0.05941247218
0.05830022036
0.05698818487
0.05547189785
0.05375328525
0.0518336739
0.04971443882
0.04740040169
0.04490016967
0.04222724661
0.03939995599
0.03644286574
0.0333883088
0.03026839602
0.0271194569
0.02398186975
0.02089881137
0.01791409376
0.01506942918
0.01240177311
0.009943689417
0.007721222792
0.06189950316
0.0617597028
0.06142461313
0.06088766793
0.06015211264
0.05922650782
0.0581115006
0.05679774575
0.05528079348
0.05356304483
0.05164648347
0.04953310329
0.04722830028
0.04474114818
0.04208540095
0.03928132143
0.03635343089
0.03333103365
0.03024609984
0.02713485631
0.02403661795
0.02099298821
0.01804596329
0.01523558025
0.01259778629
0.01016362383
0.00795705198
0.4851128909
0.6033392723
0.4851337234
0.2095803736
-0.08765772468
0.4088189317
0.2095395931
-0.08758100069
-0.2189148693
-0.2189201116
-0.5316068206
-0.5316279397
-0.4767326077
-0.4768034717
-0.2542506764
-0.6061351544
-0.3155856006
-0.254307253
-0.6060667267
-0.756142842
-0.9294003714
-0.7560758571
-0.9293777679
-0.9669810876
-0.8161557255
-0.9669596946
-0.8162090149
-0.5766646516
-0.7816472917
-0.5804597422
-0.5765570588
-0.7815537192
-0.5803415428
0.5747171667
0.421134228
0.4765024745
0.4732661236
0.5746963229
0.4210723161
0.4765522238
0.5842422982
0.60603536
0.6160458487
0.5813077955
0.6151750331
0.5844184128
0.5843526961
-0.3799563687
-0.3787575505
-0.1268324643
0.04493916056
-0.1552095196
0.1546727411
-0.126866662
0.04491331899
-0.1552193562
-0.4089484757
-0.3219745021
-0.3481101292
-0.311153466
-0.3399027943
-0.3135910931
-0.4103928315
-0.8978651659
-0.902035658
-0.7347494311
-0.7127854893
-0.8490170745
-0.7081594197
-0.8536826579
-0.7366057892
-0.5099879102
-0.5291067899
-0.5099722298
-0.7944893919
-0.3808609175
-0.4814477922
-0.6201262697
-0.7944896645
-0.3807379436
-0.4814425576
-0.7413881442
-0.4974320012
-0.4838796285
-0.823439525
-0.7415379646
-0.4974650588
-0.4840997242
0.5170345715
0.4875471068
0.5369282851
0.4661380994
0.5391830946
0.4687733708
0.5188278021
0.4439124403
0.4450794132
0.5842371702
0.6060283427
0.6160226429
0.5812814891
0.6151682802
0.5844139675
0.5843369218
0.5170308874
0.4875460059
0.536905738
0.4661282127
0.539181616
0.4687713744
0.5188165039
0.443913607
0.4450791401
0.2176975551
0.2795418441
0.1389045771
0.2743283374
0.1404612684
0.2150612334
0.1306131663
-0.08646528825
-0.04510286967
0.06575428363
-0.05329422474
0.06754125614
0.1290863875
0.2176972355
0.279536795
0.1389125734
0.274329169
0.1404607896
0.2150630959
0.1306121703
-0.08646572588
-0.04508210208
0.0657805132
-0.05330112936
0.0675475621
0.1290940926
-0.2195125617
-0.2194923438
-0.5300673971
-0.5300609013
-0.4777553688
-0.4253419872
-0.4377695147
-0.4253791948
-0.4398267538
-0.3799730987
-0.3787634939
-0.4777623414
-0.4253378143
-0.4377570039
-0.4253784074
-0.439829492
-0.6441127399
-0.588184089
-0.6626800876
-0.5913221816
-0.6558020368
-0.6355513937
-0.4089428618
-0.3219618445
-0.3481132832
-0.3112149213
-0.3399081488
-0.3135831595
-0.410382672
-0.6441207295
-0.5882159871
-0.6626822967
-0.5913307985
-0.6558075817
-0.6355725665
-0.8271597069
-0.7598777563
-0.8808909508
-0.8097656233
-0.8894565213
-0.8119001852
-0.8326095624
-0.938711359
-0.9318375898
-0.985781044
-0.8820816131
-0.9843495109
-0.8866712043
-0.936465412
-0.8978560604
-0.9020278721
-0.8271451853
-0.7598447386
-0.8808363137
-0.809694644
-0.8894379396
-0.811884633
-0.8325669713
-0.938698692
-0.9318331274
-0.9857512057
-0.8820443035
-0.9843408394
-0.886662296
-0.9364309556
-0.8443670345
-0.8387432566
-1.013016082
-0.9714964439
-1.054908535
-0.9381883505
-1.058752984
-0.9400188155
-1.012691421
-0.9837297496
-0.8157007262
-0.8454275612
-0.8872629798
-0.843688958
-0.8894455214
-0.977231443
-0.8443710674
-0.8387402504
-1.013016191
-0.9714912456
-1.054886736
-0.9381804795
-1.058746885
-0.9400213699
-1.0126865
-0.9837250652
-0.8157072087
-0.8454101056
-0.8872548878
-0.8436853443
-0.8894476827
-0.9772178892
-0.7088079973
-0.5751634576
-0.6832109992
-0.6164797868
-0.6860215276
-0.6162044298
-0.7043257467
-0.7347272729
-0.7127344808
-0.8489619054
-0.7081367676
-0.8536635116
-0.7365486204
-0.7087887619
-0.5751485771
-0.6831253454
-0.6164680141
-0.686001119
-0.6161937347
-0.7042723668
0.4395601237
0.3353092003
0.3970322566
0.3593184798
0.4395337855
0.3353421187
0.396960405
0.4982834189
0.5072193368
0.4640382154
0.4779535771
0.5096962342
0.4687959712
0.4957583876
0.3711093478
0.2840066339
0.2650045076
0.3206431453
0.3711832749
0.2839805087
0.2649730633
0.4188391762
0.2740696873
0.246177991
0.3897458399
0.4188345384
0.2740351463
0.2462013306
0.3022497112
0.4095915718
0.3704609506
0.3382066787
0.3722298257
0.3393109567
0.2997663103
0.1960664693
0.1518181195
0.08229308296
0.2385101092
0.1960098827
0.1518745852
0.08229721716
0.15686641
0.08919833959
0.09023136513
0.04741529004
0.1074874252
0.1104747573
0.045649253
-0.5313110662
-0.4721208467
-0.5451113865
-0.4734740279
-0.5456200787
-0.4839830226
-0.4831579999
0.05782784642
0.08184685073
-0.005924320155
0.1271018573
0.05781966439
0.08185019682
-0.005936624135
-0.1518206208
-0.02894223038
-0.136455479
0.02257865334
-0.1518726798
-0.02896555133
-0.1365314586
-0.5178598871
-0.1842877044
-0.3329767076
-0.2343159925
-0.5176346804
-0.1843634098
-0.3327766366
-0.6206154359
-0.6902916474
-0.6896629017
-0.578244176
-0.5178639798
-0.5173869997
-0.5788785077
-0.8242078083
-0.8150387655
-0.8153940682
-0.6930461469
-0.6917225801
-0.6918599158
-0.6928438909
-0.5270603338
-0.4631192238
-0.3748956833
-0.7003806611
-0.5272521687
-0.4632190307
-0.3748761835
-0.3390903807
-0.4662388901
-0.3391978431
-0.2936059952
-0.1467610095
-0.2463725177
-0.1814853591
-0.2935585991
-0.14678718
-0.2463423914
-0.4152959055
-0.2509341287
-0.2825555704
-0.3330213805
-0.4152929283
-0.2509702287
-0.2825478763
-0.4218408667
-0.2875049654
-0.2921676028
-0.4288501992
-0.4219194473
-0.287515894
-0.2922191389
-0.3373638735
-0.2815140608
-0.2657620709
-0.4057210215
-0.3372988057
-0.2814872987
-0.2657683461
0.2191327899
0.2112759653
0.270683992
0.1490475355
0.2719469876
0.1496744451
0.218460334
0.3022475844
0.4095839756
0.3704851826
0.3381850594
0.3722339219
0.3393087622
0.2997626175
0.2191328225
0.2112653572
0.2707109429
0.1490341939
0.2719544331
0.1496720808
0.2184634757
-0.3957895826
-0.2539137841
-0.2790724838
-0.3592321872
-0.2791652839
-0.3583486163
-0.3970799059
-0.5692517087
-0.6052567275
-0.6648157078
-0.4884415511
-0.6634281125
-0.4889123189
-0.5664598363
-0.3958066663
-0.2539477738
-0.2790789908
-0.3593829008
-0.2791739055
-0.3583940663
-0.3971270679
-0.569268634
-0.6052329022
-0.6648452029
-0.4885143295
-0.6634288941
-0.4889367635
-0.5665084035
-0.7655620208
-0.7834262118
-0.8448256652
-0.7213858064
-0.8514791213
-0.7219047382
-0.764333913
-0.6928445074
-0.5807517301
-0.6147466328
-0.6499441879
-0.615174307
-0.6504898017
-0.6914158582
-0.765525789
-0.7833951803
-0.8448310122
-0.7211713586
-0.8514684239
-0.7218438801
-0.7642375271
-0.6928188265
-0.5807360095
-0.6146681606
-0.6499222723
-0.6151501963
-0.6504798104
-0.6913390407
0.5759899895
0.5571331917
0.5584219838
0.5291091844
0.541766588
0.5432790891
0.5275841966
0.4761846325
0.4460122425
0.4430731826
0.4262073278
0.4509219978
0.4458980009
0.473613332
0.4776834546
0.5225200035
0.5234217683
0.5014805328
0.4625802901
0.4643063852
0.5000062385
0.4982800787
0.4779502462
0.5072116868
0.4640259845
0.5096940911
0.4687921168
0.4957483014
0.5759837751
0.5571035282
0.558417227
0.5291042607
0.541753913
0.5432746852
0.5275631498
0.4761842194
0.4262043227
0.4460364585
0.443042931
0.4509236132
0.4458977003
0.4736116199
0.477685889
0.5225021306
0.5234177077
0.5014805279
0.462580611
0.4643073683
0.5000133651
-0.1249418105
-0.00241295465
-0.1531291926
-0.001843151557
-0.1520459552
-0.03999694344
-0.04094016673
0.01863621506
0.07217376833
-0.006831107858
0.05121012447
0.07684901612
-0.003238199101
0.0158975345
-0.153924951
-0.1565332023
-0.1553537406
-0.05877057104
-0.07397914829
-0.07215402791
-0.06030827594
0.1568498582
0.08923825884
0.09024090986
0.04741193573
0.1075133854
0.1104821971
0.04565418354
-0.1249845822
-0.002395194424
-0.1532096466
-0.001846344615
-0.1520838178
-0.04001374321
-0.04096439924
0.01862398459
0.05120128045
0.07217194018
-0.006860839676
0.07684567382
-0.003249509412
0.0158702288
-0.1539352352
-0.1566131966
-0.1553712902
-0.05878812413
-0.07401918991
-0.07216550712
-0.06035410958
-0.5102498824
-0.539699037
-0.5403955926
-0.4724470736
-0.4416641127
-0.4421661451
-0.4717810931
-0.531309464
-0.4721937638
-0.5451729243
-0.4734775168
-0.5456313932
-0.4839679114
-0.4831086978
-0.5102583689
-0.5399079447
-0.5404397171
-0.4724435195
-0.4417716134
-0.4421929713
-0.4717894472
-0.7942525971
-0.7492230387
-0.7490252025
-0.6282709731
-0.6679652158
-0.6676600392
-0.6288058727
-0.4908087715
-0.4413409118
-0.4218209678
-0.3785946634
-0.4403370123
-0.4199840967
-0.4916256756
-0.5322686368
-0.5644171466
-0.4557960504
-0.4805983969
-0.5639538411
-0.4544959075
-0.5329274546
-0.6205523215
-0.6902450272
-0.6896511198
-0.5782821095
-0.5172954546
-0.5172561472
-0.5789687417
-0.7942544415
-0.7492199691
-0.7490296352
-0.6282937843
-0.6679662167
-0.6676625135
-0.6288550809
-0.4908962749
-0.3785951152
-0.4408870358
-0.4219844918
-0.4402815634
-0.4200446636
-0.4918395187
-0.532299859
-0.4806041489
-0.5644066334
-0.4558505592
-0.5639541714
-0.4545214801
-0.5329989599
-0.7414730074
-0.7852197002
-0.7858628366
-0.6762029724
-0.6462999637
-0.6461713036
-0.6760821049
-0.5875686582
-0.5834767876
-0.5026963515
-0.4969390548
-0.5832573637
-0.5024777201
-0.587671597
-0.5782717257
-0.5581087831
-0.4975771521
-0.4840169945
-0.5581137026
-0.4975959477
-0.5783362105
-0.8242116725
-0.815058659
-0.815409007
-0.6930861777
-0.6917560087
-0.6918738087
-0.6929507965
-0.741481465
-0.7852945682
-0.7858854279
-0.6762738313
-0.6467200889
-0.6461958561
-0.6763464566
-0.5876213765
-0.496957228
-0.5835187158
-0.5028044911
-0.5832758466
-0.5025179614
-0.5878122739
-0.5783700155
-0.484060705
-0.5588706053
-0.4977762798
-0.5582209761
-0.4976525961
-0.5786620678
0.3323386423
0.2928314529
0.3201115498
0.3013670438
0.3323385884
0.2928272215
0.3201028482
0.4070863664
0.3701431882
0.3555717286
0.3678830687
0.4117193554
0.3644150042
0.3649932903
0.2982745659
0.2529116987
0.2714074303
0.2754225173
0.2982666993
0.2528147497
0.2713133696
0.3441714314
0.3237080667
0.3022733869
0.3290331333
0.3659143666
0.3116923104
0.3066937893
0.4050768947
0.396018534
0.4087696139
0.3685135634
0.3540946992
0.3635822696
0.3635515195
0.2342367659
0.2016366709
0.1905573236
0.2407843792
0.2342977868
0.2016094986
0.1905662488
0.2130903701
0.2364054216
0.2099640268
0.2648833003
0.247830163
0.226856547
0.1984225741
0.1487465616
0.1314780491
0.1181788301
0.1650470027
0.1487729384
0.13146578
0.1181815604
0.1327575623
0.08869884643
0.1017342751
0.140684217
0.1542096207
0.1181714336
0.07339568693
-0.02449801235
0.0307170552
-0.01978392344
-0.03061322559
0.003902832649
0.01514808685
-0.03662938394
-0.2335364177
-0.3221261317
-0.3212256436
-0.2857508143
-0.2146182057
-0.2130135036
-0.2872371012
-0.7012955035
-0.6497307153
-0.6500437017
-0.6113691926
-0.6113431278
-0.5699740685
-0.570171435
-0.466556551
-0.4052398468
-0.4058329033
-0.3699524446
-0.4198177762
-0.4206528353
-0.3686139062
0.01871200741
0.03511904088
0.007110433537
0.05460393138
0.018706334
0.03511308919
0.007110606046
-0.1522384474
-0.04073183187
-0.08466114783
-0.03680248725
-0.152296119
-0.04072530339
-0.08466278345
-0.1792553248
-0.2117643696
-0.1708439092
-0.1448379096
-0.2007003724
-0.1269293752
-0.1901861138
-0.366405378
-0.3273344793
-0.3621703707
-0.3141249067
-0.2963781703
-0.2827846774
-0.3218244755
-0.4341821305
-0.4279863866
-0.433820632
-0.3781309858
-0.3732060817
-0.3718716961
-0.3786389853
-0.4075345968
-0.3493251953
-0.3844014265
-0.3565673858
-0.3889194349
-0.3598619667
-0.3360388493
-0.2331377131
-0.3088959914
-0.2330735418
-0.1658991415
-0.1067549586
-0.1348827403
-0.1251291935
-0.1659045885
-0.1067611228
-0.1348799434
-0.2263121904
-0.1608624681
-0.184464012
-0.1982796003
-0.2263184588
-0.1608669329
-0.1844718458
-0.2470266084
-0.196081789
-0.2048481067
-0.2426390802
-0.2470452102
-0.1960905216
-0.2048520845
-0.2164302657
-0.1974646014
-0.1928602442
-0.2373509567
-0.2164785134
-0.1974658247
-0.1928830538
0.4321056395
0.4500371655
0.4427166517
0.4235784936
0.4038200034
0.429515082
0.3976290752
0.3980031093
0.3475991789
0.3404015202
0.3437960629
0.3565837277
0.3836155055
0.3550734138
0.4173684785
0.4076577749
0.4280882448
0.411786217
0.3688028768
0.3948567726
0.3855903845
0.4070846776
0.3678833154
0.3701401683
0.3556095193
0.4117187735
0.3644170329
0.3649998902
0.4500313616
0.4321040717
0.442711363
0.4235768373
0.4038149862
0.4295121818
0.3976497332
0.3979971158
0.3437913986
0.3475820883
0.3404187961
0.356578752
0.3836073719
0.3550602957
0.4076523739
0.4173632386
0.4280868679
0.4117798611
0.3687516707
0.394845943
0.385556511
0.3822207403
0.3438357339
0.3478443712
0.3412914137
0.3722707154
0.3552026496
0.3266911522
0.3116593287
0.3010053009
0.2768653736
0.3102989716
0.3375909877
0.2843260419
0.3056688303
0.3441636175
0.3290161695
0.3236560301
0.3022829166
0.365906393
0.3116841735
0.3066836476
0.3822304217
0.3438320034
0.3478410265
0.3412876457
0.3722693498
0.3551993447
0.3266875525
0.3116505796
0.3103002105
0.3010272
0.2768316523
0.3375900572
0.2843160701
0.3056591745
0.4197762831
0.3598863279
0.3614242896
0.4164061747
0.4184476485
0.3694846574
0.366867027
0.3276315662
0.3124364534
0.2765878655
0.3005509731
0.3337872537
0.2868101347
0.3193528628
0.2490596188
0.3017349633
0.3039231578
0.3201305172
0.2674642863
0.2724585221
0.3163317812
0.3960288632
0.4051713649
0.4087808718
0.3685073357
0.3540875399
0.3635776503
0.3635365342
0.4197729569
0.3598438918
0.3614145512
0.4164494714
0.4184494367
0.3694772792
0.3668459716
0.3276309926
0.3005499512
0.3124522644
0.2765955341
0.3337877269
0.2868136037
0.3193519364
0.2490616628
0.3017314973
0.3039190531
0.3201312034
0.2674880169
0.27246214
0.3163278345
0.1999762479
0.1504944791
0.1562563374
0.1909286626
0.2225159663
0.2293278982
0.1800438823
0.1963107846
0.1850296352
0.1142471415
0.1611655479
0.1882497004
0.1745418877
0.1525123845
0.1121346345
0.09554812114
0.1224875483
0.1631779938
0.1033461238
0.1381096906
0.1366069013
0.2130903427
0.2648900257
0.236429436
0.2099844335
0.2478349196
0.2268572467
0.1984250321
0.1999660067
0.1504963077
0.1562570372
0.1909264079
0.2224985784
0.2293247116
0.1800243312
0.1963136569
0.1611766495
0.1850222675
0.1142824579
0.1882500315
0.1745508123
0.1525157077
0.09554529399
0.1121548221
0.1224887924
0.1631775421
0.1033898923
0.1381182642
0.1366135432
0.07246669176
0.0867317965
0.07787932729
0.03647673089
0.1141893075
0.0541581663
0.06260685261
0.05474062165
0.007871094392
0.02939686827
0.05059666661
0.05479175054
0.04208347575
0.05173118805
0.1327503167
0.1406925936
0.08868125454
0.1017376732
0.1542245466
0.1181758232
0.07337461212
0.07247018832
0.08672210356
0.07782516231
0.03661008864
0.1142147129
0.05419629443
0.06260624499
0.05473392899
0.0505888635
0.007896272483
0.02938427325
0.05479273826
0.04207964691
0.05172510683
-0.1505025417
-0.08251447423
-0.08018882353
-0.08416217598
-0.1462110778
-0.1447317679
-0.08652079985
-0.03639824445
-0.01688087241
-0.04649443268
0.005081983317
0.01172079268
-0.03864869008
-0.04531289961
-0.0873541106
-0.1407426507
-0.08349736493
-0.1288564326
-0.1382916867
-0.09432742019
-0.08758904164
0.03071127916
-0.02453166897
-0.01979205553
-0.03062312038
0.003945122084
0.01516229717
-0.03665923059
-0.150534854
-0.0825380998
-0.0801993397
-0.08418282748
-0.1463206532
-0.1447755603
-0.08656207031
-0.03641468337
0.005068863612
-0.01689139716
-0.04652308114
0.01171158572
-0.03865862176
-0.04535162847
-0.08737610833
-0.1288818096
-0.1408463662
-0.08355342438
-0.1383289868
-0.09434602666
-0.08764606705
-0.5167685444
-0.4213415286
-0.4209957255
-0.442082729
-0.4410442243
-0.3643981575
-0.3650699293
-0.2541454497
-0.1977592859
-0.2318330289
-0.1738596075
-0.1934593395
-0.226600251
-0.2572403081
-0.3820630683
-0.3313181651
-0.3808065698
-0.3184159443
-0.2825495788
-0.2805537325
-0.3199402178
-0.2335985091
-0.3223354669
-0.3212807996
-0.2858265274
-0.2148342458
-0.2130892297
-0.2875854341
-0.5166737659
-0.421414994
-0.4209946927
-0.4413301991
-0.4407970648
-0.3643953408
-0.3657737604
-0.2541939091
-0.173884577
-0.1979141567
-0.2319663102
-0.1935139416
-0.2266164216
-0.2574882815
-0.3312592633
-0.380814863
-0.3804970739
-0.3183005982
-0.2823983726
-0.2804950071
-0.3199615951
-0.527465582
-0.5886783072
-0.5889619288
-0.5219734725
-0.4707760521
-0.4714390782
-0.52162176
-0.530836256
-0.4638905808
-0.5312802991
-0.498765107
-0.4373923056
-0.438495636
-0.4984927979
-0.461267299
-0.4195499883
-0.4073825918
-0.3767189834
-0.4210370301
-0.408702146
-0.4604699576
-0.701185839
-0.6493253027
-0.649933278
-0.6107507156
-0.6111113296
-0.5695866038
-0.5681624074
-0.5275291665
-0.5886982075
-0.5889979987
-0.5220253862
-0.4711032455
-0.4715462481
-0.5217416796
-0.463871612
-0.5315355744
-0.5312755283
-0.4985088766
-0.4369795185
-0.438362169
-0.497400604
-0.4612902688
-0.376732032
-0.4197698672
-0.4070380446
-0.4211140572
-0.4086113418
-0.4604860496
-0.3398876745
-0.3770380702
-0.29673703
-0.3438185
-0.3799689765
-0.3166965254
-0.3329169294
-0.4665447318
-0.4052931986
-0.4058499388
-0.3699429523
-0.4197736262
-0.4206502145
-0.3685521745
-0.3398790901
-0.3438496329
-0.3770956601
-0.2967274061
-0.3799874047
-0.3166930892
-0.3328821575
-0.2899238038
-0.2285356131
-0.2508395225
-0.2645314614
-0.2495455996
-0.252941159
-0.221028999
-0.2120681404
-0.2650125691
-0.1962253084
-0.1638935072
-0.1951112452
-0.1847296381
-0.2067543668
-0.179263899
-0.1448441319
-0.2117849223
-0.1708597647
-0.2006863218
-0.1269367131
-0.1902107697
-0.2899015242
-0.2285231508
-0.2506835366
-0.2644835573
-0.2495057585
-0.2529265486
-0.221021819
-0.2120577482
-0.1638905614
-0.2649661094
-0.1962233624
-0.1951113894
-0.1847317117
-0.2067388726
-0.3941682153
-0.4138474839
-0.3917101514
-0.3398109412
-0.3616628809
-0.3593644481
-0.3437810258
-0.2701665093
-0.2770886914
-0.2581736939
-0.1970659589
-0.2305352635
-0.2370631918
-0.2883247953
-0.295531811
-0.3182048787
-0.2679168019
-0.2785144154
-0.3141222544
-0.2587427658
-0.3031243197
-0.3273151061
-0.3664461542
-0.3621878311
-0.3141293166
-0.2962998806
-0.2827623712
-0.3218237272
-0.4138506371
-0.3942009459
-0.3917209736
-0.3398269361
-0.361675106
-0.3593695128
-0.3438309916
-0.2701677079
-0.197077977
-0.277104496
-0.2581641483
-0.2305427892
-0.2370617517
-0.2883237309
-0.2955373784
-0.278516478
-0.3182138541
-0.2679430651
-0.3141261181
-0.2587477351
-0.3031406963
-0.4313622415
-0.4224194485
-0.4313709451
-0.3773143283
-0.3701330061
-0.3711482774
-0.3772621705
-0.3321133469
-0.3271900469
-0.2957133563
-0.2851027333
-0.3247595551
-0.2970829386
-0.33296485
-0.3317709484
-0.3272418789
-0.2909508217
-0.2980798438
-0.3283847667
-0.2946080658
-0.3314881007
-0.4280007738
-0.4342655061
-0.43385071
-0.3781497462
-0.3732344249
-0.3718820009
-0.3787027567
-0.4224511385
-0.4314543639
-0.431405229
-0.3773282671
-0.3701837777
-0.371169934
-0.3772921233
-0.332127323
-0.2851095485
-0.327210468
-0.2957674011
-0.3247674601
-0.2970978283
-0.3330046477
-0.3317848247
-0.2980934312
-0.327300672
-0.2909679147
-0.3284011182
-0.294617562
-0.331528057
-0.3322146834
-0.3606347398
-0.3049527369
-0.3394932557
-0.3650701828
-0.3161518512
-0.3147253542
-0.3009667452
-0.3161548433
-0.2833450199
-0.2851891581
-0.3167533785
-0.281254721
-0.3009291815
-0.4075636854
-0.3493505081
-0.3843929198
-0.3566252201
-0.3888811092
-0.3598874384
-0.3360946551
-0.3322026139
-0.3394833747
-0.3604129187
-0.3049187836
-0.364982982
-0.316143833
-0.3147078342
-0.3009959175
-0.2851957334
-0.316139872
-0.2833823988
-0.3167621558
-0.2812721623
-0.3009614461
-0.2811918085
-0.2786685976
-0.3079920422
-0.2771811213
-0.2815159391
-0.2586569067
-0.2700455159
0.2499999556
0.2097807045
0.2822409426
0.2598569613
0.2538456539
0.2330995155
0.2207441439
0.2822535255
0.2500595696
0.2098348946
0.2598713363
0.2538536821
0.2331123405
0.2207923809
-0.08996780952
-0.1486708037
-0.0948074392
-0.09688473465
-0.0765047245
-0.08592871535
-0.09848412559
-0.09482547609
-0.09001616825
-0.1487096485
-0.09689857077
-0.07651697293
-0.0859391832
-0.09851802408
-0.3080184298
-0.2812270659
-0.2787147316
-0.2771795708
-0.2815168426
-0.2586481492
-0.270057694
-0.2262920094
-0.2263485578
-0.2254915981
-0.226335947
-0.2263982079
-0.2255419681
-0.5464370415
-0.5502955143
-0.5537512184
-0.5464476859
-0.5503045621
-0.553760596
0.6187819603
0.624137121
0.6254616197
0.6433493407
0.6500816129
0.6561364745
0.6387707921
0.6429757787
0.6438888142
0.6224590392
0.6302549462
0.636571041
-0.3810338053
-0.3816781897
-0.3813030354
-0.3951404547
-0.3986955148
-0.3999680762
-0.3897072121
-0.392232425
-0.3899128666
0.5581343451
0.5629331018
0.563839989
0.5622956079
0.5692096989
0.5746476426
0.6187764507
0.6241315997
0.625456207
0.6433266381
0.6500584638
0.6561128494
0.6387635498
0.642968409
0.6438814208
0.6224422097
0.6302377604
0.6365536621
0.5581311721
0.562929967
0.5638369439
0.562285455
0.5691994893
0.5746374253
0.4485687353
0.4512582493
0.4556779553
-0.2279984516
-0.2284929472
-0.2293583568
-0.2280125768
-0.2285061812
-0.2293707865
-0.01668661477
-0.01179564604
-0.008945656109
-0.01978284066
-0.01459975781
-0.01184194249
0.1302691878
0.128438948
0.1288492554
-0.01667762434
-0.01178695858
-0.008935689851
-0.01978534924
-0.01460223316
-0.01184467535
-0.2254155945
-0.2245787891
-0.2219388426
-0.2254315069
-0.224600082
-0.2219604001
-0.5415291726
-0.5431606639
-0.5421897218
-0.5415245808
-0.5431559433
-0.542184142
-0.2942916855
-0.2956125587
-0.2968802815
-0.3845337815
-0.3867460691
-0.3894364489
-0.8976364706
-0.8986473245
-0.9039277017
-0.7335476557
-0.7398619429
-0.7444255176
-0.8569988442
-0.8613103718
-0.8680916067
0.4485683334
0.4512573061
0.4556752569
0.3175559224
0.3243020701
0.328870366
0.1306383526
0.1294038665
0.1307211746
0.3175510938
0.3242989238
0.3288693189
0.1306440304
0.1294101024
0.1307287393
-0.2942965258
-0.2956172336
-0.2968843525
-0.3845473967
-0.3867586343
-0.3894489414
-0.7373382677
-0.7443088045
-0.7474935586
-0.7373325294
-0.7443081615
-0.747496161
-0.8976285786
-0.8986395188
-0.9039218555
-0.8722785976
-0.8788080389
-0.8830841679
-0.8722759269
-0.8788042951
-0.8830810636
-0.8569474056
-0.8612607368
-0.8680422264
-0.2925129406
-0.2926506643
-0.2914982312
-0.8954765632
-0.892919896
-0.8911217002
-0.8888503227
-0.8888325817
-0.8827486153
-0.8959662827
-0.8990120613
-0.9006458471
-1.001615758
-0.9995470785
-0.9972328435
-1.099069578
-1.109175207
-1.118453623
-1.095323412
-1.101120388
-1.10164756
-1.008434667
-1.010219394
-1.01603733
-0.726167098
-0.729654003
-0.7282393465
-0.854069512
-0.8551126448
-0.8550591765
0.4463549771
0.4472209065
0.4481964882
0.4463539817
0.447220748
0.4481977079
-0.2255732688
-0.2251955545
-0.2241931885
-0.2255785623
-0.2252006266
-0.2241977131
0.3135768547
0.3192599184
0.321171476
0.130270913
0.1284399692
0.1288490311
0.3135747794
0.3192580702
0.3211708005
-0.5844567923
-0.5828196188
-0.584204941
-0.3951611494
-0.3987178375
-0.3999916933
-0.3897146539
-0.3922402822
-0.3899216426
-0.584485645
-0.5828494334
-0.584236959
-0.5832843698
-0.5793507307
-0.5760612071
-0.4561220887
-0.4599998269
-0.4625331064
-0.686895399
-0.689873005
-0.6952657794
-0.4531312085
-0.4552079986
-0.453929924
-0.6836053211
-0.6839929259
-0.6838365834
-0.7334930153
-0.7398051986
-0.7443675664
-0.7261442555
-0.7296302621
-0.7282142545
-0.4561157462
-0.4599945061
-0.4625287456
-0.6868264845
-0.6898046747
-0.6951947859
-0.453128841
-0.4552044402
-0.4539249341
-0.6835839344
-0.6839699037
-0.6838109842
-0.2925169826
-0.2926544146
-0.29150139
-0.3810391507
-0.3816822576
-0.3813054229
-0.5832767384
-0.5793419862
-0.5760509093
-0.7318938514
-0.7359910788
-0.7328414603
-0.7318934416
-0.7359927697
-0.7328454711
-1.014349522
-1.021380391
-1.019497413
-0.9931839889
-0.9946038645
-0.9982825025
-0.9859238402
-0.9836686061
-0.9791682425
-1.017285063
-1.028330374
-1.034746715
-0.8954702543
-0.892915587
-0.8911195483
-0.8888329263
-0.8888150492
-0.8827309858
-0.8959176743
-0.8989615669
-0.9005944539
-1.014335497
-1.021366316
-1.019483739
-0.9931559006
-0.9945756237
-0.9982540629
-0.9859139528
-0.9836586891
-0.9791587962
-1.017248147
-1.028292733
-1.034708657
-0.8638256754
-0.8670067586
-0.8640348321
-1.000778744
-1.003353875
-1.003095919
-1.004112382
-1.010577462
-1.01829871
-1.001615017
-0.9995464042
-0.9972321549
-1.099052685
-1.109158537
-1.118436784
-1.095318495
-1.101115407
-1.10164223
-1.008428688
-1.010213364
-1.016031205
-0.8638198591
-0.8670008401
-0.8640294093
-1.000777091
-1.00335235
-1.003094227
-1.004106894
-1.010572722
-1.018294183
-0.8540502201
-0.855092236
-0.8550372568
)
;

boundaryField
{
    inlet
    {
        type            zeroGradient;
    }
    outlet
    {
        type            fixedValue;
        value           nonuniform 0();
    }
    topAndBottom
    {
        type            symmetry;
    }
    frontAndBack
    {
        type            empty;
    }
    cylinder
    {
        type            zeroGradient;
    }
    procBoundary2to0
    {
        type            processor;
        value           nonuniform List<scalar> 
75
(
0.09308547751
0.09334038235
0.09394952584
0.09493700169
0.09631143504
0.0980913236
0.1003302284
0.1031181229
0.1065618182
0.1107925363
0.1159898174
0.1223988801
0.1303523876
0.1403114275
0.1529221243
0.1691258249
0.1902304093
0.2183891547
0.2559133099
0.3013709439
0.3593349524
0.4732916263
0.6033666935
0.6033354952
0.5747154837
0.4732674553
0.5746948463
0.6060314593
0.6160386895
0.6151680074
0.606024499
0.6160154308
0.61516128
0.4395611634
0.3593214706
0.4395355417
0.507219917
0.477954624
0.5096969901
0.5759882549
0.5417664556
0.543279003
0.477951509
0.5072126501
0.5096949906
0.5759821251
0.5417540411
0.5432747016
0.3323442554
0.3013744008
0.3323459203
0.3701442107
0.3678857586
0.4117218545
0.4500386674
0.4038211765
0.4295172682
0.3678863037
0.3701421543
0.411721676
0.4500331626
0.4038170577
0.4295147266
0.6433432292
0.6500754347
0.6561301813
0.6387649546
0.6429699491
0.6438829698
0.64332057
0.650052352
0.6561066349
0.6387577602
0.642962632
0.643875631
)
;
    }
    procBoundary2to3
    {
        type            processor;
        value           nonuniform List<scalar> 
103
(
-0.1701189079
-0.1701189079
-0.1701189079
-0.1701189079
-0.1701189079
-0.1701189079
-0.127317367
-0.09620155227
-0.07276581814
-0.05537493472
-0.04200756015
-0.03168929266
-0.02358783125
-0.01716632651
-0.01202994737
-0.00789398294
-0.004550830372
-0.001845945695
0.0003354536811
0.002079558429
0.00345103336
0.004498144148
0.005255544621
0.005748631196
0.005991891073
-0.33559293
-0.2858468063
-0.3355212489
-0.2866469825
-0.2272715757
-0.225939937
-0.2272862568
-0.2259451873
-0.3870780913
-0.3870780913
-0.3866148321
-0.3866148321
-0.3849839211
-0.3856076721
-0.335595358
-0.2858505304
-0.3355254288
-0.2866501258
-0.3870802038
-0.3870802038
-0.3866117442
-0.3866117442
-0.3848882705
-0.3855993494
-0.4080173694
-0.4087492457
-0.4143636328
-0.4138564338
-0.4023669967
-0.3771741123
-0.3776468541
-0.4019592822
-0.4080875547
-0.4087495
-0.4143595794
-0.413867115
-0.4023578796
-0.3771551445
-0.3776416939
-0.4019394364
-0.3480238856
-0.348928091
-0.3211241436
-0.3201092492
-0.229754831
-0.229754831
-0.229754831
-0.229754831
-0.2034429616
-0.2297381011
-0.2297381011
-0.2297381011
-0.2297381011
-0.2034098082
-0.2979935519
-0.2586082496
-0.2852532263
-0.2924177293
-0.3481124275
-0.3489446925
-0.3211339602
-0.3201440371
-0.297994823
-0.2585814591
-0.2852440973
-0.292424431
-0.1575740138
-0.156789532
-0.156785669
-0.1575815978
-0.1567970665
-0.1567930897
-0.1564801572
-0.155064239
-0.1538484153
-0.1564831661
-0.1550671034
-0.1538510884
)
;
    }
}


// ************************************************************************* //
