/*--------------------------------*- C++ -*----------------------------------*\
| =========                 |                                                 |
| \\      /  F ield         | OpenFOAM: The Open Source CFD Toolbox           |
|  \\    /   O peration     | Version:                                        |
|   \\  /    A nd           | Website:  www.openfoam.com                      |
|    \\/     M anipulation  |                                                 |
\*---------------------------------------------------------------------------*/
FoamFile
{
    version     2.0;
    format      ascii;
    class       volScalarField;
    location    "9.3";
    object      p;
}
// * * * * * * * * * * * * * * * * * * * * * * * * * * * * * * * * * * * * * //

dimensions      [0 2 -2 0 0 0 0];


internalField   nonuniform List<scalar> 
2403
(
0.04758033098
0.04739192393
0.04692277927
0.04616597458
0.04514173195
0.04385394866
0.04229174069
0.04044302583
0.03829898523
0.03585258427
0.03309725821
0.03002742297
0.02664185502
0.02294208445
0.01893201608
0.01462193095
0.01002955276
0.005179998734
0.0001061677712
-0.005150694277
-0.0105408835
-0.01600677001
-0.02148388376
-0.02690253328
-0.03218966518
-0.03726940743
-0.04206795143
0.04782861046
0.04764191537
0.04717594837
0.04642377149
0.04540538139
0.04412428955
0.04256919025
0.04072753838
0.0385900273
0.03614916686
0.03339771889
0.0303275594
0.02693496314
0.02322422266
0.01919897017
0.01486768058
0.01024682359
0.005361206327
0.0002438159076
-0.005063818081
-0.01051134862
-0.01604002493
-0.02158383189
-0.0270714769
-0.03242881626
-0.03757702056
-0.04243986599
0.04833158688
0.04814742334
0.04768715941
0.04694365923
0.04593625116
0.0446677155
0.04312599862
0.04129771441
0.03917263792
0.03674223688
0.03399750774
0.03092685103
0.02752300359
0.02379020586
0.01973361095
0.01535994231
0.01068259766
0.005724791656
0.0005194778097
-0.004891011057
-0.01045487662
-0.01611111672
-0.02179063434
-0.0274186529
-0.03291768962
-0.03820302082
-0.04319366945
0.0490841656
0.04890374194
0.04845215268
0.04772203529
0.04673165468
0.04548268907
0.0439620034
0.04215493394
0.04004961135
0.03763531319
0.0349005677
0.03183229843
0.02841957932
0.024656982
0.02055155355
0.01611268358
0.01135096092
0.006285365883
0.0009473651207
-0.004619591806
-0.01036121473
-0.01621297698
-0.0221010455
-0.02794501924
-0.03366159021
-0.03915723801
-0.04434368064
0.05008188698
0.04990648899
0.0494668548
0.04875539438
0.04778895012
0.04656768891
0.04507703818
0.04330058041
0.0412241259
0.03883400672
0.03611564413
0.03305391969
0.02963507276
0.02584536075
0.02167928484
0.01715032189
0.01227392103
0.007063837854
0.00154704691
-0.004232762692
-0.01021783755
-0.01633851129
-0.02251428886
-0.02865676239
-0.03467400314
-0.04046029493
-0.04591697569
0.05131928929
0.05114952643
0.05072563953
0.05003902491
0.04910452788
0.04792048461
0.04647068242
0.04473652427
0.04270086791
0.0403464243
0.03765457418
0.03460623901
0.03118340849
0.02736851538
0.02314337511
0.01850629803
0.01348454347
0.008091548439
0.002348244978
-0.003703899008
-0.0100038338
-0.01647480507
-0.0230269082
-0.02956068527
-0.03597225481
-0.04213959094
-0.04794993512
0.05278885547
0.05262566919
0.05222085332
0.05156638302
0.05067339328
0.04953790863
0.04814190208
0.04646447059
0.04448491769
0.04218159345
0.03953084131
0.03650799351
0.03308927696
0.02925111459
0.02496506175
0.02021519299
0.01502151099
0.009404780442
0.003384448918
-0.003002019497
-0.009693314673
-0.01660503763
-0.0236343142
-0.03066611503
-0.03758004016
-0.04423249524
-0.05049199662
0.05447879497
0.0543250942
0.05394471966
0.05332903113
0.05248802633
0.05141492466
0.05008868382
0.04848578561
0.04658153248
0.04434947501
0.04175989545
0.03878092276
0.03538055522
0.03152724822
0.02718784476
0.02233523233
0.01695403427
0.01106940522
0.004709501091
-0.002084515511
-0.009253182775
-0.01670784671
-0.02433073073
-0.03198558814
-0.03952901445
-0.04678868405
-0.05360840209
0.05637503757
0.05623339511
0.05588406693
0.05531761497
0.05454036465
0.05354380743
0.05230649669
0.05080016193
0.0489954371
0.04686051755
0.04435892412
0.04145033586
0.03809268348
0.03424360449
0.0298616268
0.02490988181
0.01935474251
0.01317938336
0.006415673357
-0.0008775362315
-0.008629722341
-0.01674957694
-0.02510497117
-0.03353318388
-0.04185937448
-0.04987252813
-0.05738373839
0.05846037014
0.05833356699
0.05802221204
0.05751635242
0.05681866304
0.05591769114
0.05478929793
0.05340437383
0.05172920207
0.04972446123
0.04734589031
0.04454357328
0.04126397882
0.0374509353
0.03304851472
0.02800363458
0.02226556308
0.01579124701
0.0085864911
0.0007046068856
-0.007754668371
-0.01668690295
-0.02594306135
-0.03532801573
-0.04462455511
-0.05356890696
-0.06192833734
0.06071381979
0.06060497378
0.06033923489
0.05990619913
0.05930480912
0.05852114646
0.05752883139
0.05629519987
0.05478274036
0.05294823253
0.05073739326
0.0480887221
0.04493521591
0.04120382733
0.03681854729
0.03170426818
0.02578950424
0.01900968781
0.0113179051
0.00276359629
-0.006541940586
-0.01646384875
-0.0268277062
-0.03739711563
-0.04789720409
-0.05799130962
-0.06738726805
0.06311027247
0.06302284525
0.06281098734
0.06246403814
0.06197719339
0.06133434585
0.0605077409
0.05946195055
0.05815508566
0.05653700669
0.05454691702
0.05211258039
0.04914940282
0.04556410411
0.0412559678
0.0361211943
0.03005766382
0.02296590518
0.01476419416
0.005459036169
-0.004856528873
-0.01599083376
-0.02772700735
-0.03977285658
-0.05177357019
-0.06329043609
-0.07395017383
0.06562031432
0.06555813175
0.06540883531
0.06516190004
0.06480904368
0.06433255931
0.06370391778
0.06288530635
0.06183254271
0.06048985645
0.05878665125
0.05663897554
0.05394863191
0.05059744677
0.04645349968
0.04137604914
0.03522034156
0.02784551441
0.01912557595
0.008972153369
-0.002528193368
-0.01515205288
-0.02860414606
-0.04250795479
-0.05639453199
-0.06967843209
-0.08187409369
0.06821011347
0.06817715815
0.0680993732
0.06796675111
0.06776812717
0.06748503105
0.06708895491
0.06654058381
0.06579527373
0.06479367375
0.06345568544
0.0616872099
0.0593723813
0.05636906179
0.05251097895
0.0476099083
0.04146414957
0.03386823985
0.02462123942
0.01355984907
0.0006942871184
-0.01376824018
-0.02939520136
-0.0456717795
-0.06195761603
-0.07745067105
-0.0915080792
0.07084006393
0.07083972902
0.07084166115
0.07083670139
0.07081167308
0.07074856161
0.07062059756
0.0703904251
0.07001251104
0.0694254545
0.06854180364
0.06726144516
0.06545308467
0.06294275725
0.05953049267
0.05497508952
0.04899850213
0.04130254836
0.03158797881
0.019585278
0.005123901945
-0.01159427387
-0.03002048009
-0.04938546093
-0.06876206412
-0.08702523563
-0.103320081
0.07346585685
0.07350256674
0.07359182823
0.07372758597
0.07389510285
0.07407785255
0.07425142143
0.07438205588
0.07442986077
0.07433536084
0.07401002273
0.07334688075
0.07220198079
0.0703710436
0.06761873326
0.06363915189
0.05807197275
0.05049079221
0.04044334295
0.02747548964
0.01122840523
-0.008245864869
-0.03034767577
-0.05385881295
-0.07730879022
-0.099047322
-0.1179653841
0.0760408952
0.07611486601
0.07629732262
0.07658572514
0.07696251839
0.0774126087
0.07791758695
0.07845419085
0.0789884576
0.07946295083
0.07979390868
0.07988219892
0.07957935149
0.07866251572
0.07685483649
0.07377585544
0.06896730145
0.0618402118
0.05172728107
0.03790606491
0.01971395988
-0.003207810802
-0.03017368227
-0.05941693158
-0.08844775859
-0.1146078068
-0.1364952548
0.07850929476
0.07862412553
0.07890447193
0.07935206515
0.07994891083
0.08068374859
0.08154700888
0.08252533903
0.08359499335
0.0847088191
0.08580355799
0.08679117269
0.08752055239
0.08776518135
0.08723728949
0.08550105614
0.08197340244
0.07584814013
0.06617793352
0.05179606266
0.03151083282
0.004328496882
-0.02923795949
-0.06636531063
-0.103130503
-0.1350166765
-0.160177255
0.08082460509
0.0809795303
0.08135766855
0.08196513124
0.08278470216
0.08381080174
0.08504568961
0.08648978428
0.08813452298
0.0899508393
0.09189901615
0.09391455799
0.09586616703
0.09756415145
0.09871106637
0.09883306456
0.09727108849
0.09300915526
0.0846844696
0.07042694317
0.04816484504
0.01570649043
-0.02754361985
-0.07641598244
-0.1233689686
-0.1623852038
-0.1907684938
0.08293336275
0.0831269621
0.08359998687
0.08436291041
0.08539981436
0.08671221471
0.08831630215
0.09022903704
0.09246159178
0.09501379594
0.09787888491
0.1010295863
0.1043789828
0.1077976648
0.1110275723
0.1136490451
0.1149499594
0.113738027
0.1082541973
0.09564862246
0.07221075752
0.03279907302
-0.02416925817
-0.07956801881
-0.1349886907
-0.1837355933
-0.2158192234
0.08478475185
0.08501361203
0.08557485268
0.08648283508
0.0877232147
0.08930542879
0.09125981065
0.09362153066
0.0964254575
0.09970628403
0.1034986683
0.1078288144
0.1126909172
0.118045305
0.1237334779
0.1294761096
0.1346529375
0.1381535596
0.1379347512
0.1302550157
0.109025009
0.06176579454
-0.002283341552
-0.0904953089
-0.1840584952
-0.2266333665
-0.2579585565
-0.2797519748
0.08633274025
0.08659068398
0.08722908676
0.0882646729
0.08968462893
0.09150640791
0.09377419699
0.09654181827
0.09986902469
0.1038253771
0.1084925815
0.1139628827
0.1203306355
0.12768216
0.1360497427
0.1453937154
0.1553843852
0.165333607
0.1734199062
0.1764476798
0.1525470902
0.1128427008
0.02080632343
-0.09924390451
-0.2417379923
-0.3223350723
-0.3294474377
-0.3180504788
0.08753149193
0.08781540628
0.08851628648
0.08965463022
0.09122010462
0.09323723539
0.09576234074
0.09886607724
0.1026312099
0.1071598321
0.1125802469
0.119052033
0.1267698536
0.1359673093
0.1469113612
0.1598954272
0.175132282
0.1927326354
0.2119189417
0.2308320532
0.2202311721
0.1801528277
0.09477615525
-0.1296680907
-0.4357674748
-0.4720092175
-0.3836571856
-0.3367445779
0.08835066995
0.08865299279
0.08939779853
0.09060842883
0.09227674712
0.09443254573
0.09714120282
0.1004862292
0.1045683128
0.1095153091
0.1154932971
0.1227179808
0.1314693461
0.1421136046
0.1551284831
0.1711488884
0.1909556648
0.2156602184
0.2460467218
0.2651313625
0.2960077941
0.2895183334
0.2381390749
-0.0910652937
-0.3343851148
0.08876667273
0.08907880821
0.08984613239
0.09109430272
0.09281618235
0.09504429541
0.09784892851
0.1013206276
0.1055699795
0.1107392147
0.1170157678
0.1246476745
0.1339650342
0.1454140182
0.1596021716
0.1773872881
0.1999230663
0.229053585
0.2666348327
0.3024665633
0.342477757
0.4189353776
0.4728034071
-0.3548637088
-0.1615550626
-0.1297106724
-0.3548218507
-0.1615720348
-0.4713792399
-0.4357271479
-0.4713444062
-0.3964126109
-0.471968976
-0.3964243171
-0.3448802568
-0.3455515341
-0.3836200684
-0.3447717545
-0.3453479202
0.008344443772
0.4070572603
0.2380925861
0.008336478722
0.4070378034
-0.09106708298
-0.3409070345
-0.3409567447
-0.3346257394
0.5744618036
0.4728237768
0.5744311542
-0.3100043289
-0.3688660691
-0.4320360457
-0.2416771382
-0.3099645548
-0.3687505276
-0.43200878
-0.331487333
-0.4360818226
-0.3882188532
-0.3223061179
-0.3314297104
-0.4360480768
-0.3882551803
-0.05779243884
0.1917849786
-0.02526663394
0.09474827688
-0.05780155105
0.1917470076
-0.02529238281
-0.4337785196
-0.4390589769
-0.4493562271
-0.4885571853
-0.4510780636
-0.4934448234
-0.4383302213
-0.4630009489
-0.4742709229
-0.447640706
-0.4958288483
-0.4484123321
-0.4968063172
-0.4636848422
-0.3387814567
-0.3366817133
-0.3387074223
-0.09184157217
-0.3350537389
-0.3301715619
-0.3358242196
-0.3305903508
-0.336567747
0.4657433581
0.4648104655
0.5507006762
0.4188765893
0.4657930092
0.4647864056
0.550680285
0.499290681
0.4749887293
0.4569203998
0.5170186159
0.459341826
0.5190109606
0.5009693232
-0.225916224
-0.1664586304
-0.1649941399
-0.1755216975
-0.1670474448
-0.1684917819
-0.2270485644
-0.3776166976
-0.3733864702
-0.3485185755
-0.3679710811
-0.3514438437
-0.3714418481
-0.225920905
-0.1664573219
-0.1650012337
-0.1755263048
-0.1670511682
-0.1684968688
-0.2270607551
-0.3776233677
-0.373387209
-0.3485401209
-0.3679751127
-0.3514503077
-0.3714589582
-0.4806170636
-0.4725960841
-0.4688196443
-0.4850484631
-0.4717969389
-0.4835541391
-0.4797657757
-0.515431113
-0.5187264437
-0.4337687056
-0.4390388915
-0.4493117618
-0.488523306
-0.4510684957
-0.4934330889
-0.4383012073
-0.4806059264
-0.4725854551
-0.4687842233
-0.4850156892
-0.4717865536
-0.4835432904
-0.4797352987
-0.5154233101
-0.5187215333
-0.4403619482
-0.3961479233
-0.421743564
-0.3984472759
-0.4225250077
-0.3977790028
-0.438952668
-0.3988919708
-0.3966145852
-0.4629907675
-0.4742576413
-0.447601251
-0.4957950202
-0.4484004424
-0.4967944856
-0.4636560388
-0.4403498039
-0.3961452009
-0.4217039255
-0.3984113858
-0.4225128961
-0.3977673574
-0.4389195958
-0.3988726027
-0.3966049004
-0.3682350031
-0.3874284746
-0.3662708885
-0.3880163292
-0.364569507
-0.3680862314
-0.3608985357
-0.3457000336
-0.347806899
-0.3548850175
-0.3476739341
-0.3545832514
-0.3600658342
-0.3682192565
-0.3873863528
-0.3662181549
-0.3880017816
-0.3645499246
-0.3680419847
-0.3608914983
-0.3456837707
-0.347654015
-0.3547983915
-0.3476608048
-0.354569084
-0.3600145719
0.1750115872
0.009605450542
0.1241062126
0.03465010105
0.1256481734
0.02726797914
0.1739395593
0.2505788274
0.1867650458
0.298429245
0.1879537652
0.2936708723
0.2480442462
0.1750105271
0.009598194601
0.1241122079
0.03464338619
0.1256508423
0.02726491221
0.1739380995
0.2505769394
0.186761043
0.2984209984
0.1879505243
0.2936705901
0.2480401839
-0.09183555449
-0.3401657819
-0.3401689432
-0.3290805149
-0.3275096992
-0.3350738426
-0.3303245026
-0.3358888306
-0.3306044748
-0.3365785863
-0.3291389532
-0.3275280166
0.4384140104
0.4392525851
0.5573078617
0.5768342353
0.5553358091
0.5850079021
0.5581049959
0.5841488456
0.5574856478
0.4992870957
0.4749876848
0.4569098561
0.5169961841
0.4593396053
0.5190093682
0.5009580922
0.4384144212
0.4392518344
0.5573028614
0.5768273575
0.5553099794
0.5849850922
0.558100692
0.5841421909
0.5574702257
-0.1784452039
-0.103517074
-0.1876294959
-0.09050536586
-0.1784163046
-0.1035506769
-0.1875956341
-0.2144632665
-0.2171074115
-0.2791929987
-0.184069235
-0.2144391946
-0.2170455683
-0.2791633522
-0.2529737548
-0.29204771
-0.3090486573
-0.2266198606
-0.2529799255
-0.292028813
-0.308994724
-0.2742195569
-0.3098968298
-0.3104060821
-0.2578983867
-0.2741810784
-0.3099546183
-0.3103571081
0.03791881867
0.1570119945
0.101625858
0.112841674
0.03791417605
0.1570304516
0.1015996119
-0.06202214633
0.07305066284
-0.05946324371
0.02079679854
-0.06207390236
0.07304817083
-0.05951000295
-0.2081759745
-0.1201388005
-0.3093440294
-0.0992986659
-0.2080466654
-0.1202550619
-0.3092051804
-0.3045753564
-0.2696834173
-0.273817488
-0.2403641624
-0.2685111985
-0.2733184575
-0.3049855246
-0.3608217021
-0.3292110612
-0.3576477356
-0.3220274674
-0.3290388715
-0.357608697
-0.3608345355
-0.3211559191
-0.3760981582
-0.3415863972
-0.3295107776
-0.3211032811
-0.376078034
-0.3416233078
-0.3356049084
-0.3181025997
-0.3354914762
0.1247023528
0.2580835809
0.2249756219
0.1802040752
0.1246860103
0.258117262
0.2249140583
0.0774827148
0.05359540497
0.1200979289
0.09986495329
0.05647112137
0.1238683731
0.07534212268
-0.2219992725
-0.1294897592
-0.2020055717
-0.1440991593
-0.2013888798
-0.1441951281
-0.2229786457
-0.374261374
-0.3839704911
-0.3687732181
-0.3963973115
-0.3686472328
-0.3984104696
-0.3740971343
-0.3367122289
-0.336915549
-0.3370565611
-0.3303193104
-0.3303282085
0.2806861731
0.3292561948
0.3749189027
0.296010756
0.2806514219
0.3292045542
0.3750018926
0.2678994173
0.3912239028
0.4158992944
0.28947664
0.2679252159
0.3913073757
0.4158960533
0.2472328236
0.2395027035
0.1894087329
0.2896909168
0.1899196494
0.2907113045
0.2467546447
0.3978998216
0.364156528
0.4355138625
0.3425278554
0.3978341919
0.364143184
0.4354887288
0.4666798103
0.4377843336
0.4407904057
0.4233181131
0.4402053227
0.4450675789
0.4644607505
-0.333665408
-0.3544648833
-0.2864152527
-0.3801894406
-0.2869498893
-0.3790772446
-0.3313592026
-0.2220144201
-0.1295132263
-0.2021002963
-0.1441046122
-0.2014174093
-0.1442059697
-0.2230197334
-0.3336770402
-0.3544505862
-0.2864640754
-0.3802066139
-0.2869670141
-0.3790781693
-0.3313914278
-0.3584905749
-0.3447263492
-0.3548471039
-0.3468418663
-0.354755863
-0.3467139024
-0.3584045141
-0.3742467904
-0.3839576027
-0.3687114227
-0.396391789
-0.3686293411
-0.3984024557
-0.3740592416
-0.3584820807
-0.3447116397
-0.3548476537
-0.3467198403
-0.354754258
-0.3466963352
-0.3583606017
0.3175538891
0.4076558802
0.3470715758
0.3741819387
0.348015872
0.3756204113
0.3153779758
0.247232118
0.2394920193
0.1893939654
0.2897163353
0.1899175522
0.2907176694
0.24675434
0.3175512625
0.4076489552
0.3470482692
0.3742047075
0.3480134935
0.3756237542
0.3153723393
-0.3287336179
-0.2924196855
-0.3467696233
-0.3094764124
-0.2915972896
-0.3465816215
-0.3290507713
-0.3694406204
-0.4002017782
-0.3999609148
-0.347350293
-0.3146036882
-0.3144568979
-0.3476571191
-0.4321063823
-0.4208826996
-0.4209684422
-0.371305576
-0.388065651
-0.3880285126
-0.3715126567
-0.3046268651
-0.2403705369
-0.2697821298
-0.2735541778
-0.2685475879
-0.2732892435
-0.3051139024
-0.3287387896
-0.3094650018
-0.2924244244
-0.3467220428
-0.2916022337
-0.3465657038
-0.3290577883
-0.3694038423
-0.4001694975
-0.3999530537
-0.347368679
-0.3142592697
-0.3143817075
-0.3477004809
-0.4320968975
-0.4208609395
-0.4209630599
-0.3713061696
-0.3880281722
-0.3880156218
-0.3715087256
-0.3582047419
-0.3314102029
-0.353851215
-0.331298309
-0.3312684065
-0.3537914405
-0.3582783485
-0.4367828962
-0.4235875496
-0.4238724952
-0.3936407119
-0.396454972
-0.3966758662
-0.3935213107
-0.3882581061
-0.4057294247
-0.4059846907
-0.3841247638
-0.3736373034
-0.3736607991
-0.3840687711
-0.3608158913
-0.32201926
-0.3291987702
-0.3576156732
-0.3290344601
-0.3575972585
-0.3608180538
-0.3581984808
-0.3312886336
-0.3314056017
-0.3538196382
-0.3312624872
-0.3537844117
-0.3582614279
-0.4367708598
-0.4235511915
-0.4238628099
-0.3936329756
-0.3964211855
-0.3966635927
-0.393496007
-0.388260357
-0.4057040494
-0.4059758503
-0.3841206773
-0.3736294173
-0.3736576509
-0.3840640216
-0.05678093257
-0.05618617693
-0.05521478573
0.01676638796
0.002457359277
0.004030446141
0.01563827602
0.1935142811
0.1397922487
0.1406458831
0.1039279927
0.1512760797
0.1536815411
0.1025274013
-0.02393414866
-0.05106605633
0.06885827477
-0.05043108547
0.06928398413
0.035442339
0.03483184038
0.07747623987
0.0998556157
0.05358197237
0.1200963046
0.05646659145
0.1238659191
0.07532618736
-0.05678656814
-0.05621583563
-0.05521856869
0.01675829165
0.00243674878
0.004025542036
0.01561314408
0.1935013105
0.1398472965
0.140660488
0.1039298631
0.1513087373
0.1536906528
0.1025390161
-0.0239503929
-0.05110264206
0.06887333974
-0.05044060743
0.06928944244
0.03543276539
0.03480777663
-0.3392279926
-0.3378209236
-0.3318042684
-0.337963634
-0.332057389
-0.3314936681
-0.3314832259
-0.3367041302
-0.3370214483
-0.3370728136
-0.3303229278
-0.3303634321
-0.3392250731
-0.3378935057
-0.3318408131
-0.3379800316
-0.332054844
-0.3314935902
-0.3314734593
0.4667839135
0.5054494407
0.5062265179
0.4880171264
0.4542549593
0.4557376625
0.486751516
0.4860316643
0.4566575395
0.4938862453
0.4688753634
0.460805211
0.4960383892
0.4838423766
0.5518301138
0.5354313304
0.536564338
0.5120893876
0.5231394476
0.5244578631
0.5107695257
0.4666801585
0.4233163606
0.4377556947
0.4408170894
0.4402056597
0.445070362
0.4644606955
0.4667864145
0.5054325226
0.5062230805
0.4880176435
0.4542562056
0.4557389054
0.4867595134
0.4860288117
0.4688722685
0.4566471352
0.4938787495
0.4608020988
0.4960363082
0.4838335501
0.5518241035
0.5354025769
0.5365599652
0.5120849781
0.5231270034
0.5244535876
0.5107496339
-0.1046102641
-0.08386644417
-0.1200973338
-0.07953919725
-0.1046076222
-0.08385148643
-0.1200993545
-0.1598207203
-0.1525292371
-0.1826152828
-0.1349654363
-0.1598075747
-0.1525088435
-0.1826023383
-0.2013104781
-0.2071518998
-0.2253642684
-0.1837268819
-0.2012929393
-0.2071434727
-0.2253514896
-0.2291785365
-0.2377634992
-0.2454758238
-0.2157694246
-0.2290465525
-0.2377401229
-0.245368213
0.03987343783
0.08441032939
0.05541788733
0.06175451094
0.03987168265
0.08440479878
0.05541356319
-0.03709924041
0.009526580683
-0.08086596765
-0.002288960554
-0.0371110499
0.009511206235
-0.08090760831
-0.1901407274
-0.1885288557
-0.1946878274
-0.1384960491
-0.1713220862
-0.157513727
-0.2039929164
-0.254166553
-0.2372658971
-0.245235463
-0.2246532374
-0.236322902
-0.24325032
-0.2555637018
-0.2749435304
-0.2643038022
-0.2736605496
-0.256639611
-0.263794901
-0.271976236
-0.2761167
-0.3102859677
-0.2797067948
-0.3103447607
0.1431070539
0.1855207936
0.1733266721
0.1525347285
0.1431230754
0.1855266821
0.1733552634
0.02043614105
0.009171926827
0.03320068624
0.0492770436
0.0149711194
0.06010633687
0.0131333875
-0.1451171517
-0.13467769
-0.1038116354
-0.09122457544
-0.1309029997
-0.1006139517
-0.147311511
-0.3482128582
-0.3294281907
-0.3483329862
-0.3427746223
-0.327329939
-0.3271964885
-0.3427923763
-0.3155618163
-0.3260527506
-0.3174450845
-0.3147951016
-0.3258897886
0.2126074345
0.2568709712
0.2531980422
0.2201863113
0.2126016112
0.2568129123
0.2532480701
0.2203845148
0.1496824377
0.2108062462
0.1874884191
0.1993847252
0.2121949249
0.1833975615
0.2832299461
0.2862887028
0.3082864107
0.2651713489
0.283253075
0.2862923104
0.3082906772
0.3367991275
0.2924240967
0.3233012262
0.3123984589
0.3010621715
0.3417034507
0.3297936452
0.3284054199
0.3103123292
0.3395242554
0.3024706015
0.3284104144
0.3103160905
0.3395263934
0.3991539524
0.3472074647
0.3535689727
0.350462935
0.386274599
0.3619971746
0.3603448608
-0.1440309217
-0.1381251128
-0.1837507825
-0.1042800663
-0.1246164044
-0.1265687373
-0.1337157434
-0.1065384403
-0.1018574177
-0.1256149763
-0.07413715933
-0.06522818773
-0.1178882612
-0.113898977
-0.1858151116
-0.1510304094
-0.17343947
-0.1550116041
-0.1670487755
-0.1561889748
-0.1367619348
-0.144010342
-0.10428075
-0.1381210149
-0.1836969562
-0.1246197327
-0.1265703699
-0.1336865454
-0.1065417401
-0.07413861625
-0.1018713357
-0.1256205482
-0.06523049101
-0.1178788329
-0.1139056039
-0.1857972342
-0.1509958391
-0.1733870261
-0.1548989316
-0.1670281976
-0.1561593362
-0.1367338482
-0.2126692625
-0.2014284319
-0.2328250516
-0.2111548875
-0.1945040143
-0.2296833654
-0.2182669013
-0.2416352833
-0.2129903424
-0.2386076528
-0.2137713224
-0.1993777772
-0.1891538761
-0.2195821536
-0.2623552615
-0.2781884693
-0.2606519725
-0.2348681369
-0.2537352896
-0.2520036122
-0.237794135
-0.1901368645
-0.1384994675
-0.1885070918
-0.1946839563
-0.1713137785
-0.1575169918
-0.2039798913
-0.2126665711
-0.2111465696
-0.2014322031
-0.2328101819
-0.1944994471
-0.2296774893
-0.2182625708
-0.2129798606
-0.2416574031
-0.238617474
-0.2137707643
-0.1993127278
-0.1891356875
-0.2195734294
-0.2781792205
-0.2623566153
-0.2606515215
-0.2348710947
-0.2537195764
-0.2519975442
-0.2378104451
-0.261999901
-0.2452072841
-0.26947064
-0.2523934005
-0.2442342391
-0.2683109383
-0.2632079133
-0.3008315021
-0.2914405315
-0.3004630813
-0.275693133
-0.26659577
-0.2655369639
-0.2763626859
-0.3059655763
-0.3087372087
-0.305647945
-0.282674467
-0.2880897384
-0.2875687311
-0.2832556906
-0.2541632527
-0.2246483648
-0.2372800829
-0.2452239729
-0.2363208685
-0.243245505
-0.2555595901
-0.2619942852
-0.2523852294
-0.2451882886
-0.2694743665
-0.2442264811
-0.2683049411
-0.2631973283
-0.2914350728
-0.300829582
-0.3004605488
-0.2756891325
-0.2665859165
-0.2655322231
-0.2763648128
-0.3087288074
-0.3059428832
-0.305641216
-0.2826634636
-0.288059524
-0.2875619604
-0.2832195848
-0.3097403847
-0.2923490934
-0.2909339029
-0.3102981607
-0.2903887576
-0.3099754697
-0.2928198742
-0.2927888844
-0.2966091649
-0.3098570297
-0.3093378411
-0.2959230809
-0.3091021396
-0.2935442711
-0.2749349494
-0.2566215116
-0.2643052971
-0.2736074817
-0.2637855648
-0.271962198
-0.2761022328
-0.3097499194
-0.2923411485
-0.2909296142
-0.3102691721
-0.2903884212
-0.309965181
-0.29280057
-0.2927738732
-0.3093252237
-0.2965613496
-0.3098489699
-0.2959060263
-0.3090944579
-0.2935118404
0.09182249372
0.06657566711
0.05117957303
0.09030826785
0.07980879528
0.09721521932
0.09017527481
0.1616937608
0.1319648311
0.1256008041
0.1689651336
0.14792428
0.1811337562
0.1099486245
0.113598884
0.1204539956
0.08085562435
0.117949214
0.09526307307
0.1470589066
0.1029267835
0.09181973329
0.09030487551
0.06657283978
0.05117546163
0.07980681389
0.09721158095
0.09016909186
0.1616894459
0.1689700905
0.1319772189
0.1256094386
0.1479265121
0.181130223
0.1099500422
0.1135918223
0.120450964
0.08084956153
0.1179392457
0.09526029148
0.147055401
0.1029219422
-0.02052176249
-0.01870371871
-0.06068070055
-0.05762223072
-0.03345956889
-0.0592856083
-0.01935998219
0.03668080398
0.07997713693
0.04063612837
0.02881791449
0.05450119578
0.06513677483
0.02379666023
-0.05856850104
-0.007342921341
-0.005536465191
-0.01292883853
-0.05996970478
-0.05908657929
-0.01446860737
0.02042696805
0.04926712173
0.009145818517
0.03318703149
0.01496290614
0.06010003156
0.01310644268
-0.020537061
-0.05763979388
-0.01874204504
-0.06075049779
-0.033473332
-0.0593110015
-0.0194015084
0.0799757984
0.03667760759
0.04063419627
0.02881222264
0.05449661883
0.06513420476
0.02378272636
-0.05859221209
-0.007363088203
-0.005545188744
-0.01294521972
-0.0600492574
-0.05911728281
-0.01450701433
-0.2347390965
-0.2074622322
-0.2340921639
-0.1911068137
-0.1718591693
-0.1709605969
-0.1919921581
-0.1198056551
-0.1820815751
-0.1815128769
-0.1621420996
-0.1110261966
-0.1099456872
-0.1631472609
-0.308812165
-0.2488499384
-0.2487966228
-0.2678043988
-0.2672590217
-0.2167439077
-0.2170844198
-0.1451456429
-0.09124133801
-0.1347559387
-0.1039122793
-0.1309108455
-0.1006492124
-0.1474694127
-0.2074207365
-0.2339103768
-0.2338827145
-0.1910163133
-0.1717356727
-0.1709131624
-0.191950715
-0.1198423989
-0.1822045427
-0.181544257
-0.162187827
-0.1111582491
-0.1099922937
-0.1633603107
-0.3087524984
-0.2489073049
-0.2488010548
-0.2673405715
-0.2671073226
-0.2167480332
-0.2175376452
-0.3367502368
-0.3243116899
-0.330379236
-0.3206610918
-0.3240775188
-0.3302078124
-0.3367567382
-0.3764219993
-0.3639348953
-0.3640398542
-0.3644115274
-0.3646297013
-0.355223318
-0.3551657383
-0.3415593847
-0.3517731936
-0.3518356291
-0.3458901972
-0.3369851649
-0.3368820771
-0.3458449216
-0.3294393861
-0.3482905034
-0.3483442795
-0.342761815
-0.3273016862
-0.3271857806
-0.3427591306
-0.3367404927
-0.3206506689
-0.3242982725
-0.3303767768
-0.3240689039
-0.3302061858
-0.3367331008
-0.3764140786
-0.3638758586
-0.3640254646
-0.3644432474
-0.3646300554
-0.3552148247
-0.355140775
-0.3415659539
-0.3517647427
-0.3518308068
-0.3458821871
-0.3370122183
-0.3368847529
-0.3458279909
-0.3355575449
-0.332190488
-0.3321857229
-0.3174563245
-0.3260798169
-0.3258937558
-0.3355380848
-0.3321577333
-0.3321774418
0.1516983101
0.1355519795
0.1601392546
0.1930521098
0.1410948179
0.1700079415
0.1709147284
0.2358032065
0.2330753853
0.2572649019
0.2806938846
0.2462412791
0.2668132377
0.2239357846
0.2281466666
0.1854564107
0.1901482216
0.2181558419
0.2462917732
0.2519444395
0.2091854422
0.2203834896
0.1874910708
0.1497035404
0.2107881541
0.1993836558
0.2121877715
0.1833946385
0.1355481173
0.1517348786
0.160145072
0.1930506808
0.1411039215
0.1700052026
0.1709195124
0.2358007087
0.2806971249
0.2330878566
0.257285823
0.2462373948
0.2668158694
0.2239327281
0.2281369004
0.185469788
0.1901517482
0.2181525252
0.2462705898
0.2519398468
0.209162482
0.3217203293
0.2906442478
0.3126866116
0.3208183272
0.297339521
0.3448138836
0.3166973767
0.3507739988
0.3122664089
0.3322502811
0.3371021623
0.3214010774
0.3703215023
0.3168712612
0.3845776148
0.3501334497
0.3485107788
0.3542270477
0.3604322399
0.3757156962
0.3355211136
0.3217189293
0.3208203824
0.2906099476
0.3127164054
0.2973337457
0.3448185028
0.3166943659
0.3507737114
0.337096551
0.3122795211
0.3322086579
0.3214018003
0.3703209041
0.3168702483
0.3845905428
0.35013261
0.3485166455
0.3542306231
0.3604324803
0.3757185153
0.335523209
0.2702829064
0.315452275
0.3172585381
0.3307173668
0.2852383971
0.2894158595
0.3275423282
0.4045590169
0.3967237849
0.4077314455
0.372563405
0.359943835
0.3680989432
0.3683500474
0.416659119
0.3653150692
0.3665903698
0.4141375422
0.4158717295
0.3734674738
0.3712701366
0.3367994858
0.3123968922
0.2924311517
0.3233136062
0.3010656051
0.3417047095
0.3297937064
0.2702846249
0.3154497891
0.3172550277
0.3307183163
0.2852634129
0.2894191006
0.3275393994
0.3967352278
0.4046556833
0.407743119
0.3725578686
0.3599369832
0.3680947795
0.3683367496
0.4166563094
0.3652729716
0.3665815293
0.414182941
0.4158741835
0.3734609223
0.3712514117
0.4158779379
0.4071615506
0.4252607069
0.4110064411
0.372843609
0.3959182034
0.3877716571
0.4072827915
0.3607170308
0.3738583849
0.3721853032
0.3690128077
0.411445835
0.3692269268
0.4289104608
0.4446967199
0.4382126395
0.4215151285
0.403990645
0.4268059974
0.3984738212
0.3991507167
0.3504679216
0.3472370537
0.3535610508
0.3862722112
0.3619972025
0.3603388346
0.4071584424
0.415876503
0.425260961
0.4110025032
0.3728019537
0.395911379
0.3877431705
0.4072825422
0.3721859229
0.3607588653
0.3738567121
0.3690165065
0.4114457186
0.3692370153
0.4446914387
0.428911695
0.4382084774
0.4215147922
0.4039869741
0.4268035891
0.3984976174
-0.08423224112
-0.02915213708
-0.03328003324
-0.02016655869
-0.03858053672
-0.03105630603
-0.04458192527
-0.03329293061
-0.08426038892
-0.02918427853
-0.02017636776
-0.03859105169
-0.03106608667
-0.04460814907
-0.2952511633
-0.308730364
-0.2938475814
-0.3087388603
-0.2952893772
-0.2938424642
0.2311099669
0.2664223332
0.2958627338
0.2705804517
0.2756027065
0.2516535568
0.2395119011
0.295867935
0.2311529489
0.2664686875
0.2705802207
0.2755998639
0.2516502474
0.2395426655
-0.09462447312
-0.09447046856
-0.09386272143
-0.09463612628
-0.09448379657
-0.09387636754
-0.3441171953
-0.3451454098
-0.346640981
-0.3441464484
-0.3451724764
-0.3466690011
-0.4832810993
-0.4861902635
-0.4841760665
-0.4875094531
-0.492207766
-0.4944556014
-0.4697955582
-0.471127004
-0.4711345022
-0.5222364413
-0.5287151989
-0.5341799282
-0.51975682
-0.5241710793
-0.5254832657
-0.4736823341
-0.4768352167
-0.4806373051
-0.09459332491
-0.09405280908
-0.09271237319
-0.3373576421
-0.3380199378
-0.3394386116
-0.3350163816
-0.3343699554
-0.3329735607
0.5360778511
0.540281189
0.5408719283
0.5401742737
0.5464213967
0.5513683819
-0.3189454597
-0.3196222379
-0.3208263756
-0.2178693492
-0.2214992871
-0.2227062954
-0.2151455219
-0.2178542563
-0.2170264698
-0.343147631
-0.3420517886
-0.3435225266
-0.3428063841
-0.3402749462
-0.3391210628
-0.5297174508
-0.5359654318
-0.5366299714
-0.4973961596
-0.5006948204
-0.5042437101
-0.493129392
-0.4945459751
-0.4941221337
-0.5315580538
-0.5399158077
-0.5448440033
-0.4832687419
-0.486177471
-0.484163226
-0.4874761697
-0.4921731613
-0.4944202349
-0.5297060793
-0.5359540463
-0.5366187379
-0.4973639307
-0.5006623439
-0.5042109376
-0.4931179552
-0.4945344702
-0.4941107438
-0.5315267944
-0.539884156
-0.5448120844
-0.4580954356
-0.4606107777
-0.4609107597
-0.460669857
-0.4649974275
-0.4689709085
-0.4697844219
-0.4711157475
-0.4711233426
-0.5222033949
-0.5286817851
-0.5341460839
-0.5197449086
-0.5241590943
-0.5254713134
-0.4736517892
-0.476804183
-0.4806059782
-0.4580840273
-0.4605994575
-0.4608996009
-0.4606388896
-0.46496643
-0.4689397661
-0.4091060691
-0.4120634614
-0.4144743142
-0.3626336475
-0.3641709033
-0.3660135302
-0.359712471
-0.359843185
-0.3586650132
-0.3705477947
-0.3721730574
-0.3740413807
-0.3625608305
-0.3640961914
-0.365934775
-0.3596943721
-0.3598241065
-0.3586452025
0.178663435
0.1768398011
0.1767929585
0.06228139562
0.06656880801
0.06886239745
0.05890619294
0.06313461716
0.06473458398
-0.09459633097
-0.09405721116
-0.09271682607
-0.3410473586
-0.3406655094
-0.339297234
-0.3410489479
-0.3406668701
-0.3392984391
0.5879846211
0.5926984363
0.5937245906
0.6094308774
0.6155300213
0.6210873341
0.6049854081
0.6086833234
0.6093689405
0.5916282198
0.5986692398
0.6044393162
0.5360746785
0.5402780748
0.5408689388
0.5401639749
0.5464110367
0.551358035
0.5879792675
0.5926930804
0.5937193452
0.6094085861
0.6155073208
0.6210641926
0.6049782959
0.6086761145
0.6093617423
0.5916117452
0.5986524186
0.604422315
-0.3189641049
-0.3196401217
-0.3208441236
-0.4321402271
-0.4388181805
-0.4416993959
-0.3431290466
-0.3420330507
-0.3435021575
-0.432139303
-0.4388193269
-0.4417025062
-0.5138803275
-0.5147402955
-0.5188657271
-0.5138726692
-0.5147325544
-0.5188588104
-0.4091281495
-0.4120863366
-0.4144969926
-0.4022121376
-0.4051322158
-0.4077262443
-0.402176895
-0.4050984908
-0.4076926818
0.1795534924
0.1785202
0.1797779783
0.3335614631
0.3396061978
0.3436197497
0.1795483567
0.178515617
0.1797744669
0.3335536536
0.3396000349
0.3436155044
-0.3313480805
-0.3323863311
-0.333856467
-0.3252205258
-0.3257099692
-0.3271010089
-0.3252412603
-0.3257314603
-0.3271224015
0.4425429083
0.4449647066
0.4489759553
0.4425425227
0.4449646849
0.4489774433
-0.2178651916
-0.2214945002
-0.222701252
0.0622887384
0.06657639795
0.06887009009
-0.215142652
-0.2178511655
-0.2170232605
0.05890897603
0.0631376197
0.06473760337
-0.3706041974
-0.3722307621
-0.3740994916
-0.3667986692
-0.3669388822
-0.365810476
-0.3156346882
-0.3150740645
-0.3136386476
-0.4280760369
-0.433177936
-0.4323198028
-0.3428006592
-0.3402687164
-0.3391138848
-0.4280769386
-0.4331791717
-0.4323224049
-0.5129436192
-0.5117035458
-0.511846677
-0.5129390938
-0.5116998014
-0.511843885
-0.4048044739
-0.4061381562
-0.4052356266
-0.4047944069
-0.4061281865
-0.4052259872
-0.3998127569
-0.401128199
-0.4004854099
-0.3998010121
-0.4011167324
-0.4004740243
-0.3667788937
-0.3669192362
-0.3657911207
0.3295594428
0.3344424689
0.3356882956
0.178659983
0.1768370038
0.1767910323
0.3295569668
0.334440309
0.3356872979
-0.3374100199
-0.3380753769
-0.3394976802
-0.3350295293
-0.3343841032
-0.3329879759
-0.3314042355
-0.3324420279
-0.3339126195
-0.3281740824
-0.3278596999
-0.3265720723
-0.328156653
-0.3278424776
-0.3265550907
-0.3228824189
-0.3221126912
-0.3207857527
-0.3228912048
-0.3221213158
-0.3207940132
0.4401074698
0.440726456
0.4413339072
0.4401062003
0.4407259767
0.4413346599
-0.31564078
-0.3150800825
-0.3136445329
)
;

boundaryField
{
    inlet
    {
        type            zeroGradient;
    }
    outlet
    {
        type            fixedValue;
        value           nonuniform 0();
    }
    topAndBottom
    {
        type            symmetry;
    }
    frontAndBack
    {
        type            empty;
    }
    cylinder
    {
        type            zeroGradient;
    }
    procBoundary0to1
    {
        type            processor;
        value           nonuniform List<scalar> 
116
(
-0.04651607436
-0.04694550987
-0.04781324719
-0.0491378231
-0.05095165358
-0.05329851813
-0.05623763862
-0.05984653442
-0.06422509096
-0.0695018256
-0.07584271579
-0.08346034781
-0.09263176969
-0.1037210551
-0.1171943895
-0.133650818
-0.1539598517
-0.1791646498
-0.2103741117
-0.2488550217
-0.2488550217
-0.2488550217
-0.2488550217
-0.2488550217
-0.2488550217
-0.2875215804
-0.2915879986
-0.2932633155
-0.3291458376
-0.3292157458
-0.3304194278
-0.3304194278
-0.32979319
-0.3271427624
-0.32979319
-0.3271898637
-0.3172984471
-0.315738852
-0.3251333688
-0.3250514738
-0.3258080635
-0.3263833485
-0.3304298923
-0.3304298923
-0.3298465489
-0.3271552516
-0.3298465489
-0.3271992168
-0.3251456413
-0.3250863177
-0.3258262086
-0.3263915423
-0.3173190668
-0.3157451644
-0.3284245629
-0.3155798762
-0.3284455977
-0.3291108224
-0.3291108224
-0.3263916383
-0.3291458376
-0.3263550569
-0.3272559433
-0.3275405895
-0.3271841586
-0.3270937226
-0.3291232128
-0.3291232128
-0.3263966339
-0.3292157458
-0.3263732108
-0.3273811026
-0.3275513203
-0.3271883795
-0.3271309453
-0.3162850326
-0.2874775471
-0.2915726374
-0.2932706848
-0.3163197397
-0.3229705297
-0.3229705297
-0.3231011079
-0.3120069635
-0.3162850326
-0.3231011079
-0.3110600991
-0.314795859
-0.3160957587
-0.3282571181
-0.3270212561
-0.3271638804
-0.3229764509
-0.314795859
-0.323117547
-0.3282685877
-0.3270298324
-0.3271586949
-0.2932633155
-0.3160957587
-0.2915879986
-0.3160902226
-0.2932706848
-0.2915726374
-0.3116860244
-0.3118164907
-0.3129101588
-0.3116874394
-0.3118175833
-0.3129110244
-0.3092032678
-0.3080883159
-0.3065913607
-0.3092048611
-0.3080898104
-0.3065928404
)
;
    }
    procBoundary0to2
    {
        type            processor;
        value           nonuniform List<scalar> 
75
(
0.08876677752
0.08907847875
0.0898459493
0.09109416419
0.09281598024
0.09504397652
0.09784844479
0.1013199173
0.105568958
0.1107377612
0.1170137073
0.1246447632
0.133960983
0.1454086619
0.1595960777
0.1773838849
0.1999328198
0.2290898639
0.2666607108
0.3103083812
0.3641560957
0.4648114482
0.5744667511
0.5744358542
0.5507038246
0.4647867684
0.5506831036
0.5768391503
0.5850158766
0.5841566345
0.5768321378
0.5849929049
0.5841498682
0.4355145262
0.3641417938
0.4354885979
0.4938874236
0.4688761282
0.4960394207
0.5518332591
0.523141141
0.524459529
0.4688727843
0.4938794704
0.4960371624
0.5518271065
0.5231283753
0.5244551206
0.3395210418
0.3103106165
0.3395209251
0.3738587268
0.3721845033
0.4114451718
0.4446970315
0.4039910099
0.4268056417
0.3721847025
0.373856008
0.4114446111
0.4446914149
0.4039863624
0.4268028392
0.6094377342
0.6155369037
0.6210942972
0.6049919411
0.6086898167
0.6093754303
0.6094151788
0.6155139147
0.621070853
0.6049846953
0.6086824682
0.6093680897
)
;
    }
}


// ************************************************************************* //
