/*--------------------------------*- C++ -*----------------------------------*\
| =========                 |                                                 |
| \\      /  F ield         | OpenFOAM: The Open Source CFD Toolbox           |
|  \\    /   O peration     | Version:                                        |
|   \\  /    A nd           | Website:  www.openfoam.com                      |
|    \\/     M anipulation  |                                                 |
\*---------------------------------------------------------------------------*/
FoamFile
{
    version     2.0;
    format      ascii;
    class       volScalarField;
    location    "2.4";
    object      p;
}
// * * * * * * * * * * * * * * * * * * * * * * * * * * * * * * * * * * * * * //

dimensions      [0 2 -2 0 0 0 0];


internalField   nonuniform List<scalar> 
2429
(
0.09639702952
0.09666916489
0.09733951483
0.09843059686
0.09993833145
0.1018944433
0.1043647916
0.107434852
0.1112105145
0.1158292148
0.1214728799
0.1283831167
0.13688355
0.14741729
0.1605994671
0.1773194008
0.1988017982
0.2270256212
0.2639935589
0.3078624007
0.3627573444
0.4677815353
0.5843912657
0.0960336965
0.09629796411
0.09694742966
0.09800397201
0.09946251067
0.1013518677
0.1037330535
0.1066846379
0.1103026775
0.1147101618
0.1200673273
0.1265826817
0.1345283867
0.1442650398
0.1562722595
0.1712028136
0.189881353
0.2135214543
0.2430166751
0.2831388156
0.3264324686
0.3902914132
0.4064254098
0.09531925908
0.09556644333
0.0961754654
0.09716528963
0.09852866055
0.1002891405
0.1024987854
0.1052234043
0.1085410635
0.1125486395
0.1173677
0.1231488262
0.1300760972
0.1383733039
0.1483026609
0.1601640274
0.1741926555
0.1905427382
0.2084243475
0.2259813501
0.2510134657
0.2500205733
0.1758324349
-0.2219957645
-0.4571559533
0.09427477848
0.0944979991
0.09504998658
0.09594574104
0.09717515298
0.09875491602
0.1007253134
0.1031355775
0.1060408291
0.1095052562
0.1136030424
0.118415947
0.124025896
0.1305062601
0.1378798614
0.1461008805
0.1548388204
0.1633936198
0.1698614584
0.1709354413
0.1780243114
0.1447826489
0.05202865169
-0.1686213386
-0.4717685257
-0.5866519129
-0.5179804387
-0.457099127
0.0929317347
0.09312539156
0.09360679914
0.09438639163
0.09545144881
0.09681090629
0.09849174253
0.1005250129
0.1029413472
0.105770729
0.1090387543
0.1127606332
0.1169191512
0.1214602389
0.1262145921
0.1308917366
0.1348570408
0.1369734431
0.1351125594
0.1253410955
0.101181359
0.07239216338
-0.01100989611
-0.1392469272
-0.2725750967
-0.3649862991
-0.3864983021
-0.3777616103
0.09132212306
0.09148746965
0.09188922195
0.09253677459
0.09341658099
0.09452968019
0.09588952042
0.09750944937
0.09939704403
0.1015500221
0.1039488006
0.1065557972
0.1092772278
0.1119708783
0.1143664183
0.1160384984
0.1162636985
0.1138316956
0.1069242901
0.09260641195
0.06690648687
0.02404850652
-0.03754940627
-0.1049564968
-0.1800369216
-0.2381152545
-0.2639281742
0.08949852213
0.08962861489
0.08994484264
0.09045217832
0.09113577607
0.09198978671
0.09301538194
0.09421017863
0.09556176254
0.09703905019
0.09858868106
0.1001390977
0.1015558466
0.1026423377
0.1030928683
0.1024361214
0.1000127487
0.09481238797
0.08545483355
0.07003821035
0.04631172739
0.01206670942
-0.03307078353
-0.08331571128
-0.1301573413
-0.1657691745
-0.1858549851
0.08750137874
0.08759582677
0.08782497009
0.0881900081
0.08867543103
0.08926985293
0.08996410957
0.09074298641
0.09157771783
0.09241439276
0.09318413873
0.09379709622
0.09410085015
0.09386909532
0.09281165158
0.09050380412
0.08637996929
0.07967335353
0.06939507712
0.05433854242
0.03339653578
0.005752586493
-0.0278569293
-0.06422518634
-0.09871243832
-0.1258232869
-0.1428404368
0.08537860317
0.08543816225
0.08558172769
0.08580749718
0.08610035777
0.08644489155
0.08682371334
0.08721196016
0.08756862506
0.08782714487
0.08791601533
0.08773267271
0.08712641647
0.08588093715
0.08372651797
0.08030893771
0.0751784826
0.06777642757
0.05743063522
0.04344036122
0.02532724217
0.002911352495
-0.02292827967
-0.05011108261
-0.07566593651
-0.09632096953
-0.1100176999
0.08317634051
0.08320272075
0.08326487323
0.08335869236
0.08347042649
0.08358183402
0.08366911633
0.08370142797
0.08363167624
0.0833885317
0.08290612806
0.08208130707
0.08076473312
0.07876450384
0.0758491426
0.07173795475
0.06609481944
0.05851876968
0.04857670214
0.03592039232
0.02034424618
0.002032409519
-0.01823195543
-0.03900023273
-0.05847454471
-0.07463599495
-0.08599168042
0.08093863388
0.08093431606
0.0809211639
0.08089328345
0.08083864674
0.08073704037
0.08056158198
0.08027974756
0.07984097811
0.07918452166
0.07824193537
0.07691057657
0.07505589411
0.07251712473
0.06910736019
0.06461197222
0.05878328624
0.0513529176
0.04205992924
0.03075828247
0.01739524348
0.002277118257
-0.01391363469
-0.03022063887
-0.04548381095
-0.05835177355
-0.0677406472
0.07870626286
0.0786742403
0.07859317271
0.07845578013
0.07825209773
0.07796162845
0.07755518502
0.07700403328
0.07626279905
0.07527323419
0.07396364093
0.07224213277
0.06999647137
0.06709656956
0.06339680076
0.0587352345
0.05293701503
0.04582411356
0.03727011607
0.02720892135
0.01572890032
0.003131603621
-0.01005040173
-0.02315695459
-0.03538991199
-0.04582336399
-0.05369980164
0.07651605802
0.0764595447
0.07631835203
0.0760843456
0.07575041732
0.07529669707
0.07469844622
0.0739269029
0.07293891742
0.07167974736
0.07008427889
0.06807484759
0.06555990491
0.06243636069
0.05859197106
0.05390948586
0.0482710954
0.04156707769
0.03375338641
0.02481448746
0.01489249558
0.004276355783
-0.006649797236
-0.01740309337
-0.02741666221
-0.03604500762
-0.04275002941
0.07440008582
0.07432259916
0.07412887565
0.0738114295
0.07336590799
0.07277735711
0.07202300913
0.07107175874
0.06988431504
0.06841363127
0.06660445923
0.06439214306
0.06170305875
0.05845791652
0.0545731989
0.04996455256
0.04455506607
0.0382916256
0.0311586087
0.02320872072
0.01458339795
0.005522541607
-0.003685939699
-0.01267727771
-0.0210391668
-0.02831098773
-0.034104282
0.07238687569
0.07229145908
0.07205299326
0.07166491196
0.07112807338
0.0704302116
0.06954784174
0.06845162024
0.06710797006
0.06547767201
0.06351475707
0.06116623043
0.05837482647
0.05508014572
0.05122296273
0.04674615658
0.04160322607
0.03577853992
0.02926877714
0.02215957922
0.01459603918
0.006758154456
-0.001127048301
-0.008778583369
-0.01589161615
-0.02213095362
-0.02721151063
0.07050019077
0.07038812408
0.07011427473
0.06966976366
0.06905864358
0.06827113005
0.06728546968
0.06607574687
0.06461367169
0.06286689612
0.06079770183
0.05836388153
0.05552186215
0.05222771012
0.04843941332
0.04412245897
0.03925131876
0.03383420066
0.02788644139
0.02149623656
0.0147956871
0.007925514686
0.001070017067
-0.005551065992
-0.01170868945
-0.01715442685
-0.02167507777
0.06875795476
0.06863364194
0.06833131268
0.06784165568
0.06717069924
0.06631151082
0.06524512302
0.06394902944
0.06239960812
0.06057048495
0.05843127489
0.05595023976
0.05309514427
0.0498344575
0.04613946073
0.04199079763
0.03738229039
0.03232706984
0.02686826712
0.02108375716
0.01508338808
0.008984968744
0.002938836988
-0.002881598012
-0.008300860636
-0.01313100798
-0.01720940824
0.06717790212
0.06704458117
0.06671925335
0.06619347026
0.06547541613
0.06456061767
0.06343271238
0.06207239959
0.06046031045
0.0585752265
0.05639357969
0.05389214155
0.05104783257
0.04783912449
0.04424888115
0.04026854219
0.03590538606
0.03117313349
0.02612671709
0.02084353725
0.01540970331
0.009926276666
0.004517464641
-0.0006782548266
-0.005523762592
-0.009873920228
-0.01360214266
0.06577371828
0.06563343656
0.06529000191
0.06473590872
0.06398153242
0.06302449527
0.06185071876
0.06044390085
0.05878816989
0.05686652482
0.05466220921
0.0521586629
0.04933935301
0.04619078175
0.04270527591
0.03888144663
0.03473553262
0.03028738791
0.02559109768
0.02071820829
0.01573988922
0.01074438739
0.00583636745
0.001128336132
-0.003270472215
-0.007245747024
-0.01069695513
0.06455535197
0.06440997298
0.06405272986
0.06347697025
0.0626951113
0.06170663651
0.06049944621
0.05905975359
0.05737445686
0.05543080688
0.05321760806
0.05072293367
0.04793607352
0.04484918206
0.0414609257
0.0377774508
0.03381589549
0.02960802016
0.02520210357
0.02066008482
0.01604545649
0.01143568559
0.006919958314
0.00259157008
-0.001460318095
-0.005143654274
-0.008376856332
0.06353067056
0.06338167404
0.06301419695
0.0624222914
0.06162014393
0.06060886926
0.0593780552
0.05791574499
0.05621081741
0.05425530195
0.05204145413
0.04956108095
0.04680818918
0.04377953198
0.0404787105
0.03691649845
0.03311045126
0.02909708133
0.02492410433
0.02064359054
0.01631394101
0.01200416332
0.007791325706
0.003754579125
-3.118792551e-05
-0.003489964101
-0.006554034881
0.06270549776
0.06255407693
0.06217928646
0.06157576559
0.06075914156
0.05973188865
0.05848476375
0.05700669162
0.05528973254
0.05332889197
0.05111860555
0.0486539811
0.04593240407
0.04295414153
0.03972613624
0.03626207163
0.03258240354
0.02872354837
0.02473052599
0.02064992047
0.01653652078
0.01245315024
0.008467843112
0.004649464819
0.001062900725
-0.002227296394
-0.005163540463
0.06208405898
0.06193115265
0.06155142852
0.06093999748
0.06011356892
0.0590756164
0.05781751074
0.05632903098
0.05460534231
0.05264263643
0.05043723711
0.04798671148
0.0452907707
0.0423521098
0.03917974141
0.03578916223
0.03220403946
0.02846015521
0.02459837019
0.02066295548
0.01670580718
0.01278510479
0.008962540061
0.00529994019
0.001855560585
-0.00131397303
-0.004158357289
0.06166938814
0.06151561708
0.06113293713
0.06051666933
0.05968421644
0.0586396032
0.05737408356
0.05587973423
0.05415249259
0.05218942983
0.0499883332
0.04754825822
0.04487035115
0.04195883115
0.03882398528
0.03548247237
0.03195979459
0.02829198845
0.0245159962
0.02067520113
0.01681953327
0.01300400911
0.009286306853
0.005723962791
0.002371385948
-0.0007198756359
-0.003504560919
0.06146473833
0.06131068792
0.06092690944
0.06030868267
0.05947346944
0.05842492121
0.05715538066
0.05565804212
0.05392885024
0.0519654236
0.04976628046
0.04733120601
0.04466207068
0.04176371595
0.03864685855
0.03533053835
0.03184062406
0.02820990931
0.02447546138
0.02068079059
0.01687473492
0.01311062246
0.009444119919
0.005930751398
0.002623480527
-0.0004284784052
-0.003182829582
0.4762806848
0.5843602283
0.4763002048
0.2255877811
-0.03039155824
0.4064045882
0.225541016
-0.03034319814
-0.1415171626
-0.1415038418
-0.4608556898
-0.4608633425
-0.4506058664
-0.4506453153
-0.1817492804
-0.4548621137
-0.2220623162
-0.1817983528
-0.4548132443
-0.560025546
-0.6357921766
-0.5599785448
-0.6357706737
-0.6452573241
-0.5485860689
-0.6452353442
-0.5486324417
-0.4658573212
-0.532191643
-0.4720162159
-0.4657952488
-0.5321308202
-0.4719139634
0.5589582334
0.4194612452
0.4688467345
0.4677568487
0.5589374607
0.4193987874
0.4688951529
0.5663461497
0.5868704114
0.5956354404
0.5641244092
0.5947704787
0.567018728
0.5665006605
-0.447156902
-0.4447727959
-0.0664944132
0.07381685228
-0.09894338652
0.1757951004
-0.06651203851
0.07378659813
-0.09895465465
-0.2989238786
-0.2275498646
-0.2441330854
-0.2234424822
-0.2366780809
-0.2256910828
-0.3001594222
-0.6585228548
-0.6621748467
-0.5033856333
-0.4991656288
-0.5373733026
-0.497416331
-0.5385246996
-0.5034569477
-0.4585367827
-0.4571040027
-0.4584739314
-0.5739850047
-0.3057164314
-0.3925341661
-0.4716249772
-0.5739822865
-0.3056357982
-0.3925283785
-0.5333846889
-0.4093239263
-0.4238654291
-0.5866537218
-0.5335340265
-0.4093535671
-0.4240200521
0.5047709728
0.4785598115
0.5234523469
0.4590618236
0.5255405724
0.4615668908
0.5064959644
0.4390705456
0.4400456158
0.5663408833
0.5868633816
0.595612369
0.5640978867
0.5947637058
0.5670141022
0.5664845696
0.5047670105
0.4785583323
0.5234291135
0.4590506512
0.5255386715
0.4615643602
0.5064839267
0.4390702425
0.440044617
0.2362933074
0.2896335555
0.1665822554
0.2847156932
0.1680614101
0.2336714278
0.1560486836
-0.02903024514
0.001633171458
0.09976674067
-0.005492037535
0.101418224
0.1547291503
0.2362913745
0.289625599
0.1665841824
0.2847153613
0.168058992
0.2336689699
0.1560464528
-0.0290296543
0.001640800209
0.09977755597
-0.005499899285
0.1014236391
0.1547300834
-0.1421215845
-0.1420965244
-0.4597582704
-0.4597523049
-0.4508132651
-0.457147545
-0.4438555164
-0.458295656
-0.4438163625
-0.4471555237
-0.4447695291
-0.4508116978
-0.4571289042
-0.4438178963
-0.45828999
-0.4438095967
-0.4807970641
-0.4421229529
-0.4841888969
-0.4451546419
-0.4782398995
-0.4737439092
-0.2989206848
-0.2275331452
-0.2441356045
-0.2234827449
-0.2366830197
-0.2256821856
-0.3001544423
-0.4808040918
-0.4421494888
-0.4841925942
-0.4451623131
-0.4782452343
-0.4737626434
-0.5762685668
-0.5635740615
-0.6334446425
-0.5864954328
-0.6395604698
-0.5884740713
-0.5813159513
-0.6419132554
-0.6375050897
-0.6564760576
-0.6216615523
-0.6548457281
-0.62530278
-0.6407100038
-0.6585173755
-0.6621698941
-0.5762587431
-0.5635504229
-0.6334064692
-0.5864460951
-0.6395473559
-0.5884645724
-0.5812862326
-0.6419040829
-0.6375007021
-0.656452675
-0.6216324084
-0.654839003
-0.6252959886
-0.6406843213
-0.5490823943
-0.5456903665
-0.6402329048
-0.6483476293
-0.6796963199
-0.6176437102
-0.6812894762
-0.6188760782
-0.6409182351
-0.6118362993
-0.5483019166
-0.5486639038
-0.5841231952
-0.5475718414
-0.58535617
-0.6095127303
-0.5490810848
-0.5456864126
-0.6402303143
-0.6483420764
-0.6796772972
-0.6176284292
-0.6812835178
-0.6188753249
-0.640908373
-0.6118305773
-0.5483068845
-0.5486470147
-0.5841084088
-0.5475667827
-0.5853546614
-0.6094969114
-0.494180767
-0.4664762885
-0.4846834197
-0.4707047397
-0.4846115333
-0.4708502023
-0.4926089258
-0.5033659113
-0.4991097894
-0.537328671
-0.497395966
-0.5385093425
-0.5034032993
-0.4941667583
-0.4664647148
-0.4846178241
-0.4706835863
-0.4845953524
-0.4708412851
-0.4925674443
0.4369897777
0.340173824
0.397468517
0.3627430287
0.4369636978
0.3402075569
0.3973961908
0.4902199075
0.4984990201
0.4592010069
0.4720749375
0.5007746618
0.4635818393
0.4879032141
0.3733594696
0.2917741488
0.274421671
0.3263660008
0.3734335103
0.2917479737
0.2743883775
0.4159483358
0.283098071
0.2582502849
0.390369909
0.4159433404
0.2830619731
0.2582738174
0.3100853773
0.4070842028
0.3712544759
0.3422759319
0.3728244061
0.3432858897
0.307779604
0.2124704742
0.1685405268
0.1066825919
0.250061404
0.2124098052
0.1686020974
0.1066930017
0.1777309561
0.1183074512
0.1192304973
0.07994920771
0.1325613757
0.1351960231
0.07841553205
-0.4579916425
-0.4433273042
-0.4544953605
-0.4434605483
-0.4545922059
-0.4434756934
-0.4436187439
0.08328415532
0.1001655593
0.01985110476
0.1447974789
0.08326723619
0.100170322
0.01984195507
-0.09905323971
-6.325717467e-05
-0.09533213998
0.05198150271
-0.09910092997
-8.058199153e-05
-0.09539142899
-0.3957267552
-0.137494155
-0.2651803512
-0.1687714422
-0.3955577678
-0.1375552059
-0.2650233806
-0.4723040928
-0.5173192926
-0.5170109672
-0.4454149095
-0.4012956106
-0.4010331455
-0.4458237555
-0.5875105644
-0.5761541581
-0.5766144136
-0.5237693989
-0.5225219661
-0.5227481122
-0.5236088954
-0.4668112387
-0.4216220346
-0.4085188464
-0.5177706592
-0.4669067661
-0.4216400021
-0.4084903918
-0.4029362811
-0.4569513849
-0.4030443479
-0.2376549242
-0.1178236875
-0.213930606
-0.1392830538
-0.2376259056
-0.1178453109
-0.2139052227
-0.3488168499
-0.2204878876
-0.2566750472
-0.2725055093
-0.3488154696
-0.220518928
-0.2566692787
-0.3860411565
-0.2686916768
-0.2970525713
-0.3650122947
-0.3860953835
-0.2687025297
-0.2971051329
-0.3823718451
-0.2994762869
-0.3150089845
-0.3866559114
-0.3823036577
-0.29945187
-0.3150236679
0.2347056628
0.2270795636
0.2809002123
0.1720902897
0.2820160828
0.1726414213
0.2341424862
0.3100824025
0.4070765763
0.3712766423
0.3422521565
0.3728275506
0.3432830913
0.3077734101
0.2347046185
0.2270683912
0.2809246054
0.1720686375
0.2820223485
0.1726384862
0.2341413177
-0.2922831224
-0.1815169245
-0.1994284751
-0.2668808749
-0.1995529931
-0.266172309
-0.2933822305
-0.4264582663
-0.4543299648
-0.4899327823
-0.3683020313
-0.4887057055
-0.3688286856
-0.4239867831
-0.2922966749
-0.1815449709
-0.1994348785
-0.266998675
-0.1995598913
-0.2662075768
-0.293420202
-0.4264719563
-0.4543132147
-0.4899578744
-0.3683633316
-0.4887076213
-0.3688497483
-0.424025822
-0.5165250365
-0.5328867096
-0.5477613317
-0.5099979395
-0.5508721384
-0.5100235211
-0.5163416996
-0.4910298989
-0.4720794484
-0.4712129995
-0.4882000785
-0.471121931
-0.4882517185
-0.4909355874
-0.5164946914
-0.5328561948
-0.5477578629
-0.5097002468
-0.5508612269
-0.5099416038
-0.5162588916
-0.4910100318
-0.4720494395
-0.4710960924
-0.4881365932
-0.4711059953
-0.4882294591
-0.4908646955
0.5601415637
0.5427892076
0.5439804092
0.5178764045
0.5295548552
0.5309466501
0.5164793948
0.4697977927
0.4424941815
0.4392606695
0.4241095319
0.4470138606
0.4418365283
0.4674446742
0.4699409443
0.5110068152
0.5118304918
0.4924189361
0.4566575661
0.458232942
0.4910748108
0.4902165323
0.4720715919
0.498491171
0.459188799
0.5007724384
0.4635779911
0.487893056
0.5601353771
0.542759548
0.5439755881
0.5178714806
0.5295421148
0.5309422379
0.5164583893
0.4697973127
0.4241063776
0.4425180976
0.4392298251
0.4470154619
0.4418359681
0.4674426458
0.4699429357
0.5109886538
0.5118263867
0.4924187892
0.4566570855
0.4582335681
0.4910813772
-0.06485417367
0.03918201728
-0.09215700904
0.03970402811
-0.09126039658
0.004317813353
0.003520322656
0.05288709417
0.09970035673
0.02850232212
0.07936570419
0.1038236866
0.03165887736
0.05048677234
-0.09787564467
-0.09752471818
-0.09650723289
-0.01412198103
-0.02965495516
-0.02809214882
-0.01545541373
0.1777163917
0.1183563028
0.119241249
0.07994721068
0.1325930378
0.1352044623
0.07842439561
-0.06488863949
0.03921025905
-0.09221660996
0.03970401532
-0.09129101812
0.004304099123
0.003500840353
0.05287662181
0.07935571703
0.09970056776
0.02847739928
0.1038204738
0.03164964366
0.05046384448
-0.09788431657
-0.09758209574
-0.09651994914
-0.01413592449
-0.02968387222
-0.02810059888
-0.01549067379
-0.4586365748
-0.4551503668
-0.4553585357
-0.445480995
-0.4474635713
-0.4475129474
-0.4454673452
-0.4579800265
-0.4434009622
-0.4545413961
-0.4434607431
-0.454595065
-0.4434658235
-0.443587092
-0.4586207175
-0.4552916311
-0.4553775602
-0.4454788968
-0.4475503603
-0.4475299864
-0.4454922435
-0.5740537276
-0.5513499373
-0.5514201783
-0.480099823
-0.5065921886
-0.5064953594
-0.4803994023
-0.3873531442
-0.3479854996
-0.3403472589
-0.3039770656
-0.3472860293
-0.3388979608
-0.3879159288
-0.4198179576
-0.4453590115
-0.3693988671
-0.3918616194
-0.4450755598
-0.3683721038
-0.4202587699
-0.4722580046
-0.5172874017
-0.5170045532
-0.4454440014
-0.4008612467
-0.4009369099
-0.4458926619
-0.5740538889
-0.5513443091
-0.5514224482
-0.4801131615
-0.506588113
-0.5064954954
-0.4804267093
-0.387422882
-0.3039839447
-0.3476393487
-0.3404844124
-0.3472460081
-0.3389487981
-0.388088027
-0.4198383282
-0.3918658202
-0.4453471423
-0.3694372293
-0.4450746256
-0.3683906564
-0.4203038774
-0.5335374562
-0.5557252382
-0.5562110534
-0.5149933443
-0.5028789375
-0.5029630436
-0.5148561484
-0.4691473121
-0.4621283929
-0.4193376913
-0.4089200527
-0.4620308826
-0.4191064301
-0.469189191
-0.4683939052
-0.4639691073
-0.4233409553
-0.4236223886
-0.4639614887
-0.4231800526
-0.4684517123
-0.5875121259
-0.5761714774
-0.5766250156
-0.5238004616
-0.5225466853
-0.5227577762
-0.5236937975
-0.5335507175
-0.5557779536
-0.5562230697
-0.5150451864
-0.5032750044
-0.5029923734
-0.5150669204
-0.4691941859
-0.4089358586
-0.4621651522
-0.4194299509
-0.4620466548
-0.4191410931
-0.4693143324
-0.468478353
-0.423647037
-0.4646238389
-0.423501768
-0.4640468944
-0.4232264276
-0.4687382744
0.3374615375
0.299772183
0.3259354671
0.3078645333
0.3374613485
0.2997681644
0.325926827
0.4075303693
0.3727160559
0.3592015612
0.370995059
0.4118688708
0.3677197654
0.3678874024
0.305171844
0.2614680559
0.2795189215
0.2831274625
0.305164902
0.261366982
0.2794226828
0.3485778719
0.3292322616
0.3088232165
0.3344808953
0.3689711088
0.3180988761
0.3132111799
0.404169486
0.3961220104
0.4075430095
0.3703736119
0.3573351162
0.3660198211
0.3658686126
0.2456215913
0.2133832669
0.2039831064
0.2509896877
0.245683404
0.2133541798
0.2039912107
0.2262595126
0.2484535132
0.2236392473
0.2741703495
0.2587525932
0.2382814133
0.2132693458
0.163739055
0.1447956719
0.1334625586
0.1780282588
0.1637678249
0.1447821822
0.1334658042
0.1502183199
0.1100024462
0.1194752644
0.1575905527
0.1703404525
0.1359045193
0.09439604582
0.01069187103
0.05931013093
0.01482396298
0.002753191233
0.03302487466
0.04360857147
-0.00219169686
-0.1682000263
-0.2411901256
-0.2405066245
-0.2155425405
-0.1558979295
-0.1546319153
-0.2167275423
-0.5184134833
-0.5006424178
-0.5008611095
-0.4919030322
-0.4920434823
-0.4794113351
-0.4795714477
-0.4572320838
-0.446514751
-0.446638661
-0.4387395621
-0.4463917338
-0.4465961213
-0.4385025523
0.03977800928
0.05093649697
0.02590948773
0.07239720037
0.03977496511
0.05092935703
0.02590929524
-0.1132600837
-0.01960706813
-0.0591200966
-0.01102381872
-0.113304806
-0.01960540198
-0.05912337104
-0.1407684755
-0.1653853998
-0.1341659861
-0.1066177674
-0.1561759621
-0.09413442647
-0.1497234336
-0.3022660467
-0.2677316284
-0.298693438
-0.2649743109
-0.2476559329
-0.2359261767
-0.2716687788
-0.3761130558
-0.3642376667
-0.3756555489
-0.3385818168
-0.3278601317
-0.326588388
-0.3393791707
-0.3863230646
-0.3545310511
-0.3858514811
-0.3540604971
-0.3854474267
-0.3534292184
-0.3549813168
-0.3145826299
-0.3778545394
-0.3144926824
-0.1450842487
-0.09438757094
-0.1223216313
-0.1049781846
-0.1450882654
-0.09439464123
-0.1223192488
-0.212766122
-0.1530415748
-0.1801812302
-0.1800385471
-0.212771942
-0.1530442691
-0.1801878713
-0.2556772897
-0.2023244535
-0.2202693456
-0.2381271391
-0.2556965425
-0.2023327108
-0.2202751856
-0.2636349455
-0.2298929339
-0.2426334586
-0.2639659621
-0.2636891696
-0.2298917607
-0.2426409879
0.4300563341
0.4466699928
0.4398618606
0.4224315195
0.4040377134
0.427970694
0.3982603787
0.3990404275
0.3517473732
0.3448635945
0.3483615054
0.360403719
0.3855750132
0.3586048032
0.4163627619
0.40725565
0.426260961
0.4114288673
0.3713869633
0.3956265795
0.387039915
0.4075287846
0.3709952599
0.3727132271
0.3592399704
0.411868306
0.3677219768
0.3678942221
0.4466643032
0.4300550816
0.4398567326
0.4224299332
0.4040329245
0.4279678557
0.3982812416
0.3990344772
0.3483569458
0.3517303674
0.3448815342
0.3603987364
0.3855671321
0.3585919923
0.4072502148
0.4163573236
0.4262595348
0.4114225204
0.3713358415
0.3956159447
0.3870060593
0.3835853197
0.3477303466
0.3518522853
0.3456483045
0.3744997978
0.3583658661
0.3321882683
0.3178589838
0.3080869459
0.2853102622
0.3166486403
0.3420092638
0.2923076089
0.3125199049
0.3485701353
0.3344641387
0.3291796529
0.3088332631
0.3689630926
0.318091045
0.3132008094
0.383594912
0.34772652
0.3518487821
0.3456440434
0.3744984385
0.3583624308
0.3321842904
0.3178499411
0.3166491749
0.3081088111
0.2852747788
0.3420082161
0.2922970363
0.3125096209
0.4167768999
0.3620862579
0.3634647871
0.4141736684
0.416026301
0.3710511374
0.3686899686
0.3325886914
0.3187177712
0.2855895773
0.3074231719
0.338294963
0.2948521382
0.325087742
0.2608288642
0.3089624512
0.3109179202
0.3257000378
0.277388447
0.2818879651
0.3222819127
0.3961321137
0.4042635837
0.4075538906
0.3703672378
0.3573276016
0.3660150321
0.3658535031
0.4167734415
0.3620429556
0.3634550884
0.4142167437
0.4160279102
0.3710437028
0.3686689763
0.3325879809
0.3074218129
0.31873353
0.2855969617
0.3382953271
0.2948554224
0.3250865338
0.2608303388
0.3089584327
0.3109137466
0.3257004057
0.2774124618
0.2818912153
0.3222774418
0.2159320519
0.1705175803
0.175627909
0.2065591058
0.2360674637
0.2421854434
0.1968133225
0.2103782865
0.2003345928
0.1348846731
0.1767387967
0.2024376954
0.1891391912
0.1705414544
0.1348633891
0.1185153363
0.1440739004
0.1804140438
0.1251973986
0.1565244927
0.1564331331
0.2262598714
0.27417701
0.2484780283
0.2236608221
0.2587572367
0.238282214
0.2132728123
0.215922038
0.1705218505
0.1756299496
0.2065575488
0.2360488934
0.2421821048
0.1967938964
0.2103815714
0.1767505857
0.200327608
0.1349282828
0.2024379872
0.1891478337
0.1705481827
0.118512617
0.1348902114
0.1440759607
0.1804147506
0.1252581101
0.1565338257
0.1564459592
0.09618707711
0.1062823203
0.1013385876
0.06259206585
0.1329490066
0.07762759345
0.08621372728
0.07621065307
0.03399476456
0.05116136488
0.07258068843
0.07789990922
0.06351149811
0.0745991643
0.1502131458
0.1575996244
0.1099861144
0.1194809484
0.1703551102
0.1359097752
0.09437615959
0.09618894289
0.1062765221
0.1012816241
0.06271302845
0.1329660216
0.07767349728
0.08620858282
0.0762062872
0.0725744938
0.03402012188
0.05115193869
0.07790614714
0.06350836945
0.07459319748
-0.09801599362
-0.03965255507
-0.03773280406
-0.04399703256
-0.09740738714
-0.09631832108
-0.04576394213
-0.00470849208
0.01279156195
-0.01502599133
0.02903694346
0.03767305973
-0.008739279545
-0.01209126747
-0.04995335653
-0.09594815935
-0.04758911341
-0.08963072586
-0.09419516341
-0.06050812662
-0.04930954355
0.05930143615
0.01066795278
0.0148203194
0.002745818696
0.03305192776
0.04362127722
-0.002215599446
-0.09804324172
-0.03967063121
-0.03774077544
-0.04401386912
-0.09749717018
-0.09635380939
-0.04579943146
-0.004721565146
0.02902496228
0.01278119408
-0.01505241749
0.03766566611
-0.008748502488
-0.01212275614
-0.04997041215
-0.08965067044
-0.09602974658
-0.04763308212
-0.09422475742
-0.0605228732
-0.0493542942
-0.3950266306
-0.3209722309
-0.3208267855
-0.3424684471
-0.3417423852
-0.2802615816
-0.2807212588
-0.1932902044
-0.1452727433
-0.1785628367
-0.1284611048
-0.141653659
-0.1741584738
-0.1958525425
-0.2998694705
-0.2640918686
-0.2989765786
-0.2473626423
-0.2221239856
-0.2207642094
-0.2485093231
-0.1682479488
-0.2413518984
-0.2405487984
-0.2156021764
-0.1560660197
-0.1546910398
-0.2170005406
-0.3949544092
-0.3210440653
-0.3208320783
-0.3418904166
-0.3415526355
-0.2802667853
-0.2812944055
-0.1933271941
-0.1284811623
-0.1453956513
-0.1786669618
-0.1416969
-0.1741710621
-0.1960493362
-0.2640432853
-0.2988481984
-0.298720748
-0.2472601239
-0.2219862842
-0.2207118741
-0.2484922826
-0.4669591758
-0.4823935725
-0.4825801488
-0.466719663
-0.4541873809
-0.4542765871
-0.466570088
-0.4578027047
-0.421560325
-0.4579795104
-0.4505236232
-0.4182798634
-0.4180209951
-0.4506876373
-0.4424873558
-0.4338423759
-0.413633823
-0.4081195606
-0.433847502
-0.4132644735
-0.4424568251
-0.5183522669
-0.5005210555
-0.5008705392
-0.4915511123
-0.4918748692
-0.4792195524
-0.4781365725
-0.4669898775
-0.4823338065
-0.4825933622
-0.4667797572
-0.4543773405
-0.4543390828
-0.4666157621
-0.4215060974
-0.4582980791
-0.4579101057
-0.4503229848
-0.4179597921
-0.4179127241
-0.4497916969
-0.4425401702
-0.4081397474
-0.4340337016
-0.4133827355
-0.4339212644
-0.4132164251
-0.4425299055
-0.4220024506
-0.4270085718
-0.3975996893
-0.4030082761
-0.4271864596
-0.3991705673
-0.4213371666
-0.4572015838
-0.4465609168
-0.4466537435
-0.4387300309
-0.4463207984
-0.4465775002
-0.4384426957
-0.4220011471
-0.4030426588
-0.4270667609
-0.3975996662
-0.427205125
-0.3991723939
-0.4213225398
-0.2350946909
-0.1887035847
-0.1997086961
-0.2178644694
-0.1998964288
-0.2093416881
-0.1769930281
-0.1781419492
-0.2246979298
-0.1682262789
-0.1352691945
-0.1615145695
-0.1555773956
-0.169638761
-0.1407751051
-0.1066236974
-0.1654032994
-0.1341811531
-0.1561680328
-0.09414100517
-0.1497404868
-0.2350784345
-0.1886822926
-0.1995834151
-0.2178196992
-0.1998661506
-0.2093263305
-0.1769774178
-0.1781293966
-0.1352674091
-0.2246542495
-0.1682229288
-0.1615146838
-0.1555791167
-0.169620146
-0.3278012459
-0.3475946366
-0.3257503538
-0.2899992404
-0.3125876333
-0.3105506452
-0.2934277808
-0.2331407642
-0.2374370197
-0.2273342126
-0.170680369
-0.195810707
-0.208127391
-0.2490310973
-0.2589457931
-0.2825879715
-0.2409811665
-0.2529160335
-0.2789249102
-0.2329588401
-0.2654924888
-0.2677211608
-0.302305936
-0.2987102683
-0.2649791108
-0.2475952248
-0.2359096387
-0.2716717729
-0.3475978874
-0.3278283051
-0.325759711
-0.2900123896
-0.3125983926
-0.3105551207
-0.2934697477
-0.2331425339
-0.1706912742
-0.2374515795
-0.2273263768
-0.1958180072
-0.208126367
-0.2490319919
-0.2589510011
-0.2529180646
-0.282596223
-0.241005474
-0.278928475
-0.2329637266
-0.2655077077
-0.3825746045
-0.3856617095
-0.3821939674
-0.3463873443
-0.3519864483
-0.3513779061
-0.3470863145
-0.306565173
-0.2964233957
-0.2813979547
-0.2662321735
-0.2940443958
-0.2803547824
-0.308214078
-0.3144912584
-0.3221919711
-0.2880921531
-0.296509508
-0.3208207309
-0.2868315242
-0.315960193
-0.3642505295
-0.3761827297
-0.3756806075
-0.3385988546
-0.327886854
-0.3265981135
-0.3394354047
-0.3856860239
-0.3826442455
-0.3822208798
-0.3464000914
-0.3520325149
-0.3513973781
-0.3471112865
-0.3065781589
-0.2662390845
-0.2964420764
-0.2814484392
-0.2940517667
-0.2803689799
-0.3082502656
-0.3145042852
-0.2965226742
-0.322250971
-0.2881098824
-0.3208365555
-0.2868411393
-0.3159964784
-0.3537002765
-0.3838789124
-0.3583283586
-0.3810404845
-0.3828639399
-0.3579765273
-0.3545466063
-0.322412257
-0.3246201426
-0.3080700736
-0.2978675649
-0.3225585788
-0.3077788348
-0.3239755336
-0.386341993
-0.354534497
-0.385850868
-0.3541034386
-0.3854070467
-0.3534466642
-0.3549928885
-0.3536876901
-0.3810303368
-0.3837060238
-0.3582934085
-0.3827989493
-0.3579678508
-0.3545129151
-0.3224452475
-0.297874023
-0.32460441
-0.308110738
-0.3225664763
-0.3078016642
-0.3240066843
-0.3744900362
-0.3523450429
-0.375997605
-0.3735586292
-0.3512946108
-0.3555690679
-0.3559388797
0.2600884975
0.222611657
0.2904973119
0.2695587835
0.2640172228
0.2444711409
0.2321946511
0.2905094925
0.260148547
0.2226673957
0.2695722396
0.2640248955
0.244483283
0.2322434474
-0.05644858791
-0.1138730534
-0.06121546832
-0.06490524759
-0.04584593825
-0.05607346371
-0.06926102389
-0.06122976034
-0.05648545867
-0.1139030332
-0.06491613003
-0.0458560583
-0.05608239006
-0.06928792256
-0.3760242173
-0.3745392472
-0.3523961169
-0.3735555527
-0.3512914073
-0.3555539735
-0.355952232
-0.1471642975
-0.1471829401
-0.1464858786
-0.1471910288
-0.1472154682
-0.1465187866
-0.4676145801
-0.4694995265
-0.4717047407
-0.4676134816
-0.4694973906
-0.4717030606
0.5984838449
0.6034436989
0.6045887211
0.621129893
0.6274654078
0.6332062283
0.616641363
0.6205326518
0.6213090109
0.602132647
0.609457888
0.6154309793
-0.4484897292
-0.4490411765
-0.4478711898
-0.2888590488
-0.292224219
-0.2934859509
-0.2848282783
-0.2872622
-0.285900499
0.5432125252
0.5476470754
0.5483642989
0.5473241622
0.5538247063
0.5589542406
0.5984782078
0.6034380525
0.6045831851
0.6211072699
0.6274423484
0.6331827047
0.6166341229
0.6205253003
0.6213016611
0.6021154678
0.6094403514
0.615413255
0.5432090073
0.5476436095
0.5483609495
0.5473130703
0.5538135388
0.5589430691
0.4434128196
0.4459378426
0.450101282
-0.4228062759
-0.4244056075
-0.4261436898
-0.4228159058
-0.4244143361
-0.4261522079
0.02999198366
0.03453999135
0.03703648918
0.02702454386
0.03164471205
0.03370482563
0.1584513246
0.1566329411
0.1567708339
0.02999387868
0.03454170133
0.03703887495
0.0270214239
0.03164176806
0.03370188509
-0.146735286
-0.146167159
-0.144316024
-0.1467446111
-0.1461814444
-0.1443302594
-0.46337729
-0.463349937
-0.4616956005
-0.4633716742
-0.4633444313
-0.4616901078
-0.4460172572
-0.4475062664
-0.4500403127
-0.4531355116
-0.4554949014
-0.4580022249
-0.6570210968
-0.6579199313
-0.6625728632
-0.5074528009
-0.5102884211
-0.5129932027
-0.5570636107
-0.5611982497
-0.5650630276
0.4434139118
0.4459385095
0.4501003595
0.3259099857
0.3322303783
0.3364568699
0.1589874151
0.1578736407
0.1591456489
0.3259025212
0.3322245567
0.3364529913
0.1589872692
0.1578739747
0.1591471795
-0.446007856
-0.4474977374
-0.4500314826
-0.4531298115
-0.4554876226
-0.4579944904
-0.5485094996
-0.5554837308
-0.5585675561
-0.5485099302
-0.5554869608
-0.5585731733
-0.6570156242
-0.6579143174
-0.6625684199
-0.5644292198
-0.5686878953
-0.5719594384
-0.5644227565
-0.568680265
-0.5719522479
-0.5570230679
-0.5611585425
-0.5650231662
-0.4432786293
-0.4429783576
-0.4419290459
-0.6555808829
-0.6538214251
-0.6533477352
-0.6317781833
-0.6338328207
-0.6305552831
-0.6365959752
-0.6411004906
-0.6433484233
-0.6458471769
-0.6468900813
-0.6464636344
-0.713011122
-0.7210406047
-0.7279558856
-0.7098548677
-0.7150699937
-0.716314489
-0.6509640338
-0.6545040152
-0.6592938212
-0.5026866627
-0.5034334292
-0.5020344688
-0.5539779576
-0.5559031054
-0.5553105649
0.4410834924
0.4418034405
0.4425580376
0.4410819181
0.4418026933
0.4425586084
-0.4184634786
-0.4182981114
-0.4164975069
-0.4184660518
-0.4183005825
-0.4164998281
0.3219593432
0.3271627414
0.3286756593
0.1584544365
0.1566354931
0.1567724826
0.3219565397
0.3271602341
0.328674366
-0.4367946978
-0.4355408723
-0.4370815365
-0.2888700563
-0.2922367644
-0.293499185
-0.2848323811
-0.287266272
-0.2859047576
-0.4368174958
-0.4355644907
-0.4371068681
-0.4361419022
-0.4331227967
-0.4312297551
-0.4634230615
-0.464973044
-0.4672900132
-0.4981644127
-0.5006750339
-0.5033866798
-0.4602321814
-0.45997417
-0.4584832485
-0.4944165613
-0.4949863192
-0.4935762078
-0.5073986969
-0.5102337194
-0.5129374846
-0.5026669882
-0.5034138312
-0.502014873
-0.4634010186
-0.4649516391
-0.4672690704
-0.4981149589
-0.5006264767
-0.5033367817
-0.4602253484
-0.4599672261
-0.4584763096
-0.4944022732
-0.4949718832
-0.4935614643
-0.4432764799
-0.4429760139
-0.4419262127
-0.4484857352
-0.449036913
-0.4478667107
-0.4361356616
-0.4331159011
-0.4312215504
-0.5438502954
-0.5487923609
-0.5470977257
-0.5438515631
-0.5487942696
-0.5471011559
-0.7004366453
-0.7072485371
-0.7072667685
-0.6690949349
-0.6723497075
-0.6763064402
-0.6636147425
-0.6643539476
-0.6629316396
-0.7028501154
-0.7124521136
-0.7181293833
-0.655576358
-0.6538178684
-0.6533453433
-0.6317660721
-0.6338199836
-0.6305423565
-0.6365627435
-0.6410652613
-0.6433122493
-0.7004271227
-0.707238965
-0.7072573217
-0.6690727662
-0.6723274062
-0.6762838785
-0.6636075073
-0.6643466615
-0.6629244477
-0.7028234444
-0.7124249914
-0.7181019644
-0.55844932
-0.5604889362
-0.5591519272
-0.6338740619
-0.6370157836
-0.6373231752
-0.6371533011
-0.6427914757
-0.6481749897
-0.6458444153
-0.6468874079
-0.6464610939
-0.7129948319
-0.7210243553
-0.7279394185
-0.7098497061
-0.7150648757
-0.7163093526
-0.6509542186
-0.6544941936
-0.6592840278
-0.5584441151
-0.5604837457
-0.5591471309
-0.633870668
-0.6370127464
-0.6373203834
-0.6371428826
-0.6427817081
-0.6481655602
-0.5539639083
-0.5558888288
-0.5552960782
)
;

boundaryField
{
    inlet
    {
        type            zeroGradient;
    }
    outlet
    {
        type            fixedValue;
        value           nonuniform 0();
    }
    topAndBottom
    {
        type            symmetry;
    }
    frontAndBack
    {
        type            empty;
    }
    cylinder
    {
        type            zeroGradient;
    }
    procBoundary2to0
    {
        type            processor;
        value           nonuniform List<scalar> 
75
(
0.09639671207
0.09666919488
0.09733952929
0.0984305793
0.09993836282
0.101894562
0.1043650342
0.1074352727
0.1112111892
0.1158302528
0.121474439
0.1283854163
0.1368868515
0.1474217466
0.1606045574
0.1773218654
0.1987915383
0.2269889713
0.2639668582
0.3078660572
0.3627575331
0.4677803268
0.5843858423
0.5843549807
0.5589547394
0.4677562298
0.5589342387
0.586864996
0.5956267847
0.594761978
0.5868580691
0.5956037812
0.5947552804
0.4369889037
0.3627441517
0.4369635929
0.4984976106
0.4720739353
0.5007733852
0.5601380512
0.529552912
0.5309447144
0.4720708257
0.4984901828
0.5007713243
0.5601319809
0.529540447
0.5309404162
0.3374644874
0.3078697022
0.337466521
0.3727155133
0.3709956074
0.4118693202
0.4466694636
0.4040371529
0.4279708483
0.3709962134
0.3727137051
0.411869186
0.4466640986
0.4040333173
0.4279683949
0.621122371
0.6274578488
0.6331985763
0.6166341362
0.6205254562
0.6213018125
0.6210999136
0.6274349783
0.6331752548
0.616626994
0.6205182087
0.62129457
)
;
    }
    procBoundary2to3
    {
        type            processor;
        value           nonuniform List<scalar> 
103
(
-0.2512837647
-0.2512837647
-0.2512837647
-0.2512837647
-0.2512837647
-0.2512837647
-0.1915705749
-0.149358483
-0.1162960657
-0.09203188375
-0.07320398481
-0.05867678219
-0.0472630796
-0.03821423889
-0.03097652864
-0.02514964068
-0.02044140149
-0.01663315846
-0.01356306082
-0.0111092772
-0.009180301848
-0.007708109093
-0.006643489751
-0.005950907503
-0.005609260999
-0.437128736
-0.4428347625
-0.4375006591
-0.4443576508
-0.417231703
-0.4145255016
-0.4172436794
-0.4145284392
-0.4474808898
-0.4474808898
-0.4464353651
-0.4464353651
-0.4402278902
-0.4399971426
-0.43712369
-0.4428218574
-0.4374877103
-0.4443542399
-0.4474769827
-0.4474769827
-0.4464163799
-0.4464163799
-0.4401402871
-0.4399895492
-0.4385107198
-0.438602387
-0.438771928
-0.4388907994
-0.4417860009
-0.44425304
-0.4444268204
-0.4416918964
-0.4386300232
-0.4386093048
-0.4387680182
-0.4389183525
-0.4417848069
-0.4442547488
-0.4444267656
-0.4417011563
-0.4417077025
-0.4421457447
-0.4331050524
-0.4326393921
-0.3583671539
-0.3583671539
-0.3583671539
-0.3583671539
-0.3165865793
-0.358340288
-0.358340288
-0.358340288
-0.358340288
-0.3165366524
-0.4171440103
-0.391025427
-0.3961062174
-0.4160234949
-0.4418301527
-0.4421717213
-0.4331211975
-0.4326910427
-0.4171488457
-0.39097447
-0.3960888621
-0.4160399773
-0.3939095134
-0.3936423002
-0.3949285753
-0.3939144293
-0.3936473512
-0.3949337727
-0.3909681391
-0.3891159427
-0.3871607811
-0.3909714767
-0.3891193912
-0.3871643604
)
;
    }
}


// ************************************************************************* //
