/*--------------------------------*- C++ -*----------------------------------*\
| =========                 |                                                 |
| \\      /  F ield         | OpenFOAM: The Open Source CFD Toolbox           |
|  \\    /   O peration     | Version:                                        |
|   \\  /    A nd           | Website:  www.openfoam.com                      |
|    \\/     M anipulation  |                                                 |
\*---------------------------------------------------------------------------*/
FoamFile
{
    version     2.0;
    format      ascii;
    class       volScalarField;
    location    "3.9";
    object      p;
}
// * * * * * * * * * * * * * * * * * * * * * * * * * * * * * * * * * * * * * //

dimensions      [0 2 -2 0 0 0 0];


internalField   nonuniform List<scalar> 
2429
(
0.0924537459
0.09273991469
0.09344466238
0.09459135983
0.09617497376
0.09822771546
0.100817204
0.104030937
0.107976791
0.112794518
0.1186694256
0.1258484457
0.1346628338
0.1455642903
0.1591736808
0.1763767941
0.1983776515
0.2271042432
0.2644669614
0.3084181874
0.3630280003
0.4664264459
0.5802649483
0.09207207874
0.09234998865
0.09303317801
0.09414422636
0.09567710082
0.09766112045
0.1001590245
0.1032513639
0.1070361673
0.1116388009
0.1172230908
0.1240032844
0.132259769
0.1423624653
0.1547976531
0.1702165127
0.189426899
0.213603648
0.2435645814
0.2838771094
0.3271258926
0.3902346745
0.4060337567
0.09132086398
0.09158113224
0.09222250324
0.09326461034
0.09469926847
0.09655050295
0.09887201991
0.1017315303
0.1052090319
0.1094038525
0.1144414532
0.1204787631
0.1277089035
0.1363659044
0.1467196861
0.1590711
0.1736453911
0.1905744726
0.2090346266
0.2271297753
0.2525694248
0.2523443246
0.1811359823
-0.1969250467
-0.4074317612
0.09022209115
0.0904576822
0.09103994902
0.09198464789
0.09328086763
0.09494565961
0.09702079562
0.09955727371
0.1026120501
0.1062517803
0.1105547733
0.1156096303
0.1215077899
0.1283332451
0.136116312
0.144813471
0.1540874343
0.1632272328
0.1703266408
0.1720893589
0.17993012
0.1483602613
0.05933850005
-0.1501150376
-0.4281389548
-0.5190115225
-0.4545883053
-0.4051700777
0.08880723328
0.08901323769
0.08952239557
0.09034661061
0.09147266452
0.09290973482
0.09468606237
0.09683424559
0.09938655734
0.1023753306
0.1058302606
0.1097735097
0.1141969945
0.1190566439
0.1241889256
0.1293034605
0.1337601118
0.1364132096
0.135137916
0.1260486318
0.1027985708
0.07556877684
-0.004895724821
-0.1270327317
-0.2521996807
-0.3378091044
-0.3602639045
-0.3611504057
0.08711342463
0.08728831423
0.0877146068
0.08840183961
0.08933567249
0.09051739828
0.09196153578
0.09368267488
0.0956897308
0.09798243915
0.1005448154
0.1033458204
0.1063000759
0.1092734529
0.1119991258
0.1140468046
0.1146831088
0.112685551
0.1062336955
0.09240776688
0.06731434389
0.02532905678
-0.03499305135
-0.09970810759
-0.1730503215
-0.2314229925
-0.2623920078
0.08519011596
0.08532861002
0.085665862
0.08620716951
0.08693691318
0.08784936914
0.08894651427
0.09022685198
0.09167889292
0.09327291579
0.09495847845
0.09667007785
0.09828044657
0.09959808116
0.1003165732
0.09995523386
0.09783977155
0.09294128933
0.08386256363
0.06868908819
0.04517464596
0.01111895294
-0.0338991478
-0.08442171232
-0.1325170926
-0.1713042477
-0.1972946731
0.0830821856
0.08318355149
0.08342981972
0.08382252289
0.08434545136
0.08498716789
0.08573899248
0.08658620936
0.08750048432
0.08842838273
0.08930354626
0.09004129027
0.0904943294
0.09043802216
0.08957783322
0.08747637907
0.0835481422
0.07700187886
0.06682227451
0.05177158977
0.03071464513
0.00278261166
-0.0313888745
-0.06878808978
-0.1051651339
-0.1355071666
-0.1574711872
0.08083923886
0.08090409188
0.08106069245
0.08130747117
0.08162869662
0.082008747
0.08243037354
0.08286880899
0.08328292018
0.0836058714
0.08376829128
0.08367120354
0.08316677636
0.08203783947
0.08000755731
0.07670627261
0.07166174139
0.06428826484
0.05388050151
0.03970043146
0.02122764428
-0.001786254018
-0.02855792447
-0.05715797964
-0.08486087378
-0.1086997162
-0.1268368772
0.07850966104
0.07853963791
0.07861060886
0.07871858471
0.07884928614
0.07898411156
0.07909901626
0.07916291461
0.07912802215
0.0789221956
0.07848114292
0.07770366889
0.07644122103
0.07449917326
0.07163696598
0.06755714002
0.0619005704
0.05423755518
0.04410135495
0.03110832888
0.01500608154
-0.004081158853
-0.02545066783
-0.04775160034
-0.0693360516
-0.08834150872
-0.1033324478
0.07613977573
0.0761373389
0.07612876557
0.0761081609
0.07606303773
0.07597264581
0.07580955767
0.07554072679
0.07511443698
0.0744690996
0.0735366849
0.07221492161
0.0703685739
0.06783283163
0.06441081911
0.05987149869
0.05394447057
0.04633388475
0.0367477836
0.02500712103
0.01101547591
-0.004966185541
-0.02230647609
-0.04011960656
-0.05734062831
-0.07270239944
-0.08513067162
0.07377266141
0.07374083245
0.07366017857
0.0735232925
0.0733197997
0.07302854017
0.07261951241
0.07206340377
0.07131356263
0.0703103842
0.06898135599
0.06723395084
0.06495428404
0.0620074056
0.05823798385
0.05346812703
0.04750194992
0.04013646262
0.03121982303
0.02065567906
0.00849886573
-0.00498469286
-0.01929449558
-0.03381966929
-0.04781879355
-0.06039992779
-0.07077668342
0.07144739455
0.07138940879
0.07124462535
0.07100460226
0.0706619
0.07019592059
0.06958117417
0.06878800299
0.06777166419
0.06647562339
0.06483329539
0.06276567913
0.06017885799
0.05696488657
0.05300212546
0.04815891264
0.042298824
0.03529055809
0.02706856389
0.01759127149
0.006977597635
-0.004505309644
-0.01649957892
-0.02855350609
-0.04012896851
-0.05058680838
-0.05934928503
0.06919843408
0.0691176812
0.06891656339
0.0685869345
0.06812418323
0.06751282758
0.06672923918
0.06574095504
0.06450690091
0.06297808059
0.06109740733
0.05879837592
0.05600472491
0.05263236855
0.04858926205
0.04377831968
0.03810677123
0.03150446975
0.02393737309
0.01543879057
0.006132027274
-0.003755941028
-0.01395588373
-0.02412081195
-0.03385039511
-0.04267627998
-0.05016784074
0.06705556947
0.06695583975
0.06670641009
0.06630035292
0.0657386328
0.06500843416
0.06408511736
0.0629377987
0.06153108199
0.0598237273
0.05776772082
0.05530787119
0.05238435468
0.04893222093
0.04488485975
0.04017453058
0.03474150811
0.02855666088
0.02160085987
0.01394689819
0.005728542168
-0.002885569367
-0.01167988718
-0.02038132328
-0.02868694521
-0.03624667136
-0.04273466784
0.06504565437
0.06492781891
0.06463964005
0.06417202066
0.06352915082
0.06270062951
0.06166344012
0.06039008913
0.05885046274
0.05701015615
0.05482928886
0.05226354834
0.04926663693
0.04579076551
0.04178782698
0.03721490002
0.03203563299
0.02624756313
0.01985356166
0.01293269411
0.005610195154
-0.001981915722
-0.009665519829
-0.01722250321
-0.02441977442
-0.03099091274
-0.03668543626
0.06318722198
0.06305605527
0.06273668748
0.06221941448
0.06151055018
0.06060261934
0.05947537829
0.0581047288
0.05646524144
0.05452852272
0.05226203578
0.04963195053
0.04660364296
0.04314239646
0.03921455113
0.03479412
0.02986688571
0.02443733905
0.01853978622
0.01224450019
0.005657256388
-0.001109376399
-0.007907823634
-0.01456265879
-0.02089095091
-0.02668586969
-0.03175156738
0.06150038416
0.06135908156
0.0610142688
0.06045690748
0.05969555364
0.05872528311
0.05752847238
0.05608423762
0.05437144952
0.05236693251
0.05004512948
0.04738075522
0.04434879686
0.04092522349
0.03708923749
0.03282710528
0.02814019405
0.02303490932
0.01756053436
0.01178969586
0.005804428897
-0.0002970224611
-0.006390353474
-0.012332716
-0.01797776326
-0.02316181873
-0.02772913414
0.05999980675
0.05985068638
0.05948563145
0.0588965357
0.0580942514
0.05707601823
0.05582652112
0.05432791117
0.05256262239
0.05051179894
0.04815679758
0.04547928837
0.04246117938
0.03908715731
0.03534713872
0.03123578455
0.02676506655
0.02194911869
0.01683791343
0.0114999805
0.006003223198
0.0004347217876
-0.005098918452
-0.01047940645
-0.01558745127
-0.02029113035
-0.0244643922
0.05869674306
0.05854183448
0.05816117312
0.05754752464
0.05671389706
0.05565945428
0.05437089097
0.05283291927
0.05103080283
0.04895008747
0.04657784691
0.0439006738
0.04090669156
0.037586825
0.03393820799
0.02996439153
0.02567926316
0.02111070291
0.01630338574
0.01131718571
0.006213596777
0.001069965406
-0.004021559841
-0.008961080037
-0.01364902516
-0.01797682502
-0.02184047307
0.0576000636
0.05744095102
0.05704859346
0.05641645128
0.05555939405
0.05447828443
0.05316154315
0.05159575095
0.04976819481
0.04766937331
0.04529001855
0.04262067759
0.03965455925
0.03638775906
0.03282309058
0.02896974169
0.02484263733
0.02047572871
0.01591425335
0.01120816928
0.006414712347
0.001603679347
-0.003144214077
-0.00774278122
-0.01210664738
-0.0161443435
-0.01976824624
0.05671648167
0.05655442007
0.05615359579
0.05550799295
0.05463400056
0.05353390401
0.05219731071
0.05061167304
0.04876762075
0.04665874827
0.04427810322
0.04161976315
0.03868062929
0.03546079869
0.03196702885
0.02821214941
0.02421469933
0.02000910439
0.01563850751
0.01114768585
0.006590851515
0.002032202372
-0.002456166809
-0.006798148871
-0.01091842058
-0.01473789168
-0.01818103437
0.05605041817
0.05588682266
0.05548024823
0.05482534887
0.05393973432
0.05282673437
0.05147655647
0.04987751603
0.04802350589
0.04590936862
0.04353015895
0.04088260141
0.037966173
0.03478377005
0.03134465381
0.02766396655
0.02376404572
0.0196790869
0.0154482837
0.01111448435
0.00672935626
0.002352786244
-0.001949226031
-0.006107502743
-0.01005341118
-0.01371651591
-0.01703004817
0.05560606001
0.05544133841
0.0550312609
0.05437064533
0.05347781571
0.05235669621
0.05099733785
0.04939048782
0.04753082908
0.04541413136
0.04303701383
0.04039781425
0.03749761511
0.03434108402
0.03093903174
0.02730809565
0.02347280067
0.01946799393
0.01532890938
0.0110977455
0.006824437167
0.002565907856
-0.001615715594
-0.005655490558
-0.009488654758
-0.01305034713
-0.01627989711
0.05538669873
0.05522157113
0.05481015188
0.05414716405
0.05325103772
0.05212521931
0.05076092618
0.04915010484
0.0472874379
0.045169271
0.04279299913
0.04015775225
0.03726542927
0.03412143815
0.03073711822
0.0271318423
0.0233306241
0.01936491177
0.0152702744
0.01108920814
0.006870653089
0.002669920891
-0.001452822373
-0.005434627412
-0.009212152119
-0.01272308594
-0.01591028766
0.474405962
0.5802339828
0.4744252088
0.2296231493
-0.01518621939
0.4060128026
0.2295749857
-0.01514533551
-0.1210673702
-0.1210491761
-0.4106530819
-0.4106532906
-0.4029162118
-0.4029547043
-0.1615288529
-0.4123188045
-0.1969783082
-0.1615750789
-0.4122742881
-0.5056891699
-0.5604820637
-0.5056466113
-0.5604597422
-0.5650435366
-0.4791970848
-0.565020009
-0.4792351192
-0.4150301333
-0.4645830268
-0.4159040499
-0.4149541802
-0.4645294824
-0.4157836449
0.5555066839
0.4189148559
0.4671779921
0.4664017986
0.5554859406
0.418852316
0.4672261343
0.562487231
0.5827040223
0.5912183401
0.5603906369
0.5903560528
0.5632369416
0.5626505529
-0.3997374275
-0.3976708956
-0.05041704111
0.08103445188
-0.08351323255
0.1810989172
-0.05043014354
0.08100349813
-0.08352442896
-0.2689769098
-0.2022253793
-0.216287298
-0.1996299698
-0.2090423486
-0.2018436664
-0.2701496198
-0.5949682583
-0.598448358
-0.4436590937
-0.4410299373
-0.4691957644
-0.4392421439
-0.4700928104
-0.4435530459
-0.4053375645
-0.4074066265
-0.4052617187
-0.51083603
-0.2812051706
-0.3600664018
-0.4280091563
-0.5108299059
-0.2811366196
-0.3600584785
-0.4682638445
-0.375094618
-0.3885918361
-0.5190084114
-0.468385839
-0.3751193658
-0.3887158422
0.5021804099
0.4766460323
0.520538602
0.4576628224
0.5225883246
0.4601338491
0.5038896942
0.4381935226
0.4391153123
0.5624819361
0.5826969992
0.5911953193
0.5603640793
0.5903492824
0.5632322809
0.5626344095
0.5021763891
0.476644475
0.520515217
0.4576513614
0.5225863326
0.4601311859
0.5038775074
0.4381929021
0.4391141439
0.2411296417
0.2923598472
0.1737871901
0.2874913769
0.1750800715
0.2385702805
0.1626329757
-0.01390400162
0.01415337669
0.1087306984
0.006586027486
0.1103013796
0.1614864007
0.241127346
0.2923512252
0.1737876881
0.2874907553
0.1750772283
0.2385668053
0.1626304484
-0.01390298191
0.01415792749
0.1087375236
0.00657799356
0.110306658
0.1614857026
-0.1216887845
-0.1216623979
-0.4096753497
-0.4096694727
-0.4031798247
-0.4076863665
-0.3976127329
-0.4085801487
-0.3976723462
-0.3997369744
-0.3976681769
-0.4031783964
-0.4076712629
-0.3975873605
-0.4085755107
-0.3976664088
-0.436620875
-0.4027990221
-0.4361926147
-0.4057724513
-0.4304954792
-0.4299847849
-0.2689741178
-0.202207636
-0.2162891979
-0.1996640423
-0.2090470114
-0.2018344862
-0.2701452623
-0.4366273244
-0.4028235362
-0.4361959142
-0.4057795819
-0.4305004116
-0.4300020015
-0.5121009199
-0.509135589
-0.568581714
-0.5256013095
-0.5741007529
-0.5274706298
-0.5169152544
-0.5680953678
-0.5619576373
-0.5771696654
-0.5526127796
-0.5755925337
-0.5559410696
-0.5670733124
-0.5949629107
-0.5984437963
-0.5120919317
-0.5091141219
-0.5685469993
-0.5255566931
-0.5740887764
-0.5274622437
-0.5168880068
-0.5680866061
-0.5619525061
-0.5771463879
-0.5525846777
-0.5755856372
-0.5559342761
-0.5670487847
-0.4807932619
-0.4779742756
-0.5571925772
-0.5677198465
-0.5935367704
-0.538843888
-0.5947928392
-0.5398249765
-0.5578896788
-0.5317101418
-0.4789211035
-0.4801450468
-0.5092780573
-0.4793120672
-0.5101970145
-0.5298031085
-0.4807905638
-0.477970305
-0.5571888731
-0.5677133526
-0.5935166823
-0.5388251129
-0.5947863377
-0.5398222927
-0.5578774962
-0.5317040456
-0.4789248965
-0.4801272686
-0.509258322
-0.4793070433
-0.5101930493
-0.5297867389
-0.4353278291
-0.4155644167
-0.4281106015
-0.4176529005
-0.4279169818
-0.4178219595
-0.4341334932
-0.4436434456
-0.4409865515
-0.4691561582
-0.439225482
-0.4700793773
-0.4435105381
-0.435315903
-0.4155516184
-0.4280536957
-0.4176347074
-0.4279029355
-0.4178126683
-0.4340986315
0.4362027716
0.3407239299
0.3973028106
0.3630137454
0.4361767827
0.340757799
0.3972304346
0.4883667491
0.4965019349
0.45798715
0.4706489388
0.4987387028
0.462294963
0.4860908031
0.3735735992
0.2928836521
0.276175986
0.3270593743
0.3736476245
0.2928574686
0.2761423603
0.4153577979
0.2848731318
0.2611638209
0.3903131004
0.4153527331
0.2848367697
0.2611874603
0.3122061143
0.4066665817
0.3716979731
0.3434094191
0.3732073171
0.3443898201
0.3099658157
0.2164199442
0.1720134126
0.1125166455
0.2523854068
0.2163583773
0.1720762202
0.1125287666
0.1829631175
0.1258461905
0.1267298516
0.0883727863
0.1388517815
0.1413920521
0.08690536355
-0.4081368437
-0.3970645877
-0.4051454047
-0.397325326
-0.4052968467
-0.3963835594
-0.3964347553
0.08930002192
0.1036974946
0.02553859075
0.1483759061
0.08928102319
0.1037027127
0.02553034684
-0.08447924885
0.006657488276
-0.08385591079
0.05929002546
-0.0845252615
0.006641940935
-0.08391044784
-0.3599267344
-0.1239935973
-0.2436986477
-0.1502521339
-0.359772292
-0.1240497452
-0.2435563
-0.4287041264
-0.4667428952
-0.4664740493
-0.4044180453
-0.3656581777
-0.3654542028
-0.4047729427
-0.5198019414
-0.5073345988
-0.5077040249
-0.4674090149
-0.468078991
-0.4683142474
-0.4672560216
-0.4126824708
-0.3872380258
-0.3794174805
-0.4543876094
-0.4127495635
-0.3872239435
-0.3793931391
-0.376491187
-0.405031029
-0.3765875817
-0.2195296391
-0.1096831547
-0.2029369913
-0.1270670681
-0.2195053719
-0.109703381
-0.2029127246
-0.3227716762
-0.209349984
-0.2439194838
-0.2521390495
-0.3227690458
-0.2093789161
-0.2439135825
-0.3587657463
-0.2566023136
-0.2859758905
-0.3378313882
-0.3588049136
-0.2566119343
-0.286024283
-0.361871997
-0.2906001344
-0.3094227682
-0.3603956419
-0.3618171162
-0.2905749872
-0.3094341204
0.2387505199
0.2310545324
0.2835153769
0.1780673666
0.2845854301
0.1785751627
0.2382452275
0.3122029444
0.4066589545
0.3717196752
0.3433851162
0.3732102306
0.3443868782
0.3099590336
0.2387492279
0.2310433165
0.2835391775
0.1780436257
0.284591427
0.1785721465
0.2382430383
-0.2636500873
-0.1613281153
-0.1775099508
-0.240836515
-0.1776524916
-0.2401752768
-0.2646873195
-0.3872626112
-0.4118589837
-0.4424911713
-0.3343747256
-0.4413266577
-0.3349109921
-0.3848624645
-0.2636623716
-0.1613541654
-0.1775157305
-0.2409441952
-0.1776586923
-0.2402074028
-0.2647219283
-0.3872750443
-0.4118437607
-0.4425140057
-0.3344314691
-0.4413284603
-0.3349305958
-0.3848979344
-0.4523369468
-0.4650590493
-0.4787163687
-0.4463839917
-0.4811941688
-0.4462971236
-0.452172326
-0.4323477704
-0.4158068975
-0.4169806941
-0.4288230193
-0.416954414
-0.4287695941
-0.4322284497
-0.4523151413
-0.4650371366
-0.4787121742
-0.4462210339
-0.4811851378
-0.4462565476
-0.4521135924
-0.4323315227
-0.4157882202
-0.4168959622
-0.4287725939
-0.4169340975
-0.428756038
-0.4321741041
0.5566716709
0.5396451943
0.5408159183
0.5153766969
0.526841942
0.5282099674
0.5140053039
0.4683027823
0.4415576872
0.4383164627
0.42347624
0.4460002847
0.4408404159
0.4659932898
0.468252315
0.5084833647
0.5092903846
0.4903899367
0.4553128945
0.4568559018
0.4890723921
0.4883633743
0.4706455997
0.4964940627
0.4579749593
0.4987364694
0.4622911182
0.4860806386
0.5566654986
0.5396155518
0.5408110908
0.5153717805
0.5268291477
0.5282055382
0.5139843086
0.4683022885
0.4234730562
0.4415815263
0.4382855067
0.4460018804
0.4408398006
0.465991198
0.4682542123
0.5084651514
0.5092862811
0.490389763
0.4553122487
0.456856445
0.4890788425
-0.04887357587
0.05017028639
-0.0757191548
0.05066650228
-0.07489441494
0.01606885262
0.01531948967
0.06176837387
0.1065963379
0.03767537602
0.08640510206
0.1105768814
0.04072570201
0.05945803307
-0.08250320193
-0.08146346655
-0.08049754761
-0.002219871955
-0.01778831292
-0.01628288532
-0.003496322253
0.182949161
0.1258974664
0.1267410159
0.08837125223
0.1388849987
0.1414007992
0.0869155
-0.04890571094
0.05020145702
-0.07577286366
0.05066742176
-0.07492297073
0.01605609901
0.01530159111
0.06175849798
0.08639496976
0.1065973494
0.03765247954
0.1105737872
0.04071688365
0.05943666629
-0.08251125006
-0.08151432381
-0.08050886655
-0.002232739082
-0.01781391056
-0.01629053303
-0.003528374256
-0.4053279419
-0.4041414113
-0.4043280771
-0.3960072841
-0.3961337918
-0.3960607224
-0.3960181459
-0.4081303982
-0.3971341621
-0.4051913122
-0.3973255479
-0.4052987094
-0.3963750114
-0.3964073853
-0.4053124021
-0.4042754319
-0.4043417702
-0.3960064114
-0.3962064752
-0.3960736502
-0.3960471395
-0.5109167154
-0.4940812713
-0.4941675813
-0.4339753015
-0.4557762306
-0.4557175493
-0.4342241114
-0.3539628948
-0.3184919376
-0.3129294627
-0.2796439371
-0.3178904448
-0.3116152734
-0.3544476709
-0.382650989
-0.4047964558
-0.3392600885
-0.3594654207
-0.4045662194
-0.3383327337
-0.3830270355
-0.4286627945
-0.4667141989
-0.4664685656
-0.404444253
-0.3652633834
-0.365368059
-0.4048352445
-0.5109153421
-0.4940736121
-0.4941685811
-0.4339855452
-0.4557684315
-0.4557159725
-0.4342444468
-0.3540269933
-0.2796523259
-0.3181812615
-0.3130563289
-0.3178559628
-0.3116623148
-0.3546065016
-0.3826678121
-0.3594682751
-0.4047821899
-0.3392921167
-0.404563982
-0.3383485724
-0.3830635678
-0.4683587395
-0.4881246608
-0.4884740462
-0.4583858572
-0.4472787767
-0.4473682939
-0.4582714584
-0.424431101
-0.4189744728
-0.3840349829
-0.3747421141
-0.4189161144
-0.3838414658
-0.4244421907
-0.4231005335
-0.4190833281
-0.3876733367
-0.3883868116
-0.4191009069
-0.3875345312
-0.4231398147
-0.5198014119
-0.507342735
-0.5077107541
-0.4674337703
-0.4680963176
-0.4683209527
-0.4673239489
-0.4683635553
-0.4881596695
-0.4884795009
-0.4584246604
-0.4476171062
-0.4473859709
-0.4584438094
-0.4244722434
-0.3747556269
-0.4190048974
-0.3841158019
-0.4189291836
-0.3838716633
-0.4245523823
-0.4231738049
-0.3884023178
-0.4196708138
-0.3878129199
-0.4191732611
-0.3875735756
-0.423394175
0.337950463
0.3003981719
0.326545542
0.3084203356
0.3379503783
0.3003942253
0.3265369543
0.4072666687
0.3728659506
0.3595124938
0.3711887452
0.4115483702
0.3679509185
0.3681005241
0.3059650493
0.2623443157
0.280510393
0.2838657449
0.3059582449
0.2622428138
0.2804139146
0.3490670002
0.3299569455
0.3096872167
0.335104422
0.3691929853
0.318950141
0.3141255156
0.4038573222
0.3959522134
0.4071606015
0.3706692149
0.3578468079
0.3663481123
0.3662688714
0.2477722429
0.215180988
0.2064081858
0.2525454116
0.2478342247
0.2151516503
0.2064161763
0.2290254954
0.2510337805
0.2264414056
0.275940485
0.261048965
0.2404744566
0.2164957692
0.1663811654
0.1466357825
0.1360205404
0.1799341959
0.166410488
0.1466221581
0.1360239486
0.1536276195
0.1147300429
0.1229950368
0.1608816312
0.1734804243
0.1394273854
0.09898767628
0.01980227282
0.06643911603
0.02382272105
0.01167955147
0.04019903993
0.05064816402
0.00644207877
-0.1497390221
-0.217932682
-0.2173085475
-0.1950644782
-0.139144072
-0.1379741528
-0.1961597079
-0.4549627105
-0.4401110518
-0.4402773904
-0.4376234264
-0.437780066
-0.4269577106
-0.4270776884
-0.4051681464
-0.3967154839
-0.3965874888
-0.3949995112
-0.4005883891
-0.4006131824
-0.3951466022
0.04415525767
0.05337603785
0.0294701788
0.0755744403
0.0441529365
0.05336882641
0.02946996767
-0.1023480602
-0.01507230894
-0.05282093403
-0.004909554082
-0.1023887554
-0.01507156711
-0.05282435562
-0.1294104323
-0.1514871873
-0.1236289331
-0.09579212389
-0.1429224742
-0.08497031743
-0.137679121
-0.2797647021
-0.2476959167
-0.2764430593
-0.2470236457
-0.2307568912
-0.2197237033
-0.2533243222
-0.348335073
-0.3371275788
-0.3479223874
-0.3169686673
-0.3064658473
-0.3052868381
-0.3177122026
-0.360101552
-0.3366469719
-0.3611167135
-0.33467657
-0.3607489007
-0.3340639571
-0.3371352281
-0.3151643496
-0.3612342431
-0.3150752149
-0.1386077864
-0.09192761551
-0.1190323226
-0.09972875542
-0.1386113803
-0.09193539865
-0.1190300769
-0.2054092505
-0.1502856496
-0.1771309644
-0.1730516177
-0.2054146726
-0.1502877059
-0.1771371769
-0.2505993022
-0.2010845177
-0.2199367173
-0.2314340769
-0.2506172247
-0.2010928496
-0.2199444301
-0.2677446653
-0.2331728463
-0.2478947155
-0.2624274071
-0.2677955946
-0.2331777113
-0.2479129977
0.4293767152
0.4457303812
0.439026988
0.4219032368
0.4037689666
0.4273634179
0.3980751988
0.3988854206
0.3521496724
0.3453876535
0.3488356686
0.360722632
0.3856018053
0.3589411081
0.4158976055
0.406922032
0.4256350864
0.4110545493
0.3715964345
0.3954761995
0.3870185562
0.4072651087
0.3711889686
0.3728631801
0.3595509846
0.4115478162
0.3679531646
0.3681073752
0.4457247295
0.4293755389
0.4390219009
0.4219016682
0.4037642428
0.4273605984
0.3980960909
0.3988794846
0.3488311412
0.3521327018
0.3454057072
0.3607176545
0.3855939837
0.3589283689
0.4069165951
0.4158921389
0.4256336568
0.4110482155
0.3715453917
0.3954656323
0.3869847438
0.3836118769
0.3481893005
0.3523524557
0.3463189695
0.3746324695
0.358761735
0.3330108296
0.3187755125
0.3093450883
0.286752601
0.3176852026
0.3426424211
0.2936138175
0.3136260899
0.349059283
0.3350877196
0.3299042721
0.309697311
0.3691849705
0.3189423608
0.3141151031
0.3836214507
0.3481854618
0.3523489412
0.3463146129
0.374631132
0.3587582831
0.333006784
0.3187664243
0.3176855996
0.3093669479
0.286716795
0.3426413602
0.2936031354
0.3136156934
0.416160132
0.3626672375
0.364005482
0.4136474868
0.415457451
0.3713792752
0.3690782368
0.3335710684
0.3198941967
0.2874865811
0.3086936067
0.339060228
0.2965206398
0.3262514292
0.2636642663
0.3107225033
0.3126184811
0.3269415949
0.2796388475
0.2840163321
0.3236146358
0.3959622724
0.4039513339
0.4071714016
0.3706628165
0.3578392369
0.3663432974
0.3662537593
0.4161566458
0.3626237525
0.3639958171
0.4136905365
0.4154590294
0.3713718382
0.3690572839
0.3335703383
0.3086921994
0.3199099485
0.2874939344
0.3390605745
0.2965238881
0.3262501769
0.2636656262
0.3107184034
0.3126143231
0.3269418908
0.2796629757
0.2840195074
0.323610059
0.2197640428
0.1753373326
0.1802755273
0.210092688
0.2391551517
0.245093066
0.2006539844
0.2132445929
0.203480047
0.1394973032
0.1798332086
0.2052049463
0.1920455902
0.1745215871
0.1403253987
0.1239914906
0.1492370519
0.1842728144
0.1301960665
0.1606411631
0.1609954326
0.2290259913
0.275947167
0.2510584733
0.2264633552
0.261053609
0.2404753394
0.216499604
0.2197541474
0.1753423183
0.1802779599
0.2100913759
0.2391364019
0.2450897381
0.200634769
0.2132480266
0.1798452413
0.2034732876
0.1395430161
0.205205296
0.1920541181
0.1745292686
0.1239887495
0.140354003
0.1492393694
0.1842738898
0.1302609633
0.160650623
0.161009972
0.1018325611
0.110575631
0.1065355398
0.06861459176
0.1372404276
0.08326461459
0.09148259745
0.08096622175
0.03969124233
0.05570985093
0.07769709682
0.0836288081
0.0683011887
0.07957009879
0.1536230364
0.1608909273
0.1147144431
0.1230015766
0.1734949495
0.1394329634
0.09896889973
0.101833708
0.1105704082
0.1064779127
0.06873423804
0.1372560521
0.08331040841
0.09147804002
0.08096281781
0.07769152128
0.03971594077
0.05570113484
0.08363723012
0.06829844956
0.07956436264
-0.08351735589
-0.02815097943
-0.0263199132
-0.0331874142
-0.08385710047
-0.08288448053
-0.03484692738
0.003266903827
0.01964991662
-0.007070250842
0.03497056367
0.04440272016
-0.001260476137
-0.003490822992
-0.03997704795
-0.08347642333
-0.03791271004
-0.07880494372
-0.08193242518
-0.05166704925
-0.039017243
0.06642998618
0.01978357705
0.02381780724
0.01167244008
0.04022217861
0.05066051409
0.006420607794
-0.08354297516
-0.02816717912
-0.02632744538
-0.03320327546
-0.08394095566
-0.0829174526
-0.03488067945
0.003254755415
0.03495891831
0.01963978568
-0.00709611934
0.04439589073
-0.001269194915
-0.003519994034
-0.03999252132
-0.07882287878
-0.08355149764
-0.03795621735
-0.08195958839
-0.05167787767
-0.03905886058
-0.3593140222
-0.2917965041
-0.2917005359
-0.3123959519
-0.3117593089
-0.255264209
-0.2556600804
-0.1753465122
-0.1301946816
-0.1626883124
-0.1154364952
-0.1267932167
-0.1585760284
-0.1777312222
-0.2744401255
-0.2428004411
-0.2736662748
-0.225881289
-0.2035425732
-0.202405589
-0.226900776
-0.1497826972
-0.2180794798
-0.2173465154
-0.1951187192
-0.1392975265
-0.1380281684
-0.1964089352
-0.3592477214
-0.2918645166
-0.2917062129
-0.3118674301
-0.3115862763
-0.2552704302
-0.2561896774
-0.1753801504
-0.1154548336
-0.1303075974
-0.1627835463
-0.1268328678
-0.1585873591
-0.1779124097
-0.2427556483
-0.2734954432
-0.2734292677
-0.2257839726
-0.2034104033
-0.2023556144
-0.2268753256
-0.4127154406
-0.4253572915
-0.4254747952
-0.4164824336
-0.4061556554
-0.4061254747
-0.4163699258
-0.4138568836
-0.3871841046
-0.4140246213
-0.407913813
-0.3852718225
-0.3850490688
-0.4080458624
-0.4016433629
-0.3949558673
-0.3824354466
-0.3788664083
-0.3948280374
-0.3820846132
-0.4016217999
-0.4548964497
-0.4398820026
-0.4402603353
-0.4373163576
-0.4376257338
-0.4268096175
-0.4258507476
-0.4127378143
-0.4252733428
-0.4254800173
-0.41653897
-0.4062911896
-0.4061696675
-0.4163963748
-0.3871212963
-0.4142915761
-0.4139476314
-0.407748743
-0.3849943266
-0.38495432
-0.4072903172
-0.4017013229
-0.378887015
-0.3951163894
-0.3822369796
-0.3948922623
-0.3820553189
-0.4017066326
-0.3876327378
-0.3904922766
-0.3745908164
-0.3758913999
-0.3903280901
-0.3738983502
-0.3878281298
-0.4051399492
-0.3967476713
-0.3965984277
-0.3949916539
-0.4005181217
-0.4005920547
-0.3950946377
-0.3876336696
-0.375921987
-0.3905446434
-0.374605807
-0.3903442877
-0.3738984135
-0.387823892
-0.2173425625
-0.1762216552
-0.1837693706
-0.2024218305
-0.1844532658
-0.1949727642
-0.1631272178
-0.1674396856
-0.2110530663
-0.1593910675
-0.126000234
-0.1505332928
-0.1462717463
-0.1578821833
-0.1294164554
-0.095797668
-0.1515043451
-0.1236433617
-0.142915853
-0.08497644517
-0.1376939911
-0.2173282774
-0.176198332
-0.1836538965
-0.2023786206
-0.1844257939
-0.1949574903
-0.1631103608
-0.1674265625
-0.1259987098
-0.2110102862
-0.1593872187
-0.15053335
-0.1462733009
-0.1578631496
-0.3033565969
-0.3216501329
-0.3014663309
-0.270580815
-0.2918464866
-0.289942076
-0.2737868404
-0.2190974039
-0.2232661597
-0.2153372048
-0.1612747659
-0.1835873973
-0.1969542269
-0.2341005809
-0.243791097
-0.2662660622
-0.2290802023
-0.2403425621
-0.2628149159
-0.2215268016
-0.2499296616
-0.2476876808
-0.2798025726
-0.2764590841
-0.2470283085
-0.2307015197
-0.2197089257
-0.2533276893
-0.3216527058
-0.3033803932
-0.3014746348
-0.2705926433
-0.2918553711
-0.2899457927
-0.2738250113
-0.2190991241
-0.1612851191
-0.2232799085
-0.215329477
-0.1835944563
-0.196953142
-0.2341014754
-0.2437958342
-0.2403442417
-0.2662729113
-0.2291029764
-0.2628179185
-0.2215313271
-0.2499434751
-0.3547694885
-0.3584217562
-0.354422375
-0.3250411654
-0.3313227006
-0.3307481279
-0.3256905063
-0.290068783
-0.2799548934
-0.268848392
-0.2543517223
-0.2777336168
-0.2678367376
-0.2916289645
-0.2986406058
-0.3070335823
-0.276889684
-0.2853956871
-0.3057245466
-0.2757507703
-0.3000151377
-0.3371387632
-0.3483960053
-0.3479440572
-0.3169836946
-0.3064895864
-0.3052954028
-0.3177622635
-0.3584397525
-0.3548266464
-0.3544443607
-0.3250517863
-0.3313617803
-0.330764505
-0.3257102398
-0.290080359
-0.254358043
-0.2799713108
-0.2688952914
-0.277740103
-0.2678498081
-0.291661408
-0.2986520524
-0.2854075641
-0.3070868082
-0.2769050883
-0.3057383851
-0.2757593534
-0.3000473066
-0.3376610055
-0.3610693716
-0.3431112615
-0.3605457967
-0.3601208432
-0.3424916481
-0.3384977128
-0.3116485321
-0.3112370863
-0.2991288164
-0.2890846266
-0.3092894386
-0.2987308387
-0.31309334
-0.3601132466
-0.3366427604
-0.3611124462
-0.3347084556
-0.360710263
-0.3340769124
-0.3371306778
-0.3376496513
-0.3605393646
-0.3609347128
-0.3430854653
-0.3600718146
-0.3424858048
-0.3384691032
-0.3116767176
-0.2890899984
-0.3112173884
-0.2991672464
-0.3092949634
-0.2987517197
-0.3131164495
-0.3644064971
-0.3414537642
-0.3592336925
-0.3635362175
-0.3398923454
-0.3428493509
-0.344000538
0.2618150298
0.2250492031
0.2918965534
0.2711718993
0.265825242
0.2464988958
0.2342109846
0.2919086655
0.2618751434
0.2251053168
0.2711851652
0.2658328773
0.2465109199
0.2342599305
-0.0475259754
-0.1043255654
-0.05222795704
-0.05659013591
-0.03780008306
-0.04830090297
-0.06172029306
-0.05224095006
-0.04755987833
-0.1043527739
-0.05659968935
-0.03780946338
-0.04830924667
-0.06174503102
-0.3592570732
-0.3644566314
-0.3415042139
-0.3635342079
-0.3398888084
-0.3428328394
-0.3440137995
-0.1264069825
-0.1264493627
-0.1258150363
-0.1264289861
-0.1264771581
-0.1258431364
-0.4154991329
-0.416942491
-0.4188230207
-0.4154940889
-0.4169366826
-0.4188174427
0.5940740201
0.5989430034
0.600046553
0.6163124355
0.6225599619
0.6282315864
0.611844187
0.6156655776
0.6164114559
0.5977171724
0.6049350987
0.6108309299
-0.4001208438
-0.4003540978
-0.3991747022
-0.2599178749
-0.2634771877
-0.2647410253
-0.2565997573
-0.2591468936
-0.2580480061
0.5399755809
0.5443202581
0.5449896231
0.5440793099
0.5504793048
0.5555349586
0.5940683549
0.5989373321
0.6000409961
0.616289852
0.6225369452
0.6282081094
0.611836949
0.6156582328
0.6164041208
0.5976999372
0.6049175062
0.6108131516
0.5399719682
0.5443166934
0.5449861781
0.5440680271
0.5504679432
0.5555235932
0.4424357505
0.4449151678
0.449014307
-0.3826920248
-0.3839896649
-0.3855462325
-0.3826991948
-0.3839960318
-0.3855525065
0.04220116493
0.0466286144
0.04902249242
0.03891070101
0.04336781118
0.04522014522
0.1655583566
0.1637267664
0.163783465
0.04220152497
0.04662881869
0.04902321377
0.03890754644
0.04336481672
0.04521714367
-0.1261096133
-0.1256432227
-0.1240159839
-0.1261171307
-0.1256556126
-0.1240283051
-0.4117228794
-0.4114675952
-0.4099038357
-0.4117174779
-0.4114623173
-0.4098985997
-0.3988879534
-0.400070942
-0.40219566
-0.4042502436
-0.4061023276
-0.4082118279
-0.5934276559
-0.5943233636
-0.5987656212
-0.4469166482
-0.4490545435
-0.45133894
-0.486260543
-0.489756245
-0.4929882401
0.4424371616
0.444916179
0.4490137665
0.3281360719
0.3343356796
0.3384663226
0.1663056114
0.165211523
0.1664645047
0.3281280015
0.3343292418
0.3384617946
0.1663041214
0.1652104764
0.1664645903
-0.3988786764
-0.4000624387
-0.4021869494
-0.4042459634
-0.4060966744
-0.4082058205
-0.4980562861
-0.5049462578
-0.5079753386
-0.4980568099
-0.5049491618
-0.5079803998
-0.593422311
-0.5943178895
-0.598761141
-0.4933934005
-0.4969802864
-0.4998481404
-0.4933856864
-0.4969714022
-0.4998395909
-0.4862235336
-0.4897198103
-0.4929516298
-0.3962879959
-0.3958801597
-0.3947626273
-0.5921905916
-0.5906752741
-0.5905012757
-0.5648053979
-0.5673816844
-0.5647245604
-0.5694441716
-0.574147716
-0.5764499027
-0.563695559
-0.5649309219
-0.5647217712
-0.6234807656
-0.6307753056
-0.6370074104
-0.6205936786
-0.6254244427
-0.6266980211
-0.5682597968
-0.5716796604
-0.5760238325
-0.4425265177
-0.4428500916
-0.4415221315
-0.4834533045
-0.4850113596
-0.4843391503
0.4400678592
0.4407454862
0.4414426997
0.4400661316
0.4407445684
0.4414430686
-0.378770534
-0.3784896659
-0.3768392291
-0.3787722157
-0.3784912796
-0.376840754
0.3241493281
0.3292171164
0.3306203701
0.1655618419
0.1637296937
0.1637855163
0.3241463447
0.3292144347
0.330618876
-0.3972675838
-0.3961589773
-0.397731637
-0.2599243494
-0.2634856414
-0.2647500631
-0.2566028211
-0.2591498627
-0.258051155
-0.3972884756
-0.3961803616
-0.3977548764
-0.3967668308
-0.394004641
-0.3924950446
-0.4120901613
-0.4132935638
-0.4152673077
-0.4381438435
-0.4400905517
-0.4423500516
-0.4091629736
-0.4087650471
-0.4073298924
-0.4347332582
-0.4349790138
-0.4335981352
-0.4468730236
-0.449010179
-0.4512938443
-0.4425102098
-0.4428338617
-0.4415059534
-0.4120717824
-0.4132759121
-0.4152502306
-0.4380996019
-0.4400469567
-0.4423053078
-0.409157322
-0.4087593414
-0.4073242672
-0.4347205106
-0.4349661387
-0.4335850431
-0.3962857634
-0.3958777869
-0.3947598432
-0.40011753
-0.4003505454
-0.3991709751
-0.3967610996
-0.3939983613
-0.3924875591
-0.4936280076
-0.4986889466
-0.4973916462
-0.4936292223
-0.4986905871
-0.49739488
-0.6220908042
-0.628662955
-0.6290114672
-0.5898782657
-0.5932309493
-0.5970520533
-0.5849439674
-0.5860693109
-0.5851665653
-0.6242723023
-0.6333222534
-0.6386865621
-0.5921864353
-0.5906719964
-0.5904990548
-0.5647939096
-0.5673696379
-0.5647124232
-0.5694128798
-0.5741148352
-0.576416159
-0.6220818558
-0.6286539848
-0.6290026296
-0.5898561433
-0.5932087088
-0.5970295677
-0.5849366414
-0.586061945
-0.5851592847
-0.6242471299
-0.6332967099
-0.6386607685
-0.4881887779
-0.4898251649
-0.4886810427
-0.5517206932
-0.5545519021
-0.5548269539
-0.5547014031
-0.5597160545
-0.5644130607
-0.5636915894
-0.5649269943
-0.5647179687
-0.6234629195
-0.63075745
-0.6369893252
-0.6205877273
-0.6254185197
-0.6266921193
-0.568247368
-0.5716671505
-0.5760113211
-0.4881835803
-0.4898199546
-0.4886761831
-0.5517161671
-0.5545476166
-0.5548228825
-0.5546884967
-0.5597035445
-0.5644008016
-0.4834405444
-0.4849983811
-0.4843260343
)
;

boundaryField
{
    inlet
    {
        type            zeroGradient;
    }
    outlet
    {
        type            fixedValue;
        value           nonuniform 0();
    }
    topAndBottom
    {
        type            symmetry;
    }
    frontAndBack
    {
        type            empty;
    }
    cylinder
    {
        type            zeroGradient;
    }
    procBoundary2to0
    {
        type            processor;
        value           nonuniform List<scalar> 
75
(
0.09245316187
0.09273968998
0.09344438488
0.09459104236
0.09617470028
0.09822752636
0.1008171365
0.1040310427
0.1079771423
0.11279522
0.118670635
0.1258503888
0.1346657853
0.1455684087
0.1591784143
0.1763787734
0.1983665318
0.2270663271
0.2644388749
0.308420909
0.3630277399
0.4664245552
0.5802582612
0.5802274907
0.5555020507
0.4664004902
0.5554816052
0.5826973558
0.5912081119
0.5903459858
0.5826904461
0.5911851861
0.5903393029
0.4362012598
0.3630143527
0.4361760328
0.4964997726
0.4706472248
0.4987366383
0.5566670532
0.5268389343
0.5282070205
0.4706441232
0.4964923219
0.4987345709
0.5566610074
0.526826531
0.5282027462
0.3379526969
0.3084245967
0.33795469
0.3728648208
0.371188812
0.4115482615
0.4457291989
0.4037677841
0.4273629559
0.3711894098
0.3728630614
0.411548138
0.4457238724
0.4037640104
0.4273605238
0.6163031814
0.6225506279
0.6282221235
0.6118352473
0.6156566353
0.6164024906
0.6162807978
0.6225278355
0.6281988837
0.6118281204
0.6156494078
0.6163952753
)
;
    }
    procBoundary2to3
    {
        type            processor;
        value           nonuniform List<scalar> 
103
(
-0.2655988896
-0.2655988896
-0.2655988896
-0.2655988896
-0.2655988896
-0.2655988896
-0.2117018255
-0.1710952736
-0.1388006301
-0.1137470876
-0.09410462963
-0.07851655575
-0.06606953875
-0.05605122118
-0.04793560613
-0.04133294547
-0.03595214422
-0.03157009752
-0.02801740143
-0.02516485409
-0.02291411283
-0.0211914329
-0.01994290118
-0.01912957245
-0.01872802232
-0.392367886
-0.3965163116
-0.3925691852
-0.397631291
-0.3784000762
-0.376104143
-0.3784094243
-0.3761061304
-0.4003983287
-0.4003983287
-0.39951902
-0.39951902
-0.3942681503
-0.3940966071
-0.3923634768
-0.39650425
-0.3925578545
-0.3976280449
-0.4003951251
-0.4003951251
-0.3995036808
-0.3995036808
-0.3941793066
-0.3940893292
-0.3925008412
-0.3926740106
-0.3915245735
-0.3915936747
-0.3920316527
-0.3929151212
-0.3928745165
-0.3920443295
-0.3926088706
-0.3926805262
-0.3915214651
-0.3916197828
-0.3920317524
-0.392927247
-0.392876616
-0.392054623
-0.3930497202
-0.3930442815
-0.3909591297
-0.3913457981
-0.3554986573
-0.3554986573
-0.3554986573
-0.3554986573
-0.3231485514
-0.3554731407
-0.3554731407
-0.3554731407
-0.3554731407
-0.3230902768
-0.3854087282
-0.3726008967
-0.3716488794
-0.3862073721
-0.393162155
-0.3930671337
-0.3909735775
-0.391390827
-0.3854132973
-0.3725612807
-0.3716333641
-0.386221454
-0.3636828348
-0.3636184742
-0.3648558946
-0.3636846066
-0.363620339
-0.3648578591
-0.3609125024
-0.3593869381
-0.3576213428
-0.3609145213
-0.3593890596
-0.357623576
)
;
    }
}


// ************************************************************************* //
