/*--------------------------------*- C++ -*----------------------------------*\
| =========                 |                                                 |
| \\      /  F ield         | OpenFOAM: The Open Source CFD Toolbox           |
|  \\    /   O peration     | Version:                                        |
|   \\  /    A nd           | Website:  www.openfoam.com                      |
|    \\/     M anipulation  |                                                 |
\*---------------------------------------------------------------------------*/
FoamFile
{
    version     2.0;
    format      ascii;
    class       volScalarField;
    location    "5.6";
    object      p;
}
// * * * * * * * * * * * * * * * * * * * * * * * * * * * * * * * * * * * * * //

dimensions      [0 2 -2 0 0 0 0];


internalField   nonuniform List<scalar> 
2403
(
-0.3380783842
-0.3703741852
-0.4102902
-0.4170229073
-0.3850719598
-0.3272167854
-0.2498342093
-0.167678371
-0.09256894718
-0.0322458988
0.01130488666
0.03913400111
0.05454234271
0.06113491045
0.06197371377
0.0593627367
0.05489928005
0.04961980533
0.04415837553
0.03887780514
0.03396735255
0.02951174924
0.02553360136
0.02202452574
0.01896073127
0.01631096272
0.01403885786
0.01210348565
0.01046051699
0.009065271766
0.007876514597
0.006859039594
0.005984238961
0.005229217354
0.004575495748
0.004007949309
0.003514193762
0.003083874659
0.002708155691
0.002379576141
0.002091879394
0.00183973266
0.001618563134
0.00142442648
0.001253911485
0.001104059888
0.0009722968829
0.0008563756739
0.0007543341835
0.0006644607385
0.0005852576353
0.0005154208354
0.0004538084083
0.0003994174066
0.0003513647588
0.000308870818
0.0002712487499
0.0002378928301
0.0002082677316
0.0001819010666
0.0001583755207
0.000137320869
0.0001184073033
0.0001013398562
8.585321243e-05
7.170867509e-05
5.868530174e-05
4.659429805e-05
3.52035326e-05
2.452154116e-05
1.376089111e-05
5.996594726e-06
-0.3591184591
-0.3895358168
-0.4405749767
-0.4461917734
-0.4107127206
-0.353911745
-0.2729637999
-0.1882429664
-0.1110181908
-0.04870349661
-0.003551108562
0.02586771519
0.04292469197
0.0511646372
0.05356756898
0.05238013868
0.04916958636
0.04496458708
0.04040933326
0.03588023677
0.03158759272
0.02763709139
0.02407063426
0.02089455822
0.01809650216
0.01565464611
0.0135410779
0.01172367645
0.01016679859
0.008833874426
0.007690510092
0.006706694555
0.005857482394
0.005122461211
0.004484790785
0.003930413289
0.003447697915
0.003026683488
0.002658824165
0.002336921415
0.002054922011
0.001807660044
0.001590687759
0.001400162024
0.00123275736
0.001085588873
0.0009561452986
0.0008422347504
0.0007419419371
0.0006535918386
0.0005757236255
0.0005070554912
0.0004464656544
0.0003929692306
0.0003457020174
0.0003038985878
0.0002668856964
0.0002340693123
0.0002049232538
0.000178983734
0.0001558404338
0.0001351286048
0.0001165229845
9.973278374e-05
8.449682517e-05
7.058032673e-05
5.77658241e-05
4.586732623e-05
3.465623477e-05
2.414126864e-05
1.354786695e-05
5.90341712e-06
-0.3630602015
-0.39840542
-0.4475506774
-0.4415737619
-0.4114861404
-0.3570577387
-0.2818728961
-0.2009176564
-0.1272089007
-0.06740026399
-0.02326380192
0.006620973437
0.02516925414
0.03546079841
0.04011357925
0.04112610021
0.03992179482
0.03746470223
0.03438346572
0.03107345904
0.02777511588
0.02462783017
0.02170626877
0.01904518882
0.01665543142
0.0145337315
0.01266828327
0.01103962918
0.009624451817
0.008397520855
0.007334000705
0.006411307074
0.005609844173
0.004912965234
0.004306342929
0.003777724494
0.003316613622
0.002913869276
0.002561435433
0.00225264286
0.001981842101
0.001744179668
0.001535456497
0.001352035729
0.001190764462
0.001048902087
0.0009240586941
0.0008141449394
0.0007173318906
0.0006320181992
0.0005568021737
0.0004904551026
0.0004318992652
0.0003801880049
0.0003344845297
0.0002940559651
0.000258254631
0.00022650962
0.0001983131921
0.0001732184864
0.0001508280147
0.000130788818
0.0001127866866
9.654042094e-05
8.179710016e-05
6.832939864e-05
5.592684837e-05
4.440946407e-05
3.355608047e-05
2.337551822e-05
1.311838273e-05
5.715986314e-06
-0.3620345715
-0.3957332443
-0.4152265231
-0.4095173826
-0.3824419926
-0.3331396644
-0.2673741992
-0.1968122325
-0.1327557423
-0.08019550107
-0.04034467177
-0.01202742254
0.006884927049
0.0186887225
0.02539677185
0.02859868994
0.02947785911
0.0288819083
0.02739997331
0.02543088134
0.02323843272
0.02099320411
0.01880222555
0.01672977508
0.01481179485
0.01306551563
0.0114955752
0.01009766711
0.008861582778
0.007773583038
0.006818500546
0.005981381848
0.005248324162
0.004606797969
0.004045597148
0.003554622388
0.003125067689
0.002748801563
0.002418777108
0.002129073202
0.001874598545
0.001650940273
0.001454261899
0.001281228131
0.001128936423
0.0009948541876
0.0008767654078
0.0007727271066
0.0006810340674
0.0006001895088
0.0005288798713
0.0004659522013
0.0004103926738
0.0003613089228
0.0003179161586
0.0002795229314
0.000245516786
0.0002153550489
0.0001885583344
0.0001647088071
0.0001434287983
0.0001243817039
0.0001072683225
9.182221155e-05
7.780369844e-05
6.49967865e-05
5.320140634e-05
4.224667663e-05
3.192259635e-05
2.223791178e-05
1.248014348e-05
5.437648875e-06
-0.3407147459
-0.3494196826
-0.3548164786
-0.3455504399
-0.3201811617
-0.2800059181
-0.2298858186
-0.1766942447
-0.1272637264
-0.08510374463
-0.05160361405
-0.02634896003
-0.00823897573
0.004155542136
0.01219478006
0.01703093345
0.01958183275
0.02055199523
0.02046565025
0.01970235161
0.01853101246
0.01713892446
0.0156541917
0.01416244242
0.01271919929
0.01135881018
0.0101006696
0.008953459111
0.007918286165
0.00699126083
0.006165586648
0.005433113797
0.004785299593
0.004213702688
0.003710190548
0.003267150509
0.002877740161
0.002535353033
0.002234091934
0.001968923733
0.001735458602
0.001529847509
0.001348715474
0.001189108977
0.001048441918
0.0009244448352
0.0008151220507
0.0007187164769
0.0006336804304
0.0005586508651
0.0004924277723
0.0004339547263
0.000382301229
0.000336647697
0.0002962713526
0.0002605332585
0.0002288681453
0.0002007759124
0.0001758172355
0.0001535937008
0.0001337601012
0.0001160068957
0.0001000543894
8.565279085e-05
7.257964595e-05
6.06348325e-05
4.963225595e-05
3.941292379e-05
2.978140569e-05
2.074621133e-05
1.164293506e-05
5.072663105e-06
-0.2633949364
-0.2742293087
-0.2821477444
-0.2829602091
-0.278370466
-0.2611882982
-0.2324400282
-0.1964256189
-0.1576752965
-0.1202233128
-0.08684965712
-0.05892921053
-0.03670110846
-0.01980819299
-0.007444231215
0.001254510664
0.007106501807
0.01081704847
0.01295680123
0.01397142633
0.01420148273
0.01390261275
0.0132632699
0.01241983821
0.0114692826
0.01047933276
0.009496242271
0.008550450616
0.00766069396
0.006837141744
0.00608393382
0.005401200772
0.004786578425
0.004236241996
0.003745555517
0.00330948252
0.002922879913
0.002580878427
0.002278768758
0.002011759096
0.001775846141
0.001567482472
0.001383480465
0.001221001357
0.001077535181
0.0009508646179
0.0008390283116
0.0007402898661
0.0006531116719
0.0005761323565
0.0005081472524
0.0004480912633
0.0003950235255
0.0003481133466
0.0003066272636
0.000269916906
0.0002374085758
0.0002085942882
0.000183023226
0.0001602959391
0.000140055735
0.0001219850982
0.0001058028236
9.126100706e-05
7.813137056e-05
6.620951817e-05
5.531419018e-05
4.527720056e-05
3.595427746e-05
2.716750361e-05
1.892490945e-05
1.062058452e-05
4.62710214e-06
-0.2161825421
-0.2282604246
-0.2358663489
-0.2386108856
-0.2326810331
-0.2187184272
-0.1971386385
-0.1702318908
-0.1409632774
-0.1120575763
-0.08549245521
-0.06241275082
-0.04328952491
-0.02802735315
-0.01623492866
-0.007431985632
-0.001091498607
0.00332013084
0.006259516322
0.008090047255
0.009098880654
0.009513631065
0.009511810244
0.009228149051
0.008762728263
0.008188978006
0.00756014934
0.006914068103
0.006276703005
0.005665029715
0.005089398078
0.004555439731
0.004065531391
0.003619857052
0.00321714735
0.002855193176
0.002531213905
0.002242244637
0.001985275918
0.00175688056
0.001554094962
0.001374245446
0.00121485735
0.001073678778
0.0009486855878
0.0008380659807
0.0007402001189
0.0006536407661
0.0005770957324
0.0005094123395
0.0004495639211
0.0003966379332
0.0003498249382
0.0003084079354
0.0002717519211
0.0002392939602
0.0002105344096
0.0001850293461
0.0001623841048
0.0001422483878
0.0001243100734
0.0001082891039
9.39368877e-05
8.103105041e-05
6.937752987e-05
5.879479802e-05
4.912048315e-05
4.020665565e-05
3.192681415e-05
2.412342928e-05
1.680374788e-05
9.429832324e-06
4.108225705e-06
-0.1793123494
-0.1906268453
-0.197126428
-0.1983387832
-0.194115856
-0.1837485519
-0.1678880524
-0.1479549357
-0.1258926819
-0.1035878065
-0.08249063174
-0.06356915607
-0.0472901327
-0.03375347231
-0.02285040767
-0.01428143291
-0.007782978155
-0.002991090853
0.0004597296973
0.002866652269
0.004463913348
0.005444237397
0.005966735389
0.006158085474
0.006115882269
0.005914318633
0.005609492113
0.00524328747
0.004846270356
0.004440115809
0.004039711736
0.003654898682
0.003291832778
0.002954015466
0.002643054656
0.002359223388
0.00210187043
0.001869792763
0.001661515015
0.001475015915
0.001308358016
0.001159718734
0.00102735431
0.0009096274837
0.0008050241005
0.0007121604971
0.0006297802846
0.0005567454041
0.0004920268028
0.0004346965311
0.0003839208735
0.0003389537447
0.0002991297691
0.0002638567293
0.0002326076405
0.0002049131392
0.0001803548856
0.0001585601002
0.0001391968347
0.0001219694076
0.0001066139947
9.289427793e-05
8.059666513e-05
6.953215341e-05
5.953457801e-05
5.045566287e-05
4.215411397e-05
3.450327319e-05
2.739637775e-05
2.069905719e-05
1.441759124e-05
8.09034788e-06
3.524563252e-06
-0.149521588
-0.1599243856
-0.1659341581
-0.1676493325
-0.1647345153
-0.1570821607
-0.1452500347
-0.1301834132
-0.1132172294
-0.09571430226
-0.07877131869
-0.06316074944
-0.04933115626
-0.03748012615
-0.02759903462
-0.01952497026
-0.0131211359
-0.008187722791
-0.004452370219
-0.001673258157
0.0003411676143
0.001749849817
0.002688847389
0.003271400639
0.003588232889
0.003710680301
0.003694506492
0.003582886396
0.003408669845
0.003196357957
0.002963884878
0.002724127022
0.002486112898
0.002255971741
0.002037668223
0.001833565167
0.001644847679
0.001471885906
0.00131454183
0.001172130831
0.001043678775
0.000928180188
0.0008246186556
0.0007319696597
0.0006492316728
0.0005754570507
0.0005097625123
0.0004513288027
0.0003993997258
0.0003532821648
0.0003123456157
0.0002760202722
0.0002437936714
0.0002152060985
0.0001898454318
0.0001673422138
0.0001473654748
0.0001296191938
0.0001138388802
9.978801786e-05
8.725450679e-05
7.604808678e-05
6.599832624e-05
5.695136061e-05
4.87643297e-05
4.132720284e-05
3.452711593e-05
2.825931145e-05
2.243674252e-05
1.695033565e-05
1.180551419e-05
6.624142621e-06
2.885656985e-06
-0.1258180387
-0.1352181424
-0.1408019088
-0.1427396121
-0.1408841683
-0.1352970776
-0.1264273511
-0.1149922585
-0.1019073452
-0.08814191265
-0.07452403278
-0.0616694621
-0.04998618752
-0.03969723655
-0.03087071238
-0.02345928777
-0.01733998459
-0.0124320887
-0.008563301912
-0.00556122058
-0.003269287754
-0.001551579057
-0.0002928890599
0.000603569901
0.001218013005
0.001616223207
0.001851544957
0.001966509098
0.001994421046
0.001961009843
0.001885947207
0.0017841007
0.001666540896
0.001541368133
0.001414389435
0.001289657357
0.001169887951
0.001056794131
0.000951367593
0.0008542594735
0.0007652115371
0.0006840414198
0.0006104406541
0.0005439701523
0.000484127436
0.0004303956606
0.0003822624774
0.0003392277696
0.000300811142
0.0002665590842
0.0002360497462
0.0002088949702
0.0001847401482
0.0001632627118
0.0001441699585
0.0001271968871
0.0001121042902
9.86768571e-05
8.672097478e-05
7.606228293e-05
6.654338083e-05
5.802225101e-05
5.037152851e-05
4.347546892e-05
3.723634657e-05
3.1556802e-05
2.636267692e-05
2.157574704e-05
1.712839006e-05
1.293827681e-05
9.010068023e-06
5.055138702e-06
2.201884204e-06
-0.1069090926
-0.1152791194
-0.1204605975
-0.1225313574
-0.1215371902
-0.1176045032
-0.1110015891
-0.1022993604
-0.09215096425
-0.08125647464
-0.070253226
-0.05963897517
-0.04976790927
-0.04086262339
-0.03303247519
-0.02629706471
-0.0205994472
-0.01586197292
-0.01197631872
-0.008852672207
-0.006385268493
-0.004456868357
-0.002964304854
-0.001824501547
-0.0009695738891
-0.0003417384999
0.000108187152
0.0004207381186
0.000628385616
0.0007568520551
0.0008264584546
0.0008531566408
0.0008493174657
0.0008244095487
0.0007855971616
0.0007382370134
0.0006862717231
0.000632549544
0.0005790711959
0.0005273455835
0.0004780626692
0.0004317348234
0.000388665527
0.0003489635448
0.0003126070922
0.0002794946252
0.0002494724514
0.0002223524745
0.000197927308
0.0001759826044
0.0001563057016
0.0001386910519
0.0001229433191
0.0001088790134
9.632728276e-05
8.513025679e-05
7.514304007e-05
6.623327172e-05
5.828017047e-05
5.117340821e-05
4.481224515e-05
3.910521906e-05
3.397036685e-05
2.933482183e-05
2.513340414e-05
2.130080349e-05
1.779316503e-05
1.456023889e-05
1.155675187e-05
8.727550548e-06
6.076337959e-06
3.408653955e-06
1.484238802e-06
-0.09165815179
-0.09907104648
-0.1038607757
-0.1060393241
-0.1057378889
-0.1030447795
-0.09815719043
-0.09151081225
-0.08360506231
-0.07495046768
-0.06603495571
-0.05726162188
-0.04893206114
-0.04125369499
-0.03435083127
-0.02827645198
-0.0230217618
-0.01854098265
-0.01476747031
-0.01162136355
-0.009050930504
-0.006982756287
-0.005325604323
-0.004004549218
-0.002961415195
-0.002146783116
-0.001517122532
-0.001035255735
-0.0006705570869
-0.0003981505348
-0.0001978518673
-5.336111859e-05
4.834396299e-05
0.000117561036
0.0001623762288
0.0001890991812
0.0002026140091
0.0002066676559
0.0002040956467
0.0001971249879
0.0001872563431
0.0001756374842
0.0001631093882
0.0001502810765
0.0001375804254
0.0001252963233
0.0001136147429
0.0001026469763
9.245053586e-05
8.304459936e-05
7.442156136e-05
6.655561226e-05
5.940910595e-05
5.293719024e-05
4.709117598e-05
4.182095023e-05
3.707658639e-05
3.280926539e-05
2.897172737e-05
2.551862001e-05
2.240706849e-05
1.959748644e-05
1.705440969e-05
1.47466088e-05
1.264686284e-05
1.072003157e-05
8.954024561e-06
7.324756951e-06
5.81066652e-06
4.385263193e-06
3.051125627e-06
1.710964176e-06
7.441515297e-07
-0.0792927237
-0.0858653352
-0.0902957591
-0.09255944207
-0.09274183697
-0.09095121612
-0.08739085093
-0.08233119008
-0.07616366953
-0.06927157348
-0.06202871638
-0.0547631919
-0.04773145123
-0.04112035818
-0.03505452411
-0.02960324833
-0.02478755796
-0.02059437694
-0.01698898424
-0.0139148818
-0.01131642837
-0.009163639903
-0.007390032214
-0.005936254172
-0.004751027727
-0.003789316652
-0.003012563405
-0.002388079187
-0.001888289875
-0.001489922778
-0.001173445251
-0.0009227151853
-0.00072457954
-0.0005683802674
-0.0004454940907
-0.0003489705946
-0.0002732429931
-0.0002138812924
-0.0001673765094
-0.0001309435153
-0.0001023992723
-8.002890404e-05
-6.252037187e-05
-4.881846078e-05
-3.808855522e-05
-2.968355821e-05
-2.310093264e-05
-1.794682454e-05
-1.391178477e-05
-1.075340745e-05
-8.282300169e-06
-6.350434777e-06
-4.841857516e-06
-3.665486372e-06
-2.749686711e-06
-2.038199547e-06
-1.487098598e-06
-1.06243237e-06
-7.38266082e-07
-4.948570084e-07
-3.168637448e-07
-1.917035956e-07
-1.083470587e-07
-5.69290453e-08
-2.810010784e-08
-1.722878867e-08
-1.45128069e-08
-1.614403906e-08
-1.890483713e-08
-1.990501692e-08
-1.775405564e-08
-1.111247214e-08
-6.687661969e-09
-0.06920986729
-0.07505969161
-0.07915031413
-0.08144139026
-0.08197358803
-0.0808909523
-0.07834930879
-0.0745169609
-0.06969575114
-0.06419096272
-0.05829135832
-0.05226162804
-0.04631871096
-0.04062813386
-0.03530846406
-0.0304355569
-0.02604727395
-0.02215200442
-0.01873693823
-0.0157731592
-0.01321878099
-0.01103966988
-0.009188877066
-0.007634762909
-0.006341311535
-0.005266204581
-0.004372157967
-0.00362984253
-0.003015482592
-0.002508299769
-0.002089926432
-0.001744718462
-0.001459732062
-0.001224297601
-0.001029574092
-0.0008682428631
-0.0007342832013
-0.0006227742083
-0.0005296821985
-0.0004518041031
-0.0003863905202
-0.000331257104
-0.0002846766347
-0.0002451972326
-0.0002116262972
-0.0001829955855
-0.0001585122005
-0.0001375201617
-0.000119475109
-0.0001039253594
-9.049547155e-05
-7.887195417e-05
-6.879154915e-05
-6.00320994e-05
-5.240555092e-05
-4.575249887e-05
-3.993773112e-05
-3.484640099e-05
-3.038060872e-05
-2.645628998e-05
-2.300048015e-05
-1.994912399e-05
-1.724565412e-05
-1.48398396e-05
-1.268777494e-05
-1.07390369e-05
-8.970275e-06
-7.347067829e-06
-5.840578703e-06
-4.418918105e-06
-3.082201682e-06
-1.730583641e-06
-7.564904135e-07
-0.06094662591
-0.06618431764
-0.06996757819
-0.07225683826
-0.0730701229
-0.07251455188
-0.07072788589
-0.06784771232
-0.06408530395
-0.05968074722
-0.05486300982
-0.04984651887
-0.04481420756
-0.03991140816
-0.03524788452
-0.03090041331
-0.02691569228
-0.02331536516
-0.02010199881
-0.01726404897
-0.0147770792
-0.01261329925
-0.01073920596
-0.009121379947
-0.00774368771
-0.006579523989
-0.00559298418
-0.004755577103
-0.004046088522
-0.003446325506
-0.002939671351
-0.002511475552
-0.002149295778
-0.001842663448
-0.001582740261
-0.001362063297
-0.001174358881
-0.001014380263
-0.0008777362679
-0.0007608931655
-0.0006605718988
-0.0005743256034
-0.0005000311833
-0.0004358875972
-0.0003803930872
-0.0003322948813
-0.0002905378364
-0.0002542274479
-0.0002226044212
-0.0001950241436
-0.0001709381325
-0.0001498777213
-0.0001314406362
-0.000115280455
-0.0001010984004
-8.863661078e-05
-7.76723315e-05
-6.801268093e-05
-5.948995687e-05
-5.195754479e-05
-4.528648052e-05
-3.936275835e-05
-3.408553152e-05
-2.93653595e-05
-2.512178452e-05
-2.127614482e-05
-1.777324878e-05
-1.455299012e-05
-1.156297164e-05
-8.742914929e-06
-6.094309979e-06
-3.42056342e-06
-1.493511623e-06
-0.05415369602
-0.05888030955
-0.06239414887
-0.06465651143
-0.06567634402
-0.06552152415
-0.06431483151
-0.06217537984
-0.05924439979
-0.05571372823
-0.05176752607
-0.04757971592
-0.04330513965
-0.03907104917
-0.03497731729
-0.03109831957
-0.02748464817
-0.02416597422
-0.02115499959
-0.01845144438
-0.01604419697
-0.0139162619
-0.01204620483
-0.01040625746
-0.008973572063
-0.007739757515
-0.006677298265
-0.005762638371
-0.004975796578
-0.00429907123
-0.003717182998
-0.003217002258
-0.002787058554
-0.002417297881
-0.002099012725
-0.001824745434
-0.001588132003
-0.00138374491
-0.001206950642
-0.0010539177
-0.000921162627
-0.0008058318054
-0.0007055073269
-0.0006181233212
-0.0005419125231
-0.0004753690252
-0.0004172042811
-0.0003663111367
-0.0003217371141
-0.0002826623772
-0.0002483798218
-0.000218277483
-0.0001918239912
-0.0001685570855
-0.0001480743503
-0.0001300253483
-0.0001141045357
-0.0001000448422
-8.761195666e-05
-7.659954325e-05
-6.682531516e-05
-5.812784849e-05
-5.036421724e-05
-4.340676051e-05
-3.714183982e-05
-3.146361216e-05
-2.628577691e-05
-2.152177824e-05
-1.709716196e-05
-1.292463338e-05
-9.007146638e-06
-5.054705155e-06
-2.206241199e-06
-0.0485653056
-0.05286860343
-0.05614995739
-0.05837112878
-0.05953291532
-0.05968116718
-0.05893589525
-0.05736950225
-0.05508994209
-0.05225277264
-0.04900803869
-0.04549720947
-0.04185103663
-0.03818077459
-0.03457663274
-0.03110896131
-0.02782925771
-0.02477175796
-0.02195595691
-0.01938952114
-0.01707061305
-0.01499093937
-0.01313766589
-0.01149382533
-0.01003915159
-0.00875997529
-0.007635778842
-0.006655060661
-0.005803700757
-0.005063597796
-0.004418835179
-0.003857188588
-0.003368467812
-0.00294339565
-0.002573555371
-0.002251571732
-0.001971085245
-0.001726601131
-0.001513347082
-0.001327284017
-0.001164771263
-0.001022664861
-0.0008982895615
-0.0007893630865
-0.0006938950124
-0.0006101605527
-0.0005366676645
-0.0004721228183
-0.0004154026063
-0.000365530447
-0.0003216560106
-0.0002830370676
-0.0002490243685
-0.0002190494186
-0.000192614348
-0.0001692829845
-0.0001486727505
-0.0001304472884
-0.000114309926
-9.999844784e-05
-8.728075546e-05
-7.595132463e-05
-6.582790475e-05
-5.674731422e-05
-4.856162806e-05
-4.114450524e-05
-3.437647964e-05
-2.814506401e-05
-2.235681196e-05
-1.689877712e-05
-1.177521126e-05
-6.607491293e-06
-2.883541185e-06
-0.04397584661
-0.04793136923
-0.0510152186
-0.05319085608
-0.05445327043
-0.05481821311
-0.05443953004
-0.05331510289
-0.05155045873
-0.04926543568
-0.04658399701
-0.04362385473
-0.04049568958
-0.0372968045
-0.03410852671
-0.03099656091
-0.02801158608
-0.02519011703
-0.02255605784
-0.0201227377
-0.01789489588
-0.01587078014
-0.01404397688
-0.01240455707
-0.01093865532
-0.009632868639
-0.008471570066
-0.007440012101
-0.006532914489
-0.005738872607
-0.005041938608
-0.004428931297
-0.003890134139
-0.003417252645
-0.003002476179
-0.002638635202
-0.002319411876
-0.002039299773
-0.001793467428
-0.001577745327
-0.001388396873
-0.001222063902
-0.001075855873
-0.0009473123364
-0.0008342593989
-0.0007347887669
-0.0006472346841
-0.0005701427158
-0.0005022404165
-0.0004424131184
-0.000389683214
-0.0003431920504
-0.0003021845701
-0.0002659965401
-0.000234043634
-0.0002058116943
-0.000180847849
-0.0001587524434
-0.0001391715746
-0.0001217918116
-0.0001063354992
-9.255614427e-05
-8.023473542e-05
-6.917854189e-05
-5.920806188e-05
-5.017027232e-05
-4.191877037e-05
-3.431944708e-05
-2.726005963e-05
-2.060343478e-05
-1.435536925e-05
-8.054754002e-06
-3.514867815e-06
-0.04022770149
-0.04390046262
-0.04682013285
-0.04895412579
-0.05029838556
-0.05087366275
-0.05072724181
-0.04993552388
-0.04857278525
-0.04672371571
-0.04449151491
-0.04197567396
-0.03927029562
-0.0364609174
-0.03362099452
-0.03081152225
-0.0280814346
-0.02546805308
-0.02299797626
-0.02068845255
-0.01854891967
-0.01658255896
-0.01478773562
-0.01315921629
-0.01168846937
-0.01036573786
-0.00917997146
-0.00811752604
-0.007167668086
-0.006326845095
-0.005585376012
-0.004929840147
-0.004349416128
-0.003836074914
-0.003382765472
-0.002982788697
-0.002629959625
-0.002318774573
-0.002044377424
-0.001802525423
-0.001589440742
-0.001401613048
-0.00123597677
-0.001089927337
-0.000961142215
-0.0008475623763
-0.0007473766749
-0.0006589940806
-0.0005810142681
-0.0005122029871
-0.0004514715857
-0.0003978593155
-0.0003505179965
-0.0003086987556
-0.0002717404741
-0.0002390594496
-0.0002101402914
-0.0001845274867
-0.0001618153353
-0.0001416443025
-0.0001236959378
-0.0001076849258
-9.337091253e-05
-8.05114713e-05
-6.891629009e-05
-5.840011589e-05
-4.879539677e-05
-3.994891761e-05
-3.173042248e-05
-2.398073611e-05
-1.670736387e-05
-9.37395758e-06
-4.090395709e-06
-0.03719922053
-0.04064463515
-0.04342934143
-0.04552443793
-0.04692705742
-0.04766506139
-0.04769350599
-0.04715888442
-0.0461057291
-0.04459729534
-0.04271999416
-0.0405589155
-0.0381947055
-0.03570286876
-0.03315005498
-0.03059295605
-0.02807844862
-0.02564380223
-0.02331714727
-0.02111836918
-0.01906024931
-0.01714965587
-0.01538867676
-0.01377566872
-0.01230595141
-0.01097301273
-0.00976899661
-0.00868427616
-0.007707698299
-0.006830874116
-0.006050830865
-0.005359014613
-0.004744348036
-0.004197708453
-0.003712168409
-0.003281618991
-0.00290020476
-0.00256249382
-0.002263615557
-0.00199927427
-0.001765683361
-0.001559232638
-0.001376719308
-0.001215424902
-0.001072908707
-0.0009469906396
-0.0008357406059
-0.0007374538581
-0.0006506223014
-0.0005739100898
-0.000506133744
-0.0004462451388
-0.000393316074
-0.0003465246224
-0.0003051431137
-0.0002685270512
-0.0002361066222
-0.0002073803646
-0.0001818959712
-0.0001592536014
-0.0001390975084
-0.000121117786
-0.0001050210073
-9.056928224e-05
-7.753315809e-05
-6.570479669e-05
-5.489938121e-05
-4.494595674e-05
-3.569834513e-05
-2.697825674e-05
-1.879482093e-05
-1.054477768e-05
-4.601255739e-06
-0.03479679513
-0.03806255406
-0.04073771683
-0.04279477924
-0.04422618892
-0.04504147671
-0.04525125188
-0.04492039588
-0.04410469547
-0.04286086303
-0.04126054626
-0.03937775714
-0.03728342856
-0.03504498327
-0.03272330222
-0.0303713568
-0.0280340229
-0.02574808705
-0.0235424625
-0.02143875836
-0.01945210477
-0.01759207289
-0.01586359207
-0.01426782906
-0.01280293921
-0.01146489447
-0.01024815339
-0.00914577253
-0.008149397083
-0.007249522028
-0.006440242003
-0.005717220083
-0.005073905545
-0.004500340019
-0.0039887756
-0.003533210719
-0.003128160645
-0.002768418752
-0.002449157222
-0.002166034329
-0.001915261635
-0.001693167237
-0.0014964444
-0.001322286917
-0.001168162354
-0.001031796017
-0.0009111631626
-0.0008044668377
-0.0007101105397
-0.0006266745726
-0.0005528967201
-0.0004876563002
-0.0004299584702
-0.0003789199994
-0.0003337573862
-0.0002937744327
-0.0002583541878
-0.0002269671527
-0.0001991078318
-0.0001743483534
-0.0001522997131
-0.0001326227336
-0.0001150139759
-9.919769837e-05
-8.492432685e-05
-7.197068429e-05
-6.013576784e-05
-4.92326347e-05
-3.910200039e-05
-2.954946292e-05
-2.058542854e-05
-1.154911799e-05
-5.039520598e-06
-0.03294985527
-0.03607795742
-0.03866753863
-0.04069229608
-0.04214269896
-0.04302516853
-0.04335615204
-0.04317761099
-0.04254065505
-0.04149614314
-0.04010541457
-0.03843415969
-0.03654638268
-0.03450330605
-0.03236113784
-0.03016976957
-0.0279723132
-0.02580491907
-0.02369683272
-0.02167074965
-0.01974340886
-0.01792631109
-0.01622647544
-0.01464718809
-0.01318869952
-0.01184889686
-0.01062392726
-0.00950863692
-0.008496726127
-0.007581019832
-0.006752450958
-0.00600551909
-0.005338568468
-0.004743014167
-0.004211087432
-0.003736022423
-0.00331229135
-0.002934973359
-0.002599395761
-0.002301215643
-0.002036642329
-0.001801960923
-0.001593784265
-0.001409239926
-0.001245726993
-0.001100899448
-0.0009726596147
-0.0008591380857
-0.0007586679945
-0.0006697634525
-0.0005911004709
-0.0005215006496
-0.0004599157787
-0.0004054135634
-0.0003571657262
-0.0003144304466
-0.0002765377717
-0.0002429978593
-0.0002131978555
-0.0001866988533
-0.0001631049362
-0.0001420480192
-0.0001231985041
-0.0001062625705
-9.097649849e-05
-7.710207866e-05
-6.442404427e-05
-5.27429948e-05
-4.188929666e-05
-3.165522531e-05
-2.205206197e-05
-1.23719148e-05
-5.398604835e-06
-0.03160658997
-0.03463488961
-0.03716163847
-0.03916167128
-0.04062438249
-0.04155274209
-0.04196747664
-0.04189813837
-0.04138897165
-0.04048669054
-0.03924637959
-0.03772769858
-0.03598963815
-0.03408892288
-0.03207827678
-0.03000523397
-0.02791150149
-0.02583263199
-0.02379796979
-0.02183086728
-0.01994912223
-0.01816555392
-0.01648864234
-0.01492318078
-0.01347090861
-0.01213111204
-0.0109011794
-0.009777080275
-0.008753710612
-0.007825035202
-0.006984112441
-0.006225189402
-0.005539457222
-0.004926004521
-0.004378339805
-0.003888750833
-0.00345128024
-0.003060939454
-0.002713158029
-0.002403663183
-0.002128699213
-0.001884531017
-0.001667710441
-0.001475316156
-0.001304699578
-0.001153464291
-0.001019459433
-0.0009007625298
-0.0007956535001
-0.0007025940111
-0.0006202159627
-0.0005472997712
-0.0004827564404
-0.0004256159324
-0.0003750267897
-0.000330214466
-0.0002905196158
-0.0002552464214
-0.0002239504007
-0.000196130995
-0.0001713573936
-0.000149243629
-0.0001294453807
-0.0001116553073
-9.559660628e-05
-8.101903297e-05
-6.76971567e-05
-5.542237578e-05
-4.401695701e-05
-3.326285833e-05
-2.317186389e-05
-1.30002511e-05
-5.672545133e-06
-0.03072931073
-0.03369291166
-0.03617879613
-0.03816258136
-0.03963359394
-0.0405953347
-0.04105922834
-0.041059196
-0.04063142825
-0.03982045752
-0.03867741372
-0.03725774904
-0.03561708464
-0.0338092585
-0.03188473546
-0.02988947206
-0.02786420584
-0.02584404413
-0.02385833567
-0.02193080271
-0.02007988385
-0.01831921963
-0.01665821391
-0.01510262322
-0.0136551422
-0.01231596429
-0.0110833011
-0.009953843629
-0.008923164902
-0.007986034784
-0.007136549965
-0.006367967392
-0.005674419658
-0.005050027725
-0.00449105108
-0.003990911571
-0.003544090881
-0.003145133161
-0.002789286679
-0.002472286226
-0.002190413753
-0.001939934295
-0.001717354698
-0.001519719177
-0.00134435166
-0.001188825603
-0.001050955648
-0.0009287852993
-0.0008205626389
-0.0007247148347
-0.0006398410337
-0.0005646950522
-0.0004981622793
-0.0004392508564
-0.0003870686598
-0.000340842125
-0.000299866833
-0.0002635004095
-0.0002312100535
-0.0002025005544
-0.0001769291434
-0.0001541013288
-0.0001336630879
-0.0001152965054
-9.87157832e-05
-8.366326199e-05
-6.990688277e-05
-5.723164032e-05
-4.545413206e-05
-3.434935879e-05
-2.392909829e-05
-1.342619369e-05
-5.856178686e-06
-0.03029541992
-0.03322663524
-0.0356921834
-0.03766782543
-0.03914249431
-0.04011828129
-0.04060937394
-0.04064421915
-0.04025747258
-0.03949170265
-0.03839666455
-0.03702581695
-0.03543305399
-0.03367084148
-0.03178858975
-0.02983150221
-0.0278398481
-0.02584852129
-0.02388687477
-0.02197881191
-0.02014308464
-0.01839373437
-0.01674061495
-0.01518995167
-0.01374490361
-0.0124061059
-0.01117217413
-0.0100401563
-0.009005924492
-0.008064509479
-0.007210336014
-0.006437351408
-0.005739887765
-0.005112578049
-0.00454854735
-0.004043130615
-0.00359117596
-0.003187544355
-0.002827497464
-0.002506667217
-0.002221289173
-0.001967642989
-0.001742183479
-0.001541928156
-0.001364186755
-0.001206518295
-0.001066719006
-0.0009428098074
-0.0008330225103
-0.0007357805792
-0.000649665282
-0.0005734057647
-0.000505876212
-0.0004460744662
-0.0003931044315
-0.0003461712594
-0.0003045621735
-0.0002676408168
-0.0002348516013
-0.0002056957373
-0.0001797253361
-0.000156539944
-0.0001357802251
-0.0001171235991
-0.0001002804006
-8.498944754e-05
-7.101522453e-05
-5.813941098e-05
-4.617542486e-05
-3.489527187e-05
-2.430832433e-05
-1.364511673e-05
-5.938336e-06
-0.3333039817
-0.3493171839
-0.3332952958
-0.3493455752
-0.3569225096
-0.3621264922
-0.3569105096
-0.3620471836
-0.3602246396
-0.3529997946
-0.3734228072
-0.3380775594
-0.3602179806
-0.3530734327
-0.3734286126
-0.361181251
-0.363819888
-0.3646598547
-0.3612599937
-0.3610134844
-0.3593337653
-0.3609422321
-0.3592799294
-0.3356925327
-0.3333821355
-0.3307755825
-0.3371132782
-0.330543713
-0.337121011
-0.335859412
-0.3506363966
-0.3486926194
-0.3453562692
-0.3494051757
-0.343750515
-0.3473317949
-0.3439781538
-0.3472041857
-0.344745176
-0.3356941432
-0.3333831876
-0.3307717167
-0.3371060864
-0.33054442
-0.3371236571
-0.3358598451
-0.3506444387
-0.348694054
-0.3453580432
-0.3494083352
-0.3437408866
-0.3473273628
-0.3439799605
-0.3472050768
-0.3447453078
-0.3677003112
-0.3669795821
-0.3611768268
-0.3638079501
-0.3646565579
-0.3612484918
-0.36769711
-0.3669638381
-0.3379972737
-0.3413558944
-0.341251613
-0.3467360562
-0.3440305579
-0.3437377028
-0.3470313948
-0.4001341378
-0.3831625346
-0.4058444781
-0.3703632057
-0.4001267553
-0.383106069
-0.4058913409
-0.3791672398
-0.3638472353
-0.3850409377
-0.3591180983
-0.3792799892
-0.3638871346
-0.3850033115
-0.4313944401
-0.3940814823
-0.4196240343
-0.3896134365
-0.4313482615
-0.3940362781
-0.4196325884
-0.3853076733
-0.3601573186
-0.3668739456
-0.3629369523
-0.3853621775
-0.3602083462
-0.3669365861
-0.3599981156
-0.3480229736
-0.3599586144
-0.3481064562
-0.3949654097
-0.3478826915
-0.3629914789
-0.3619943931
-0.3949859755
-0.3479081195
-0.3630033883
-0.3607686724
-0.3571589018
-0.3585924758
-0.3604432714
-0.3593706919
-0.3603733277
-0.3606566141
-0.3631463463
-0.3619958873
-0.3620104464
-0.3628848927
-0.3620957918
-0.3627050717
-0.3629605204
-0.3607609699
-0.3571590889
-0.3586077558
-0.3603800716
-0.3593703635
-0.3603625045
-0.3606346098
-0.3631425797
-0.3619871531
-0.3620126901
-0.3627726631
-0.3620937964
-0.3626961054
-0.3629307493
-0.353693294
-0.3514462264
-0.3628628941
-0.3589973668
-0.3508612319
-0.3617274186
-0.3542476073
-0.3530282406
-0.3470289714
-0.3470351007
-0.352009441
-0.3581243875
-0.3578565241
-0.3522141711
-0.3587296263
-0.3676592892
-0.3650597205
-0.3723957214
-0.3667382889
-0.3644823545
-0.3592051053
-0.3379996684
-0.3413505699
-0.3412556478
-0.3467417673
-0.3440370461
-0.3437412336
-0.3470399273
-0.3537014463
-0.3590011231
-0.3514562963
-0.3628749887
-0.3508663445
-0.3617326655
-0.3542683528
-0.3530317135
-0.3470339312
-0.3470374943
-0.3520161893
-0.3582466745
-0.3578582449
-0.3522604332
-0.3587416445
-0.3723993482
-0.3677147353
-0.3652256753
-0.3667498741
-0.3644875534
-0.3592610441
-0.3608744492
-0.3615932708
-0.3617889119
-0.3605820745
-0.3592148429
-0.3592117783
-0.3605994175
-0.3602370611
-0.3587393058
-0.3599836703
-0.3591185243
-0.3586967521
-0.3599451658
-0.3602246223
-0.3608686276
-0.3616875316
-0.3617939207
-0.3605788017
-0.3592701492
-0.3592146949
-0.3606229922
-0.3602374088
-0.359107606
-0.3587761769
-0.3599956345
-0.3586980901
-0.3599473446
-0.3602347153
-0.3728671877
-0.3675632356
-0.3702765949
-0.3774138585
-0.3822688747
-0.3747058022
-0.3845021405
-0.4251569162
-0.4145212029
-0.4147119984
-0.4102907642
-0.4251547529
-0.4145251728
-0.4147084465
-0.3592247025
-0.3627688758
-0.3627207978
-0.3636704191
-0.3636916072
-0.3674122448
-0.3672773433
-0.3884743114
-0.4026712253
-0.4016260619
-0.393698463
-0.3989036106
-0.3923330433
-0.4048307623
-0.4607669923
-0.4312610697
-0.4272775032
-0.4405776649
-0.4607640885
-0.4313103795
-0.427243698
-0.3627164662
-0.3612021192
-0.3609289029
-0.366071765
-0.368081499
-0.3679375849
-0.3664793632
-0.440146136
-0.3882098164
-0.3963606004
-0.3984768906
-0.4400778815
-0.3881785798
-0.3963067447
-0.3617609337
-0.3614441175
-0.3660997663
-0.3608331351
-0.3657667042
-0.3598178538
-0.3628321772
-0.4295807136
-0.3653340948
-0.3607957792
-0.3957473247
-0.4295087742
-0.3653055829
-0.360764635
-0.3375986256
-0.3127362579
-0.3375753854
-0.3126817826
-0.3556317926
-0.3139714545
-0.3190771022
-0.340772766
-0.3556654923
-0.313992553
-0.3190447379
-0.3827913291
-0.394852559
-0.4016848063
-0.3954606304
-0.3800332444
-0.397256573
-0.3969661212
-0.3777385068
-0.3810747234
-0.3755757129
-0.3834896301
-0.3941038535
-0.3890840643
-0.3893151786
-0.3907436323
-0.4115661396
-0.4041784253
-0.4002560516
-0.4088637216
-0.3937104799
-0.4022327722
-0.3675635465
-0.3728835901
-0.3702782268
-0.3774178362
-0.3822742789
-0.3747063475
-0.3845344665
-0.3827931771
-0.3954608532
-0.3948565922
-0.4017250549
-0.3800337859
-0.3972614859
-0.3969792013
-0.3810789595
-0.3777502653
-0.375581444
-0.383489941
-0.3940564802
-0.3890789918
-0.3892951384
-0.3907416501
-0.4002612081
-0.411558745
-0.4042104967
-0.4088612115
-0.393711934
-0.4022315519
-0.3705836228
-0.3787205658
-0.3703722376
-0.3742926044
-0.3833005115
-0.3827749032
-0.3743937889
-0.3638520224
-0.3642612321
-0.3643023377
-0.3691783066
-0.3687759209
-0.3687053759
-0.369165383
-0.3764011214
-0.3859260236
-0.3759546644
-0.3840489918
-0.3857407193
-0.3755785304
-0.3764691983
-0.3592286951
-0.3626563545
-0.3627146773
-0.3637885714
-0.3636985462
-0.3673925001
-0.3668814702
-0.3787275296
-0.3709612839
-0.3703814811
-0.3742539818
-0.3832219215
-0.3827534026
-0.3741299638
-0.3638540196
-0.3642297637
-0.3643048406
-0.3691928263
-0.368803748
-0.3687065495
-0.3691053896
-0.3764081112
-0.3840445409
-0.3859961108
-0.3759578402
-0.3857482848
-0.3755798588
-0.3764395434
-0.4100299026
-0.4154873727
-0.4216632985
-0.4291700377
-0.4094085222
-0.4185056898
-0.4141437337
-0.4128242955
-0.3976366689
-0.3988654988
-0.3916302141
-0.3965294304
-0.3958399158
-0.4123952052
-0.3884888581
-0.4026600461
-0.4016215382
-0.3936188736
-0.3989014484
-0.3923189839
-0.404798923
-0.4100279726
-0.4291667211
-0.4154447368
-0.4216653472
-0.4094054033
-0.4185114149
-0.4141347736
-0.4128191944
-0.3916266132
-0.3976800676
-0.3988129312
-0.396532908
-0.3958320472
-0.4123771124
-0.3729681388
-0.3753294038
-0.3828144913
-0.3848067449
-0.3751145871
-0.3817852365
-0.3736648802
-0.3603250632
-0.3598205376
-0.3602908208
-0.3652607279
-0.3635783318
-0.3627475784
-0.3655618008
-0.3731448
-0.3867586931
-0.3679122434
-0.3641513725
-0.3876508192
-0.3659479993
-0.3740327592
-0.3627075899
-0.3611854334
-0.3609297111
-0.3660680792
-0.3680426027
-0.3679323221
-0.3664252031
-0.3729709546
-0.3848099272
-0.3753591762
-0.3828450553
-0.3751164856
-0.3817831788
-0.3736719777
-0.3598298547
-0.360411053
-0.3602986942
-0.3652593715
-0.3636136614
-0.3627533833
-0.3655739555
-0.3731459676
-0.3641487247
-0.3867524108
-0.3679321188
-0.38764344
-0.3659503299
-0.3740392323
-0.3595330637
-0.3598280623
-0.3595000892
-0.3583219128
-0.3584714708
-0.3578987828
-0.3587147824
-0.3555461765
-0.3570807904
-0.3464057153
-0.3471319687
-0.3559786545
-0.3454492721
-0.3562536044
-0.3598209202
-0.359636676
-0.3595204884
-0.3583350028
-0.3585222611
-0.3579114443
-0.3587557242
-0.3555510605
-0.347140614
-0.3571337298
-0.3463708698
-0.3559916916
-0.3454348546
-0.3562686665
-0.3609732224
-0.3749399703
-0.3611779841
-0.3955768676
-0.3732185033
-0.3582061162
-0.3630048584
-0.3784632955
-0.3619378379
-0.3413636903
-0.3460426315
-0.359991792
-0.3385422418
-0.3779866652
-0.3617599829
-0.3614537695
-0.3661358925
-0.3608240366
-0.3657797454
-0.3598162802
-0.3628555526
-0.3609840784
-0.3955824716
-0.3749793544
-0.3612186095
-0.3732284483
-0.3582196106
-0.3630332213
-0.3784692934
-0.3460515249
-0.3619617802
-0.3413866304
-0.3599961351
-0.3385517988
-0.3780009898
-0.4158529759
-0.3924760872
-0.3965777512
-0.4153512629
-0.3908182547
-0.3973483124
-0.3998824576
-0.3965793667
-0.4159031765
-0.392535434
-0.4153346452
-0.3908086182
-0.3973253002
-0.399896012
-0.327133437
-0.325067535
-0.3229041428
-0.3262338267
-0.3255223489
-0.3258865924
-0.3232477282
-0.3211734018
-0.3189318643
-0.3301427975
-0.3294373292
-0.3299299906
-0.3383242277
-0.3369822715
-0.3353296772
-0.3409814203
-0.3410066392
-0.3421757031
-0.3271346112
-0.3250687298
-0.3229054021
-0.3262306045
-0.325519073
-0.3258831751
-0.3232480701
-0.3211737274
-0.3189322377
-0.3301425343
-0.3294369482
-0.3299295813
-0.3383257694
-0.3369838788
-0.3353313956
-0.340982226
-0.3410075399
-0.3421767049
)
;

boundaryField
{
    inlet
    {
        type            zeroGradient;
    }
    outlet
    {
        type            fixedValue;
        value           uniform 0;
    }
    topAndBottom
    {
        type            symmetry;
    }
    frontAndBack
    {
        type            empty;
    }
    cylinder
    {
        type            zeroGradient;
    }
    procBoundary3to1
    {
        type            processor;
        value           nonuniform List<scalar> 
125
(
-0.4170385138
-0.3850806139
-0.3272140347
-0.2498217691
-0.1676623685
-0.09255601473
-0.03224022283
0.01130421506
0.03912979377
0.05453752834
0.06113156488
0.06197265907
0.05936411332
0.05490299805
0.04962537152
0.04416497219
0.03888477308
0.03397454688
0.02951766737
0.02553859014
0.02202872016
0.01896415958
0.01631366276
0.01404093712
0.0121050624
0.01046171278
0.009066205111
0.007877271089
0.006859667665
0.005984763964
0.005229654166
0.004575850767
0.004008219415
0.003514267929
0.00308381465
0.002708085714
0.002379526862
0.002091851944
0.001839731589
0.001618588268
0.001424470176
0.001253962261
0.001104107553
0.0009723354785
0.000856403057
0.0007543500119
0.0006644650694
0.0005852515835
0.0005154067017
0.0004537892428
0.0003993956996
0.000351342054
0.0003088478974
0.0002712261603
0.0002378717126
0.0002082500843
0.000181889067
0.0001583705426
0.0001373228236
0.0001184145542
0.0001013497795
8.586309951e-05
7.171651931e-05
5.869018462e-05
4.659635575e-05
3.520361347e-05
2.45207469e-05
1.37601622e-05
5.996357332e-06
-0.3380817162
-0.3703768001
-0.4102988901
-0.3333067969
-0.3332969284
-0.3602279864
-0.3380784476
-0.3602169856
-0.3333856172
-0.330778464
-0.3305471156
-0.333386202
-0.3307740312
-0.3305475867
-0.400139388
-0.3703631855
-0.4001317779
-0.3380016076
-0.3440345308
-0.3437432051
-0.3514494264
-0.3590020017
-0.3508656287
-0.3380031663
-0.3440367323
-0.3437451928
-0.3590041518
-0.3514538716
-0.3508686118
-0.4251691768
-0.4102994698
-0.4251670558
-0.3675668652
-0.3822718391
-0.3747098074
-0.3948559435
-0.3954664782
-0.3800377476
-0.367566156
-0.3822758853
-0.3747098233
-0.3954666143
-0.3948593681
-0.380038046
-0.3262377396
-0.3255264744
-0.3258908817
-0.323252084
-0.3211779487
-0.3189365216
-0.3262335681
-0.3255221508
-0.325886336
-0.3232520454
-0.3211778393
-0.3189364259
)
;
    }
    procBoundary3to2
    {
        type            processor;
        value           nonuniform List<scalar> 
103
(
-0.3032557932
-0.3031726771
-0.2611251766
-0.2428891247
-0.2611732661
-0.2429106565
-0.197816191
-0.1620168536
-0.1341833869
-0.1124481998
-0.09536935916
-0.08171182249
-0.07068428911
-0.06170931983
-0.05435608016
-0.04830532031
-0.04331996427
-0.0392181969
-0.03586189757
-0.03314522696
-0.03098674672
-0.02932520065
-0.02811557088
-0.02732490366
-0.02693461315
-0.3649127646
-0.3648226084
-0.3667670587
-0.3623309346
-0.3537095899
-0.3499780853
-0.353715275
-0.3499793456
-0.3746652545
-0.3660488828
-0.3739071448
-0.3659699614
-0.3659699614
-0.3660488828
-0.3649098496
-0.3648128793
-0.3667655634
-0.3623284022
-0.3746604383
-0.3660432581
-0.3738920313
-0.365945407
-0.365945407
-0.3660432581
-0.3659772584
-0.3662434624
-0.3652756799
-0.3652884051
-0.3642472822
-0.3633666626
-0.3633022402
-0.364231435
-0.3660368657
-0.3662423656
-0.3652673621
-0.3652619482
-0.364246125
-0.3634318696
-0.3633126412
-0.3642584225
-0.3633241869
-0.3631771977
-0.3624341628
-0.3625814097
-0.3453085782
-0.3447901955
-0.3220971927
-0.3235644765
-0.3032557932
-0.3453578125
-0.3447894944
-0.3220824828
-0.3235787131
-0.3031726771
-0.35773371
-0.3486315493
-0.3478810488
-0.3578973061
-0.3633497199
-0.3631859291
-0.3624278422
-0.3625345776
-0.3577366318
-0.3486498892
-0.3478831274
-0.3578983949
-0.3537095899
-0.3546725822
-0.3560522402
-0.353715275
-0.3546778509
-0.3560574639
-0.3499780853
-0.3495595313
-0.3480015924
-0.3499793456
-0.3495607416
-0.3480027431
)
;
    }
}


// ************************************************************************* //
