/*--------------------------------*- C++ -*----------------------------------*\
| =========                 |                                                 |
| \\      /  F ield         | OpenFOAM: The Open Source CFD Toolbox           |
|  \\    /   O peration     | Version:                                        |
|   \\  /    A nd           | Website:  www.openfoam.com                      |
|    \\/     M anipulation  |                                                 |
\*---------------------------------------------------------------------------*/
FoamFile
{
    version     2.0;
    format      ascii;
    class       volScalarField;
    location    "4.3";
    object      p;
}
// * * * * * * * * * * * * * * * * * * * * * * * * * * * * * * * * * * * * * //

dimensions      [0 2 -2 0 0 0 0];


internalField   nonuniform List<scalar> 
2403
(
0.05434022433
0.05417153756
0.05375160321
0.05307474574
0.05215974474
0.05101097795
0.04961996604
0.04797757682
0.04607802419
0.04391760283
0.04149359413
0.03880480844
0.03585462516
0.0326496548
0.02919946185
0.02552008164
0.02163487759
0.01757431406
0.01337596312
0.009084499959
0.004751189223
0.0004328138773
-0.003809763337
-0.007913341342
-0.01181428244
-0.01544955788
-0.0187614707
0.05456244275
0.05439514487
0.05397770092
0.05330440137
0.0523938143
0.05124994387
0.04986388814
0.04822604802
0.04633014601
0.04417200751
0.04174826182
0.0390554451
0.03609473676
0.03287511317
0.02940589795
0.02570161876
0.02178467243
0.01768544454
0.01344186579
0.009099248504
0.004709912922
0.0003321982158
-0.003971063144
-0.008134634711
-0.01209324374
-0.01578087541
-0.01913758729
0.05501280649
0.05484749552
0.05443445921
0.05376777249
0.05286538833
0.05173060318
0.05035375757
0.04872439677
0.04683531175
0.04468127808
0.04225723973
0.0395565593
0.03657726675
0.03332824716
0.02982013294
0.02606601384
0.02208584739
0.01790901862
0.01357399495
0.00912756864
0.004624325228
0.0001257553045
-0.004301323591
-0.008587318896
-0.01266277075
-0.01645571625
-0.01990174591
0.05568713443
0.05552476948
0.055118489
0.05446210843
0.05357260249
0.05245219912
0.05109013666
0.04947465942
0.04759692048
0.04544956887
0.04302516691
0.04031554919
0.03731536358
0.03402507025
0.03045692342
0.02662639162
0.02255126681
0.01825780834
0.01378405616
0.009178957941
0.004500788882
-0.000184050724
-0.004802564724
-0.009278165382
-0.01353432013
-0.0174899982
-0.02107377325
0.05658198032
0.05642360955
0.05602675593
0.0553849571
0.05451387603
0.05341427563
0.05207392578
0.05047928624
0.0486192028
0.04648344671
0.04406155011
0.04134324566
0.03832035187
0.03498585479
0.03134124506
0.0274056535
0.02320125541
0.01875039459
0.01408838369
0.00926599587
0.0043465895
-0.0005964080515
-0.005481284168
-0.01022144292
-0.01472992366
-0.01891284209
-0.02268856787
0.05769314447
0.05753923369
0.05715499709
0.05653297599
0.05568698956
0.0546160163
0.05330612577
0.05174154918
0.04990818426
0.04779223077
0.04537925636
0.04265510673
0.0396074287
0.03622540412
0.03249925022
0.0284354599
0.0240665263
0.01941501429
0.01451236271
0.009409466793
0.004175248345
-0.001107317371
-0.006344388324
-0.01143554607
-0.01627929743
-0.02076418038
-0.02479432849
0.05901472185
0.05886604434
0.05849727123
0.05790134133
0.05708867766
0.05605600773
0.05478749117
0.05326494845
0.05147070762
0.04938663366
0.0469933147
0.04427111493
0.04120206353
0.03776949268
0.03395404215
0.0297498332
0.02518365486
0.02028497675
0.01508520264
0.009634027555
0.00400395004
-0.001711016853
-0.007400532663
-0.01294494008
-0.01822264196
-0.02309840969
-0.02745693386
0.06053700856
0.06039616286
0.06004762169
0.059483658
0.05871357394
0.05773136651
0.05651816702
0.05505303205
0.05331422897
0.05127877828
0.04892122719
0.04621483345
0.04313360098
0.03965307718
0.0357488781
0.03140471089
0.02661729602
0.02142047586
0.01585450321
0.009974601218
0.003855483265
-0.002399599443
-0.008660497521
-0.01478149489
-0.02061311624
-0.02598787073
-0.030764026
0.06224830677
0.06211762651
0.06179530744
0.06127277076
0.06055591805
0.05963696513
0.058496262
0.05710815211
0.05544614876
0.05348179371
0.05118279635
0.04851397496
0.04543939542
0.0419240213
0.03793512704
0.03344650375
0.02843816687
0.02290875854
0.01690323732
0.01049455141
0.003770847
-0.003155676436
-0.01013346525
-0.01698362198
-0.02351857888
-0.02952675615
-0.03483044557
0.06413405294
0.06401610705
0.06372641456
0.06325578709
0.06260670685
0.06176847972
0.0607186709
0.05943030837
0.05787231005
0.05600871306
0.0537992817
0.05119911836
0.04816077473
0.04463553737
0.04057650899
0.03594159933
0.03069421817
0.02480940222
0.01831042702
0.01126969767
0.003804656552
-0.003954136388
-0.01182926097
-0.01960004151
-0.02702727855
-0.03383858387
-0.03980685831
0.06617620684
0.06607392251
0.06582403782
0.06541680506
0.06485119265
0.06411401061
0.06318038036
0.06201958581
0.06059645779
0.05887052174
0.05679143301
0.05430255203
0.05134271915
0.04784627639
0.04374640397
0.03897933441
0.03348774969
0.02722599121
0.02017114339
0.01239412333
0.004029024472
-0.00475923607
-0.01375828186
-0.02269366962
-0.03125568072
-0.03908719733
-0.0458926713
0.06835283535
0.06826950983
0.06806731301
0.06773610872
0.067271331
0.06665754996
0.06586821597
0.06486953322
0.06362163391
0.06207690864
0.06017785269
0.05785641226
0.05503371011
0.05162352683
0.04753412656
0.04267309635
0.03695267915
0.03029239659
0.02263649575
0.01401838098
0.004563817077
-0.005503786869
-0.01592033201
-0.02633962808
-0.03635437641
-0.045488223
-0.05335041456
0.07063789718
0.07057721394
0.0704310962
0.07018937055
0.06984419134
0.0693784481
0.06876448155
0.06796576743
0.06693962822
0.06563234921
0.06397622405
0.06189096317
0.05928287651
0.05604031878
0.05203990555
0.04715175092
0.0412451515
0.03419735162
0.02590806968
0.01632438656
0.005568777392
-0.006094059501
-0.01831332262
-0.03064078653
-0.04253141113
-0.05333734607
-0.06253430706
0.07300109087
0.07296693336
0.0728855936
0.07274728805
0.07254150584
0.07225021675
0.07184540329
0.07128868073
0.07053629392
0.06953029394
0.06819295442
0.06643292129
0.06413803599
0.06117142028
0.05737387545
0.05256711144
0.04656233388
0.03917105501
0.03021610653
0.01957035157
0.007286113176
-0.00637199088
-0.02091049108
-0.03572483219
-0.05006776814
-0.06303911772
-0.07392532876
0.07540647343
0.07540260646
0.07539416094
0.07537237475
0.07532514571
0.07523463817
0.07507408662
0.07480655535
0.07438696263
0.07375461724
0.07282377376
0.07149578769
0.06964172794
0.06709194751
0.06365157169
0.05908658692
0.05312995957
0.04549783147
0.03591053018
0.02413053531
0.01003795803
-0.00610405829
-0.02366842627
-0.04177825506
-0.05936469104
-0.07515492518
-0.08817525663
0.07781254258
0.07784384735
0.07791609341
0.07802411379
0.07815451298
0.07829075017
0.07840811822
0.07847277294
0.07844443429
0.07826356995
0.07784250659
0.07707478091
0.07581724879
0.07386847074
0.07099553075
0.06689720865
0.06121912395
0.0535451554
0.04343651007
0.03046174685
0.01430692954
-0.004910910404
-0.02648826069
-0.04908163203
-0.07104043687
-0.09050105313
-0.1061656121
0.08018086958
0.08024376435
0.08040255525
0.08065320274
0.0809784908
0.08136343698
0.0817892117
0.08223173511
0.08265610832
0.08300440042
0.08319273276
0.08312076886
0.08263922475
0.08152624235
0.07950496106
0.07619615701
0.07114208908
0.06375577637
0.05337336695
0.03927969199
0.02083828132
-0.002246897238
-0.02918581015
-0.0580500471
-0.0861152125
-0.1104180274
-0.1292893907
0.08245218347
0.08255457586
0.08280513498
0.08320475077
0.08373617478
0.08438813519
0.0851502556
0.08600787948
0.08693579983
0.08788580468
0.08879325678
0.08956783806
0.09005667308
0.0900319893
0.08920237119
0.0871292038
0.08322418852
0.0766744574
0.06651844582
0.05157481907
0.0306409443
0.002746910291
-0.03150743349
-0.06909277739
-0.1057747112
-0.1365649414
-0.1592592592
0.08458814118
0.08472865865
0.08507120964
0.08562116213
0.08636249886
0.08728946183
0.08840297671
0.08970169019
0.09117523151
0.09279317333
0.09451353689
0.09626864139
0.09792449898
0.09928785119
0.1000557645
0.09974780271
0.09769239624
0.09285575085
0.08384232003
0.06873187942
0.04538133406
0.01153055846
-0.03342309067
-0.08399251793
-0.1322449682
-0.1714386879
-0.1981942489
0.08653658102
0.0867138202
0.08714620727
0.08784341867
0.08879081792
0.08998966416
0.09145446485
0.09320010979
0.09523572036
0.09755913664
0.1001607998
0.1030101092
0.1060175345
0.1090484735
0.1118383747
0.1139586142
0.1146810731
0.1127857689
0.1064584249
0.09275320513
0.06779334482
0.02618053704
-0.03386659455
-0.09090707267
-0.1491611481
-0.2000454479
-0.2326678619
0.08825178104
0.08846081904
0.08897686514
0.08981218141
0.09095338011
0.09240965382
0.09420949525
0.09638579812
0.09897117385
0.1019979283
0.1054979154
0.1094942141
0.1139779306
0.1189049793
0.1241127435
0.1293128518
0.1338700289
0.1366448879
0.1355306043
0.1266443168
0.1036482549
0.05434667587
-0.01351232961
-0.1075396253
-0.2067425338
-0.2536824017
-0.2878552648
-0.3129851756
0.08968490122
0.08992345237
0.0905132107
0.09147002499
0.09278272546
0.09446844695
0.09656930926
0.09913670557
0.1022280637
0.105910554
0.1102633126
0.1153759439
0.121340313
0.128240538
0.1361073252
0.1448981613
0.1542790042
0.1635455505
0.1708240556
0.1728184034
0.1475321556
0.1049838645
0.008618558989
-0.1209123043
-0.2763952927
-0.368632528
-0.3802835338
-0.3701258786
0.09079753051
0.09106072933
0.09171007585
0.09276506561
0.09421717406
0.0960905674
0.09843937222
0.1013317551
0.1048481925
0.1090885458
0.114178926
0.1202770656
0.1275766458
0.1363119279
0.1467530286
0.1592004394
0.1738783264
0.190912255
0.20952624
0.2278401067
0.2161327425
0.1734008483
0.08260955729
-0.1572056997
-0.4963922845
-0.5518403802
-0.4531809714
-0.3962240347
0.09155841265
0.09183915938
0.09253040567
0.09365468426
0.09520555684
0.09721245123
0.09973853331
0.1028648126
0.1066897512
0.1113391655
0.11697736
0.1238190183
0.1321447074
0.1423241662
0.1548435797
0.1703548815
0.189668298
0.2139464805
0.2440409725
0.2628831849
0.2936104093
0.2859512806
0.2311713457
-0.1182672675
-0.3940009939
0.09194508458
0.09223504725
0.092948166
0.09410848334
0.09571078543
0.09778735809
0.1004062625
0.1036555245
0.1076435486
0.1125106581
0.1184427854
0.125687472
0.1345763915
0.1455611039
0.1592610631
0.1765577307
0.1986460396
0.2274481922
0.2649232623
0.3009513573
0.3413632466
0.4195496974
0.4750030016
-0.4047954566
-0.1936576509
-0.1572508215
-0.4047485607
-0.1936796304
-0.5480034869
-0.496345342
-0.5479645123
-0.4676038755
-0.5517948308
-0.4676136115
-0.4063865278
-0.4062356711
-0.453136121
-0.4062640441
-0.4060370227
-0.01246524459
0.4068818494
0.231126001
-0.01247174203
0.406862122
-0.1182722714
-0.4016466329
-0.4017173894
-0.3942725016
0.5804769647
0.4750234609
0.5804461631
-0.3539305598
-0.4204199174
-0.5000792918
-0.2763179177
-0.3538874983
-0.4202861828
-0.5000494213
-0.3817620183
-0.5075608629
-0.4572229877
-0.368600475
-0.3816975399
-0.5075227765
-0.457265659
-0.0799719606
0.1829157009
-0.0473867858
0.08258145432
-0.0799796904
0.1828769688
-0.04741514666
-0.5013469148
-0.4998214068
-0.5152886235
-0.5577599009
-0.517137498
-0.5631823704
-0.5061299042
-0.5437012067
-0.554447466
-0.5258664324
-0.579544143
-0.5268134228
-0.5807461772
-0.5444071922
-0.3986446522
-0.3961591447
-0.3985836859
-0.1190477716
-0.394695958
-0.3890329422
-0.3986561937
-0.38945399
-0.3996462747
0.4677722819
0.4669163158
0.5557942357
0.4194909974
0.4678220384
0.4668921736
0.5557737625
0.502660449
0.4772389282
0.4583497315
0.5209552443
0.4608171446
0.5230011659
0.5043661777
-0.2631867819
-0.1988365847
-0.1960100546
-0.2105364595
-0.1981125398
-0.2032715781
-0.2643656679
-0.4288931963
-0.4280188795
-0.395622634
-0.4223642612
-0.3986031508
-0.4223000711
-0.2631921262
-0.1988360863
-0.1960173923
-0.2105417624
-0.1981165499
-0.2032772373
-0.2643794644
-0.4289009178
-0.4280198666
-0.3956474982
-0.422368726
-0.3986106436
-0.4223198776
-0.5559258632
-0.5494364852
-0.5410714342
-0.5641783856
-0.5443475633
-0.5626070902
-0.5549320999
-0.584426816
-0.587879345
-0.5013355197
-0.4997984177
-0.515236763
-0.5577213218
-0.5171257964
-0.5631689769
-0.5060963959
-0.5559132526
-0.549424608
-0.5410315586
-0.5641415756
-0.5443358065
-0.5625948995
-0.5548976613
-0.5844181461
-0.5878737292
-0.518643961
-0.4673298912
-0.4968627765
-0.4687684299
-0.497771773
-0.4679527137
-0.516849424
-0.4693977084
-0.4666539252
-0.5436899907
-0.5544324922
-0.5258214289
-0.5795062833
-0.5267999538
-0.5807329712
-0.5443753072
-0.5186306634
-0.4673260091
-0.4968166436
-0.4687323697
-0.4977579375
-0.4679405911
-0.5168134505
-0.4693768432
-0.4666432013
-0.4334631939
-0.4577919974
-0.431061329
-0.4586324024
-0.429218306
-0.4333660814
-0.4253059426
-0.4064784904
-0.4087504469
-0.4184088236
-0.4085791485
-0.4181309551
-0.4242523623
-0.4334458014
-0.4577426961
-0.4310015204
-0.4586155079
-0.4291970922
-0.4333168654
-0.4252980824
-0.406460751
-0.4085773502
-0.418320729
-0.4085637238
-0.4181160472
-0.4241947023
0.1646520869
-0.01124301604
0.1107419432
0.01718634251
0.1123220111
0.009619311556
0.1634945021
0.2428376104
0.1758528069
0.2937123967
0.1771174736
0.2888536848
0.2402812564
0.1646507635
-0.01125070819
0.1107470374
0.01718058135
0.1123243944
0.009616146019
0.1634926802
0.2428356146
0.17584848
0.2937040992
0.1771140855
0.288853379
0.240277001
-0.1190425193
-0.4007840873
-0.4007893204
-0.3910123897
-0.3890661288
-0.394721086
-0.3892019135
-0.3987307455
-0.3894709426
-0.3996605833
-0.3910805157
-0.3890877387
0.4389730951
0.4398851544
0.5627510554
0.5829113672
0.5606645214
0.5913992419
0.5635051972
0.5905369741
0.5629158811
0.5026568066
0.4772378805
0.4583391476
0.5209328488
0.4608148952
0.5229996149
0.5043548807
0.4389733188
0.4398843821
0.5627460209
0.5829044511
0.5606386315
0.5913762989
0.5635008761
0.5905302895
0.5629003792
-0.2003211976
-0.1241892602
-0.2157741098
-0.1075493317
-0.2002895052
-0.1242229719
-0.215731985
-0.2409261622
-0.2480633488
-0.3176413353
-0.2067559232
-0.2408996333
-0.2479882399
-0.31760881
-0.2829830603
-0.3324479491
-0.3531516019
-0.2536672586
-0.2829898648
-0.3324266882
-0.3530904025
-0.306823334
-0.3546591792
-0.3565888033
-0.2877870075
-0.3067818054
-0.3547259744
-0.3565338699
0.02717222388
0.1497747127
0.09085342405
0.1049823268
0.02716622427
0.1497924711
0.09082699688
-0.08108976656
0.06049163629
-0.08101968984
0.008606071925
-0.08114910227
0.06048559439
-0.08106800628
-0.2393595535
-0.1461978989
-0.3533991711
-0.1209725705
-0.2392080954
-0.1463310658
-0.3532434454
-0.3477574352
-0.3076524048
-0.3129140826
-0.2748568427
-0.3063535123
-0.3123256121
-0.3482346082
-0.4162862855
-0.3773478045
-0.4111397895
-0.3682732506
-0.3771380996
-0.4110702956
-0.4163210996
-0.3728493403
-0.443749606
-0.4031631618
-0.3803567967
-0.3727904576
-0.4437239876
-0.4032047138
-0.3959820355
-0.3701868188
-0.3958510402
0.1144069842
0.2535291581
0.2179742004
0.1734512327
0.1143909334
0.2535622981
0.2179138924
0.06340701962
0.03888161782
0.1086268527
0.08789455208
0.04184290548
0.112571555
0.06117456149
-0.2580728572
-0.1570020448
-0.2357266186
-0.1731968969
-0.2350747741
-0.1732777154
-0.2591026739
-0.4416101581
-0.4536195486
-0.435710128
-0.4674018674
-0.4356249733
-0.4697808021
-0.4414631933
-0.3961985705
-0.3952399483
-0.3953810672
-0.3870015273
-0.3870799527
0.277165733
0.3277949565
0.3742583138
0.2936129081
0.2771313504
0.3277432467
0.3743411059
0.2625379174
0.3909489861
0.4161399272
0.2859099392
0.2625628285
0.3910323309
0.4161364598
0.2403461275
0.2326074243
0.1798401162
0.2848609216
0.1803776952
0.2859337303
0.2398282538
0.3979483329
0.3636153577
0.4367395888
0.3414129546
0.3978827448
0.3636018607
0.4367143069
0.4688257787
0.4389413048
0.4421210186
0.4240971426
0.4414570942
0.4465503341
0.4665231337
-0.3802607469
-0.4043439891
-0.3281315979
-0.434306545
-0.3286679501
-0.4331493954
-0.3778652938
-0.258090244
-0.157027848
-0.23583477
-0.1732001251
-0.2351075014
-0.1732891306
-0.259149506
-0.3802742212
-0.4043279732
-0.3281871033
-0.4343262619
-0.3286872888
-0.4331504746
-0.377902666
-0.4223621529
-0.4062353527
-0.4187666984
-0.4078064334
-0.4186865538
-0.4076386311
-0.422294817
-0.4415940113
-0.4536033712
-0.435637872
-0.4674027869
-0.4356040481
-0.4697740495
-0.4414217045
-0.4223525324
-0.40621781
-0.4187685901
-0.4076671244
-0.4186849936
-0.4076185336
-0.4222448974
0.3134876387
0.407512521
0.3445113763
0.3726955064
0.3454903003
0.3741989558
0.3112514052
0.2403452483
0.2325964797
0.1798254094
0.2848862018
0.1803751477
0.2859401228
0.2398277761
0.313484885
0.4075054076
0.3444881861
0.3727181767
0.3454878466
0.3742023227
0.3112455353
-0.3758243186
-0.3335287347
-0.3974094925
-0.3533313073
-0.3326098068
-0.3971770594
-0.3761971764
-0.4209876171
-0.457938493
-0.4576716558
-0.397045286
-0.3591383095
-0.3589412367
-0.3973964056
-0.5001542169
-0.4842353388
-0.484318532
-0.4257804481
-0.4468337235
-0.4467711477
-0.4260279558
-0.3478151461
-0.2748612182
-0.3077636425
-0.3126008911
-0.3063945225
-0.3122882482
-0.3483774421
-0.3758319968
-0.3533191271
-0.3335379897
-0.3973578859
-0.3326167148
-0.397159829
-0.3762103247
-0.4209445999
-0.4579002489
-0.457661903
-0.3970661861
-0.3587429057
-0.3588534742
-0.3974454225
-0.5001438924
-0.4842118414
-0.4843129918
-0.4257827997
-0.4467931506
-0.4467572684
-0.4260278069
-0.4148210447
-0.3808590139
-0.410946025
-0.3815280567
-0.3806935296
-0.4108607921
-0.4149092302
-0.5083320675
-0.4957088204
-0.4960588718
-0.4575294632
-0.4585437249
-0.4587657581
-0.4573983523
-0.4573020733
-0.4766874946
-0.4770158292
-0.4484284477
-0.4375040002
-0.437537217
-0.4483501531
-0.4162797209
-0.3682643208
-0.37733452
-0.4111040495
-0.3771333874
-0.4110576695
-0.4163025015
-0.4148143271
-0.3815179548
-0.3808544636
-0.4109118822
-0.3806870088
-0.410853754
-0.4148907875
-0.5083186362
-0.4956673685
-0.4960479183
-0.4575206404
-0.4585058604
-0.4587521776
-0.4573695475
-0.4573051958
-0.4766593811
-0.4770061198
-0.4484242978
-0.4374964433
-0.4375342142
-0.4483461538
-0.07891160442
-0.07882422096
-0.07781006627
-0.001071749313
-0.01553073039
-0.01399063853
-0.002236509447
0.1847353708
0.1280123667
0.1289016834
0.09074421226
0.1408666364
0.1433899465
0.08927136246
-0.04597711828
-0.07392466813
0.05280508406
-0.07324330335
0.05324790288
0.01812354309
0.01747428295
0.06339973421
0.08788471328
0.03886480044
0.1086242645
0.04183732992
0.1125687922
0.06115647942
-0.07891776786
-0.07886017758
-0.07781480692
-0.001080871843
-0.01555465185
-0.01399682513
-0.002265009593
0.1847213929
0.1280628467
0.1289156022
0.09074568505
0.1408968556
0.1433985689
0.08928148879
-0.04599468456
-0.07396700049
0.05281787435
-0.07325415232
0.05325293308
0.0181133499
0.01744936619
-0.3992530371
-0.3961112341
-0.3891741182
-0.3962585177
-0.3893434919
-0.3879406406
-0.3880058416
-0.3961914103
-0.3953700643
-0.3954039313
-0.3870064718
-0.3871217266
-0.3992529837
-0.3962095833
-0.3891680736
-0.3962806105
-0.3893388122
-0.3879409978
-0.3879897525
0.4688442585
0.5089286306
0.5097338391
0.490874046
0.4559191392
0.4574575071
0.4895601225
0.4888244536
0.458500414
0.4969356853
0.4711255174
0.4627951982
0.4991654381
0.4865551952
0.5569567449
0.5399819821
0.5411501458
0.5157767338
0.5272066204
0.5285707664
0.5144090958
0.4688261048
0.424095381
0.4389127301
0.4421477068
0.4414574525
0.4465530817
0.4665230648
0.4688467997
0.5089116573
0.5097303366
0.4908745439
0.4559204463
0.4574587971
0.4895681541
0.4888215803
0.4711223988
0.4584899384
0.4969281033
0.462792058
0.4991633317
0.4865462985
0.5569506917
0.5399531322
0.5411457274
0.5157722791
0.5271941788
0.5285664822
0.5143891109
-0.1177719187
-0.09812174415
-0.136784018
-0.09087214345
-0.1177693185
-0.09810311134
-0.136787551
-0.1758373966
-0.1711510161
-0.2033642868
-0.1491374967
-0.1758236161
-0.1711297206
-0.2033502039
-0.2189230398
-0.2293949145
-0.2486980365
-0.2000356282
-0.2189018713
-0.2293855893
-0.2486836166
-0.2475309171
-0.260903062
-0.2669846849
-0.2326094827
-0.2473791616
-0.2608766373
-0.2668653937
0.03080547791
0.07651574991
0.04562025407
0.05433618113
0.03080385798
0.07651006406
0.04561457102
-0.05092904907
-0.003022480634
-0.09969740043
-0.01351617048
-0.05094054603
-0.003037797133
-0.09974486328
-0.2159369587
-0.2125377808
-0.2201488014
-0.1588797632
-0.1942544606
-0.1807091882
-0.230822713
-0.2863429644
-0.2657825943
-0.2763082131
-0.251459373
-0.2647678754
-0.2741056403
-0.2878960422
-0.3084412666
-0.2962172843
-0.3077190498
-0.286358633
-0.2958122527
-0.3057942037
-0.3098505066
-0.356277127
-0.3129332265
-0.3563448627
0.1370867378
0.1808608835
0.1675318944
0.1475199949
0.1371016501
0.1808664251
0.1675591617
0.005506117256
-0.004805107999
0.02156551785
0.03693146873
0.0008283427906
0.04660983679
-0.001064837418
-0.1715572324
-0.159257622
-0.1268582154
-0.1124209795
-0.1551816607
-0.1234838847
-0.1739181939
-0.4054744648
-0.380256042
-0.4056109946
-0.3999674104
-0.3785143941
-0.3783474688
-0.3999899388
-0.3683746451
-0.3827841211
-0.3695144996
-0.3676601636
-0.3826143145
0.2075468062
0.253469139
0.2488961487
0.2160888225
0.207541133
0.2534120753
0.248945545
0.2145769257
0.1411683481
0.204804269
0.1811443237
0.1933211153
0.2064889
0.1760419176
0.281030201
0.2844499372
0.3065707905
0.2629224021
0.2810524398
0.2844532393
0.3065744756
0.3345764256
0.2886447963
0.3208121329
0.3096870442
0.297648805
0.3399036533
0.3272774844
0.3271403732
0.3089616473
0.3385254794
0.3009552174
0.3271451416
0.308965317
0.3385273548
0.3994347118
0.3460734543
0.3527590504
0.3494677722
0.386187794
0.3613221444
0.3595882045
-0.1649229561
-0.1571101781
-0.2080350272
-0.1235686043
-0.1439457448
-0.1478274725
-0.1551394162
-0.126785278
-0.1210756495
-0.1484318195
-0.09315990542
-0.08262273552
-0.1400013802
-0.1349080932
-0.2136435488
-0.1734727883
-0.1991157178
-0.1803946317
-0.1918158766
-0.1811743629
-0.1600792351
-0.1649010461
-0.1235687557
-0.1571068338
-0.2079778139
-0.1439487997
-0.1478286898
-0.1551088575
-0.1267887245
-0.09316081221
-0.1210878549
-0.1484365382
-0.08262456674
-0.1399895767
-0.1349152522
-0.2136222584
-0.1734385108
-0.1990589701
-0.1802653465
-0.1917940674
-0.181140188
-0.1600497173
-0.2404375773
-0.2262817997
-0.2626907162
-0.2373673537
-0.2187904814
-0.2592658545
-0.2465210456
-0.2752639981
-0.2436019284
-0.2719731558
-0.2432476896
-0.2271963414
-0.2162503221
-0.2494948106
-0.2985184342
-0.3165269292
-0.296645961
-0.2665387425
-0.2875589731
-0.285667401
-0.2697161282
-0.2159325816
-0.158883522
-0.2125142265
-0.2201451626
-0.194245481
-0.1807123127
-0.2308083048
-0.2404347491
-0.2373582955
-0.2262866347
-0.2626747224
-0.2187855822
-0.2592595259
-0.2465167907
-0.2435880264
-0.2752878253
-0.2719837196
-0.2432467199
-0.2271217973
-0.2162291609
-0.2494839302
-0.3165168363
-0.2985217531
-0.2966460115
-0.2665424957
-0.2875421516
-0.2856608961
-0.2697353851
-0.2949398525
-0.2739721639
-0.3033532245
-0.2823901918
-0.2728466808
-0.3020474891
-0.2963071739
-0.3428148067
-0.3317650996
-0.3423933777
-0.3124132167
-0.3020225424
-0.3008486136
-0.3131598694
-0.3491637866
-0.3527870624
-0.3488017046
-0.3204444135
-0.3267547964
-0.3261667027
-0.3211009189
-0.2863393269
-0.2514539744
-0.2657987659
-0.2762955946
-0.2647657414
-0.274100373
-0.2878915842
-0.2949334223
-0.2823809056
-0.2739507851
-0.3033567513
-0.272837987
-0.3020404794
-0.2962948484
-0.3317590081
-0.3428129011
-0.3423907035
-0.3124087218
-0.3020113979
-0.3008432902
-0.3131626283
-0.3527779848
-0.349138643
-0.3487942742
-0.3204319475
-0.3267196975
-0.3261590174
-0.3210602597
-0.3544750072
-0.3322531233
-0.3301695603
-0.3555947644
-0.3295630925
-0.3552039259
-0.332738702
-0.333430601
-0.3387547736
-0.3555619464
-0.3552960993
-0.3381011663
-0.3546607
-0.3342613327
-0.3084315582
-0.2863380249
-0.2962173109
-0.3076593608
-0.2958014015
-0.3057783881
-0.3098335727
-0.3544858484
-0.3322443159
-0.3301654851
-0.3555628893
-0.3295629638
-0.3551926822
-0.3327175288
-0.3334137701
-0.355282883
-0.338700566
-0.3555519883
-0.3380824779
-0.3546513987
-0.3342249027
0.08182592767
0.05700193745
0.04104489024
0.07950805152
0.06974131542
0.08533080041
0.08063089923
0.1548036646
0.1244261841
0.1164820486
0.1621874864
0.1406658282
0.1747536585
0.1007747973
0.1032272343
0.1116009468
0.06999033168
0.1082961453
0.08440999681
0.1386998727
0.09307875888
0.08182275471
0.07950418631
0.0569977485
0.04103954135
0.06973886982
0.08532627341
0.08062378204
0.1547991991
0.1621920704
0.1244379181
0.116490174
0.1406677648
0.1747497547
0.1007756725
0.1032195934
0.1115975125
0.06998262697
0.1082859836
0.0844065298
0.1386961
0.09307309774
-0.03744929367
-0.03537999253
-0.08055519035
-0.07614085018
-0.04941658609
-0.07903748336
-0.03640371961
0.02174473257
0.06754987654
0.0257962065
0.01412287047
0.0419555723
0.05244026613
0.008874468086
-0.08007218896
-0.02523110664
-0.02337919875
-0.03039213564
-0.08071589726
-0.07977235188
-0.03201675021
0.005495260448
0.0369210798
-0.004831941252
0.02155148119
0.0008195338844
0.04660195473
-0.00109274251
-0.03746627474
-0.07616028306
-0.03542742195
-0.08063409778
-0.04942897912
-0.07906598408
-0.03645049804
0.06754753363
0.0217370145
0.02579352859
0.01411684338
0.04194859568
0.05243689118
0.008858203154
-0.08009802655
-0.02525228213
-0.02338869227
-0.03040983732
-0.08080394928
-0.07980654381
-0.03205705435
-0.2694930747
-0.2384866732
-0.2687366702
-0.2215440119
-0.1996622913
-0.1985620209
-0.2225444624
-0.1458371738
-0.2133257027
-0.2127096825
-0.1908838862
-0.1355536635
-0.1343991848
-0.1919688045
-0.352798501
-0.286275945
-0.2861852267
-0.3067355314
-0.3061115394
-0.2503801288
-0.2507687582
-0.171588899
-0.1124394136
-0.1593469575
-0.1269709605
-0.1551902668
-0.123523369
-0.1740939518
-0.2384387026
-0.2685557586
-0.2685003149
-0.2214456253
-0.1995278871
-0.1985099367
-0.2225127426
-0.1458793569
-0.213468179
-0.2127464459
-0.1909364454
-0.1357045921
-0.1344522828
-0.1922120102
-0.3527319018
-0.2863412359
-0.2861902969
-0.3062111671
-0.3059396513
-0.2503853716
-0.2512868786
-0.3936801087
-0.3757108963
-0.3870847936
-0.3723066187
-0.3754329524
-0.3869163938
-0.393691059
-0.4441540026
-0.4298395454
-0.430015535
-0.4277110276
-0.4279707505
-0.4176861405
-0.4175975344
-0.4031650531
-0.415395465
-0.4155000427
-0.4071964977
-0.3971455588
-0.397070599
-0.4071246584
-0.3802688485
-0.4055640689
-0.4056236745
-0.3999525114
-0.378482449
-0.3783354055
-0.399950554
-0.3936689569
-0.3722960608
-0.3756942036
-0.3870830245
-0.3754224545
-0.3869152104
-0.3936632033
-0.4441443971
-0.4297712306
-0.4299984334
-0.4277468008
-0.4279707855
-0.4176758573
-0.4175671994
-0.403172671
-0.4153878872
-0.4154951831
-0.4071875057
-0.397176252
-0.3970739023
-0.4071052659
-0.3959500506
-0.391832628
-0.3918489669
-0.3695274065
-0.382815481
-0.3826189164
-0.3959269463
-0.3917933037
-0.3918388806
0.1421639685
0.1257343595
0.1510081884
0.185789988
0.1319683971
0.1621693411
0.1626533395
0.230345702
0.2277077574
0.2523076044
0.27703452
0.2416579216
0.2622812554
0.2178812979
0.2213089882
0.1770429979
0.1819667033
0.2115727258
0.2405491341
0.2464622289
0.2021800025
0.2145754919
0.1811464106
0.1411909055
0.2047864761
0.1933176711
0.2064816705
0.1760388098
0.1257304387
0.1421977753
0.1510135718
0.1857881122
0.1319764001
0.1621660264
0.1626568251
0.2303430805
0.2770376725
0.2277198093
0.2523282022
0.2416539637
0.2622838672
0.2178781055
0.2212989441
0.1770549551
0.1819697218
0.2115691572
0.2405282649
0.2464576149
0.2021572373
0.3196607186
0.2877026044
0.3101085444
0.318551615
0.2945502346
0.3432835518
0.3144412724
0.3497368151
0.3104105873
0.3306925999
0.3357601941
0.3196411898
0.3698132043
0.3149160688
0.3842626347
0.3490120832
0.3470204849
0.3530925892
0.359385689
0.3753015026
0.3338029224
0.3196591676
0.3185537147
0.2876685903
0.3101380417
0.2945444055
0.3432880416
0.3144380942
0.3497363635
0.3357543819
0.310423403
0.3306509288
0.3196416496
0.3698125546
0.3149149168
0.3842755581
0.3490111655
0.3470262925
0.3530960096
0.3593859151
0.3753042434
0.3338049113
0.2650315972
0.3119064475
0.313796548
0.3280164296
0.2808840147
0.285245623
0.3247013164
0.4046030605
0.3966495177
0.4078960476
0.3715390229
0.3586486548
0.3671089703
0.3671541546
0.4169388953
0.3636506469
0.3649834898
0.4144020729
0.4162055366
0.3722896334
0.3699983083
0.3345766872
0.3096854341
0.2886516478
0.320824252
0.2976521786
0.3399048093
0.3272773289
0.2650332248
0.3119035329
0.313792824
0.3280173387
0.2809084534
0.285248839
0.3246981834
0.3966609905
0.4046995524
0.4079077755
0.3715334366
0.3586416672
0.3671047775
0.3671406177
0.4169360067
0.3636084859
0.3649744441
0.4144472149
0.416207955
0.3722829555
0.3699791985
0.4164920302
0.4075411854
0.4262004939
0.4116137837
0.3722686241
0.3960812358
0.3876457004
0.4077920906
0.3601035213
0.3734780199
0.3717658706
0.3685310633
0.4120644027
0.36872254
0.4299316099
0.4462376921
0.4395527123
0.4224309116
0.4043497742
0.4278766482
0.3986702964
0.3994314272
0.3494726469
0.3461027057
0.3527509939
0.3861852516
0.3613221392
0.3595819854
0.4075380283
0.4164905526
0.4262006998
0.4116097942
0.3722267789
0.3960742658
0.3876170971
0.407791793
0.3717664281
0.3601451337
0.3734762357
0.3685346732
0.4120642671
0.3687325368
0.4462323508
0.4299326803
0.4395484751
0.4224305252
0.4043459784
0.4278742044
0.3986939871
-0.1018895707
-0.04518954244
-0.04985508742
-0.03558182433
-0.0543721365
-0.04618917577
-0.05961525768
-0.0498692809
-0.1019214237
-0.04522752978
-0.03559228693
-0.05438351926
-0.04619969295
-0.05964475872
-0.3374426852
-0.3544033451
-0.3358822318
-0.3544130679
-0.3374859695
-0.3358762295
0.2262346853
0.2628400544
0.2928836705
0.2668838556
0.2721808034
0.2475471812
0.2352913711
0.2928888088
0.2262768147
0.2628858403
0.2668835869
0.2721780681
0.2475439249
0.2353216251
-0.1222079256
-0.1220610794
-0.1214387336
-0.122222602
-0.1220774166
-0.1214554446
-0.4062119524
-0.4075860353
-0.4094125263
-0.4062569848
-0.4076286472
-0.4094565641
-0.5536713625
-0.5563193781
-0.5537611695
-0.558267308
-0.5629936408
-0.5652999198
-0.5502966637
-0.5515546394
-0.5513788937
-0.6089582056
-0.6161348076
-0.6222571241
-0.6061150006
-0.6108849283
-0.6121643645
-0.5547744438
-0.558165262
-0.5624347082
-0.1220070809
-0.1213664383
-0.1197950209
-0.4027559876
-0.4038953481
-0.4057995319
-0.3999803597
-0.3995573606
-0.3981325978
0.5403674872
0.5446986358
0.545358294
0.5444758463
0.5508642009
0.5559134493
-0.3751532127
-0.3763630794
-0.3778707877
-0.2542488559
-0.2578393915
-0.2590952553
-0.2509979817
-0.2535775531
-0.2525157582
-0.3901640843
-0.3890783954
-0.3906439759
-0.3896781677
-0.3869615704
-0.3855059688
-0.6092559755
-0.6157953293
-0.616198205
-0.5768866178
-0.5802489052
-0.5840437771
-0.5720399686
-0.5732227859
-0.5724002323
-0.6113961937
-0.620362245
-0.6256759375
-0.5536571717
-0.5563046629
-0.5537464167
-0.5582292415
-0.562953999
-0.5652594214
-0.6092428951
-0.6157821922
-0.6161852406
-0.5768502678
-0.5802122704
-0.5840068097
-0.5720270495
-0.573209783
-0.5723873619
-0.6113605473
-0.6203261045
-0.6256394703
-0.5383046912
-0.5410836866
-0.5413551022
-0.5412510106
-0.546159301
-0.5507463024
-0.5502842418
-0.5515420772
-0.5513664416
-0.6089211568
-0.6160973407
-0.6222191692
-0.6061016582
-0.6108714904
-0.6121509516
-0.5547403149
-0.55813053
-0.5623996239
-0.5382918484
-0.541070894
-0.5413424997
-0.5412161833
-0.5461243271
-0.5507111683
-0.4815790861
-0.485064036
-0.4878651834
-0.4280378187
-0.4299166082
-0.4321147525
-0.4246392962
-0.4248547243
-0.4234907002
-0.436591209
-0.4386372124
-0.4408564725
-0.4279623292
-0.4298389855
-0.4320328226
-0.4246199377
-0.4248342747
-0.4234694024
0.1676313382
0.1658015375
0.1658436809
0.04495214903
0.04934685735
0.05172980795
0.04162943666
0.04604283021
0.04786335442
-0.1220110978
-0.1213718875
-0.1198005219
-0.4025800226
-0.4022926077
-0.4007511238
-0.402583938
-0.4022963322
-0.4007546505
0.5942555192
0.5991090062
0.6002024839
0.6164381907
0.6226740995
0.6283385266
0.611966138
0.6157751497
0.6165127437
0.5979044158
0.6051078186
0.6109950753
0.5403642986
0.5446955086
0.5453552972
0.5444655472
0.5508538503
0.5559031152
0.5942501372
0.5991036179
0.6001972066
0.6164157909
0.6226512893
0.6283152679
0.6119590024
0.6157679063
0.6165055113
0.5978878855
0.6050909458
0.6109780235
-0.3751747031
-0.3763835563
-0.3778909648
-0.4895789501
-0.4964651396
-0.4994891057
-0.3901433812
-0.3890572138
-0.3906208899
-0.4895781169
-0.4964667744
-0.4994929537
-0.5828968367
-0.5837943283
-0.588203882
-0.5828883172
-0.5837856933
-0.5881962131
-0.4816029525
-0.4850887514
-0.4878896651
-0.4745370962
-0.4779447749
-0.4810810155
-0.4744978134
-0.4779073597
-0.4810440244
0.1684077196
0.167323949
0.1685801994
0.3294400203
0.3356255083
0.3397454259
0.1684022956
0.1673191396
0.1685765102
0.3294320297
0.3356191776
0.339741076
-0.3952533052
-0.3970062281
-0.3990357525
-0.389963152
-0.3910541962
-0.3930877022
-0.3899874758
-0.3910793461
-0.3931125264
0.4432068878
0.4456814746
0.449773282
0.4432063201
0.4456813131
0.4497746898
-0.2542443393
-0.257833959
-0.2590894852
0.0449593565
0.04935438981
0.05173741103
-0.2509938162
-0.2535734613
-0.2525114537
0.04163244797
0.04604606505
0.0478666026
-0.4366530904
-0.4387001491
-0.4409201884
-0.4322844022
-0.4325634187
-0.4312530061
-0.3713149387
-0.3709866358
-0.3693539376
-0.4851928746
-0.4902832551
-0.4890605506
-0.3896716899
-0.3869545249
-0.3854977344
-0.4851940245
-0.4902848642
-0.4890637567
-0.5816963328
-0.5802240737
-0.5801018647
-0.5816911596
-0.580219787
-0.5800986492
-0.4765148981
-0.4780953113
-0.4769821693
-0.4765037956
-0.4780843415
-0.476971571
-0.4717701347
-0.4732857884
-0.4726099646
-0.4717572171
-0.4732732379
-0.4725975947
-0.4322631506
-0.4325423122
-0.4312320907
0.3254447149
0.3304923253
0.331874939
0.1676277197
0.1657985919
0.1658416583
0.325442098
0.3304900371
0.3318738504
-0.4028154428
-0.4039575896
-0.4058661697
-0.3999963965
-0.3995739173
-0.3981496419
-0.3953183963
-0.3970705705
-0.3991004985
-0.3913078897
-0.391477178
-0.3902879994
-0.3912872834
-0.3914569335
-0.3902680701
-0.3874136622
-0.3869527605
-0.3857998477
-0.387423749
-0.3869626536
-0.3858091363
0.4408249195
0.4414949043
0.4421801138
0.4408236079
0.4414944072
0.4421809042
-0.3713219836
-0.3709935509
-0.3693605968
)
;

boundaryField
{
    inlet
    {
        type            zeroGradient;
    }
    outlet
    {
        type            fixedValue;
        value           nonuniform 0();
    }
    topAndBottom
    {
        type            symmetry;
    }
    frontAndBack
    {
        type            empty;
    }
    cylinder
    {
        type            zeroGradient;
    }
    procBoundary0to1
    {
        type            processor;
        value           nonuniform List<scalar> 
116
(
-0.02170048887
-0.02211161048
-0.02294513356
-0.02422397194
-0.0259869396
-0.02828788221
-0.03120073957
-0.03482331914
-0.03928370024
-0.04474950694
-0.05144139184
-0.05964821078
-0.0697527766
-0.08226662241
-0.09787625141
-0.1174540876
-0.1423134592
-0.1741187134
-0.213935356
-0.2660856983
-0.2660856983
-0.2660856983
-0.2660856983
-0.2660856983
-0.2660856983
-0.3218427921
-0.3382864645
-0.3395372968
-0.3871550405
-0.3872433842
-0.3918606499
-0.3918606499
-0.3909070138
-0.385928088
-0.3909070138
-0.385909148
-0.3711960914
-0.3689993135
-0.3842120346
-0.3843395559
-0.3879586822
-0.3890209926
-0.3918726992
-0.3918726992
-0.390967141
-0.3859352304
-0.390967141
-0.3859190652
-0.3842260868
-0.3843793984
-0.3879791988
-0.3890302568
-0.3712198426
-0.3690067287
-0.3878210419
-0.3683930764
-0.387856501
-0.3870873237
-0.3870873237
-0.3833702498
-0.3871550405
-0.3833981983
-0.3844672989
-0.3847000537
-0.3836541495
-0.3836368709
-0.3871055696
-0.3871055696
-0.3833764952
-0.3872433842
-0.3834197157
-0.3846061634
-0.384713691
-0.3836604981
-0.3836800059
-0.3603635459
-0.3217918967
-0.3382685834
-0.3395461868
-0.3604022681
-0.3800726714
-0.3800726714
-0.3802598701
-0.3664295613
-0.3603635459
-0.3802598701
-0.3654708866
-0.3676598697
-0.3595906365
-0.3876487831
-0.3864432778
-0.3865973364
-0.3800792489
-0.3676598697
-0.3802783365
-0.3876658716
-0.3864543404
-0.3865966284
-0.3395372968
-0.3595906365
-0.3382864645
-0.3595832648
-0.3395461868
-0.3382685834
-0.3579351706
-0.3578918541
-0.3591097873
-0.3579372127
-0.357893508
-0.3591111614
-0.3551971033
-0.3537160809
-0.3519771691
-0.3551992141
-0.3537180956
-0.3519791457
)
;
    }
    procBoundary0to2
    {
        type            processor;
        value           nonuniform List<scalar> 
75
(
0.0919456386
0.09223523887
0.09294842386
0.09410878468
0.09571104416
0.09778753275
0.1004063147
0.1036554013
0.1076431774
0.1125099339
0.1184415508
0.1256855001
0.1345734084
0.1455569554
0.1592563116
0.1765557673
0.1986572614
0.2274862427
0.2649514988
0.3089590144
0.3636155301
0.4669182625
0.5804840666
0.5804530745
0.5557992039
0.4668936161
0.5557784425
0.5829184473
0.5914100647
0.5905476375
0.5829114192
0.591387033
0.5905408675
0.4367411902
0.3636013523
0.4367151896
0.4969377347
0.4711273502
0.4991675533
0.5569616865
0.5272099194
0.5285740165
0.4711240162
0.4969299623
0.4991653497
0.5569555111
0.5271971363
0.5285695944
0.3385231274
0.3089612044
0.3385231755
0.3734792127
0.3717658104
0.4120645948
0.4462389963
0.404351049
0.4278772244
0.3717660707
0.3734764666
0.412064045
0.4462333445
0.4043463363
0.4278744053
0.6164481207
0.6226841332
0.6283487081
0.6119757503
0.6157847842
0.6165224152
0.616425529
0.6226611074
0.6283252222
0.611968509
0.615777431
0.6165150718
)
;
    }
}


// ************************************************************************* //
