/*--------------------------------*- C++ -*----------------------------------*\
| =========                 |                                                 |
| \\      /  F ield         | OpenFOAM: The Open Source CFD Toolbox           |
|  \\    /   O peration     | Version:                                        |
|   \\  /    A nd           | Website:  www.openfoam.com                      |
|    \\/     M anipulation  |                                                 |
\*---------------------------------------------------------------------------*/
FoamFile
{
    version     2.0;
    format      ascii;
    class       surfaceScalarField;
    location    "1";
    object      phi;
}
// * * * * * * * * * * * * * * * * * * * * * * * * * * * * * * * * * * * * * //

dimensions      [0 3 -1 0 0 0 0];
oriented        oriented;


internalField   nonuniform List<scalar> 
5191
(
0.02068245141
7.278155229e-06
0.02066886498
1.358641173e-05
0.02064986965
1.899532738e-05
0.02062614638
2.372326664e-05
0.02059842499
2.772138321e-05
0.02056748973
3.093526343e-05
0.02053414107
3.334865047e-05
0.02049916069
3.498037745e-05
0.02046328217
3.587851021e-05
0.02042718601
3.609616027e-05
0.02039175762
3.542837809e-05
0.02035941828
3.233933075e-05
0.02033213897
2.72793033e-05
0.02028335578
4.878318001e-05
0.02021527772
6.80780616e-05
0.02014698621
6.829150016e-05
0.02008303754
6.394865516e-05
0.02002413125
5.890628745e-05
0.01997017106
5.396018569e-05
0.01992087033
4.930073417e-05
0.01987589128
4.497904536e-05
0.01983489076
4.100051332e-05
0.01979753601
3.735474658e-05
0.01976350918
3.40268291e-05
0.01973251157
3.099760827e-05
0.01970426488
2.824668537e-05
0.01967851274
2.575214632e-05
0.01965502037
2.349236166e-05
0.01963357309
2.144728202e-05
0.01961397555
1.959753994e-05
0.01959605025
1.792530082e-05
0.01957963619
1.641406143e-05
0.01956458798
1.504821416e-05
0.019550774
1.381397585e-05
0.01953807573
1.269827617e-05
0.0195263862
1.16895204e-05
0.01951560918
1.077701938e-05
0.01950565828
9.950902927e-06
0.01949645535
9.202925767e-06
0.01948793059
8.524753207e-06
0.01948002105
7.909540648e-06
0.01947266999
7.35105597e-06
0.01946582687
6.8431234e-06
0.01948128358
-1.545671856e-05
0.01949753792
-1.625433835e-05
0.01951400481
-1.646689293e-05
0.01953066378
-1.665896714e-05
0.01954749643
-1.683264594e-05
0.01956448601
-1.698958028e-05
0.01958161751
-1.71315024e-05
0.0195988771
-1.725959486e-05
0.01961625226
-1.737515575e-05
0.01963373141
-1.747915459e-05
0.0196513039
-1.757249469e-05
0.01966895977
-1.765586779e-05
0.01968668938
-1.772961555e-05
0.01970457679
-1.788740548e-05
0.0197224209
-1.784410721e-05
0.01974031115
-1.789025137e-05
0.01975823761
-1.792646358e-05
0.01977618924
-1.795163518e-05
0.01979415337
-1.796413177e-05
0.01981211406
-1.796068318e-05
0.01983021314
-1.809908204e-05
0.01984925273
-1.903958594e-05
0.01986701494
-1.776221357e-05
0.01988447962
-1.746467958e-05
0.01990168294
-1.720332285e-05
0.01991843565
-1.675270083e-05
0.01993436828
-1.593263363e-05
0.01994869457
-1.432628129e-05
0.01995969441
-1.099984694e-05
-4.731253366e-06
0.02068839834
1.483590727e-05
0.02067438565
2.759908679e-05
0.02065483531
3.854566149e-05
0.02063045921
4.809935936e-05
0.02060202538
5.615520307e-05
0.02057035963
6.260100275e-05
0.02053630062
6.74076571e-05
0.02050066035
7.062063715e-05
0.02046420163
7.233722374e-05
0.02042783387
7.24639016e-05
0.02039420821
6.905403162e-05
0.02037087691
5.567061643e-05
0.02034096946
5.718673571e-05
0.02031545466
7.429797096e-05
0.02029459373
8.893898232e-05
0.0202718887
9.099651279e-05
0.02024826832
8.756903061e-05
0.02022505235
8.212224851e-05
0.02020296197
7.605055426e-05
0.02018232582
6.993687574e-05
0.02016327115
6.403371613e-05
0.02014581829
5.845337381e-05
0.0201299279
5.324512642e-05
0.02011552873
4.842599735e-05
0.0201025309
4.399543098e-05
0.02009083654
3.994103717e-05
0.02008034375
3.624493545e-05
0.02007095155
3.288456212e-05
0.02006256187
2.983696064e-05
0.02005508165
2.707776196e-05
0.02004842303
2.458391439e-05
0.02004250475
2.233234334e-05
0.02003725135
2.03016187e-05
0.0200325939
1.847142173e-05
0.02002846945
1.682272877e-05
0.02002482083
1.533813621e-05
0.02002159632
1.400152593e-05
0.02001874911
1.279810725e-05
0.0200162376
1.171442997e-05
0.02001402401
1.073834517e-05
0.02001207457
9.858972457e-06
0.02001035948
9.06614682e-06
0.02000941528
7.787325685e-06
0.02000870038
-1.474182324e-05
0.02000759007
-1.514403442e-05
0.02000662763
-1.550444497e-05
0.02000579658
-1.582791436e-05
0.02000508193
-1.61179952e-05
0.02000447089
-1.637854591e-05
0.02000395198
-1.661259758e-05
0.02000364267
-1.695028602e-05
0.02000327394
-1.700642896e-05
0.02000297124
-1.717645749e-05
0.02000272851
-1.732977261e-05
0.02000254033
-1.746768106e-05
0.02000270254
-1.789182865e-05
0.02000478266
-1.996752413e-05
0.02000484332
-1.79047705e-05
0.02000467173
-1.771865696e-05
0.02000454398
-1.77987247e-05
0.0200044617
-1.786935267e-05
0.02000442875
-1.793118154e-05
0.02000463425
-1.816618001e-05
0.02000721876
-2.068359092e-05
0.02001645132
-2.827214929e-05
0.02001737415
-1.868504657e-05
0.02001618906
-1.627958292e-05
0.02001509607
-1.611032491e-05
0.02001436291
-1.601953628e-05
0.02001423613
-1.580585312e-05
0.02001517955
-1.526970497e-05
0.0200177943
-1.361459805e-05
-7.146021823e-06
0.02070036085
2.300488025e-05
0.02068540312
4.255680373e-05
0.0206646406
5.930817844e-05
0.02063886442
7.387554386e-05
0.02060892509
8.609452146e-05
0.02057572654
9.57995436e-05
0.0205401765
0.000102957698
0.02050314315
0.0001076539812
0.02046551535
0.0001099650171
0.02042889372
0.0001090855213
0.02039737769
0.000100570051
0.02037198719
8.106110589e-05
0.02033654936
9.262456032e-05
0.02030585939
0.0001049879307
0.02028197785
0.0001128205189
0.02025932494
0.0001136494124
0.02023683295
0.0001100610126
0.02021489021
0.0001040649699
0.02019395303
9.698772525e-05
0.02017431578
8.957411753e-05
0.02015612516
8.222432823e-05
0.02013942616
7.515237577e-05
0.0201241999
6.847138255e-05
0.02011038965
6.223623245e-05
0.02009791726
5.646781584e-05
0.02008669292
5.116537269e-05
0.02007662203
4.631582178e-05
0.02006760885
4.189773542e-05
0.02005956013
3.788567904e-05
0.02005238642
3.425147116e-05
0.02004600349
3.096684916e-05
0.02004033274
2.800309567e-05
0.02003530157
2.533279011e-05
0.02003084361
2.292938468e-05
0.02002689797
2.076836936e-05
0.02002340944
1.882665824e-05
0.02002032841
1.708255659e-05
0.02001760987
1.551664526e-05
0.02001521321
1.41110864e-05
0.02001310233
1.284922426e-05
0.02001124492
1.171637851e-05
0.02000961194
1.069912797e-05
0.02000930508
8.09418559e-06
0.02000804769
-1.348443318e-05
0.02000695087
-1.404721407e-05
0.02000615235
-1.470592835e-05
0.02000531713
-1.499269448e-05
0.02000459299
-1.539385057e-05
0.02000396691
-1.575247264e-05
0.02000383281
-1.647849876e-05
0.0200063563
-1.947378305e-05
0.0200061718
-1.682192853e-05
0.02000566889
-1.667355295e-05
0.02000521918
-1.68800606e-05
0.02000514365
-1.739214643e-05
0.02000948506
-2.223324496e-05
0.02002746812
-3.795058276e-05
0.02003016848
-2.060513686e-05
0.0200284441
-1.599427614e-05
0.02002645885
-1.581347291e-05
0.02002449967
-1.591017161e-05
0.02002264313
-1.607464699e-05
0.02002224925
-1.777229836e-05
0.02003096457
-2.939890923e-05
0.02005798633
-5.529391594e-05
0.02006149056
-2.218926598e-05
0.02005429793
-9.086951283e-06
0.02004583798
-7.650371494e-06
0.0200374529
-7.634452741e-06
0.02002931625
-7.669205573e-06
0.02002174467
-7.698125949e-06
0.02001582125
-7.691177519e-06
-7.809022128e-06
0.0207187215
3.215091372e-05
0.02070225995
5.901834666e-05
0.02067956963
8.199849262e-05
0.02065156677
0.0001018784072
0.02061923631
0.0001184249701
0.02058361081
0.0001314250465
0.02054570982
0.0001408586814
0.02050661089
0.0001467529078
0.02046860804
0.0001479678575
0.02043790694
0.0001397866184
0.02041655518
0.0001219217989
0.02037448282
0.0001231334618
0.02033186862
0.0001352387501
0.02029911679
0.0001377397589
0.02027226559
0.0001396717076
0.02024813147
0.000137783527
0.02022547161
0.0001327208649
0.02020399973
0.0001255368422
0.02018378143
0.0001172060171
0.0201649342
0.0001084213407
0.0201475308
9.962772187e-05
0.02013158608
9.109708882e-05
0.02011706952
8.29879354e-05
0.02010392022
7.538552986e-05
0.02009205924
6.83287979e-05
0.02008139765
6.182696347e-05
0.02007184268
5.587078971e-05
0.02006330112
5.043929822e-05
0.02005568207
4.550472398e-05
0.02004889872
4.103481639e-05
0.02004286959
3.699597688e-05
0.02003751888
3.335380016e-05
0.02003277668
3.007498797e-05
0.02002857879
2.712726884e-05
0.0200248672
2.447995925e-05
0.02002158905
2.210480005e-05
0.02001869648
1.997513404e-05
0.02001614677
1.806634901e-05
0.02001390141
1.635644703e-05
0.02001192591
1.482472509e-05
0.02001018954
1.345275247e-05
0.0200088381
1.205056434e-05
0.02000881175
8.120540829e-06
0.02000759977
-1.227246012e-05
0.02000703361
-1.348104987e-05
0.02000977834
-1.745067089e-05
0.02000926957
-1.448392255e-05
0.02000840043
-1.452471443e-05
0.0200080587
-1.54107473e-05
0.02001372823
-2.214803014e-05
0.02003838413
-4.412968532e-05
0.02004259028
-2.102808454e-05
0.02004073885
-1.482212442e-05
0.02003866218
-1.480338766e-05
0.02003921868
-1.794863783e-05
0.0200572396
-4.025416677e-05
0.02011439958
-9.511057239e-05
0.02012960277
-3.580832261e-05
0.0201237271
-1.011860732e-05
0.02011500803
-7.094406311e-06
0.02010617191
-7.074052337e-06
0.02009726601
-7.168750691e-06
0.02008699556
-7.501849149e-06
0.02006858622
-1.098956346e-05
0.02003476427
-2.147196304e-05
0.02002085109
-8.276088314e-06
0.02001676651
-5.002369366e-06
0.02001397527
-4.859127443e-06
0.02001124242
-4.901599898e-06
0.02000851336
-4.940151686e-06
0.02000579107
-4.975838585e-06
0.02000310009
-5.000198667e-06
-5.05431476e-06
0.02074400458
4.270903424e-05
0.02072537295
7.764996595e-05
0.02069991125
0.0001074601939
0.02066872464
0.0001330650172
0.02063299612
0.0001541534844
0.02059394484
0.0001704763214
0.02055283692
0.0001819665942
0.02051217765
0.0001874121699
0.02048118136
0.00017896415
0.02046199849
0.0001589694741
0.02042000503
0.0001639152557
0.02036554909
0.0001775893971
0.02032494583
0.0001758420023
0.02029145332
0.0001712322687
0.02026259049
0.0001685345319
0.0202369822
0.0001633918097
0.02021369589
0.0001560071765
0.02019224722
0.0001469855023
0.02017244805
0.0001370051855
0.02015423067
0.0001266387109
0.02013755363
0.0001163047548
0.02012236649
0.0001062842255
0.02010860265
9.675177141e-05
0.02009618169
8.780648301e-05
0.02008501341
7.949707895e-05
0.02007500302
7.183734534e-05
0.02006605438
6.481942666e-05
0.0200580732
5.842047511e-05
0.02005096917
5.260874782e-05
0.0200446569
4.73470866e-05
0.02003905688
4.259599621e-05
0.02003409569
3.831498061e-05
0.02002970608
3.44646006e-05
0.02002582666
3.100668973e-05
0.0200224018
2.790482146e-05
0.02001938136
2.512523713e-05
0.02001672041
2.263608254e-05
0.02001454678
2.023997759e-05
0.02001248882
1.84144086e-05
0.020010681
1.663254369e-05
0.02000962059
1.451315755e-05
0.02001234069
9.330471697e-06
0.02001331299
7.148241091e-06
0.02001254192
-1.150139196e-05
0.02001914313
-2.008227197e-05
0.02004922065
-4.752818823e-05
0.0200545591
-1.982238076e-05
0.020052674
-1.263961472e-05
0.02005383445
-1.657120173e-05
0.0200787569
-4.707048277e-05
0.02015851203
-0.0001238848216
0.02018246857
-4.498461817e-05
0.02017762065
-9.974205485e-06
0.0201686839
-5.866640692e-06
0.02015712022
-6.384957358e-06
0.02012995542
-1.308936253e-05
0.02006975636
-3.491151764e-05
0.02004480415
-1.085611089e-05
0.02003910507
-4.419533416e-06
0.0200361588
-4.148141052e-06
0.02003335387
-4.269120329e-06
0.02003056188
-4.37675732e-06
0.02002753273
-4.472699243e-06
0.02002133511
-4.791943778e-06
0.02000620279
-6.339639648e-06
0.02000257774
-4.651038161e-06
0.0200020718
-4.496430062e-06
0.0200017641
-4.55142733e-06
0.02000146381
-4.601307838e-06
0.02000116981
-4.646148633e-06
0.0200008817
-4.687734475e-06
0.02000060412
-4.72261415e-06
-4.772502966e-06
0.02077696956
5.521034683e-05
0.02075535595
9.926356983e-05
0.02072610172
0.000136714428
0.02069058435
0.0001685823826
0.02065026847
0.0001944693621
0.02060667508
0.0002140697028
0.02056182973
0.0002268119457
0.02052268448
0.0002265574077
0.02050868261
0.000192966015
0.02046365403
0.0002039980484
0.02040219987
0.0002253694004
0.02035523057
0.0002245586915
0.02031646357
0.0002146090018
0.02028184951
0.0002058463209
0.02025149875
0.0001988852848
0.02022472322
0.0001901673319
0.02020082825
0.0001799021388
0.02017930202
0.0001685117314
0.02015981674
0.0001564904597
0.0201421642
0.0001442912274
0.02012619668
0.0001322722676
0.02011179187
0.0001206890262
0.02009883632
0.0001097073135
0.02008721841
9.942438833e-05
0.02007682841
8.988707007e-05
0.02006755867
8.110709106e-05
0.02005930615
7.307193326e-05
0.02005197275
6.575387217e-05
0.02004546715
5.911435148e-05
0.02003970405
5.311018654e-05
0.02003460583
4.769420992e-05
0.02003010091
4.2819908e-05
0.02002612473
3.844077849e-05
0.02002261898
3.451244531e-05
0.02001969583
3.082796937e-05
0.02001698009
2.784097822e-05
0.02001510414
2.451203185e-05
0.02001701237
1.833174567e-05
0.02001572499
1.97017882e-05
0.02001469828
1.765924966e-05
0.02002165922
7.552221974e-06
0.02005565929
-2.466959986e-05
0.02006546275
-2.655224929e-06
0.02006750881
-1.354745574e-05
0.02009802725
-5.060071606e-05
0.02019655845
-0.0001460593877
0.02022769099
-5.095492252e-05
0.02022340648
-8.355107848e-06
0.02021094715
-4.111877948e-06
0.02017707556
-1.319889687e-05
0.02009689521
-4.370446838e-05
0.02006356088
-1.165029112e-05
0.02005656036
-2.973683715e-06
0.02005341839
-2.724677828e-06
0.02005004293
-3.009495148e-06
0.02004065639
-3.702828199e-06
0.02001266315
-6.91827581e-06
0.02000565605
-3.849013419e-06
0.0200048298
-3.593284456e-06
0.02000443111
-3.749444537e-06
0.02000404993
-3.887941352e-06
0.02000368444
-4.011268103e-06
0.02000333254
-4.120801949e-06
0.02000275914
-4.218539978e-06
0.02000079672
-4.377213737e-06
0.02000052047
-4.374791433e-06
0.02000046854
-4.444502271e-06
0.02000042436
-4.507243826e-06
0.02000038678
-4.563726658e-06
0.02000035555
-4.614919777e-06
0.02000032973
-4.66191962e-06
0.02000030836
-4.701240121e-06
-4.758292201e-06
0.02081865431
7.033561281e-05
0.02079302513
0.0001248927471
0.02075869573
0.0001710438191
0.02071743097
0.0002098471374
0.02067115928
0.0002407410493
0.02062212186
0.0002631071212
0.02057299073
0.0002759430656
0.02053294505
0.000266603074
0.02049816423
0.0002277468331
0.02044044311
0.0002617191537
0.02038899461
0.0002768178883
0.02034531749
0.000268235808
0.02030550436
0.0002544221131
0.02026967499
0.0002416756826
0.02023821561
0.0002303446559
0.02021061729
0.0002177656423
0.02018630978
0.0002042096316
0.0201647884
0.0001900330942
0.02014565434
0.0001756245168
0.0201286035
0.0001613420689
0.02011339914
0.0001474766274
0.02009984868
0.0001342394827
0.02008778599
0.0001217699946
0.02007706363
0.0001101467384
0.0200675471
9.940359164e-05
0.02005911351
8.954068057e-05
0.02005164946
8.053597255e-05
0.02004505198
7.235135311e-05
0.02003922702
6.493930503e-05
0.02003408952
5.824768712e-05
0.02002956286
5.222086644e-05
0.02002573924
4.664353225e-05
0.02002223627
4.194374087e-05
0.02001965942
3.70893057e-05
0.0200208882
2.95991842e-05
0.02001959127
2.913790714e-05
0.02002569028
1.841301671e-05
0.0200583215
-1.429948169e-05
0.02006615365
1.186963565e-05
0.02007036767
1.344523571e-05
0.02010572265
-2.780276264e-05
0.02022085571
-0.0001398026602
0.02026472665
-4.652616852e-05
0.0202569038
-5.724606226e-06
0.02021754608
-1.124299574e-05
0.02012049873
-4.901204483e-05
0.02008005387
-1.051006506e-05
0.0200718698
-1.710398403e-07
0.0200678843
-1.263805215e-07
0.02005599436
-1.308962105e-06
0.02001825122
-5.961332704e-06
0.02000861944
-2.018507483e-06
0.02000747705
-1.831297287e-06
0.02000694325
-2.190877618e-06
0.02000644304
-2.50928918e-06
0.02000553168
-2.791474238e-06
0.02000179784
-3.18442722e-06
0.02000120284
-3.254016759e-06
0.02000105983
-3.450274792e-06
0.02000093476
-3.624382076e-06
0.02000082567
-3.778849332e-06
0.02000073055
-3.916148707e-06
0.02000064794
-4.038189411e-06
0.02000057627
-4.146868493e-06
0.02000044275
-4.243691844e-06
0.02000039815
-4.330186152e-06
0.02000036136
-4.407716197e-06
0.02000033122
-4.47710479e-06
0.02000030717
-4.539679469e-06
0.02000028845
-4.596197076e-06
0.02000027467
-4.648143991e-06
0.02000026489
-4.691457897e-06
-4.754743596e-06
0.02087043628
8.896965805e-05
0.02083944808
0.0001558809456
0.02079839374
0.0002120981549
0.02074971744
0.0002585234284
0.0206971365
0.0002933219833
0.02064616163
0.0003140819821
0.02060242384
0.0003196808477
0.02057635486
0.0002926720433
0.02050133635
0.0003027653385
0.02043043865
0.0003326168459
0.02037837417
0.0003288823491
0.02033277512
0.0003138348432
0.02029135336
0.0002958438619
0.02025441253
0.0002786165045
0.02022213238
0.0002626247936
0.02019404133
0.0002458566796
0.02016960507
0.0002286458986
0.02014830781
0.0002113303573
0.02012969595
0.0001942363622
0.02011339013
0.0001776478913
0.02009907922
0.0001617875226
0.02008650612
0.0001468125807
0.02007545584
0.000132820273
0.02006574418
0.0001198583987
0.02005721165
0.0001079361114
0.02004971799
9.703433514e-05
0.02004313949
8.711447084e-05
0.02003736758
7.812326785e-05
0.02003246297
6.984390957e-05
0.02002802766
6.268299657e-05
0.02002463355
5.561497398e-05
0.02002509103
4.618605232e-05
0.02002317362
4.386114619e-05
0.02002861929
3.164363792e-05
0.02006048525
-2.266782517e-06
0.02007207019
1.755296288e-05
0.02010679936
-1.631616235e-05
0.02021937045
-0.0001268705718
0.02026426758
-3.302749774e-05
0.02026667705
1.103575922e-05
0.02023525883
3.61546458e-06
0.02013627842
-4.082225983e-05
0.02009387591
-4.123657621e-06
0.02008395246
4.198842788e-06
0.02006960229
3.107174174e-06
0.02002361705
-3.026805976e-06
0.02001170891
1.398074793e-06
0.02001022943
1.308436362e-06
0.02000951847
5.845726488e-07
0.02000826583
-5.632231591e-08
0.02000312473
-8.202383964e-07
0.02000222294
-1.116723542e-06
0.02000195236
-1.560718053e-06
0.02000171495
-1.953470963e-06
0.02000150696
-2.301300137e-06
0.02000132453
-2.609037559e-06
0.02000102186
-2.88176454e-06
0.0200008909
-3.123052749e-06
0.02000077755
-3.336928801e-06
0.02000067979
-3.526623525e-06
0.02000059573
-3.694788323e-06
0.02000052382
-3.844231877e-06
0.0200004624
-3.976773084e-06
0.02000041042
-4.094885518e-06
0.02000036675
-4.200025443e-06
0.02000033042
-4.293854054e-06
0.02000030056
-4.377859532e-06
0.02000027643
-4.452974779e-06
0.02000025748
-4.520728255e-06
0.02000024304
-4.581750984e-06
0.02000023288
-4.637991673e-06
0.020000226
-4.684579232e-06
-4.753163088e-06
0.02093412849
0.0001123262668
0.02089598379
0.0001940256472
0.020846135
0.0002619469459
0.02078923795
0.0003154204749
0.02073659224
0.0003459676836
0.02069668955
0.0003539846612
0.02066282651
0.0003535438848
0.0205806871
0.0003748114456
0.02048389046
0.0003995619751
0.02041811615
0.0003983911452
0.02036451149
0.0003824869983
0.02031641053
0.0003619357954
0.02027331895
0.0003389354313
0.02023538798
0.0003165474728
0.02020259351
0.0002954192678
0.02017440368
0.000274046497
0.02015023106
0.0002528185067
0.02012950057
0.0002320608388
0.02011169451
0.0002120424108
0.0200963688
0.0001929735901
0.02008315106
0.0001750052634
0.02007173102
0.0001582326199
0.02006184952
0.0001427017622
0.02005328906
0.0001284188571
0.02004586743
0.0001153577424
0.02003958318
0.0001033185859
0.0200339949
9.270275171e-05
0.0200296254
8.249276355e-05
0.02002920843
7.026088047e-05
0.02002659132
6.530010713e-05
0.02003134388
5.086241471e-05
0.02006226084
1.526908993e-05
0.02007328098
3.284100273e-05
0.02010725954
-2.334928208e-06
0.0202181023
-0.0001131095488
0.02025831899
-2.266372291e-05
0.0202330629
8.939926986e-06
0.02013637766
-3.018534169e-05
0.02009523349
8.116669731e-06
0.02008829586
1.797338749e-05
0.02007601974
1.589158016e-05
0.02002702236
8.17512386e-06
0.02001445644
8.44226282e-06
0.02001267094
5.984336126e-06
0.02001106106
4.717056747e-06
0.02000468052
3.35373213e-06
0.02000346719
2.611401194e-06
0.02000304206
1.733563839e-06
0.0200026694
9.572284234e-07
0.02000234247
2.706048162e-07
0.02000185887
-3.366498274e-07
0.0200016159
-8.737516957e-07
0.02000140398
-1.348803869e-06
0.02000121942
-1.768918476e-06
0.0200010588
-2.140679258e-06
0.02000091947
-2.469705861e-06
0.02000079856
-2.760850912e-06
0.0200006941
-3.018601388e-06
0.02000060422
-3.247049883e-06
0.02000052685
-3.449252149e-06
0.02000046063
-3.628568829e-06
0.02000040421
-3.787802796e-06
0.02000035658
-3.929143383e-06
0.02000031651
-4.054810313e-06
0.02000028317
-4.166686941e-06
0.02000025576
-4.266447206e-06
0.02000023358
-4.35567971e-06
0.02000021611
-4.435506739e-06
0.02000020282
-4.507439001e-06
0.02000019314
-4.572068514e-06
0.02000018682
-4.631677756e-06
0.0200001832
-4.680960802e-06
-4.753918075e-06
0.02101214496
0.0001420847924
0.02096440667
0.0002417639375
0.02090336372
0.0003229898954
0.0208383285
0.0003804556861
0.02078539047
0.0003989057115
0.02071901934
0.0004203557895
0.0206411607
0.00043140252
0.02054568863
0.0004702835103
0.02046735979
0.0004778908138
0.02040303244
0.0004627184928
0.02034588086
0.0004396385677
0.02029514664
0.0004126700178
0.02025056303
0.0003835190221
0.02021198761
0.0003551228815
0.02017913002
0.0003282768468
0.02015131608
0.0003018604293
0.02012785559
0.0002762789929
0.02010809485
0.000251821575
0.02009144802
0.0002286892399
0.02007740816
0.0002070134483
0.02006554589
0.0001868675177
0.02005550335
0.0001682751535
0.02004713731
0.0001510677983
0.02003989543
0.0001356607443
0.0200342088
0.0001210443694
0.02003271478
0.0001048125979
0.02002925366
9.616386603e-05
0.02003326593
7.848048884e-05
0.02006333123
4.019557484e-05
0.02007379594
5.48353932e-05
0.02010712326
1.753509477e-05
0.02021675918
-9.436683945e-05
0.02025645384
-6.853668793e-06
0.02023145189
2.266702398e-05
0.02013605122
-1.770888198e-05
0.02009454357
1.884393836e-05
0.02007689074
2.659275214e-05
0.02002826022
1.844517355e-05
0.0200150856
2.12912843e-05
0.02001345552
1.960346499e-05
0.02001196079
1.738630836e-05
0.02000498956
1.514635286e-05
0.02000444399
8.987829255e-06
0.02000389308
6.535245969e-06
0.02000341099
5.199141187e-06
0.02000274731
4.017416219e-06
0.02000238616
2.972553542e-06
0.02000207065
2.049067374e-06
0.02000179535
1.232528146e-06
0.02000155518
5.107665872e-07
0.02000134597
-1.274495615e-07
0.02000116395
-6.917340242e-07
0.02000100577
-1.190624571e-06
0.02000086866
-1.631810862e-06
0.0200007499
-2.021921731e-06
0.0200006473
-2.367103434e-06
0.02000055885
-2.672403455e-06
0.0200004829
-2.9426597e-06
0.02000041773
-3.181879058e-06
0.02000036238
-3.393899634e-06
0.02000031545
-3.581641341e-06
0.0200002759
-3.748251648e-06
0.02000024281
-3.896050042e-06
0.02000021557
-4.027569671e-06
0.02000019328
-4.144393073e-06
0.02000017551
-4.248681022e-06
0.02000016163
-4.3417998e-06
0.02000015126
-4.425140887e-06
0.020000144
-4.500178326e-06
0.02000013949
-4.567551068e-06
0.02000013745
-4.629644036e-06
0.02000013749
-4.680995491e-06
-4.757027284e-06
0.02110756568
0.0001805881587
0.02104686699
0.0003024626331
0.02097091548
0.0003989414048
0.02089228903
0.0004590821254
0.02081685243
0.0004743423129
0.02074446191
0.0004927463078
0.0206305822
0.0005452822345
0.02053166109
0.0005692046096
0.02045187763
0.0005576742677
0.02038225782
0.0005323383028
0.02032108489
0.0005008114931
0.02026796723
0.0004657876694
0.02022230265
0.0004291836014
0.02018358296
0.0003938425688
0.02015121241
0.0003606473866
0.0201243359
0.0003287369366
0.02010216648
0.0002984484116
0.02008387513
0.000270112917
0.02006882874
0.0002437356202
0.02005645293
0.0002193892496
0.02004626536
0.0001970550839
0.02003834813
0.00017619238
0.02003520535
0.0001542105805
0.02003049088
0.0001403752061
0.02003357498
0.0001179602667
0.02006292558
7.546199003e-05
0.02007281787
8.627156873e-05
0.02010565746
4.564090021e-05
0.02021487255
-6.901952341e-05
0.02025415292
1.555501486e-05
0.02022927141
4.241659835e-05
0.02013492616
-2.159985277e-08
0.02009374474
3.43277518e-05
0.0200761743
4.023746037e-05
0.02002792815
3.053727537e-05
0.02001481839
3.195369773e-05
0.02001238813
2.902301053e-05
0.02000539612
2.543717438e-05
0.0200039116
2.277580844e-05
0.02000333437
2.018068947e-05
0.02000283635
1.788433249e-05
0.02000217689
1.580580261e-05
0.02000269573
8.468993113e-06
0.02000232835
6.902619025e-06
0.02000200898
5.518505929e-06
0.02000173127
4.295124686e-06
0.02000148986
3.213964617e-06
0.02000128043
2.258497121e-06
0.02000109883
1.414116082e-06
0.02000094152
6.680745457e-07
0.02000080548
8.58866053e-09
0.02000068793
-5.741917931e-07
0.02000058657
-1.089264079e-06
0.02000049944
-1.544685912e-06
0.02000042466
-1.947138957e-06
0.02000036073
-2.303180906e-06
0.02000030638
-2.61805384e-06
0.02000026039
-2.896671315e-06
0.0200002216
-3.143091253e-06
0.02000018918
-3.361480127e-06
0.02000016241
-3.554870234e-06
0.02000014057
-3.726409984e-06
0.02000012303
-3.878508627e-06
0.02000010914
-4.013677791e-06
0.02000009862
-4.133868115e-06
0.02000009093
-4.241000639e-06
0.02000008583
-4.336695096e-06
0.02000008308
-4.422390357e-06
0.02000008211
-4.499203708e-06
0.02000008306
-4.568506152e-06
0.02000008547
-4.632052252e-06
0.02000008918
-4.684707472e-06
-4.762858265e-06
0.02122462524
0.0002311950212
0.02114683427
0.0003802536001
0.02105566586
0.0004901098124
0.02097173879
0.000543009195
0.02085854865
0.0005875324535
0.02073791536
0.000613379595
0.02061743065
0.0006657669456
0.02051639754
0.0006702377139
0.02042927645
0.0006447953507
0.02035351996
0.0006080947874
0.02028856335
0.0005657681184
0.02023356767
0.0005207833438
0.02018746933
0.0004752819353
0.02014937203
0.0004319398618
0.02011825142
0.0003917679977
0.02009317723
0.0003538111213
0.02007380554
0.0003178200871
0.02005770264
0.0002862158113
0.0200447769
0.0002566613482
0.02003450557
0.0002296605763
0.02002686331
0.0002046973491
0.02002820016
0.0001748555178
0.02005660254
0.000125808197
0.02006570432
0.0001312734217
0.02009797734
8.568724759e-05
0.02020654163
-3.310230455e-05
0.02024527892
4.753427854e-05
0.02022072406
7.019574726e-05
0.02013166675
2.003778687e-05
0.02009130021
5.592155251e-05
0.02007383554
5.988126383e-05
0.02002592505
4.788888589e-05
0.02001298114
4.727166041e-05
0.02001067126
4.254734101e-05
0.02000383028
3.73782607e-05
0.02000246707
3.331690783e-05
0.02000200436
2.948570988e-05
0.02000134352
2.609801809e-05
0.02000101632
2.310300594e-05
0.02000074132
2.045568223e-05
0.02000050965
1.811599814e-05
0.02000137659
1.493885804e-05
0.0200011589
8.6866827e-06
0.02000097257
7.088948288e-06
0.02000081352
5.677557929e-06
0.02000067755
4.43108681e-06
0.02000056151
3.330001364e-06
0.02000046259
2.357417682e-06
0.02000037837
1.498331431e-06
0.02000030698
7.39457274e-07
0.02000024654
6.902671845e-08
0.02000019568
-5.23335817e-07
0.02000015307
-1.046660373e-06
0.02000011758
-1.509195313e-06
0.0200000884
-1.917966549e-06
0.02000006458
-2.279362113e-06
0.02000004547
-2.598940671e-06
0.02000003031
-2.881516053e-06
0.02000001885
-3.131629686e-06
0.02000001029
-3.352919508e-06
0.0200000044
-3.548979232e-06
0.0200000007
-3.722712022e-06
0.01999999907
-3.87687471e-06
0.01999999921
-4.013820907e-06
0.02000000078
-4.135437749e-06
0.02000000365
-4.24387799e-06
0.02000000765
-4.34068979e-06
0.0200000125
-4.427236562e-06
0.02000001825
-4.504958304e-06
0.02000002469
-4.574942777e-06
0.02000003182
-4.639180277e-06
0.02000003946
-4.692348994e-06
-4.771324951e-06
0.02136866892
0.0002988910337
0.02126705136
0.0004818711579
0.02115067377
0.0006064873992
0.02103085226
0.0006628307009
0.02091131245
0.0007070722665
0.02074617538
0.0007785166566
0.02060631671
0.0008056256142
0.02049288895
0.0007836654612
0.02039628182
0.000741402491
0.02031449993
0.0006898766696
0.02024643597
0.0006338320702
0.02019047088
0.0005767484318
0.02014511493
0.0005206378908
0.02010961828
0.0004674365177
0.02008100795
0.0004203783173
0.02006029315
0.0003745259281
0.02005023529
0.0003278779444
0.02003858277
0.0002978683287
0.0200284187
0.0002668254094
0.02002087395
0.0002372053248
0.02001914614
0.0002064251514
0.02004613957
0.0001478620798
0.02014628173
2.566602873e-05
0.02018316855
9.438660059e-05
0.02016176471
0.0001070910732
0.02006812375
6.053865461e-05
0.02002753036
8.812766293e-05
0.02001953007
7.819603265e-05
0.02001048354
2.908431444e-05
0.02000767914
5.872595e-05
0.02000637113
6.118927035e-05
0.01999988699
5.437303153e-05
0.01999886559
4.829305793e-05
0.01999872681
4.26861147e-05
0.01999837006
3.773501676e-05
0.01999832513
3.336183761e-05
0.01999831084
2.949999116e-05
0.01999831855
2.60903071e-05
0.01999834179
2.307975688e-05
0.01999837614
2.042133023e-05
0.01999841847
1.807367298e-05
0.01999959686
1.376045836e-05
0.01999959032
8.693218612e-06
0.01999959064
7.088633996e-06
0.0199995958
5.672396772e-06
0.01999960474
4.422141056e-06
0.01999961642
3.318314766e-06
0.01999963016
2.343672716e-06
0.01999964525
1.483238194e-06
0.0199996613
7.234083284e-07
0.01999967801
5.231159503e-08
0.01999969505
-5.403759051e-07
0.01999971237
-1.063987688e-06
0.0199997296
-1.526423752e-06
0.01999974678
-1.935150501e-06
0.0199997637
-2.296285224e-06
0.01999978036
-2.615609977e-06
0.01999979671
-2.897859438e-06
0.01999981277
-3.147690328e-06
0.0199998284
-3.36855236e-06
0.01999984377
-3.564348717e-06
0.01999985874
-3.737689337e-06
0.01999987341
-3.891537456e-06
0.01999988754
-4.027951467e-06
0.01999990142
-4.149322061e-06
0.01999991495
-4.257404955e-06
0.01999992801
-4.353750494e-06
0.0199999409
-4.44012392e-06
0.01999995341
-4.517466791e-06
0.01999996554
-4.587068023e-06
0.01999997738
-4.651019133e-06
0.01999998883
-4.70379793e-06
-4.782585524e-06
0.02154787531
0.0003903216677
0.0214182293
0.0006115171725
0.02128140413
0.0007433125623
0.02110260272
0.0008416321125
0.02091491068
0.0008947643036
0.02073333566
0.0009600916671
0.02058234288
0.0009566183873
0.02045540462
0.0009106037191
0.02034929483
0.0008475122665
0.02026250118
0.0007766703184
0.02019370435
0.0007026289042
0.02013855259
0.0006319001956
0.02009727013
0.0005619203492
0.02007213624
0.0004925703992
0.02004966418
0.0004428503877
0.02003810411
0.0003860859883
0.02004401427
0.0003219677816
0.02004155236
0.0003003302371
0.0200352373
0.0002731404625
0.02003045768
0.000241984936
0.02002576378
0.0002111190376
0.01999513671
0.0001784891408
0.01990035076
0.0001204519799
0.01986737801
0.0001273593411
0.01988460718
8.986189649e-05
0.01984548038
9.96654478e-05
0.01983819543
9.54126089e-05
0.0198685038
4.788765915e-05
0.01995228508
-5.469696177e-05
0.01998664332
2.436771485e-05
0.01999189715
5.593544039e-05
0.01999238775
5.388242818e-05
0.01999292408
4.775672578e-05
0.01999344763
4.21625629e-05
0.01999394955
3.723309812e-05
0.0199944232
3.288818256e-05
0.01999486554
2.905764763e-05
0.01999527597
2.567987017e-05
0.01999565493
2.270079637e-05
0.01999600348
2.007277793e-05
0.019996323
1.775414831e-05
0.01999780948
1.227398359e-05
0.01999801605
8.486645773e-06
0.01999820388
6.900796296e-06
0.01999837454
5.501739067e-06
0.01999852924
4.267434954e-06
0.01999866946
3.17809623e-06
0.01999879631
2.216812958e-06
0.01999891108
1.368472563e-06
0.01999901503
6.194572322e-07
0.01999910914
-4.180383254e-08
0.01999919436
-6.256057739e-07
0.0199992715
-1.141130632e-06
0.01999934161
-1.59653994e-06
0.01999940509
-1.998629843e-06
0.01999946286
-2.354056282e-06
0.01999951539
-2.668142452e-06
0.01999956329
-2.945762542e-06
0.01999960692
-3.191319968e-06
0.01999964698
-3.408615127e-06
0.01999968344
-3.600806468e-06
0.01999971701
-3.771263677e-06
0.01999974768
-3.922213765e-06
0.01999977611
-4.056382573e-06
0.01999980222
-4.175431535e-06
0.01999982631
-4.281489716e-06
0.01999984864
-4.376083739e-06
0.01999986928
-4.460757627e-06
0.01999988845
-4.536633331e-06
0.01999990627
-4.604885343e-06
0.01999992282
-4.667571498e-06
0.01999993828
-4.719256426e-06
-4.796541482e-06
0.02177098406
0.0005166886817
0.02159530424
0.0007871969933
0.02139456917
0.0009440476201
0.02118722464
0.001048976644
0.02093106262
0.00115092632
0.02071483695
0.001176317344
0.02054129861
0.001130156736
0.02039897196
0.00105293036
0.02028550498
0.0009609792522
0.02019769362
0.0008644816625
0.02013750042
0.0007628220996
0.02008802224
0.0006813783687
0.02005694075
0.0005930018308
0.02005009381
0.0004994173537
0.02003695925
0.0004559849454
0.02002022629
0.0004028189421
0.02000896603
0.0003332280321
0.02000204448
0.0003072517861
0.01999862866
0.0002765562707
0.02000214968
0.000238463908
0.02002117318
0.0001920955346
0.02001762348
0.0001820388314
0.01998358163
0.0001544938259
0.02000667112
0.0001042698419
0.02010027078
-3.737765208e-06
0.02013282361
6.711261661e-05
0.02013486758
9.33686364e-05
0.02010613118
7.662406643e-05
0.02002047359
3.096063319e-05
0.01998794562
5.689568892e-05
0.01998477411
5.910694138e-05
0.01998596545
5.269108552e-05
0.0199872698
4.645237538e-05
0.01998846639
4.096597005e-05
0.0199895591
3.614038636e-05
0.01999055244
3.189483319e-05
0.01999145241
2.815767091e-05
0.01999226575
2.486653312e-05
0.01999299954
2.196699936e-05
0.01999366069
1.94116297e-05
0.01999425561
1.715923365e-05
0.01999604249
1.048710176e-05
0.01999646072
8.068415035e-06
0.01999683486
6.5266512e-06
0.01999716947
5.167126402e-06
0.01999746865
3.968253486e-06
0.0199977359
2.91084321e-06
0.01999797476
1.977945391e-06
0.01999818824
1.154996419e-06
0.01999837897
4.287165363e-07
0.01999854948
-2.123153795e-07
0.01999870188
-7.780096573e-07
0.01999883814
-1.277394342e-06
0.0199989601
-1.718504735e-06
0.01999906941
-2.107940108e-06
0.01999916734
-2.451986568e-06
0.01999925521
-2.75601439e-06
0.019999334
-3.02456037e-06
0.01999940488
-3.262205112e-06
0.01999946861
-3.472339935e-06
0.01999952602
-3.658226069e-06
0.0199995777
-3.822945306e-06
0.01999962453
-3.969047075e-06
0.01999966664
-4.098487621e-06
0.01999970477
-4.213566213e-06
0.01999973934
-4.316056498e-06
0.0199997707
-4.407435538e-06
0.01999979904
-4.489103471e-06
0.01999982476
-4.56234151e-06
0.01999984807
-4.628194197e-06
0.01999986925
-4.688751606e-06
0.01999988854
-4.738550707e-06
-4.813137503e-06
0.02205856551
0.0006894223351
0.02183124268
0.001014519822
0.02152899845
0.001246291854
0.02121230673
0.001365668357
0.02091507831
0.001448154757
0.02067131931
0.001420076344
0.02047496925
0.001326506785
0.02032045196
0.001207447661
0.02021078641
0.0010706448
0.02013183544
0.0009434326226
0.02009071175
0.0008039457783
0.02005171709
0.0007203730409
0.02001595882
0.0006287600943
0.01999191404
0.0005234621314
0.01997869739
0.0004692015969
0.01998224954
0.0003992667893
0.02001267194
0.0003028056207
0.02004759231
0.0002723314189
0.02005852441
0.000265624166
0.02008246383
0.000214524476
0.02014719084
0.0001273685216
0.02017199589
0.0001572337657
0.02016839036
0.0001580993531
0.02014153426
0.0001311259352
0.02006045487
7.734162244e-05
0.02002948054
9.808695252e-05
0.02002753429
9.53148838e-05
0.02002054593
8.361243231e-05
0.01998306278
6.84437876e-05
0.01997554667
6.441179581e-05
0.0199773821
5.727150475e-05
0.01997966617
5.040701536e-05
0.01998173137
4.438717592e-05
0.01998359349
3.910384744e-05
0.01998526936
3.44645124e-05
0.01998677495
3.038923439e-05
0.01998812533
2.680728904e-05
0.01998933484
2.365702311e-05
0.01999041717
2.088466461e-05
0.01999138463
1.844417521e-05
0.01999295354
1.559032035e-05
0.01999432526
9.115382081e-06
0.01999495014
7.443531095e-06
0.01999550613
5.970657019e-06
0.01999600073
4.672522649e-06
0.01999644048
3.528502179e-06
0.01999683164
2.519689641e-06
0.0199971793
1.630277248e-06
0.01999748847
8.4582811e-07
0.01999776341
1.537673802e-07
0.01999800785
-4.567530162e-07
0.01999822545
-9.956151219e-07
0.01999841922
-1.471168389e-06
0.01999859151
-1.890803503e-06
0.0199987451
-2.261526168e-06
0.01999888187
-2.588761439e-06
0.01999900379
-2.877940146e-06
0.01999911271
-3.13348457e-06
0.01999920979
-3.359284997e-06
0.01999929651
-3.559063936e-06
0.01999937411
-3.735831946e-06
0.0199994435
-3.892337593e-06
0.01999950546
-4.031011004e-06
0.01999956108
-4.154102947e-06
0.01999961093
-4.263418605e-06
0.01999965552
-4.360648077e-06
0.01999969549
-4.447393766e-06
0.01999973127
-4.524889633e-06
0.01999976329
-4.59435578e-06
0.01999979199
-4.656891591e-06
0.01999981743
-4.714186277e-06
0.01999984041
-4.761532249e-06
-4.832262258e-06
0.02241659522
0.0009400933229
0.02207050147
0.001360613572
0.02168427319
0.001632520144
0.02124622146
0.001803720081
0.02088117434
0.001813201857
0.02059686533
0.001704385368
0.02038514276
0.001538229352
0.02022811638
0.001364474045
0.02013131452
0.001167446674
0.02005119358
0.001023553563
0.01999201388
0.0008631254731
0.01995579252
0.0007565943951
0.01994630352
0.0006382490991
0.01997194402
0.0004978216231
0.02000424735
0.0004368982643
0.0200013866
0.0004021275413
0.01999277402
0.0003114181967
0.02004791818
0.0002171872591
0.02007202466
0.00024151768
0.02006067487
0.0002258742525
0.020012542
0.0001755013789
0.01999799644
0.0001717793226
0.02000072591
0.0001553698812
0.01999669292
0.0001351589281
0.0199612016
0.000112832941
0.01995626785
0.0001030206993
0.01996078135
9.080138667e-05
0.01996484038
7.955340031e-05
0.01996376049
6.952367432e-05
0.01996694718
6.122510569e-05
0.01997044185
5.377683229e-05
0.01997357938
4.726948627e-05
0.01997639056
4.157599896e-05
0.01997890478
3.658962086e-05
0.01998115031
3.221898921e-05
0.01998315414
2.838539984e-05
0.01998494092
2.502050527e-05
0.01998653313
2.206480694e-05
0.01998795097
1.94668243e-05
0.0199892132
1.718194904e-05
0.01999175812
1.304539827e-05
0.01999268603
8.187469708e-06
0.01999350942
6.620142595e-06
0.01999423969
5.240381359e-06
0.01999488733
4.024885637e-06
0.01999546175
2.954080307e-06
0.01999597103
2.010402737e-06
0.01999642263
1.178678105e-06
0.01999682332
4.451338316e-07
0.01999717861
-2.015246657e-07
0.01999749394
-7.72086962e-07
0.0199977735
-1.275180015e-06
0.01999802163
-1.719304936e-06
0.01999824202
-2.111191104e-06
0.01999843762
-2.457130634e-06
0.01999861143
-2.762579526e-06
0.01999876593
-3.03244294e-06
0.0199989031
-3.270655674e-06
0.01999902526
-3.481453913e-06
0.01999913383
-3.667634652e-06
0.01999923051
-3.832507942e-06
0.01999931651
-3.978344513e-06
0.01999939311
-4.107616632e-06
0.01999946134
-4.222334817e-06
0.01999952201
-4.324079781e-06
0.01999957609
-4.414731102e-06
0.01999962419
-4.495492743e-06
0.01999966692
-4.567610794e-06
0.01999970499
-4.632424911e-06
0.01999973857
-4.69047492e-06
0.0199997683
-4.74391761e-06
0.01999979465
-4.787879876e-06
-4.853750239e-06
0.02290037534
0.001302692382
0.02235884519
0.001902143713
0.0217677469
0.002223618436
0.0212272418
0.002344225175
0.02080627469
0.00223416898
0.02048710692
0.002023553122
0.02026893602
0.001756400263
0.02010022248
0.001533187585
0.01998348413
0.001284185029
0.01992433144
0.001082706258
0.01992419961
0.0008632573001
0.01994449866
0.0007362953365
0.01993362815
0.0006491196115
0.01992138813
0.0005100616413
0.01998240659
0.0003758798098
0.020006398
0.0003781361391
0.01997927612
0.0003385400769
0.01992650344
0.0002699599305
0.01991522769
0.0002527934189
0.01991763591
0.0002234660296
0.01990301861
0.0001901186676
0.01990747009
0.0001673278377
0.0199172962
0.0001455437694
0.01992596296
0.0001264921719
0.0199289182
0.0001098777016
0.01993591151
9.602738307e-05
0.01994285683
8.385606078e-05
0.01994908831
7.332192282e-05
0.0199544285
6.418348504e-05
0.01995941195
5.624165545e-05
0.01996385846
4.933032933e-05
0.01996782127
4.330667468e-05
0.01997134894
3.804832511e-05
0.01997448662
3.345194185e-05
0.01997727548
2.94301274e-05
0.01997975313
2.590774864e-05
0.01998195378
2.281986447e-05
0.01998390781
2.011077278e-05
0.01998564247
1.773216544e-05
0.01998718192
1.564249707e-05
0.0199900122
1.021511408e-05
0.01999115319
7.046477961e-06
0.01999216305
5.61028572e-06
0.0199930572
4.346227436e-06
0.01999384848
3.233606183e-06
0.01999454894
2.253614845e-06
0.019995169
1.390339992e-06
0.01999571807
6.296045948e-07
0.01999620413
-4.093216173e-08
0.01999663449
-6.318909297e-07
0.01999701557
-1.153172951e-06
0.01999735324
-1.612846113e-06
0.01999765238
-2.018445406e-06
0.01999791741
-2.376222775e-06
0.01999815223
-2.691960882e-06
0.01999836051
-2.970860365e-06
0.01999854508
-3.217022861e-06
0.01999870885
-3.434426296e-06
0.01999885409
-3.626690746e-06
0.01999898298
-3.796532617e-06
0.01999909728
-3.946813787e-06
0.01999919882
-4.079885292e-06
0.01999928893
-4.197724726e-06
0.01999936876
-4.30216992e-06
0.01999943973
-4.39504864e-06
0.01999950261
-4.477604345e-06
0.01999955823
-4.551120072e-06
0.01999960746
-4.616834124e-06
0.01999965092
-4.675887295e-06
0.01999968909
-4.728646496e-06
0.01999972258
-4.777406824e-06
0.01999975201
-4.817303381e-06
-4.877384483e-06
0.02348909799
0.001863151449
0.0227282969
0.002662944812
0.02187022929
0.003081686039
0.02117847613
0.003035978331
0.02067888142
0.002733763697
0.02030478111
0.002397653428
0.02004452417
0.002016657199
0.01989303995
0.001684671817
0.01983981501
0.001337409965
0.01982732176
0.00109519951
0.01980628385
0.0008842952117
0.01987039777
0.0006721814221
0.01989884532
0.0006206720652
0.019874065
0.0005348419673
0.01982306606
0.0004268787409
0.01981868255
0.0003825196506
0.01982719563
0.0003300270006
0.01981945725
0.0002776982968
0.01983221625
0.0002400344206
0.01984959773
0.0002060845447
0.0198627353
0.0001769810929
0.01987736238
0.0001527007467
0.01989092405
0.0001319821013
0.01990306979
0.0001143464303
0.01991367055
9.9276937e-05
0.01992334066
8.635726624e-05
0.01993194804
7.524868641e-05
0.01993959977
6.567018884e-05
0.01994639397
5.738929252e-05
0.01995242143
5.021419487e-05
0.01995776625
4.39855057e-05
0.01996250403
3.856889611e-05
0.01996670227
3.385009282e-05
0.01997042133
2.973287967e-05
0.01997371538
2.613608807e-05
0.01997663278
2.299034289e-05
0.01997921634
2.02363042e-05
0.01998150444
1.78226783e-05
0.01998353093
1.570566617e-05
0.01998536785
1.380558086e-05
0.019988416
7.166960077e-06
0.01998975268
5.709798806e-06
0.0199909341
4.428861599e-06
0.01999197833
3.301994011e-06
0.01999290148
2.310453462e-06
0.01999371755
1.437547691e-06
0.01999443907
6.688112034e-07
0.01999507714
-8.462834227e-09
0.01999564124
-6.050403579e-07
0.01999614023
-1.130883443e-06
0.01999658158
-1.594524806e-06
0.01999697207
-2.003336529e-06
0.01999731749
-2.363877276e-06
0.01999762318
-2.681909712e-06
0.01999789381
-2.962600332e-06
0.01999813325
-3.21030587e-06
0.01999834538
-3.429150662e-06
0.01999853314
-3.622191614e-06
0.01999869942
-3.792975717e-06
0.01999884678
-3.943889696e-06
0.01999897717
-4.077204023e-06
0.01999909269
-4.195411527e-06
0.01999919493
-4.299961552e-06
0.01999928544
-4.392689685e-06
0.01999936544
-4.475044123e-06
0.01999943615
-4.548309254e-06
0.01999949855
-4.613526156e-06
0.01999955363
-4.671907274e-06
0.01999960182
-4.72407796e-06
0.01999964429
-4.771120022e-06
0.01999968092
-4.814039807e-06
0.01999971327
-4.849648014e-06
-4.902800008e-06
0.02426818614
0.0007992691693
0.0007992099829
0.02302708376
0.0009438753383
0.001007925258
0.0009443526098
0.001007893988
0.0218352397
0.004273530094
0.02094000827
0.003931209755
0.02031663917
0.003357132807
0.01993749795
0.002776794652
0.01975231651
0.002201838635
0.01967104758
0.001765940748
0.01961959624
0.001388861324
0.01967569782
0.001039097926
0.01967650466
0.0008834883776
0.01963548858
0.000713197498
0.01964638082
0.0006097798199
0.01967187162
0.0005093511589
0.01967891372
0.0004198366413
0.01970740508
0.0003540282949
0.01973947233
0.0002979597532
0.01976565818
0.0002515124382
0.01979207616
0.0002136164373
0.01981605853
0.000182102175
0.01983719745
0.0001558421653
0.01985606866
0.0001338295218
0.01987276776
0.0001152830025
0.01988753011
9.958407278e-05
0.01990057022
8.623682546e-05
0.01991208356
7.484392489e-05
0.01992224693
6.508532265e-05
0.01993121729
5.669982939e-05
0.01993913383
4.94727531e-05
0.01994612071
4.322731842e-05
0.0199522879
3.781832191e-05
0.0199577326
3.312419932e-05
0.01996254024
2.904246007e-05
0.01996678597
2.548715141e-05
0.01997053621
2.238585116e-05
0.01997384952
1.967703145e-05
0.01997677746
1.730835988e-05
0.01997936552
1.523461306e-05
0.01998165358
1.341761129e-05
0.01998528516
1.017399472e-05
0.01998699781
5.454311465e-06
0.01998850949
4.198119314e-06
0.01998984411
3.094242059e-06
0.01999102241
2.123693779e-06
0.01999206302
1.269839633e-06
0.01999298203
5.185311611e-07
0.01999379382
-1.429845709e-07
0.01999451083
-7.254779264e-07
0.01999514434
-1.238551745e-06
0.01999570425
-1.690793245e-06
0.01999619898
-2.089260319e-06
0.01999663624
-2.440599314e-06
0.01999702272
-2.750367048e-06
0.01999736454
-3.023733497e-06
0.01999766671
-3.264766994e-06
0.01999793391
-3.477509411e-06
0.0199981701
-3.665341725e-06
0.01999837924
-3.831341134e-06
0.019998564
-3.977730368e-06
0.01999872743
-4.107321614e-06
0.01999887197
-4.221754789e-06
0.01999899969
-4.323130356e-06
0.01999911267
-4.412939043e-06
0.01999921246
-4.492487306e-06
0.01999930044
-4.563020594e-06
0.01999937807
-4.625943002e-06
0.01999944638
-4.68183567e-06
0.01999950634
-4.731868862e-06
0.0199995589
-4.776637776e-06
0.01999960461
-4.81682812e-06
0.0199996444
-4.853833617e-06
0.01999967886
-4.88410028e-06
-4.929787941e-06
-0.006256788616
0.0060544359
0.001146221547
6.514839851e-09
0.02162696499
0.001533220516
-0.005817783832
-0.005854113231
-0.005818050794
-0.005854336452
0.001461978419
0.001533533469
0.001462117008
0.02040228976
0.005155884999
0.01973298952
0.004026433043
0.01941617125
0.003093612923
0.01927274702
0.002345262866
0.01932022305
0.001718464729
0.0193459269
0.001363157474
0.01933792203
0.001047102801
0.01937672365
0.0008446867595
0.0194159239
0.0006739972497
0.01947875493
0.0005469487792
0.01954161426
0.0004464918254
0.01959427388
0.0003671770313
0.01964386541
0.0003044367677
0.0196878498
0.0002539753527
0.01972615497
0.0002132072676
0.01975976856
0.000180002841
0.01978913003
0.0001527407018
0.01981478379
0.0001301883903
0.01983720741
0.0001114058926
0.01985681957
9.567084218e-05
0.01987398472
8.241892265e-05
0.01988901863
7.120291625e-05
0.01990219572
6.166683124e-05
0.01991375442
5.352662796e-05
0.01992390121
4.655304271e-05
0.01993281473
4.055924114e-05
0.01994064966
3.539239614e-05
0.01994754092
3.09270638e-05
0.01995360591
2.705921369e-05
0.01995894655
2.370182297e-05
0.01996365166
2.078203846e-05
0.01996779886
1.82386475e-05
0.01997145593
1.601996456e-05
0.01997468229
1.408200586e-05
0.01997752964
1.238725968e-05
0.01998004355
1.090369852e-05
0.01998389721
6.320337966e-06
0.01998578281
3.568709211e-06
0.01998744558
2.535351604e-06
0.01998891215
1.627661747e-06
0.01999020598
8.298684121e-07
0.01999134745
1.283603521e-07
0.0199923549
-4.889211966e-07
0.01999324409
-1.032169744e-06
0.01999402905
-1.510440556e-06
0.01999472214
-1.931651085e-06
0.01999533404
-2.302697282e-06
0.01999587446
-2.629681149e-06
0.01999635175
-2.917898359e-06
0.01999677341
-3.172025659e-06
0.01999714581
-3.396140771e-06
0.01999747487
-3.593835901e-06
0.01999776565
-3.768290539e-06
0.01999802258
-3.922274039e-06
0.01999824946
-4.058222748e-06
0.01999845004
-4.178311494e-06
0.01999862716
-4.284439906e-06
0.01999878366
-4.378263393e-06
0.01999892181
-4.461280698e-06
0.01999904367
-4.534797579e-06
0.01999915115
-4.599968432e-06
0.01999924594
-4.657805292e-06
0.01999932922
-4.709224489e-06
0.01999940242
-4.755041508e-06
0.0199994665
-4.795950588e-06
0.01999952249
-4.832623961e-06
0.01999957118
-4.865521704e-06
0.01999961306
-4.895714215e-06
0.01999964951
-4.920544233e-06
-4.957930388e-06
-0.001586778336
-0.0003597088392
0.001543428531
0.0004027812324
2.774204588e-07
-0.005858231019
0.005532881446
0.001858548349
2.175902865e-08
0.01945144732
0.006528590006
-0.005239828265
-0.005172238545
-0.005240279984
-0.005171805538
0.01880211941
0.004675760962
0.01866903113
0.003226701191
0.01868737098
0.002326923023
0.01874785828
0.001657977445
0.0188793292
0.001231686557
0.01900645292
0.0009199790877
0.01914429837
0.0007068413177
0.01926398915
0.0005543064595
0.01936760439
0.0004433335384
0.01945500455
0.0003590916623
0.01952884488
0.000293336706
0.01959196743
0.0002413142188
0.01964596729
0.0001999754887
0.01969225004
0.0001669245136
0.01973200018
0.000140252689
0.01976622384
0.0001185170267
0.0197957621
0.0001006501273
0.01982131452
8.585346912e-05
0.01984346635
7.351900856e-05
0.01986270885
6.317642387e-05
0.01987945482
5.445693836e-05
0.01989405231
4.706935301e-05
0.01990679631
4.078263059e-05
0.01991793754
3.541181679e-05
0.0199276896
3.08071901e-05
0.01993623514
2.68468631e-05
0.01994373103
2.343117547e-05
0.01995031234
2.047790634e-05
0.01995609545
1.791870701e-05
0.01996118099
1.569650028e-05
0.01996565617
1.376347035e-05
0.01996959673
1.207940783e-05
0.01997306857
1.06101624e-05
0.01997612911
9.326722108e-06
0.01997898679
8.046016059e-06
0.01998286052
2.446610075e-06
0.01998488557
1.543655818e-06
0.01998666956
7.513626472e-07
0.01998824152
5.569401366e-08
0.01998962705
-5.556550049e-07
0.01999084847
-1.093066898e-06
0.01999192537
-1.565819058e-06
0.01999287498
-1.98178257e-06
0.01999371244
-2.347903472e-06
0.01999445105
-2.670262961e-06
0.01999510253
-2.954184605e-06
0.01999567721
-3.204370327e-06
0.01999618415
-3.424845254e-06
0.01999663134
-3.619221005e-06
0.0199970258
-3.7906033e-06
0.01999737375
-3.941787904e-06
0.01999768062
-4.075166799e-06
0.01999795123
-4.192879591e-06
0.01999818979
-4.29679033e-06
0.01999840005
-4.388569715e-06
0.01999858527
-4.46966305e-06
0.01999874837
-4.541363655e-06
0.01999889187
-4.60478388e-06
0.01999901801
-4.660943044e-06
0.01999912876
-4.710714233e-06
0.01999922584
-4.754879469e-06
0.01999931076
-4.794152674e-06
0.01999938484
-4.829120835e-06
0.01999944924
-4.860350932e-06
0.01999950495
-4.88833179e-06
0.01999955288
-4.913449971e-06
0.01999959365
-4.936485331e-06
0.01999962853
-4.955419076e-06
-4.983945291e-06
-0.00144433116
-0.0005150297869
0.0005298750131
3.891857153e-07
0.001429096748
-0.001342499954
-0.002139416831
0.004963169114
-3.021716659e-08
-0.001290720916
-0.001343627459
-0.001290063936
0.0005979293922
0.0006353350261
0.0006235400515
0.0005863857473
0.01736984107
0.001915986521
-0.004685732179
-0.004264634252
-0.004685857992
-0.004264977036
0.001613245714
0.001915813592
0.001614904583
0.01736671008
0.004678891933
0.0175623265
0.003031084786
0.01789647673
0.001992772776
0.01821961647
0.00133483772
0.01852262919
0.0009286738344
0.01877478893
0.0006678193602
0.01898204528
0.0004995849687
0.01914801542
0.0003883363085
0.01928119114
0.0003101578198
0.01938935686
0.0002509259421
0.01947858896
0.0002041046052
0.01955304355
0.0001668596314
0.0196156054
0.0001374136282
0.01966843355
0.0001140963585
0.01971324125
9.544497585e-05
0.01975141284
8.034543507e-05
0.0197840651
6.799785193e-05
0.01981209912
5.781945349e-05
0.01983624688
4.937123748e-05
0.01985710812
4.231518778e-05
0.01987517715
3.6387909e-05
0.0198908639
3.138260169e-05
0.01990451055
2.713599039e-05
0.01991640429
2.351808512e-05
0.01992678721
2.042428177e-05
0.01993586437
1.776970324e-05
0.01994381034
1.548521071e-05
0.01995077422
1.351401263e-05
0.01995688382
1.180910446e-05
0.01996224897
1.033135571e-05
0.01996696435
9.048100029e-06
0.01997111189
7.931867473e-06
0.01997476253
6.959527111e-06
0.01997797788
6.111381521e-06
0.01998252314
3.500759309e-06
0.01998486123
1.085116028e-07
0.01998690875
-5.038610392e-07
0.01998870112
-1.041009646e-06
0.01999026936
-1.512554259e-06
0.01999164056
-1.926856636e-06
0.0199928385
-2.291008102e-06
0.0199938839
-2.611225444e-06
0.01999479502
-2.892904473e-06
0.01999558791
-3.140791034e-06
0.01999627665
-3.359010406e-06
0.01999687366
-3.551199112e-06
0.0199973898
-3.720515145e-06
0.01999783466
-3.869712556e-06
0.01999821666
-4.001225277e-06
0.01999854321
-4.117161759e-06
0.01999882084
-4.219421723e-06
0.0199990553
-4.309627206e-06
0.01999925165
-4.389230868e-06
0.01999941435
-4.459491678e-06
0.01999954731
-4.521538231e-06
0.01999965401
-4.576357249e-06
0.01999973745
-4.624808968e-06
0.01999980034
-4.667680219e-06
0.01999984502
-4.705616872e-06
0.01999987356
-4.739256157e-06
0.01999988777
-4.769087537e-06
0.01999988922
-4.79560175e-06
0.01999987932
-4.819217443e-06
0.01999985927
-4.840305125e-06
0.01999983014
-4.859201717e-06
0.01999979283
-4.876144185e-06
0.01999974805
-4.891699158e-06
0.01999969897
-4.906328939e-06
-4.921865896e-06
-0.0004520272358
-0.0003240768273
3.225321223e-07
0.000209222514
0.0005665590131
-0.0007983115814
-0.0005996870585
0.0008402509478
0.0005587314398
-9.837419841e-07
-0.003408974389
0.003541647579
0.001783305092
8.234371445e-09
0.01541143932
0.003078971843
-0.00363297519
-0.003272188681
-0.003633708244
-0.003272647122
0.01652794797
0.001914576141
0.01734120109
0.00117951967
0.01792546946
0.0007505693683
0.01835329899
0.0005008443352
0.01867137455
0.0003497438254
0.01891403555
0.0002569239679
0.01910384591
0.0001985259477
0.01925542217
0.0001585815538
0.01937812209
0.0001282260206
0.01947829974
0.0001039269549
0.01956066645
8.449292086e-05
0.01962889617
6.918391352e-05
0.01968584162
5.715091067e-05
0.01973369323
4.759336598e-05
0.01977414036
3.989828753e-05
0.01980850409
3.363411774e-05
0.01983783109
2.849244311e-05
0.01986295974
2.424257687e-05
0.01988456749
2.070743065e-05
0.01990320603
1.774936827e-05
0.01991932798
1.526065676e-05
0.01993330743
1.315654723e-05
0.01994545567
1.13698654e-05
0.01995603309
9.846880126e-06
0.01996525864
8.544165649e-06
0.01997331745
7.426394001e-06
0.01998036673
6.464722092e-06
0.01998654058
5.635258752e-06
0.01999195364
4.918297625e-06
0.01999670443
4.297316979e-06
0.02000087774
3.758562268e-06
0.02000454683
3.290446071e-06
0.02000777504
2.883188685e-06
0.0200116442
-3.683871272e-07
0.02001319449
-1.441769751e-06
0.02001444252
-1.751882357e-06
0.02001542533
-2.023815311e-06
0.02001617526
-2.262488849e-06
0.02001672053
-2.472138026e-06
0.02001708592
-2.656413217e-06
0.02001729314
-2.818454363e-06
0.02001736119
-2.960956868e-06
0.02001730672
-3.086321352e-06
0.02001714436
-3.196659351e-06
0.02001688698
-3.293819225e-06
0.02001654585
-3.379396763e-06
0.02001613095
-3.454819291e-06
0.02001565101
-3.521281482e-06
0.02001511371
-3.579861978e-06
0.02001452581
-3.63152954e-06
0.02001389328
-3.677105624e-06
0.02001322136
-3.717308644e-06
0.02001251466
-3.752799456e-06
0.02001177725
-3.784124629e-06
0.02001101269
-3.811805415e-06
0.02001022416
-3.836273657e-06
0.02000941438
-3.857906848e-06
0.02000858583
-3.877064779e-06
0.0200077406
-3.89402765e-06
0.02000688059
-3.909073413e-06
0.02000600745
-3.922452414e-06
0.02000512259
-3.934359095e-06
0.02000422728
-3.945001726e-06
0.02000332261
-3.954529097e-06
0.02000240954
-3.963073008e-06
0.02000148992
-3.972076874e-06
0.02000057519
-3.991585531e-06
-3.971636882e-06
8.882538283e-05
4.471531045e-05
2.075213716e-07
-7.131050312e-05
-6.243771029e-05
-0.0001247605252
-0.0003405715543
0.0002559721513
7.03633889e-08
0.000209289571
-0.0004498710434
-0.00138385332
0.002326816316
0.0007579771308
-6.005644249e-10
-0.0003985511853
-0.0004533411567
-0.0003991761925
0.0140539232
-0.002823386355
-0.002664124111
-0.002823348636
-0.002664084747
0.01596853256
0.01714806963
0.01789864266
0.01839948722
0.01874923157
0.01900615589
0.01920468139
0.01936326184
0.01949148618
0.01959541081
0.01967990103
0.01974908165
0.01980622854
0.01985381665
0.01989370876
0.01992733623
0.01995582188
0.01998005795
0.02000075962
0.02001850428
0.02003376132
0.02004691515
0.02005828288
0.02006812795
0.0200766705
0.02008409542
0.02009055879
0.02009619272
0.02010110967
0.02010540565
0.02010916292
0.02011245219
0.02011533412
0.02011496397
0.02011352053
0.02011176701
0.02010974158
0.02010747752
0.02010500388
0.02010234603
0.02009952621
0.0200965639
0.02009347624
0.02009027823
0.02008698309
0.0200836024
0.02008014632
0.0200766238
0.02007304271
0.02006940998
0.02006573168
0.02006201321
0.02005825927
0.02005447402
0.0200506611
0.02004682373
0.02004296475
0.02003908665
0.0200351916
0.02003128151
0.02002735803
0.02002342265
0.02001947664
0.02001552112
0.02001155708
0.02000758406
0.02000359153
-0.0002039607696
1.846028227e-07
-0.0003278675082
7.961642644e-05
-0.0001514245997
-1.954931585e-05
2.175129162e-07
0.0001059329616
6.482343834e-05
-0.0002041351048
0.0004520404256
2.150022314e-07
-0.0003278221471
7.970180839e-05
-0.0001514134694
-1.956975847e-05
2.158910661e-07
0.0001059232589
6.484407652e-05
1.103458345e-07
9.712850836e-05
-0.0001598380695
-0.0001488728455
-1.710258923e-07
7.20058137e-05
7.70894331e-05
-8.884117794e-05
1.004383518e-07
9.711510229e-05
-0.0001597878311
-0.0001488776528
-1.688018683e-07
7.199432855e-05
7.709676073e-05
-0.0004892860867
-0.001431128357
0.0004757588138
3.244568772e-07
0.0007145334605
2.618480303e-07
-0.0005815497339
-0.0003372063372
-0.0004894495645
0.001444342213
3.605441977e-07
-0.001431095517
0.0004758423153
0.0007143288711
2.931334786e-07
-0.0005815806022
-0.0003371765055
-3.271829051e-07
-0.0001623504069
9.614325697e-09
4.305353582e-05
-0.0001631609614
4.291795545e-05
-4.526409155e-07
0.0001339159698
-0.0001346271324
0.0001328812115
-0.0001353513102
1.880492258e-09
-0.0002782411945
-4.784005992e-05
0.000201209611
1.111193046e-07
3.205905086e-08
4.071729094e-05
-0.0001895519068
-9.402872988e-05
-6.384612124e-05
0.0001579567392
-9.367743801e-08
4.472913056e-05
1.91639564e-07
-7.12930164e-05
-6.24689304e-05
-0.0002782652474
0.0001247517741
1.260566655e-07
-4.783057891e-05
0.0002012179985
3.266546644e-08
4.070374329e-05
-0.0001895541705
-9.402629014e-05
-9.068116244e-08
-6.38605959e-05
0.000157966317
-0.0002201284327
2.164677816e-07
1.10401848e-08
-3.935880055e-05
6.371136956e-07
0.0002201547346
-8.555762355e-05
5.376003211e-09
-8.553730501e-05
-3.926116473e-05
-3.029159631e-07
-0.0001623719556
4.303486411e-05
-0.0001632167348
4.285817535e-05
-0.0002201504025
2.333421328e-07
-3.93716544e-05
6.310751482e-07
0.0002202102263
-0.0001339537977
-8.556887076e-05
-0.0001328904457
-8.554533466e-05
-3.929312057e-05
0.0002385828344
-9.832619019e-05
-4.896123006e-07
-0.0001436550358
2.004255637e-09
3.88599997e-06
9.758714754e-05
-0.0001593252489
1.135788511e-09
-8.872695159e-05
0.000150574275
-2.927750487e-07
-0.0002386239143
0.0002014180657
3.269853794e-08
9.829978023e-05
-0.0001317290106
-0.0001264415334
3.363568656e-09
0.0002005225179
-0.000131102551
6.780402252e-10
-0.0001265168759
-0.000144454554
3.640804722e-06
-8.182838563e-05
-6.863944281e-05
-6.987983541e-09
1.042105747e-09
6.81873539e-06
7.160904354e-05
7.709644871e-05
6.562587407e-10
-0.0001488272845
-2.086345666e-07
8.208322996e-05
-0.0001415977972
3.132164045e-08
6.887984121e-05
8.195320793e-06
9.123214895e-10
-0.0001415314396
7.524569567e-10
8.503793017e-06
6.501534219e-06
-4.562423336e-07
-0.0001346616506
-0.00013536027
0.0002385931867
-9.832983424e-05
-4.891076474e-07
-0.000143658387
3.886140039e-06
9.758652e-05
-0.0001593227647
0.0001505750397
-8.873721419e-05
-2.929108195e-07
-0.0002386441389
0.0002013904952
3.831731728e-08
9.831290327e-05
-0.0001317145203
-0.0001264245307
0.0002005298864
-0.0001311032641
-0.0001265103497
-0.0001444622345
3.641895226e-06
-8.182892898e-05
-6.864067849e-05
-6.679533996e-09
6.818938209e-06
7.160643261e-05
7.709730582e-05
-0.0001488246214
-2.052899228e-07
8.208845863e-05
-0.0001416033611
3.167280476e-08
6.888284834e-05
8.196022912e-06
-0.0001415301435
8.503992806e-06
6.502396136e-06
-0.0003273704715
-0.001643015283
0.0003782409322
5.366502742e-06
0.001565381644
-0.001584876749
6.538676569e-07
-0.0004704448313
0.001586705392
-0.0003271812654
5.332079003e-06
-0.0016431324
0.0003782761993
0.001566472609
6.427760899e-07
-0.001585042138
-0.0004715228063
1.415893096e-08
-0.001530156369
-0.001561792376
-0.001510294479
-0.001586910369
-0.001541768716
0.0004749090759
0.0004623875948
0.0004837152692
0.0004516651956
1.12708625e-06
-0.0004881842581
0.001537409032
0.0005607957718
0.001400761274
-0.000514384418
-0.001443045644
-4.126979725e-06
-0.0003597611221
2.731199234e-07
0.00154337821
0.0004028151774
-0.001529948584
0.005858078657
-0.001561691643
-0.001510268381
-0.001586912311
-0.001541562204
0.0004748163467
0.0004623351333
0.0004836845177
0.0004514826123
0.000516268713
1.176267099e-06
-0.0004908247284
0.001539852366
0.000560816724
0.001400778295
-4.131198766e-06
-0.0005142892701
-0.001443174547
2.601324656e-07
0.001406352208
-0.0003960198037
0.001406996801
1.353825848e-08
-0.0003950040251
-0.001383410501
0.0006030379197
-1.3316001e-06
2.53389874e-07
-0.0004280361003
0.0008182393597
0.0005711502885
0.0009673285899
-0.0006103871134
-0.0009314747587
3.38299753e-06
4.465752526e-07
0.0005299533672
0.001430210999
0.001342649859
-1.348989315e-06
-0.00138343463
0.000602950494
0.0003239989772
2.933827331e-07
-0.0004281157414
0.0008181522812
0.0005711622457
0.000967385984
3.374781071e-06
-0.0006103860681
-0.0009315369369
-0.0007362703671
0.0005086308791
4.781894171e-07
2.46805677e-07
-1.412218244e-05
3.904137303e-05
0.0002628600801
-0.0001832130539
3.801755763e-07
-0.0003582683977
2.944409495e-07
0.0002091861972
0.0005665587673
0.0007982267309
4.943595919e-07
-0.0007362452547
0.0005086864089
2.43361543e-07
-1.415101763e-05
3.906702755e-05
0.0002628739441
3.650962512e-07
-0.000183213851
-0.0003582904425
1.149037321e-08
-0.002257825656
-0.0007465333683
-0.0008550572393
-0.0008595159738
-0.0007467277859
0.0005397235093
0.0004886198621
0.0005198884505
0.0005084423178
6.819349417e-07
-0.0004214159826
0.0003430225814
0.0003776939442
0.0005797741295
-0.0004523115906
-0.0004997672568
-5.389230048e-06
-0.0005996971904
-9.737404289e-07
0.0008402164733
0.0005586811901
-0.002257581202
0.003408739108
-0.0007465211215
-0.0008550020065
-0.0008594506939
-0.0007467033403
0.0005396975914
0.0004885924796
0.0005198414145
0.0005083992699
0.0003405863644
6.711722363e-07
-0.0004214034641
0.0003430198717
0.0003776881617
0.0005796936471
-5.386131327e-06
-0.0004522771865
-0.0004997184935
-7.057585882e-05
-6.206681153e-05
1.700153864e-09
4.412153856e-05
1.517075369e-07
-0.0001290150676
-6.888867507e-05
-0.0001286313262
-6.83098641e-05
1.685103746e-10
-3.011396135e-05
-1.168085805e-07
-0.0001034656824
5.063712144e-06
1.415529042e-09
1.561578607e-07
2.959133912e-05
-1.613375048e-05
-7.605145624e-05
-1.540448504e-05
1.164325976e-09
-7.662130067e-05
-0.0001042297437
4.689199404e-06
-0.0003780147868
0.0003085694502
-2.731752387e-06
-8.577463208e-05
-1.737048199e-07
-8.101794672e-06
0.0003076088416
-0.0001090804793
-0.0001983574927
-1.802757782e-07
8.288934534e-08
0.0002559719031
0.0002092833455
0.0004499162572
-2.733083626e-06
-0.0003780455603
0.000308550552
-1.708487088e-07
-8.577798279e-05
-8.096984058e-06
0.000307579561
-1.803205337e-07
-0.000109051095
-0.0001983557523
2.934316192e-05
0.0001390205524
-1.677704526e-07
-0.0001251491011
6.688377844e-09
-0.0003285395151
8.012516915e-05
-4.732106797e-09
-0.0002040494811
0.0004526531742
1.074802992e-07
-2.981200689e-05
-0.0001039304841
1.924806945e-07
-0.0001388354906
-2.784688973e-05
0.0002461063332
8.411678279e-09
-0.0001045529339
-2.731716498e-05
3.425906262e-09
0.0002466519361
-0.0001258973182
1.562253576e-05
-0.0001800313482
-1.036348603e-07
4.541338145e-09
0.0001052975668
6.484573069e-05
2.521369309e-09
-1.935402821e-05
7.89264568e-08
-1.521809176e-05
9.322524329e-05
2.036822148e-07
0.0001804802033
2.429508642e-09
9.367943372e-05
3.274314066e-09
2.934397983e-05
0.0001390084517
-1.57458362e-07
-0.0001251534176
-0.0003284575909
8.015155014e-05
-0.000204186497
0.0004527028279
1.08316807e-07
-2.980287448e-05
-0.0001040250005
1.780893219e-07
-0.0001388129495
-2.779843023e-05
0.0002461351016
-0.0001044946358
-2.733018873e-05
0.0002466716995
-0.000125915083
1.560740497e-05
-0.0001800322105
-9.573356948e-08
0.000105293759
6.485403719e-05
-1.935434206e-05
8.568119641e-08
-1.517143778e-05
9.321060356e-05
1.903380019e-07
0.0001804753659
9.365909538e-05
-0.0004258136327
0.001192762955
-2.982249617e-07
0.0003532723741
1.02487396e-09
3.009344808e-07
0.000426385638
-0.0004514627105
3.017920333e-07
-0.001191657684
0.0004312780846
0.00123583664
-0.001431846132
0.0004748003255
-9.791705159e-09
0.001445639793
-0.000488259727
2.731855023e-09
-0.0004503647668
0.0004311207042
-5.308230624e-10
0.001236744903
0.0003537630872
-0.0005820261654
-0.0003372953261
-5.069717575e-09
0.0007155389301
2.912434727e-07
-0.0002442093938
-0.0002443627111
8.901429212e-09
0.0008863908631
-2.979164604e-07
4.050078286e-09
3.364867736e-07
-0.0008857784265
0.0009795136903
3.102255966e-09
0.0009805496133
2.159640989e-07
0.001406368955
-0.0003958959724
0.0014070237
-0.0003949334538
-0.0004257992918
0.001192737824
-2.954750226e-07
0.0003533063987
-0.001431809228
0.0004748772161
-0.0004882459513
0.00144552872
2.903287792e-07
0.0004263557269
-0.0004513726106
2.972862377e-07
-0.001191604736
0.0004312961762
0.001235853598
-0.0004502917485
0.0004311179959
0.001236793789
0.0003538426156
-0.0005820758557
-0.0003372109075
0.0007153883454
2.292016586e-07
-0.0002442155203
-0.0002443531027
0.0008863927019
-2.800089976e-07
3.150360752e-07
-0.0008857971903
0.0009796018326
0.000980617911
-0.0001246418494
-5.285123812e-05
-7.99583885e-08
7.410620232e-05
1.161009839e-09
1.295457141e-07
0.0001242529855
-0.00018835635
4.283814803e-08
5.378403625e-05
0.0001304370783
1.694565875e-05
-4.892116085e-05
0.0002014936911
-1.487689485e-09
0.0001259746454
-0.0002784345749
1.24417472e-10
-0.0001888380682
0.0001307937693
5.483318808e-10
1.789096868e-05
7.372731533e-05
4.040825037e-05
-0.0001891356132
9.287458597e-10
3.977084642e-08
-0.0001698089487
-0.0001693939061
6.291304376e-10
-2.124296557e-06
-4.965981445e-08
-0.0001621566944
4.564326076e-10
3.809468276e-08
2.293205222e-06
-0.0001918259375
-0.0001911635543
9.233307204e-10
-0.0001628762055
-0.0001221205827
3.408198681e-05
-1.22160658e-08
3.229161195e-10
-4.674346983e-08
0.0001230119223
-5.637421884e-05
-1.118599308e-08
-3.385081877e-05
-6.408060821e-05
0.0001570848281
-6.973728084e-11
-9.310756093e-05
1.150239211e-10
-5.545428747e-05
4.818482889e-10
-7.059262627e-05
-6.206953035e-05
4.411827201e-05
1.559106408e-07
-0.0001290160931
-6.885736619e-05
-0.0001286363461
-6.83105579e-05
-3.011010138e-05
-1.158953322e-07
-0.0001034652364
5.056291905e-06
1.558597208e-07
2.958541381e-05
-1.614589285e-05
-7.606431265e-05
-1.540723283e-05
-7.661538791e-05
-0.0001042336841
4.687106185e-06
-0.0001246388322
-5.285255577e-05
-8.022781092e-08
7.410754269e-05
-4.891524273e-05
0.0002014967831
-0.0002784208981
0.0001259639161
1.387873491e-07
0.0001242594632
-0.0001883747352
3.887156987e-08
5.378233984e-05
0.0001304598938
1.693688786e-05
-0.0001888223857
0.0001307958216
1.788781175e-05
7.372788255e-05
4.040832483e-05
-0.0001891347089
4.399594809e-08
-0.0001698009717
-0.0001693877529
-2.12247208e-06
-5.079375844e-08
-0.0001621577499
3.7104332e-08
2.287609491e-06
-0.0001918326986
-0.0001911645063
-0.000162877048
-0.0001221200244
3.408225483e-05
-1.21091514e-08
-6.40828723e-05
0.000157086358
-9.31036358e-05
-4.54752991e-08
0.0001230128025
-5.636803581e-05
-1.148774284e-08
-3.385151629e-05
-5.545245611e-05
0.001018940138
-3.291750834e-08
-1.726995631e-08
0.006476147525
0.0002850847522
0.0003433965368
0.000299185269
-0.001684217741
-0.001692446664
-0.001691392015
-0.0016441707
0.001018634433
0.006256940469
0.006475797352
0.0003432383053
0.0002852931701
0.0002994454365
-0.001684327508
-0.001692507828
-0.001691363912
-0.001644139153
0.001244600074
-2.27500394e-08
0.006139670715
3.785103013e-08
0.0003689132983
0.0003739207686
0.0003801175768
1.218759097e-09
0.006055015258
0.001146284396
0.001244835675
0.006139448137
0.0003739581103
0.0003688555557
0.000380096703
-2.521410313e-06
0.001751615374
0.0003390447896
1.589522181e-09
0.00174411766
0.0003425475589
-0.0004266453594
-0.00160744613
3.218839891e-06
0.000469076557
3.719894965e-09
-6.704762356e-06
0.0004087521238
-1.446437145e-06
0.00158520854
-0.001631469672
0.0004504888254
0.001640145674
0.0004131024323
-0.001679051182
1.264005611e-09
2.76229029e-09
-0.001650018395
0.0004542338046
-5.518194e-09
0.0004554107844
0.001755050044
-1.844059596e-08
0.005419329195
1.3589686e-08
-0.00139874576
-0.001421899698
-0.001478804536
-1.069775706e-08
0.002002151406
0.005532838208
0.001858795711
0.001754656811
0.005419050267
0.002139929738
-0.001421886189
-0.001398719124
-0.001478787074
0.002001890844
3.772218695e-07
0.001262678591
0.000502655839
0.0005291656397
0.001430938261
-0.0005140613603
-1.355845012e-08
0.001263882728
0.0005024012371
3.805400841e-09
-0.000570034477
-6.090379597e-07
0.001284044922
0.0005504820448
-7.309764546e-10
5.018496692e-07
0.0005707878894
-0.0005497843408
0.00140759134
-0.0005466852239
0.001408092412
-1.555526591e-09
0.001282619863
0.0005502375756
0.002279619519
-3.1198462e-08
-0.0006179516209
0.0009860846826
-4.915279467e-07
-1.910152779e-08
-0.001006110112
-0.001033852768
-0.001144682067
-0.001058176337
0.004963480639
-0.001343754581
-0.001290527182
-0.001289829256
0.0005978524777
0.0006352638371
0.0006235891555
0.0005864743083
0.002279482294
-4.980908019e-07
-0.0006179636522
0.0009861505339
-0.001006180504
-0.001033888755
-0.001144749966
-0.001058275811
0.0002093980555
0.0005674846021
-0.0003239133039
6.356878062e-09
2.620965073e-07
0.0003557359214
9.933082611e-05
0.0003565728436
9.973766426e-05
1.583551472e-09
-0.0003333678917
-2.983301371e-07
0.0004569200739
0.0002333163101
2.687217946e-09
4.358766401e-07
0.0003333778603
-0.0004271348698
0.000659880133
-0.0004267170712
0.0006612660402
3.602914763e-09
0.000455636859
0.0002331785824
-0.0005867495065
-0.0006790516641
-1.362327671e-06
0.0005206300788
5.688931931e-11
-3.188449666e-06
0.0005825235456
-0.0005941413956
6.26260322e-07
0.0006780795996
-0.0006120563179
0.000492081889
0.000841476252
0.0005588637283
-0.0007984396911
6.530379312e-10
-0.0006028847132
-6.377208054e-10
-0.00060797705
-0.0006130895542
0.0004935232269
4.650194417e-09
0.0005125130236
0.001521937867
-1.975888809e-08
0.002893506588
-2.141832892e-09
-0.0006335004422
-0.000596132829
-0.0006846452503
-7.755771616e-09
0.001143263537
0.003541357294
0.001783203645
0.001522533885
0.002893312588
0.001383786703
-0.000596044556
-0.0006335103147
-0.0006846492682
0.00114319162
-7.918409436e-09
0.0001023243543
0.0001706013722
0.0002561317848
0.0002101299719
-0.0003402154271
-1.330498059e-09
0.0001030997758
0.0001709145694
4.821289451e-10
-0.0002886763653
8.819398599e-08
0.0001963924297
0.0001952959087
-3.97780889e-10
-7.412341856e-08
0.0002887015253
-0.0003735237427
0.0002941859134
-0.0003720456733
0.0002934296897
-4.541346527e-09
0.0001960245426
0.000195089527
0.0006466945526
-1.030870434e-09
0.002017437354
3.666518076e-10
-0.0003214491304
-0.0003081650902
-0.0003222627136
-1.183934272e-09
0.002326817347
0.0007579312305
-0.0004533884205
-0.0003985182315
-0.000399139522
0.0006466593094
0.002017433256
-0.0003081380225
-0.0003214958487
-0.0003223096656
-0.000332123379
0.001697096287
-2.407172873e-06
0.0003890446107
5.022402952e-09
9.966327151e-06
0.0003348937145
5.078426929e-07
-0.001684717886
0.0004309812958
-0.00171302698
0.0003827356175
3.215627009e-09
-1.427901121e-10
0.0004303155339
5.811828663e-09
0.0003918863021
2.935317312e-07
-0.0003828571001
0.001600358493
-0.0003816709769
0.001601173648
1.297955274e-08
-5.953876439e-07
0.001710142438
5.162726294e-09
0.001709113809
4.769608541e-07
-0.0004364579346
-0.001585852402
-0.0004693565976
-6.156344671e-09
0.001567609299
-0.0004345783342
1.177035836e-08
0.001665229005
-6.318203399e-07
1.155036643e-08
6.464190048e-07
-0.001663910332
0.001623800395
9.98639996e-09
0.001626824343
-0.0003131787645
-2.519703797e-06
0.00175164314
0.0003390149728
6.986371395e-06
0.0003177064587
0.001702775949
-0.0002786649022
0.001735955587
-0.0002856272791
0.001744188599
0.0003424713075
-0.0003321638905
0.001697108968
-2.390566953e-06
0.0003890936591
-0.001713200924
0.0003827798653
0.001678994684
9.963925461e-06
0.0003349727912
4.74231339e-07
-0.00168477367
0.0004312793282
0.001631296306
0.000430377785
0.001649991099
0.000391997153
2.732737781e-07
-0.0003828524613
0.001600419821
-0.0003817357784
0.00160125166
-5.983538791e-07
0.001710028573
0.001708970444
-0.001585924845
-0.0004695436839
0.001567859204
4.283025194e-07
-0.0004364232289
-0.0004345248734
0.001665202859
-5.939587191e-07
5.68894399e-07
-0.001663950403
0.001623138044
0.001626615828
-0.0004877009294
0.001542402099
-2.615756673e-08
-0.001595002223
0.0005021756845
-8.493740221e-06
0.001570387838
8.998023417e-09
1.631765464e-06
0.00158447321
2.831355827e-06
-0.0005077862381
0.001492579575
-1.32329395e-08
0.001500717083
6.853350249e-09
0.001523604019
0.00153239924
0.0005230627199
-1.01695403e-05
4.49407743e-09
-3.488187248e-06
-0.001447254388
9.586765608e-07
-0.000517845284
0.0005664205516
-0.0005338172909
-0.00145905365
3.857897317e-09
0.0005668404114
4.513247293e-09
7.208424026e-09
0.0005656776317
-0.0004266068494
-0.001607020322
3.215059544e-06
0.0004687241905
0.001640127688
0.0004130995137
-6.708004184e-06
0.0004086734001
-1.444723239e-06
0.001584368226
0.0004511879775
0.000454620052
0.0004546944962
-0.0004892021936
0.001543766951
0.0005144445372
-0.001593673767
0.0005009243251
-8.483190826e-06
0.001569965817
1.653308324e-06
0.001581847983
2.820035942e-06
-0.0005052809418
0.001493374508
0.0005489387729
0.001501134796
0.0005463833537
0.001522778351
0.001532353267
0.0005225899491
-1.015654406e-05
-0.0005337595439
-0.001459120538
0.0005668665607
-3.495675351e-06
-0.001447177581
9.474720505e-07
-0.0005169268468
0.0005661793346
0.0005655588879
-0.0005902052829
0.001298230727
-1.18447904e-06
0.0005771993737
4.585102291e-09
-5.270819103e-08
0.000590654123
2.322651951e-06
-0.001295791043
0.0006057854022
-0.001383505951
0.0006053852492
2.071586556e-09
6.10162952e-09
0.0006158736953
9.888441146e-10
0.000576298445
-0.0004281973891
0.0008200793337
-2.925392561e-09
3.858036562e-07
0.001053747609
0.001055142031
-2.772317589e-09
0.0004938447824
-9.737747187e-07
0.001112758293
-5.204751379e-09
7.468323169e-07
-0.0004946937918
0.0008850514366
0.0008879515297
2.357043139e-09
0.001108317625
0.001132508824
0.000560354428
-2.908735991e-06
3.146565224e-09
1.099809687e-05
-0.001120200059
0.001104600252
1.440996989e-06
-0.0005615072804
0.0005136429546
-0.0006038742542
-0.0009372380065
9.501102009e-10
0.0005676113401
0.000976882967
1.004502614e-09
0.001155505356
3.761919799e-09
0.0005125051852
0.0005291637073
0.00143124255
3.548766536e-07
0.001262821172
0.0005026309116
0.001263985517
0.0005023306793
-0.0005700005104
-6.114641706e-07
0.00128401943
0.0005505773283
5.5059611e-07
0.0005707544286
0.001407844739
0.001408174438
0.00128257485
0.0005503892872
-0.0005901981671
0.001298196285
-1.178974071e-06
0.0005772048627
-0.001383485577
0.0006052506316
-5.567222019e-08
0.0005906451275
2.322852669e-06
-0.001295724231
0.0006058246835
0.0006159415058
0.000576316771
-0.0004282523174
0.0008200256469
0.0003239054414
3.910327087e-07
0.001053725956
0.001055084532
0.0004938860882
-9.925621419e-07
0.001112763114
7.494003431e-07
-0.0004947860484
0.0008850798383
0.0004271090867
0.0008879593685
0.0004267041221
0.001108336637
0.001132524318
0.0005603500967
-2.903296162e-06
-0.0006038626226
-0.0009372784271
0.0005675988373
0.0009769179514
1.098857196e-05
-0.001120239462
0.001104689504
1.429644635e-06
-0.0005615106589
0.0005136239007
0.001155592782
0.0005124644556
-0.00043645807
0.0005429920307
-3.240410011e-07
0.0003507083854
1.768189098e-09
4.59199062e-07
0.0004367935279
5.020900263e-07
-0.000541576634
0.0004376491166
-0.0007377703704
0.0005074226493
-2.429068402e-09
1.976447802e-09
0.0004378266126
5.972727221e-10
0.0003505297009
-1.467451874e-05
3.968636575e-05
2.466658148e-09
2.029551686e-07
0.0001782309266
0.0001789470203
-1.48421272e-09
2.891101965e-07
-0.0001445397191
0.0001072405328
-0.0001448885813
0.0001082405666
2.183764556e-09
-2.815991485e-07
0.0002676533768
2.965876338e-09
0.0002665881787
2.933445702e-07
-0.0002646222077
-0.0001845472067
-0.0003584158799
1.221943911e-09
0.0002649074715
-0.000264855518
4.156430533e-09
0.00035379399
-2.903074528e-07
2.543238629e-09
5.467731181e-07
-0.0003522053752
0.000431039325
1.038490533e-09
0.0004337504693
0.0002093923565
0.0005675166906
2.569130605e-07
0.0003556732791
9.939112001e-05
0.0003565507229
9.977183641e-05
-0.0003333674786
-2.969540526e-07
0.0004569214634
0.0002332963652
4.19070983e-07
0.0003333655084
0.000659883268
0.0006612760181
0.0004556376546
0.0002331041776
-0.0004364590473
0.0005429852161
-3.219014293e-07
0.0003507189552
-0.0007377430229
0.0005074767941
0.000798356986
4.596365521e-07
0.0004368022867
4.956323114e-07
-0.0005415664208
0.0004376573347
0.0006120998635
0.0004378216682
0.0006131365735
0.0003505516139
-1.468360393e-05
3.969335878e-05
2.151160162e-07
0.0001782356028
0.0001789609489
2.702129263e-07
-0.0001445181579
0.0001072506592
-0.000144902094
0.0001082524534
-2.782699152e-07
0.000267636436
0.0002665433466
-0.0001845528229
-0.0003584239462
0.0002649222114
2.670254491e-07
-0.0002646049506
-0.000264851575
0.0003537930799
-2.867168206e-07
5.448304746e-07
-0.000352203301
0.000431025365
0.0004337366753
-0.0004208292298
0.0003462014394
1.780503985e-09
-0.0005079897943
0.0004521257796
-6.03714202e-06
0.0005825330212
-1.787424348e-09
1.546873806e-06
0.0005001583733
1.449115291e-06
-0.0004557471205
0.000423796857
1.553681047e-09
0.0004277328266
-2.169456046e-09
0.000550887159
0.0006486349782
0.0004785483402
-4.927105016e-06
3.210882492e-10
-4.224460616e-06
-0.0005929677003
-2.225680315e-06
-0.0004614346974
0.0003876899918
-0.0004796519708
-0.0005108949222
2.097138037e-10
0.0003890246486
1.763354231e-09
-1.74486221e-10
0.0003931607457
-0.0005867552091
-0.0006790599187
-1.361684284e-06
0.0005206557341
0.0008414271907
0.000558822469
-0.000602865756
-3.181230203e-06
0.0005825390139
-0.0005941433147
6.170690837e-07
0.0006780912752
0.000492072711
-0.000607960576
0.0004935208507
0.0005125652728
-0.0004208182226
0.0003462163088
0.0003401970883
-0.0005079858579
0.0004521261337
-6.037955266e-06
0.0005825516393
1.54499292e-06
0.0005001496259
1.449949214e-06
-0.0004557495828
0.0004237465903
0.0003735729151
0.0004276954933
0.0003720947364
0.0005509273668
0.0006486316971
0.000478544281
-4.926408561e-06
-0.0004796013683
-0.0005108544533
0.0003890253619
-4.224258295e-06
-0.0005929707535
-2.222766596e-06
-0.0004614294968
0.0003876803768
0.0003931624
-0.0003067237514
0.0002950469234
3.733361353e-07
0.0002076960035
-8.123630916e-11
-1.49078758e-06
0.0003053518984
-3.959899243e-07
-0.0002947926269
0.0002052068811
-0.0003783754504
0.0003113267219
4.742971101e-10
4.681921574e-10
0.0002068013159
1.55086979e-10
0.0002069571791
-9.640887541e-08
2.85489241e-05
-8.59725243e-05
-7.327252414e-06
-1.3479202e-09
2.939323708e-05
-1.90040334e-09
9.971060305e-05
1.333310499e-07
0.0001248442823
9.374108e-10
-9.206341184e-08
-9.947763127e-05
9.145120575e-05
9.22760118e-05
-1.391043557e-10
0.0001242941359
0.0002252309678
0.0001070263708
2.833135764e-07
-3.511570672e-10
-5.299620253e-07
-0.0002247927699
-1.767272664e-07
-0.0001067418402
-0.0001092399203
-0.0001991144417
1.677933932e-10
-3.246763904e-10
-2.593193803e-10
0.000256131056
0.0002101115178
-7.792233384e-09
0.0001023146658
0.0001706019129
0.0001030944072
0.0001709171399
-0.0002886783826
8.632843205e-08
0.00019639644
0.0001952896231
-6.905577189e-08
0.0002887058961
0.0002942194228
0.0002934542887
0.0001960325945
0.0001950742946
-0.0003067208422
0.0002950446835
3.732848727e-07
0.0002076992495
-0.0003784036008
0.0003113079542
-1.492724592e-06
0.0003053469701
-3.959811872e-07
-0.000294788687
0.0002052169993
0.0002068172963
0.0002069641626
-8.597001061e-05
-7.324879304e-06
-9.670312548e-08
2.855259087e-05
2.939607159e-05
9.970712408e-05
1.351375385e-07
0.0001248443653
-9.210642655e-08
-9.947004638e-05
9.145076012e-05
9.227552101e-05
0.000124291974
0.0002252349479
0.000107025096
2.832059897e-07
-0.0001092129184
-0.000199113351
-5.293411871e-07
-0.0002248005983
-1.764091972e-07
-0.000106738749
-7.78423462e-07
-0.0002453256925
-0.0002530191247
-1.030951047e-09
2.898023764e-06
-3.120682318e-09
-7.941333956e-07
-0.000245340151
-0.0002530263029
2.909780458e-06
1.058346728e-05
0.001073994558
-6.732042105e-06
-0.0006074347935
-0.0006335674976
0.001007074026
1.996198844e-10
0.001167856569
-2.19546492e-10
-0.0006414870087
-8.188669348e-10
5.230820563e-06
-3.282374359e-09
-0.0006335748262
0.001007129135
1.05750138e-05
0.001074003314
-6.738553573e-06
-0.0006074347354
0.001167856589
-0.0006414595676
5.232932618e-06
1.528240628e-06
6.00991387e-08
-9.13275681e-06
7.032055598e-11
3.511575825e-07
4.768228082e-08
-4.550807734e-06
3.252636214e-11
3.776105906e-08
-1.300101664e-06
1.45111731e-11
1.376167609e-06
-9.162458522e-06
2.811491712e-07
-4.568749381e-06
-1.30632331e-06
2.719824749e-06
-5.109195171e-06
7.529695416e-08
4.861048618e-11
6.333832123e-07
-2.520430955e-06
5.604006335e-08
2.228742141e-11
-7.077699371e-07
4.104081634e-08
9.62640633e-12
3.144543211e-06
-7.213358691e-08
5.12360964e-06
6.706899359e-07
-5.489486806e-08
2.529027807e-06
-4.023519254e-08
7.109922864e-07
3.323046878e-06
5.08088389e-11
7.47954975e-07
2.437873265e-11
1.001868687e-11
2.537975676e-06
5.542912957e-07
1.528300659e-06
6.012708541e-08
-9.133109357e-06
3.511647556e-07
4.769133327e-08
-4.551008444e-06
3.776251067e-08
-1.300180595e-06
1.37661096e-06
-9.163033676e-06
2.812633648e-07
-4.569099559e-06
-1.306433173e-06
2.719902575e-06
-5.109319457e-06
7.528627158e-08
6.333985761e-07
-2.520515129e-06
5.602986283e-08
-7.078058446e-07
4.103401763e-08
3.144839058e-06
-7.210753922e-08
5.123709094e-06
6.707629061e-07
-5.488039399e-08
2.529098105e-06
-4.022844535e-08
7.110156308e-07
3.323151889e-06
7.479819362e-07
2.538356986e-06
5.543844413e-07
)
;

boundaryField
{
    inlet
    {
        type            calculated;
        value           nonuniform 0();
    }
    outlet
    {
        type            calculated;
        value           nonuniform List<scalar> 
25
(
0.01996442566
0.02002020907
0.02001648425
0.02000034539
0.0200003223
0.02000029414
0.02000026134
0.02000022442
0.02000018396
0.0200001406
0.02000009501
0.02000004793
0.02000000009
0.01999995224
0.01999990514
0.01999985953
0.01999981614
0.01999977564
0.01999973868
0.01999970585
0.01999967765
0.01999965454
0.01999963689
0.01999962496
0.01999961896
)
;
    }
    topAndBottom
    {
        type            symmetry;
        value           uniform 0;
    }
    frontAndBack
    {
        type            empty;
        value           nonuniform 0();
    }
    cylinder
    {
        type            calculated;
        value           uniform 0;
    }
    procBoundary1to0
    {
        type            processor;
        value           nonuniform List<scalar> 
116
(
-0.02068972956
-0.02069595607
-0.0207085298
-0.0207278675
-0.02075456266
-0.02078947085
-0.02083377957
-0.02088907032
-0.02095748512
-0.02104190351
-0.02114606906
-0.02127523211
-0.02143636493
-0.02163930593
-0.02189735107
-0.02223129914
-0.02266726619
-0.02326297439
-0.02404955706
0.0006789659055
-0.006291203983
-0.006390407506
-0.006289938709
-0.006389812783
0.0006788832191
-0.006476426697
-0.0002265433239
-0.0002224680794
-0.001379469363
-0.001379536936
9.97499198e-05
1.986453428e-05
0.00010016482
-0.0001942324852
1.97510106e-05
-0.0001945443497
1.163809253e-06
2.015613667e-06
9.690934138e-05
9.647141704e-05
-1.318227969e-06
-1.078211701e-06
9.978166123e-05
1.986797519e-05
0.0001002955847
-0.0001941025747
1.976005998e-05
-0.0001945022127
9.692779575e-05
9.651993755e-05
-1.318649505e-06
-1.078170014e-06
1.164102093e-06
2.015507483e-06
-0.001613814739
-0.001748803897
-0.001613736615
-0.001380231926
0.0003684857446
-0.001119924488
0.0003688768427
-0.001119333354
-0.0004415620592
-0.0004419340625
-0.0007771873158
-0.0007765226144
-0.001380333492
0.0003684727509
-0.001119948483
0.0003688480003
-0.001119387088
-0.0004416192842
-0.0004419793437
-0.0007771553821
-0.0007764500871
-0.001716843015
-0.006476397838
-0.0002265097032
-0.0002224271656
-0.00171685816
-0.0003131958192
-0.001774944511
-0.0003177426903
-0.001702790567
0.0002787293993
-0.001771443957
-0.001735998636
-6.525369542e-10
0.0002857016733
-0.001614226131
-0.001752178406
-0.001750018748
-0.001774958059
-0.001756520042
-0.001771473157
-0.00161416307
-0.001752145857
-0.001749949945
-0.00166413028
-0.001725906615
-0.001720762715
-0.001725903958
-0.001664142356
-0.001720793435
1.148719177e-05
5.711449005e-06
1.625233291e-06
1.148844637e-05
5.712141801e-06
1.625459773e-06
1.143034527e-05
5.680176916e-06
1.613484045e-06
1.143088836e-05
5.680485536e-06
1.61359819e-06
)
;
    }
    procBoundary1to3
    {
        type            processor;
        value           nonuniform List<scalar> 
125
(
-7.503418929e-09
-3.324430986e-08
-1.744238694e-08
-3.662747699e-09
-2.286188446e-10
-5.725063741e-10
-3.758705781e-10
4.342119234e-10
1.089861918e-09
1.679423257e-09
2.331136408e-09
2.709202676e-09
3.263264548e-09
3.99183689e-09
5.218640934e-09
6.170854133e-09
6.655831898e-09
6.790708828e-09
6.514129893e-09
5.767122103e-09
4.696099068e-09
3.592654241e-09
2.705265226e-09
2.136782364e-09
1.815903987e-09
1.605029136e-09
1.452564888e-09
1.37165024e-09
1.351470436e-09
1.344389328e-09
1.313500103e-09
1.260577893e-09
1.147902696e-09
1.238942636e-09
1.733592483e-09
1.669019654e-09
1.644719726e-09
1.624280761e-09
1.581130015e-09
1.512643848e-09
1.438371116e-09
1.382210064e-09
1.349976733e-09
1.330645838e-09
1.312900173e-09
1.292739148e-09
1.270829353e-09
1.248832806e-09
1.227919158e-09
1.208531777e-09
1.190602492e-09
1.173726683e-09
1.157314605e-09
1.140774252e-09
1.123754432e-09
1.106293969e-09
1.088774336e-09
1.071784282e-09
1.055938792e-09
1.041686223e-09
1.029177088e-09
1.018220404e-09
1.00837088e-09
9.990766638e-10
9.898004486e-10
9.804027001e-10
9.708911618e-10
9.647954583e-10
9.502900065e-10
-7.028180855e-08
2.141197074e-08
2.520031773e-08
-5.1371595e-08
-4.463259969e-08
1.179815991e-08
-5.989229593e-08
1.125422464e-08
-4.989588172e-08
-1.705418557e-08
-1.621988259e-08
-4.726261528e-08
-1.378421011e-08
-1.494866521e-08
9.387249182e-09
1.95192477e-08
7.60009108e-09
-6.877862316e-08
-5.725735522e-08
-5.918866639e-08
-7.196216002e-09
9.746384358e-09
-8.397663637e-09
-6.46393226e-08
-4.618943457e-08
-5.4641761e-08
9.398763334e-09
-3.376820129e-09
-6.903191024e-09
8.985741059e-09
2.14454882e-08
6.64914819e-09
1.986277466e-08
1.669470757e-08
1.541966285e-08
1.227189622e-08
8.806152432e-09
1.146548861e-08
1.904629956e-08
1.439563995e-08
1.448357435e-08
8.074768027e-09
1.014470448e-08
1.059753193e-08
-6.986618892e-10
-2.837442679e-10
-6.680431661e-11
-6.406302576e-10
-2.572714561e-10
-5.958039605e-11
-4.236709902e-10
-1.405466889e-10
-2.310450812e-11
-5.333875352e-10
-2.009590371e-10
-4.256164769e-11
)
;
    }
}


// ************************************************************************* //
