/*--------------------------------*- C++ -*----------------------------------*\
| =========                 |                                                 |
| \\      /  F ield         | OpenFOAM: The Open Source CFD Toolbox           |
|  \\    /   O peration     | Version:                                        |
|   \\  /    A nd           | Website:  www.openfoam.com                      |
|    \\/     M anipulation  |                                                 |
\*---------------------------------------------------------------------------*/
FoamFile
{
    version     2.0;
    format      ascii;
    class       surfaceScalarField;
    location    "9";
    object      phi;
}
// * * * * * * * * * * * * * * * * * * * * * * * * * * * * * * * * * * * * * //

dimensions      [0 3 -1 0 0 0 0];
oriented        oriented;


internalField   nonuniform List<scalar> 
5191
(
0.02165036917
-6.587220564e-05
0.02170648558
-5.61164064e-05
0.02175242834
-4.594275994e-05
0.02178760155
-3.517321499e-05
0.02181157494
-2.397338576e-05
0.02182414335
-1.256840978e-05
0.02182532262
-1.179259884e-06
0.02181538137
9.941244048e-06
0.02179476174
2.061963885e-05
0.02176411392
3.064782511e-05
0.02172456486
3.954906316e-05
0.02167911763
4.544722673e-05
0.02163050062
4.861701238e-05
0.02155126774
7.923288291e-05
0.02144489596
0.0001063717831
0.0213329646
0.000111931363
0.02122164407
0.0001113205295
0.02111302748
0.000108616595
0.02100829798
0.0001047294995
0.02090825764
0.0001000403438
0.02081337459
9.488304372e-05
0.0207237776
8.959699139e-05
0.020639283
8.449460526e-05
0.02055947221
7.981079845e-05
0.0204838115
7.566071126e-05
0.0204117787
7.203281137e-05
0.02034296523
6.881347209e-05
0.02027712704
6.583818207e-05
0.02021417935
6.294768907e-05
0.02015415092
6.002841418e-05
0.02009712047
5.703044098e-05
0.02004315981
5.3960664e-05
0.01999229879
5.08610197e-05
0.01994451356
4.778523153e-05
0.01989973393
4.477964386e-05
0.01985785816
4.187576874e-05
0.0198187683
3.908986914e-05
0.01978234076
3.642754156e-05
0.01974845086
3.388989689e-05
0.01971697528
3.147557668e-05
0.01968779133
2.918395646e-05
0.01966077628
2.701504512e-05
0.01963581052
2.496575594e-05
0.0196347964
1.014123279e-06
0.01963593451
-1.138111356e-06
0.01963856001
-2.625496906e-06
0.01964257763
-4.017617805e-06
0.01964789375
-5.316124416e-06
0.01965441691
-6.52316071e-06
0.01966205855
-7.641634876e-06
0.01967073265
-8.67409691e-06
0.01968035749
-9.624844615e-06
0.0196908537
-1.04962079e-05
0.01970214639
-1.129269207e-05
0.01971416451
-1.201811401e-05
0.01972684064
-1.26761283e-05
0.01974020436
-1.336372363e-05
0.01975400312
-1.37987617e-05
0.01976827885
-1.427573732e-05
0.01978297754
-1.469869053e-05
0.01979804744
-1.506990356e-05
0.01981343859
-1.539115215e-05
0.01982910111
-1.566251484e-05
0.01984514619
-1.604508755e-05
0.0198623484
-1.720220679e-05
0.01987846328
-1.611488133e-05
0.01989444836
-1.598508547e-05
0.01991031901
-1.587064608e-05
0.01992586686
-1.554785105e-05
0.01994070471
-1.483784473e-05
0.01995403121
-1.3326502e-05
0.0199641049
-1.007369395e-05
-3.902993444e-06
0.02166451583
-0.000132763429
0.02172146727
-0.000113067843
0.02176804916
-9.252464979e-05
0.0218036495
-7.077355215e-05
0.02182782938
-4.815327105e-05
0.021840383
-2.512201561e-05
0.02184131435
-2.110609397e-06
0.0218309359
2.031969594e-05
0.02180969963
4.185591539e-05
0.02177851672
6.183073635e-05
0.02174041602
7.764976464e-05
0.02170386212
8.200113037e-05
0.02165155888
0.0001009202584
0.02159607209
0.0001347196851
0.02153871862
0.0001637252526
0.02147382469
0.000176825291
0.02140374711
0.000181398115
0.02133128511
0.0001810785902
0.02125853162
0.0001774829936
0.02118698343
0.0001715885318
0.02111764641
0.0001642200783
0.0210510776
0.0001561658016
0.02098743848
0.0001481337373
0.02092659278
0.0001406565004
0.02086823697
0.0001340165273
0.02081204078
0.0001282289933
0.02075775645
0.0001230977975
0.02070527841
0.0001183162241
0.02065464361
0.0001135824802
0.02060598935
0.0001086826701
0.02055949095
0.0001035288354
0.02051530684
9.814477844e-05
0.02047354279
9.262507867e-05
0.02043424227
8.708576291e-05
0.02039739389
8.162802596e-05
0.02036294782
7.632184426e-05
0.02033083186
7.120583549e-05
0.0203009627
6.629669138e-05
0.02027325254
6.160006442e-05
0.02024761005
5.711805696e-05
0.02022394158
5.285243219e-05
0.02020215106
4.8805568e-05
0.02018270968
4.440713671e-05
0.02016500755
1.871624737e-05
0.0201483197
1.55497459e-05
0.02013311503
1.257916679e-05
0.02011929596
9.801452106e-06
0.02010676682
7.213013983e-06
0.02009543529
4.808378403e-06
0.02008521153
2.582123715e-06
0.02007613479
4.026420208e-07
0.02006786427
-1.354326231e-06
0.02006045289
-3.08482322e-06
0.02005382722
-4.66702495e-06
0.02004791754
-6.108433256e-06
0.02004295942
-7.7180067e-06
0.02004046462
-1.086892824e-05
0.02003643729
-9.771436967e-06
0.02003261778
-1.045623115e-05
0.02002923689
-1.131780099e-05
0.02002625411
-1.208713052e-05
0.02002363492
-1.277196164e-05
0.02002153368
-1.356128117e-05
0.02002206051
-1.657191134e-05
0.02002945718
-2.459888409e-05
0.02002873305
-1.539074754e-05
0.02002607004
-1.332208112e-05
0.02002364787
-1.344847544e-05
0.02002171496
-1.361493795e-05
0.02002049989
-1.362277616e-05
0.02002045168
-1.327828469e-05
0.02002214934
-1.17713556e-05
-5.499279701e-06
0.02169277152
-0.0002016875613
0.02175137793
-0.0001716742559
0.02179920913
-0.0001403558489
0.02183562368
-0.0001071880948
0.02186016446
-7.269405192e-05
0.02187262071
-3.757826839e-05
0.02187301029
-2.500189666e-06
0.02186167655
3.16534424e-05
0.02183919831
6.433415864e-05
0.02180725536
9.377368047e-05
0.02177045864
0.0001144464803
0.02173034837
0.0001221114002
0.021670446
0.0001608226236
0.02160751675
0.0001976489405
0.0215448724
0.0002263695942
0.02147785782
0.0002438398747
0.02140675556
0.0002525003727
0.02133342944
0.0002544047113
0.02125973639
0.0002511760563
0.02118717429
0.0002441506365
0.0211168035
0.0002345908735
0.02104923796
0.0002237313365
0.02098468575
0.0002126859493
0.02092304196
0.0002023002835
0.02086402067
0.0001930378217
0.02080729503
0.0001849546362
0.02075261165
0.0001777811878
0.02069985208
0.0001710758051
0.02064903795
0.0001643966073
0.02060029035
0.0001574302742
0.02055377011
0.0001500490769
0.0205096225
0.000142292387
0.02046794256
0.0001343050173
0.02042876464
0.0001262636806
0.02039206937
0.0001183232959
0.02035780005
0.0001105911689
0.02032587894
0.0001031269455
0.02029621795
9.595767643e-05
0.02026872446
8.909355925e-05
0.02024330402
8.253850104e-05
0.02021986061
7.629583579e-05
0.02019829575
7.037043363e-05
0.02017964868
6.305420215e-05
0.02016155048
3.681445515e-05
0.02014503202
3.206820003e-05
0.02013014942
2.746176693e-05
0.02011648334
2.34675353e-05
0.02010410017
1.959618032e-05
0.02009290635
1.6002205e-05
0.02008321749
1.227098702e-05
0.02007712697
6.493161071e-06
0.02006917981
6.592831216e-06
0.02006170156
4.393434481e-06
0.02005499545
2.039076255e-06
0.02004931833
-4.313087483e-07
0.02004865676
-7.056438996e-06
0.02006218524
-2.439741422e-05
0.02006089545
-8.481649743e-06
0.02005560976
-5.170536454e-06
0.02005045092
-6.158968628e-06
0.02004566428
-7.300495714e-06
0.0200412885
-8.396179356e-06
0.02003864982
-1.092260168e-05
0.02004536696
-2.328905649e-05
0.02007061275
-4.984467488e-05
0.0200725176
-1.729559273e-05
0.02006388661
-4.691097859e-06
0.02005413339
-3.695250568e-06
0.02004458166
-4.063213283e-06
0.02003538739
-4.428503592e-06
0.02002685263
-4.743525354e-06
0.02002003956
-4.958288769e-06
-5.369013827e-06
0.02173548928
-0.0002737121104
0.02179662006
-0.0002328050333
0.02184634737
-0.0001900831649
0.0218839807
-0.0001448214259
0.02190903802
-9.775137156e-05
0.02192130949
-4.984973717e-05
0.02192080556
-1.996266381e-06
0.02190808784
4.437116315e-05
0.02188523113
8.719085538e-05
0.02185887428
0.0001201305271
0.02183140722
0.0001419135343
0.02177133701
0.0001821816064
0.02170113849
0.0002310211499
0.02163301295
0.0002657744776
0.0215639679
0.000295414636
0.02149200846
0.0003157993233
0.02141731733
0.0003271915021
0.02134111236
0.0003306096811
0.02126489639
0.0003273920359
0.02119003411
0.0003190129225
0.02111755744
0.0003070675507
0.02104809234
0.0002931964344
0.02098186903
0.0002789092558
0.02091879956
0.0002653697514
0.02085860326
0.0002532341254
0.02080094548
0.0002426124286
0.0207455541
0.0002331725759
0.02069228516
0.0002243447518
0.02064113161
0.0002155501634
0.02059218662
0.0002063752583
0.02054558601
0.0001966496844
0.02050145364
0.0001864247504
0.02045986646
0.0001758921989
0.02042084324
0.0001652868898
0.02038435228
0.0001548142597
0.02035032588
0.0001446175629
0.0203186768
0.0001347760334
0.02028930942
0.0001253250601
0.02026212439
0.0001162785872
0.02023702189
0.0001076410093
0.02021390262
9.941510642e-05
0.02019283805
9.143499518e-05
0.02017470197
8.119028431e-05
0.0201568807
5.463572911e-05
0.02014113211
4.781678859e-05
0.02013004122
3.855265227e-05
0.02011693922
3.656954327e-05
0.0201046457
3.188969424e-05
0.02009396832
2.667959138e-05
0.02009031781
1.592149318e-05
0.0201066108
-9.799826612e-06
0.02010326636
9.937274993e-06
0.0200946347
1.30250978e-05
0.02008648863
1.01851427e-05
0.02008162256
4.434754527e-06
0.0200948214
-2.025528062e-05
0.02014772753
-7.730354017e-05
0.02015909527
-1.984939843e-05
0.02014978049
4.144246594e-06
0.02013799837
5.623148875e-06
0.02012643696
4.260914245e-06
0.02011510603
2.934742383e-06
0.020102676
1.507433106e-06
0.02008233917
-2.952230239e-06
0.02004679102
-1.429652808e-05
0.02003134416
-1.848729108e-06
0.02002589017
7.62886996e-07
0.02002186889
3.260303612e-07
0.02001802651
-2.208322217e-07
0.02001429148
-6.934719379e-07
0.02001065277
-1.104813002e-06
0.02000711479
-1.420309992e-06
-1.858851301e-06
0.02179316412
-0.0003500005005
0.02185775911
-0.0002974000173
0.02191007283
-0.0002423968892
0.02194934985
-0.0001840984419
0.02197507374
-0.0001234752765
0.02198703806
-6.181406029e-05
0.02198537018
-3.283850891e-07
0.02197214823
5.75931155e-05
0.02195690909
0.0001024300029
0.02194176878
0.0001352708345
0.02188996471
0.000193717594
0.02181356448
0.0002585818386
0.02174180185
0.0003027837732
0.02166869024
0.0003388860972
0.02159300072
0.0003711041521
0.02151482871
0.0003939713438
0.02143480374
0.000407216473
0.02135402
0.0004113934223
0.02127378862
0.0004076234285
0.02119535271
0.0003974488313
0.02111969137
0.0003827288998
0.02104741774
0.0003654700679
0.02097876479
0.0003475621991
0.02091364717
0.0003304873739
0.02085177651
0.000315104785
0.0207927979
0.0003015910382
0.02073640658
0.0002895639028
0.02068241863
0.0002783327035
0.02063078487
0.0002671839298
0.02058155793
0.0002556022012
0.02053483742
0.0002433701879
0.02049071641
0.0002305457601
0.02044924596
0.0002173626396
0.02041042381
0.0002041090433
0.02037420014
0.0001910379339
0.02034049188
0.0001783258259
0.02030920054
0.0001660673697
0.02028038895
0.0001541366576
0.02025361053
0.0001430570094
0.02022892697
0.0001323245649
0.02020676401
0.0001215780746
0.02019007893
0.0001081200738
0.02017325402
9.801518875e-05
0.02015618727
7.170247472e-05
0.02014794077
5.606329154e-05
0.02016455681
2.19366106e-05
0.02015762449
4.35018676e-05
0.02014462234
4.489184469e-05
0.0201357568
3.554513712e-05
0.02015168345
-5.16162882e-09
0.02022348408
-8.160045537e-05
0.02024020286
-6.781507706e-06
0.02022881942
2.440854564e-05
0.02021404029
2.49642741e-05
0.02019726681
2.120822653e-05
0.02016544928
1.156224978e-05
0.02010107669
-1.293094758e-05
0.02007244886
8.77842242e-06
0.02006350502
1.308808845e-05
0.02005767812
1.145004279e-05
0.02005231356
9.625474386e-06
0.02004724633
8.001966132e-06
0.02004219354
6.560227154e-06
0.02003419257
5.048737927e-06
0.02001744865
2.447394131e-06
0.02001239038
3.209540149e-06
0.02001060268
2.550588183e-06
0.02000914382
1.784886262e-06
0.02000780548
1.117506906e-06
0.0200065706
5.414099383e-07
0.02000542554
4.024305564e-08
0.02000435606
-3.50829912e-07
-8.709055132e-07
0.02186646787
-0.0004318467483
0.02193556464
-0.00036649678
0.02199122159
-0.000298053842
0.02203259978
-0.0002254766243
0.02205913679
-0.0001500122877
0.02207066252
-7.333979112e-05
0.02206807983
2.254295427e-06
0.02205808937
6.758357195e-05
0.02206122216
9.929721185e-05
0.02201649978
0.0001799932253
0.02194073837
0.0002694790041
0.02186824959
0.0003310706321
0.02179351891
0.0003775144564
0.02171368031
0.0004187247036
0.02163051089
0.0004542735809
0.02154503452
0.0004794477147
0.02145829265
0.0004939583516
0.0213714827
0.0004982033678
0.02128587851
0.0004932276273
0.0212026643
0.000480663043
0.02112277871
0.0004626144995
0.02104681619
0.0004414325815
0.02097500229
0.0004193761046
0.02090724186
0.000398247799
0.02084322712
0.0003791195278
0.02078256881
0.0003622493464
0.020724916
0.0003472167047
0.02067003014
0.0003332185658
0.02061780569
0.0003194083884
0.02056824091
0.0003051669813
0.02052138811
0.0002902229889
0.02047729932
0.0002746345429
0.02043599123
0.0002586707294
0.02039743495
0.0002426653274
0.02036172339
0.0002267494943
0.02032842306
0.000211626161
0.02029810083
0.0001963896089
0.02027362711
0.0001786103731
0.02024790752
0.0001687766027
0.02022433199
0.00015590009
0.02021056444
0.0001353456271
0.02022560115
9.308336554e-05
0.02021801008
0.0001056062593
0.02020415345
8.555909763e-05
0.02022027374
3.994300555e-05
0.02030598038
-6.377002423e-05
0.02032531371
2.416853252e-05
0.02031026362
5.994193382e-05
0.0202881011
5.770766066e-05
0.0202455063
4.258964144e-05
0.02015742611
6.479734119e-06
0.02011711499
3.352960789e-05
0.020103949
3.757454014e-05
0.02009532858
3.358469596e-05
0.02008708494
2.945186276e-05
0.02007336815
2.527904316e-05
0.0200415108
1.892639856e-05
0.02003110366
1.918556156e-05
0.0200272693
1.692244589e-05
0.0200242031
1.451624015e-05
0.02002145562
1.237295354e-05
0.02001899014
1.046744175e-05
0.02001677329
8.777069885e-06
0.02001454174
7.280288648e-06
0.02001110247
5.886668381e-06
0.02000950959
4.802413498e-06
0.02000828023
3.779950072e-06
0.02000717948
2.885633716e-06
0.02000618993
2.107061908e-06
0.02000529645
1.43489384e-06
0.0200044858
8.508876794e-07
0.02000373946
3.955146229e-07
-2.106084567e-07
0.02195627174
-0.0005207179005
0.02203103667
-0.0004412616972
0.02209087901
-0.0003578961845
0.02213486
-0.0002694576173
0.02216245183
-0.0001776041147
0.02217391932
-8.48072756e-05
0.02217059444
5.579176504e-06
0.02216160538
7.657263537e-05
0.02214204157
0.0001188610202
0.02208136131
0.0002406734999
0.02201237605
0.0003384642705
0.02193805914
0.000405387548
0.02185578243
0.0004597911742
0.02176750284
0.0005070043047
0.0216756085
0.000546167933
0.02158157735
0.0005734788712
0.02148679322
0.0005887424757
0.02139262368
0.0005923729116
0.02130039068
0.0005854606284
0.02121127148
0.0005697822429
0.02112618507
0.000547700903
0.02104570983
0.0005219078284
0.02097005597
0.0004950299624
0.02089910901
0.000469194752
0.02083252893
0.0004456996079
0.02076988023
0.0004248980417
0.02071075039
0.0004063465479
0.02065483219
0.0003891367609
0.02060194841
0.0003722921696
0.02055202906
0.0003550863331
0.02050506704
0.0003371850127
0.02046122569
0.0003184758976
0.02042015468
0.0002997417473
0.02038245847
0.0002803615355
0.0203509708
0.0002582371645
0.02031925222
0.0002433447475
0.02029717054
0.0002184712861
0.02030380766
0.0001719732613
0.02028757965
0.0001850046064
0.02026964881
0.0001738309344
0.02028478443
0.0001202099997
0.02038178932
-3.921525324e-06
0.02040888438
7.851120376e-05
0.02038555733
0.0001088861515
0.02033208304
9.341729184e-05
0.02022212711
4.61859054e-05
0.02017017925
7.611639478e-05
0.02015176838
7.835280545e-05
0.02013863775
7.08382865e-05
0.02011856229
6.266510712e-05
0.02007347021
5.15718105e-05
0.02005737153
4.962829373e-05
0.02005050947
4.443659429e-05
0.02004490885
3.918531918e-05
0.02003992427
3.44364386e-05
0.02003504641
3.015690469e-05
0.02002780294
2.616986222e-05
0.0200241093
2.28792071e-05
0.0200212276
1.980413441e-05
0.02001868072
1.706312775e-05
0.02001642892
1.462475062e-05
0.02001443677
1.245958597e-05
0.02001267305
1.054078588e-05
0.02001110968
8.843658112e-06
0.02000965025
7.346095264e-06
0.02000842457
6.028094743e-06
0.0200073328
4.871723471e-06
0.02000635702
3.86141085e-06
0.02000548177
2.982316501e-06
0.02000469269
2.223975469e-06
0.02000397824
1.565339158e-06
0.02000332162
1.052125251e-06
3.689617325e-07
0.02206372226
-0.0006182917588
0.02214547465
-0.0005230140751
0.02221044184
-0.0004228633664
0.02225772292
-0.0003167387024
0.02228824579
-0.0002081269796
0.02230552207
-0.0001020835523
0.02231321484
-2.11358682e-06
0.02232169658
6.809090864e-05
0.02225713384
0.0001834237698
0.02217885394
0.0003189534068
0.02210394691
0.0004133713032
0.02202058087
0.0004887535854
0.02192832393
0.0005520481183
0.02182980117
0.0006055270679
0.02172758409
0.0006483850264
0.02162351836
0.000677544609
0.021519284
0.0006929768321
0.02141643108
0.0006952258197
0.02131636373
0.0006855279767
0.02122027887
0.0006658670989
0.02112908761
0.0006388921595
0.02104334938
0.0006076460553
0.02096325184
0.0005751274992
0.02088864773
0.000543798867
0.02081915226
0.0005151950755
0.02075426887
0.0004897814395
0.02069350896
0.0004671064578
0.02063648254
0.0004461631874
0.02058308412
0.0004256905927
0.02053284356
0.0004053268983
0.0204863359
0.0003836926724
0.02044638109
0.0003584307138
0.02040670648
0.0003394163595
0.02037703632
0.0003100316933
0.02037637964
0.0002588938519
0.02035779326
0.0002619311234
0.0203647531
0.0002115114443
0.02045226411
8.446225108e-05
0.02047376403
0.0001635046954
0.02045443903
0.000193155934
0.02040307114
0.0001715778883
0.02028570025
0.0001134493621
0.02022675196
0.0001374594944
0.02020198547
0.0001336526364
0.02017422843
0.0001211743356
0.02011607843
0.0001043359041
0.02009340076
9.879406869e-05
0.0200823359
8.941766471e-05
0.02007308936
8.008483108e-05
0.0200642553
7.149916428e-05
0.02005239185
6.343526033e-05
0.02004555869
5.646145597e-05
0.02004005946
4.993582688e-05
0.02003521831
4.402646865e-05
0.02003096029
3.86944528e-05
0.02002721629
3.390090013e-05
0.02002378124
2.960491075e-05
0.02002089442
2.576602982e-05
0.02001835504
2.234351488e-05
0.02001611991
1.929825031e-05
0.02001415105
1.659361029e-05
0.02001241529
1.419533928e-05
0.02001088322
1.207285449e-05
0.02000952928
1.019760371e-05
0.0200083307
8.544669773e-06
0.02000726741
7.091384034e-06
0.02000632167
5.817469329e-06
0.02000547772
4.705352933e-06
0.02000472174
3.738300983e-06
0.020004041
2.904717751e-06
0.0200034254
2.180941217e-06
0.02000286003
1.61748864e-06
8.673855127e-07
0.02219026935
-0.0007264975673
0.02228050506
-0.0006132497803
0.02235176547
-0.0004941237588
0.02240480737
-0.0003697806014
0.02244856304
-0.00025188264
0.02248820418
-0.0001417246923
0.02251270349
-2.661289388e-05
0.02246081909
0.0001199753205
0.02237099755
0.000273245303
0.02229397873
0.0003959722278
0.02221049448
0.0004968555579
0.02211545821
0.0005837898525
0.02201099392
0.0006565124075
0.02190011453
0.0007164064595
0.02178566106
0.0007628384942
0.02166983729
0.0007933683773
0.02155460718
0.0008082069503
0.02144170266
0.0008081303324
0.02133261592
0.0007946147146
0.02122856618
0.0007699168279
0.02113045
0.0007370083423
0.02103879645
0.0006992996025
0.02095375269
0.0006601712566
0.02087512036
0.000622431199
0.02080245469
0.0005878607515
0.02073533852
0.0005568976103
0.02067287775
0.0005295672352
0.02061522964
0.000503811298
0.02056486412
0.000476056124
0.02051542892
0.0004547621022
0.02047644372
0.0004226778732
0.02046666633
0.0003682081049
0.02043982632
0.0003662563731
0.02043885754
0.0003110004703
0.02051807423
0.0001796771651
0.02052871175
0.0002512935981
0.02047585932
0.0002643638723
0.02035351943
0.0002068021457
0.02028904984
0.0002279742872
0.02026104309
0.0002211626833
0.02022957302
0.0002030479583
0.02016299404
0.0001800283337
0.02013478431
0.0001656692251
0.02011894545
0.0001494914969
0.02010472676
0.0001353930296
0.02008705847
0.0001220041944
0.02007580993
0.0001100426082
0.02006648442
9.874317849e-05
0.02005824352
8.832573601e-05
0.02005098456
7.875811688e-05
0.02004441249
7.000733254e-05
0.02003883657
6.20373807e-05
0.02003396317
5.48092226e-05
0.02002970915
4.828048524e-05
0.02002599753
4.240607926e-05
0.02002275908
3.713934689e-05
0.02001993154
3.243244789e-05
0.02001746066
2.823690611e-05
0.02001529914
2.45050372e-05
0.02001340558
2.11918019e-05
0.02001174472
1.825447165e-05
0.02001028594
1.565412221e-05
0.02000900292
1.335587116e-05
0.02000787239
1.132813078e-05
0.0200068743
9.542759448e-06
0.02000599102
7.974659445e-06
0.02000520711
6.60137774e-06
0.02000450908
5.403390131e-06
0.02000388494
4.362435538e-06
0.02000332384
3.465817138e-06
0.02000281711
2.687676962e-06
0.02000235238
2.082213879e-06
1.276285449e-06
0.02233763245
-0.0008475705526
0.02243808636
-0.0007137036881
0.02251748404
-0.0005735214353
0.02258094137
-0.0004332379317
0.02264112692
-0.0003120681886
0.02266202995
-0.0001626277188
0.02264467816
-9.261099597e-06
0.02258098473
0.0001836687472
0.02250967631
0.0003445537185
0.02242851644
0.0004771321006
0.02233215271
0.0005932192785
0.02222275366
0.0006931889036
0.02210347806
0.0007757880028
0.02197776257
0.0008421219386
0.02184882633
0.0008917747295
0.02171926584
0.0009229288755
0.02159133632
0.0009361364681
0.02146694809
0.0009325185632
0.02134766952
0.0009138932812
0.02123472375
0.0008828626008
0.02112896791
0.000842764182
0.02103087342
0.0007973940982
0.02094067256
0.0007503721142
0.02085777441
0.0007053293462
0.020782295
0.0006633401705
0.02071637799
0.0006228146229
0.02065326728
0.0005926779542
0.02060197301
0.0005551055737
0.02058072455
0.000497304593
0.02054342682
0.0004920598287
0.02053257681
0.0004335278935
0.02060214333
0.0002986415823
0.02060433098
0.0003640687205
0.02054433189
0.0003709995538
0.02041640248
0.0003076065766
0.02034519883
0.0003224972513
0.02030054747
0.0003090152234
0.02022704185
0.0002803077643
0.02019150065
0.0002635154871
0.02016964852
0.0002430148147
0.02014985299
0.0002228434886
0.02012635323
0.0002035280926
0.02011104075
0.0001809817099
0.02009724992
0.0001632823292
0.02008497475
0.0001476682021
0.02007385098
0.0001331279588
0.02006425463
0.0001196389647
0.02005582272
0.0001071750854
0.02004844519
9.57032682e-05
0.02004201548
8.518783006e-05
0.02003643216
7.559064659e-05
0.02003159868
6.687086698e-05
0.0200274239
5.898399643e-05
0.02002382278
5.188160415e-05
0.02002071697
4.551189411e-05
0.02001803633
3.981998226e-05
0.02001571916
3.47496132e-05
0.02001371226
3.024380924e-05
0.02001197003
2.624726522e-05
0.02001045453
2.27072996e-05
0.02000913323
1.957577056e-05
0.02000797882
1.680853157e-05
0.0200069681
1.43665845e-05
0.02000608144
1.221479541e-05
0.02000530154
1.032265147e-05
0.02000461386
8.662342544e-06
0.02000400548
7.209757971e-06
0.02000346534
5.943528741e-06
0.0200029837
4.844079957e-06
0.02000255184
3.897670866e-06
0.02000216271
3.076807054e-06
0.02000180661
2.438313155e-06
1.588957058e-06
0.02250798477
-0.0009840901537
0.02262061955
-0.0008263384732
0.02270982056
-0.0006627224471
0.0227826928
-0.0005061101707
0.0228373649
-0.0003667402775
0.02286699233
-0.0001922551482
0.02281805126
3.967996965e-05
0.02275293434
0.0002487856672
0.02267705002
0.0004204380276
0.02258213264
0.0005720494808
0.0224694205
0.0007059314135
0.02234254307
0.0008200663351
0.02220535124
0.0009129798185
0.02206186863
0.0009856045437
0.02191582179
0.001037821574
0.02177025873
0.001068491939
0.02162778478
0.001078610416
0.02149040732
0.001069896024
0.02135978076
0.001044519854
0.02123709267
0.001005550692
0.02112311392
0.0009567429375
0.0210187002
0.000901807819
0.02092665103
0.0008424212856
0.02084042587
0.0007915545145
0.0207690408
0.0007347252365
0.0207304082
0.0006614472274
0.02067788552
0.0006452006348
0.02065357674
0.000579414359
0.02071125847
0.0004396228703
0.02070241369
0.0005009046168
0.02063269979
0.0005032417948
0.02049676002
0.0004345813485
0.02041757297
0.0004432557722
0.02036543422
0.0004231383019
0.02028532142
0.0003877193649
0.02024350014
0.0003643185368
0.0202150238
0.0003374915573
0.02018432954
0.000311002026
0.02016140559
0.0002864394339
0.02014147669
0.0002629437202
0.02012357384
0.0002407463411
0.02010732875
0.0002197731826
0.02009401061
0.000194299846
0.0200813299
0.0001759630393
0.02007014624
0.0001588518645
0.02006033258
0.0001429416252
0.02005176664
0.0001282049042
0.02004433183
0.0001146098931
0.02003791479
0.0001021203064
0.02003240614
9.069647864e-05
0.0200277013
8.029548791e-05
0.02002370017
7.087200428e-05
0.02002030817
6.237598887e-05
0.02001743718
5.475259532e-05
0.02001500666
4.794241227e-05
0.02001294541
4.188122882e-05
0.02001119208
3.650295112e-05
0.02000969496
3.174092148e-05
0.02000841135
2.753087355e-05
0.02000730659
2.381205753e-05
0.02000635251
2.052985124e-05
0.02000552598
1.763506098e-05
0.02000480788
1.508467954e-05
0.02000418213
1.284054533e-05
0.02000363541
1.08693704e-05
0.02000315612
9.141632728e-06
0.02000273452
7.631361326e-06
0.02000236223
6.315811702e-06
0.02000203167
5.174647713e-06
0.02000173677
4.192569607e-06
0.02000147203
3.341543344e-06
0.02000123062
2.679727232e-06
1.79974999e-06
0.02270414809
-0.001139046235
0.02283209923
-0.000954289606
0.02293969434
-0.0007703175633
0.02303984661
-0.0006062624422
0.0230751465
-0.0004020401646
0.02306813797
-0.0001852466187
0.02302185827
8.595967277e-05
0.02295697279
0.0003136711496
0.02286821004
0.0005092007758
0.0227555597
0.000684699818
0.02262287467
0.0008386164489
0.02247474154
0.0009681994628
0.02231590944
0.001071811912
0.02215123131
0.001150282669
0.02198500872
0.001204044168
0.0218209863
0.001232514358
0.02166274568
0.001236851037
0.02151092052
0.001221721192
0.02136782546
0.001187614921
0.02123466873
0.001138707423
0.02111256471
0.001078846964
0.02100851396
0.001005858573
0.02094079757
0.0009101376848
0.02086244599
0.0008699060959
0.0208157427
0.0007814285224
0.02085416482
0.0006230251153
0.02082842104
0.0006709444128
0.02074458283
0.0006632525755
0.02060110528
0.0005831004201
0.02051123913
0.0005907707734
0.02044891638
0.0005655645452
0.02035977534
0.000523722384
0.02030974276
0.0004932883455
0.02027381427
0.0004590667938
0.02023637013
0.0004251634997
0.02020727255
0.0003934161205
0.02018168691
0.0003630771999
0.02015831435
0.0003343745844
0.02013752513
0.0003072286513
0.0201188953
0.0002815735536
0.02010228021
0.0002573614332
0.02008866146
0.0002333919372
0.02007560787
0.0002073534299
0.02006416121
0.0001874097039
0.02005418827
0.000168824801
0.02004555713
0.0001515727746
0.02003814095
0.0001356210761
0.02003181819
0.0001209326552
0.02002647205
0.0001074664426
0.02002199024
9.517829367e-05
0.02001826422
8.402150772e-05
0.02001518994
7.394628059e-05
0.02001266833
6.489760526e-05
0.020010607
5.681391711e-05
0.0200089226
4.962681648e-05
0.02000754211
4.326171693e-05
0.02000640448
3.764058303e-05
0.02000546014
3.268526148e-05
0.02000467056
2.832045306e-05
0.02000400552
2.447708848e-05
0.02000344227
2.109309865e-05
0.02000296289
1.811444085e-05
0.02000255346
1.549411521e-05
0.02000220251
1.319148463e-05
0.02000190053
1.117135867e-05
0.02000163971
9.402447035e-06
0.02000141348
7.85759204e-06
0.02000121619
6.513101158e-06
0.02000104337
5.347463576e-06
0.02000089091
4.34503203e-06
0.02000075569
3.476763364e-06
0.02000063358
2.801834953e-06
1.904972681e-06
0.02292948395
-0.001315768063
0.02307545023
-0.001100255875
0.02319997096
-0.0008948382909
0.02329881647
-0.0007051079567
0.02336148475
-0.0004647084359
0.02332525875
-0.000149020621
0.02326858878
0.0001426296459
0.02319155375
0.0003907061836
0.02308475334
0.0006160011901
0.02295026235
0.0008191907998
0.02279318511
0.0009956937027
0.02261917634
0.001142208234
0.02243434744
0.001256640816
0.02224530816
0.001339321954
0.02205556483
0.001393787494
0.02187181537
0.001416263823
0.02170135616
0.001407310247
0.02153498925
0.001388088107
0.02137838491
0.001344219258
0.02123430896
0.001282783385
0.02110685221
0.00120630371
0.02101929838
0.00109341241
0.02101709122
0.000912344853
0.02096130764
0.0009256896713
0.02085611857
0.0008866175953
0.02068657204
0.0007925716481
0.02057830095
0.0007792155064
0.0205100515
0.0007315020192
0.0204466503
0.0006465016288
0.0203949747
0.0006424463742
0.02034956046
0.0006109787798
0.02030312438
0.0005701584687
0.02026601729
0.0005303954374
0.02023324533
0.0004918387466
0.02020337769
0.0004550311436
0.02017667455
0.0004201192571
0.02015262875
0.0003871230034
0.02013103774
0.0003559655883
0.02011172763
0.000326538767
0.0200945491
0.0002987520892
0.02007936399
0.0002725465409
0.02006723569
0.0002455202387
0.02005557222
0.0002190169029
0.02004549568
0.0001974862393
0.02003686718
0.000177453306
0.02002954941
0.0001588905446
0.02002340928
0.0001417612067
0.02001832007
0.0001260218594
0.02001416099
0.0001116255273
0.02001081627
9.852301019e-05
0.02000817382
8.666395848e-05
0.02000612471
7.599538904e-05
0.0200045645
6.645781618e-05
0.02000339505
5.798337065e-05
0.02000252849
5.049336936e-05
0.02000188948
4.390072795e-05
0.02000141729
3.811277409e-05
0.02000106552
3.303703413e-05
0.02000080065
2.858531406e-05
0.02000059922
2.467852477e-05
0.02000044541
2.124690093e-05
0.02000032804
1.823181451e-05
0.02000023914
1.558300673e-05
0.02000017238
1.325824646e-05
0.02000012316
1.122057437e-05
0.02000008748
9.438129611e-06
0.02000006212
7.882950083e-06
0.02000004496
6.530265162e-06
0.02000003391
5.358512036e-06
0.02000002751
4.351428149e-06
0.02000002476
3.479515224e-06
0.02000002446
2.802138329e-06
1.902258983e-06
0.02318955688
-0.001519066584
0.02336511279
-0.001275811774
0.02352930644
-0.001059031934
0.02360861581
-0.000784417323
0.02363304515
-0.0004891377773
0.02360565502
-0.0001216304864
0.0235502737
0.0001980109647
0.02345837646
0.0004826034349
0.02332938224
0.0007449954164
0.02316820056
0.0009803724911
0.02298231669
0.001181577582
0.0227769536
0.001347571335
0.02256252472
0.001471069702
0.02235081109
0.001551035581
0.02213564713
0.001608951452
0.02193247688
0.001619434075
0.02175282892
0.001586958212
0.02157413618
0.001566780852
0.02140341396
0.001514941475
0.0212475453
0.001438652049
0.02110557756
0.001348271459
0.02095123598
0.001247753989
0.02074458154
0.001118999294
0.02061289477
0.001057376441
0.02054322009
0.0009562922748
0.02042638459
0.0009094071539
0.02035093101
0.0008546690851
0.02032085887
0.0007615741598
0.02035098069
0.0006163798117
0.02033744493
0.0006559821351
0.02029955601
0.0006488677035
0.02026128193
0.000608432548
0.02022697742
0.0005646999395
0.0201961654
0.0005226507713
0.02016847725
0.0004827192892
0.02014360814
0.0004449883664
0.02012131787
0.0004094132713
0.02010141402
0.000375869445
0.02008373813
0.0003442146554
0.020068155
0.0003143352225
0.02005453917
0.0002861623664
0.02004403409
0.000256025325
0.02003390254
0.000229148454
0.0200253393
0.0002060494788
0.02001819828
0.0001845943258
0.0200123332
0.0001647556267
0.02000760326
0.0001464911407
0.02000387565
0.0001297494725
0.02000102586
0.0001144753141
0.01999893521
0.0001006136586
0.01999748757
8.81116047e-05
0.01999656844
7.691451108e-05
0.01999606577
6.696048629e-05
0.01999587413
5.817501117e-05
0.01999589876
5.04687445e-05
0.01999606128
4.373821144e-05
0.01999630131
3.787273918e-05
0.01999657693
3.276141237e-05
0.01999686177
2.830047497e-05
0.01999714166
2.439863316e-05
0.01999740939
2.097916933e-05
0.01999766274
1.797845644e-05
0.01999790069
1.534506394e-05
0.01999812352
1.303541212e-05
0.01999833106
1.101303144e-05
0.01999852369
9.245496825e-06
0.01999870203
7.704608679e-06
0.01999886677
6.365527573e-06
0.01999901901
5.206270828e-06
0.01999915995
4.210495395e-06
0.01999929064
3.348820474e-06
0.01999941312
2.679656291e-06
1.791147872e-06
0.0234889345
-0.001753048582
0.02369215786
-0.001479035129
0.02385951622
-0.001226390283
0.02397903007
-0.0009039311754
0.02397466576
-0.0004847734644
0.02394029099
-8.725572244e-05
0.02387407658
0.0002642253815
0.02376218474
0.0005944952782
0.02360737865
0.0008998015251
0.02341579287
0.001171958271
0.02320211564
0.001395254822
0.02296080035
0.001588886628
0.02271392797
0.001717942087
0.02247930933
0.001785654231
0.02223488021
0.001853380563
0.02199193068
0.001862383602
0.02176598576
0.00181290313
0.02155893505
0.001773831563
0.02137216322
0.001701713312
0.02120988874
0.001600926533
0.02108048727
0.001477672939
0.0209448481
0.00138339316
0.0207940675
0.001269779895
0.02071476284
0.001136681105
0.02071921651
0.0009518386025
0.02067333253
0.0009552911324
0.02060622504
0.0009217765737
0.02051667663
0.0008511225731
0.02037713833
0.0007559181104
0.02029722288
0.0007358975908
0.02025231545
0.0006937751328
0.02021639757
0.0006443504257
0.02018457508
0.0005965224286
0.02015613078
0.0005510950719
0.02013067084
0.0005081792277
0.0201078898
0.0004677694079
0.0200875593
0.0004297437707
0.02006950971
0.0003939190344
0.02005361111
0.0003601132571
0.02003975532
0.0003281910157
0.02002783815
0.0002980795321
0.02001908135
0.0002647821303
0.02001061871
0.0002376110892
0.02000370997
0.0002129582198
0.01999819916
0.0001901051384
0.01999392867
0.0001690261182
0.01999074759
0.0001496722124
0.01998851686
0.000131980204
0.0199871081
0.0001158840717
0.01998639931
0.0001013224516
0.0199862697
8.824121866e-05
0.01998659668
7.658753263e-05
0.01998725755
6.62996094e-05
0.01998813539
5.729717144e-05
0.01998912675
4.947739139e-05
0.01999014846
4.271650091e-05
0.01999114178
3.687941153e-05
0.0199920715
3.18316983e-05
0.01999292221
2.744976022e-05
0.01999369171
2.362912983e-05
0.01999438539
2.028549248e-05
0.01999501109
1.735275775e-05
0.01999557693
1.477922051e-05
0.0199960891
1.252323624e-05
0.01999655325
1.054888218e-05
0.0199969739
8.824844418e-06
0.01999735521
7.323302469e-06
0.01999770109
6.019640516e-06
0.0199980156
4.891767475e-06
0.01999830261
3.923485016e-06
0.01999856553
3.085895381e-06
0.01999880945
2.435736482e-06
1.572865309e-06
0.02384756129
-0.002032698451
0.0241067917
-0.001738265544
0.02425455548
-0.001374154064
0.02433404746
-0.0009834231592
0.02434893236
-0.0004996583554
0.02432393164
-6.225500692e-05
0.02424719632
0.0003409607106
0.02411396151
0.0007277300958
0.02393723673
0.001076526299
0.0237144029
0.001394792099
0.02347113094
0.001638526789
0.02318534061
0.001874676965
0.02287742672
0.002025855966
0.0225727803
0.002090300654
0.02228195613
0.00214420473
0.02202043446
0.002123905269
0.02180433548
0.002029002107
0.02161403116
0.001964135879
0.02142137705
0.001894367426
0.02126476679
0.001757536801
0.02117172076
0.001570718974
0.0210572499
0.001497864022
0.02093187586
0.001395153942
0.02079941676
0.001269140204
0.02062671654
0.001124538818
0.02051647854
0.001065529124
0.02044620911
0.000992046004
0.02037990317
0.000917428517
0.02029056346
0.0008452578227
0.02023802006
0.000788440995
0.02020038839
0.0007314068039
0.02016781942
0.000676919391
0.02013894623
0.0006253956164
0.0201132376
0.0005768037005
0.02009029129
0.0005311255449
0.02006981484
0.0004882458579
0.02005160711
0.0004479515002
0.02003553633
0.0004099898141
0.02002151531
0.000374134277
0.02000947596
0.000340230367
0.02000010033
0.0003074551627
0.01999242519
0.000272457273
0.01998573494
0.0002443013416
0.01998059482
0.0002180983406
0.01997683797
0.0001938619834
0.01997429433
0.0001715697609
0.01997280319
0.0001511633453
0.01997221803
0.0001325653628
0.01997240524
0.0001156968658
0.01997323606
0.0001004916341
0.01997457878
8.689849193e-05
0.01997629584
7.487047766e-05
0.01997824657
6.434888109e-05
0.01998029675
5.524698849e-05
0.01998233154
4.744260374e-05
0.01998426402
4.078401879e-05
0.01998604048
3.510295232e-05
0.01998763812
3.023406186e-05
0.01998905732
2.603055532e-05
0.01999031337
2.237307801e-05
0.01999142721
1.917164776e-05
0.01999241932
1.636064516e-05
0.01999330689
1.389165674e-05
0.01999410365
1.172646888e-05
0.01999481995
9.832582612e-06
0.01999546426
8.180530863e-06
0.01999604434
6.743222065e-06
0.01999656741
5.496574995e-06
0.01999704033
4.418840913e-06
0.01999746984
3.493975942e-06
0.01999786131
2.694433191e-06
0.01999822334
2.073700783e-06
1.250441748e-06
0.02425491197
-0.002350899418
0.02452087638
-0.002004229963
0.02472477058
-0.001578048265
0.02477828844
-0.001036941021
0.0247976179
-0.00051898782
0.02477417044
-3.880753616e-05
0.02469562765
0.0004195034922
0.02454473774
0.0008786200139
0.02434328356
0.00127798047
0.02405938461
0.00167869105
0.02372597073
0.001971940657
0.02337064695
0.002230000757
0.02302103474
0.002375468176
0.02270481845
0.002406516951
0.02240573144
0.002443291747
0.02209013072
0.002439505996
0.02179710696
0.00232202587
0.02160087011
0.002160372731
0.0214018048
0.002093432731
0.02119516276
0.001964178847
0.02097776237
0.001788119365
0.02081853802
0.001657088371
0.02069768507
0.001516006898
0.02058781199
0.001379013277
0.02046142748
0.001250923332
0.02037932976
0.001147626838
0.0203179972
0.001053378567
0.02026564444
0.0009697812779
0.02021603799
0.0008948642681
0.0201773292
0.0008271497869
0.0201443939
0.0007643421114
0.02011559975
0.0007057135384
0.02009020335
0.0006507920199
0.02006764357
0.0005993634741
0.02004752014
0.0005512489776
0.02002956869
0.000506197305
0.02001363351
0.0004638866835
0.01999963839
0.0004239849406
0.01998755424
0.0003862184268
0.01997736762
0.0003504169812
0.01997057333
0.0003142494534
0.01996397987
0.0002790507384
0.01995909435
0.0002491868592
0.01995577359
0.000221419104
0.01995385033
0.000195785243
0.01995315132
0.0001722687636
0.01995350981
0.0001508048567
0.01995477035
0.0001313048194
0.01995678392
0.0001136832983
0.01995939775
9.787780789e-05
0.01996244947
8.38467709e-05
0.01996576609
7.155386063e-05
0.019969175
6.093996935e-05
0.01997251891
5.190307332e-05
0.01997567203
4.428948661e-05
0.01997855166
3.79043959e-05
0.01998111972
3.253488997e-05
0.01998337615
2.797762897e-05
0.01998534741
2.405929013e-05
0.01998707164
2.064885206e-05
0.01998858871
1.765457526e-05
0.01998993279
1.501656372e-05
0.01999113054
1.269390292e-05
0.01999220162
1.065538905e-05
0.0199931608
8.873397203e-06
0.01999402052
7.32081611e-06
0.01999479164
5.972097324e-06
0.01999548455
4.803669219e-06
0.01999610926
3.794123119e-06
0.01999667485
2.928387584e-06
0.01999718943
2.179855803e-06
0.01999766417
1.598965106e-06
8.286189469e-07
0.02477840099
-0.002734274542
0.02501937859
-0.002245207568
0.02518542974
-0.001744099416
0.0252839183
-0.001135429583
0.02534730331
-0.0005823728362
0.02533703212
-2.853632395e-05
0.02525889472
0.0004976408651
0.02505871958
0.001078795158
0.0247678674
0.001568832648
0.02442455027
0.002022008184
0.02406480889
0.002331682041
0.02367614868
0.002618660976
0.02323240628
0.002819210582
0.0227950133
0.002843909934
0.02246119674
0.00277710831
0.02212042651
0.002780276232
0.02176639871
0.002676053675
0.02142823547
0.00249853597
0.02117416735
0.00234750084
0.02097100732
0.002167338883
0.02078243244
0.001976694245
0.02064113293
0.001798387882
0.0205285139
0.00162862593
0.02043410251
0.001473424669
0.02035015779
0.001334868054
0.02028396923
0.001213815392
0.02022921549
0.001108132308
0.02018334078
0.001015655985
0.0201445181
0.0009336869512
0.02011183711
0.0008598307871
0.02008387382
0.0007923054025
0.02005963223
0.0007299551245
0.02003832454
0.000672099711
0.02001937786
0.0006183101563
0.02000241368
0.0005682131513
0.01998721519
0.0005213957932
0.01997369022
0.0004774116575
0.01996183208
0.0004358430819
0.01995168106
0.0003963694459
0.01994328736
0.0003588106818
0.0199382495
0.0003192873158
0.01993333351
0.0002839667244
0.01993014136
0.0002523790093
0.01992857391
0.0002229865529
0.01992850048
0.0001958586798
0.01992977197
0.0001709972645
0.01993222517
0.0001483516628
0.0199356808
0.0001278491853
0.01993993718
0.0001094269175
0.01994476814
9.304685395e-05
0.01994992869
7.868622003e-05
0.01995517169
6.631085657e-05
0.01996027075
5.584091696e-05
0.01996504409
4.712973603e-05
0.01996937094
3.996263265e-05
0.01997319628
3.407905384e-05
0.01997652239
2.92087856e-05
0.01997939287
2.510714117e-05
0.01998187207
2.158009696e-05
0.01998402789
1.849302311e-05
0.01998591982
1.576264244e-05
0.01998759442
1.334196483e-05
0.01998908512
1.120320289e-05
0.01999041578
9.324728222e-06
0.01999160491
7.68426233e-06
0.01999266773
6.25799386e-06
0.01999361848
5.021350561e-06
0.01999447084
3.951311988e-06
0.01999523762
3.027339862e-06
0.01999593078
2.235227959e-06
0.01999656049
1.550145307e-06
0.01999714079
1.018665835e-06
3.137205912e-07
0.02530463214
-0.003157501144
0.02563127209
-0.002571847547
0.02577927992
-0.001892107231
0.02592465903
-0.001280808702
0.02602999184
-0.0006877056524
0.02599103778
1.041774672e-05
0.02583626955
0.0006524091112
0.02559035703
0.001324707676
0.02527877635
0.001880413331
0.02487040243
0.002430382104
0.02435810067
0.002843983803
0.02389927909
0.00307748256
0.02338886424
0.003329625438
0.02284217527
0.0033905989
0.0223112304
0.003308053179
0.02188583383
0.003205672796
0.02153178793
0.00303009957
0.02121645131
0.002813872595
0.02097389324
0.002590058904
0.02078062485
0.002360607276
0.0206205436
0.002136775497
0.02049300129
0.001925930192
0.02038960057
0.001732026658
0.02030520432
0.001557820919
0.02023589312
0.00140417925
0.0201793283
0.001270380214
0.0201330351
0.001154425511
0.02009515244
0.001053538646
0.02006405171
0.0009647876818
0.02003828995
0.0008855925484
0.02001661651
0.0008139788439
0.01999799304
0.0007485785908
0.01998162097
0.0006884717878
0.01996694901
0.0006329821106
0.01995364929
0.0005815128742
0.01994157319
0.0005334718892
0.01993070196
0.0004882828934
0.01992110122
0.0004454438157
0.0199128809
0.0004045897691
0.01990620817
0.0003654834111
0.01990266615
0.0003228293387
0.01989917788
0.0002874549937
0.01989745927
0.0002540976161
0.01989753548
0.0002229103428
0.01989938546
0.000194008704
0.0199029251
0.0001674576168
0.01990798944
0.0001432873221
0.01991432138
0.0001215172501
0.0199215774
0.0001021708986
0.01992935597
8.52682857e-05
0.01993724191
7.080027423e-05
0.01994485892
5.869384741e-05
0.01995191374
4.878610506e-05
0.01995822264
4.082083396e-05
0.01996371399
3.447128023e-05
0.01996840991
2.938313485e-05
0.01997239624
2.522246117e-05
0.01997578776
2.171561568e-05
0.01997870075
1.866710606e-05
0.01998123461
1.595916339e-05
0.01998346443
1.353282368e-05
0.01998544292
1.136347118e-05
0.01998720551
9.440610242e-06
0.01998877754
7.752699182e-06
0.01999017916
6.282634047e-06
0.01999142889
5.008270585e-06
0.01999254438
3.905852657e-06
0.01999354273
2.952965434e-06
0.01999443944
2.130632266e-06
0.01999524962
1.42504807e-06
0.01999598461
8.151556692e-07
0.01999666183
3.414413999e-07
-2.863196551e-07
0.02588277693
-0.0007918752906
-0.0007919863893
0.02612760178
-0.0007648071875
-0.0006438511015
-0.0007640751909
-0.0006439389115
0.0261465056
-0.001911011061
0.02619827269
-0.001332575807
0.02616251175
-0.0006519446995
0.0260933603
7.956921151e-05
0.02595207127
0.0007936981365
0.02569659722
0.001580181733
0.02528197473
0.002295035824
0.02485738453
0.002854972305
0.02427760558
0.003423762755
0.02361171159
0.003743376549
0.02301432689
0.003927010137
0.02247119224
0.003933733555
0.02196542036
0.003813825058
0.02155119473
0.003619898422
0.02121011812
0.003371176181
0.02092841773
0.00309557299
0.02070539967
0.002813076966
0.02052948995
0.002536516996
0.02039131047
0.002274954972
0.02028323101
0.002034009656
0.02019840656
0.00181685111
0.02013156097
0.001624666503
0.02007874249
0.001456997739
0.02003706139
0.00131206131
0.02000434792
0.001187138982
0.01997883044
0.00107905613
0.01995894495
0.0009846731762
0.01994327791
0.000901259584
0.01993059222
0.0008266645434
0.01991988095
0.0007592898611
0.01991040595
0.0006979467859
0.0199016993
0.0006416887597
0.01989352638
0.0005896857952
0.01988582753
0.0005411707365
0.01987866007
0.0004954503543
0.01987215402
0.0004519498634
0.01986648633
0.000410257459
0.01986360478
0.0003683649622
0.01986018659
0.0003262475263
0.01985835296
0.0002892886269
0.01985839214
0.0002540584369
0.01986055837
0.0002207441086
0.01986500967
0.0001895573993
0.01987173684
0.0001607304513
0.01988051435
0.0001345098083
0.01989089445
0.0001111371507
0.01990225681
9.080854309e-05
0.01991390313
7.362196461e-05
0.01992517154
5.953186803e-05
0.01993553814
4.832724557e-05
0.01994467739
3.964685507e-05
0.0199524721
3.30261323e-05
0.01995897791
2.796546981e-05
0.01996436299
2.399805426e-05
0.01996884198
2.074346742e-05
0.01997262393
1.793366451e-05
0.01997587933
1.541170713e-05
0.01997873141
1.310708047e-05
0.01998125995
1.100428476e-05
0.0199835138
9.10961314e-06
0.0199855245
7.429915365e-06
0.0199873156
5.961595679e-06
0.01998890868
4.689548799e-06
0.01999032562
3.591335716e-06
0.01999158784
2.643632088e-06
0.01999271588
1.824926385e-06
0.01999372855
1.117960081e-06
0.01999464254
5.110535688e-07
0.01999547188
-1.418625111e-08
0.01999623516
-4.218319077e-07
-9.623064151e-07
-0.006465463532
0.006412764491
-0.0007121166786
8.544367293e-09
0.0239723711
-0.0004235483291
-0.006319832118
-0.005874064387
-0.006320176285
-0.005874284559
-0.0003242405178
-0.0004231500902
-0.0003240858854
0.02359928436
-0.0009594890642
0.02342141524
-0.0004740755892
0.02332603687
0.000174947574
0.02321292329
0.0009068117296
0.02315253886
0.001640566171
0.02294764812
0.002499926556
0.02260572606
0.003196894364
0.02225934367
0.00377014514
0.02187910661
0.004123613618
0.02152059658
0.004285520174
0.02118122021
0.004273109933
0.020869119
0.00412592627
0.02060331531
0.003885702118
0.02038479996
0.003589691528
0.02021172197
0.003268650976
0.02007965805
0.002945140884
0.0199818037
0.002634371341
0.01991107235
0.002345686328
0.01986093146
0.002084150551
0.01982598491
0.00185179766
0.01980215445
0.001648496967
0.01978657219
0.001472580002
0.0197772833
0.001321350196
0.01977288067
0.00119154162
0.01977219849
0.00107973831
0.01977414819
0.0009827234742
0.01977769815
0.0008977096281
0.01978193894
0.0008224237551
0.01978616064
0.0007550681624
0.01978989466
0.0006942127588
0.0197929053
0.0006386781261
0.01979514174
0.0005874493501
0.01979667683
0.0005396356492
0.0197976586
0.0004944685831
0.01979828867
0.0004513197948
0.01979882982
0.0004097163074
0.01980137846
0.0003658163252
0.0198027765
0.0003248494878
0.01980543261
0.0002866325083
0.01980992262
0.0002495684292
0.01981675118
0.0002139155526
0.01982622022
0.0001800883514
0.01983831278
0.0001486378975
0.01985263679
0.0001201857981
0.01986846091
9.531302416e-05
0.01988483982
7.442964e-05
0.01990079452
5.766726196e-05
0.01991549417
4.483221867e-05
0.01992838492
3.543650429e-05
0.01993923759
2.879418477e-05
0.01994811299
2.415073276e-05
0.01995527214
2.080631994e-05
0.01996106705
1.82031467e-05
0.01996584698
1.596353004e-05
0.01996989879
1.388185894e-05
0.01997342534
1.188515707e-05
0.01997655133
9.981082869e-06
0.01997934589
8.209726331e-06
0.01998184607
6.609433934e-06
0.01998407609
5.199891561e-06
0.01998605823
3.979457056e-06
0.01998781665
2.931123596e-06
0.01998937693
2.031051154e-06
0.01999076495
1.255616744e-06
0.01999200442
5.854551017e-07
0.01999311665
5.726072229e-09
0.01999412042
-4.927158942e-07
0.01999503055
-9.243126512e-07
0.01999586821
-1.259490633e-06
-1.703523024e-06
-0.001292912644
0.0001370786801
0.001258340406
-0.0001018349921
-6.714403893e-07
-0.004440774378
0.004274524886
-0.0002573296042
3.078032658e-08
0.01439925791
-0.001061485892
-0.004110939205
-0.003037708943
-0.004111323028
-0.003037289915
0.01463761952
-0.0007124372016
0.01505795292
-0.0002453858183
0.01551918404
0.0004455806085
0.01595367148
0.001206078735
0.01641345647
0.002040141572
0.01681257037
0.002797780464
0.01716956097
0.003413154544
0.01745981113
0.003833363453
0.01769553462
0.004049796683
0.01788782292
0.004080821635
0.01805015285
0.003963596342
0.01819391857
0.003741936403
0.01832613474
0.003457475351
0.01845059008
0.003144195638
0.01856867578
0.002827055184
0.01868033508
0.002522712045
0.01878488618
0.002241135233
0.01888166503
0.001987371703
0.01897040783
0.001763054858
0.01905135866
0.001567546136
0.01912516581
0.001398772852
0.01919266201
0.001253854001
0.01925463583
0.001129567797
0.01931168067
0.001022693474
0.01936415973
0.0009302444197
0.01941226754
0.0008496018128
0.01945613216
0.0007785591399
0.01949590276
0.0007152975592
0.01953179261
0.0006583229143
0.01956407677
0.0006063939666
0.01959306355
0.0005584625689
0.01961906554
0.0005136336539
0.01964239168
0.0004711424413
0.01966336901
0.0004303424643
0.01968255581
0.0003905295152
0.01970167033
0.0003467017997
0.019718257
0.0003082628227
0.01973473275
0.0002701567588
0.01975180657
0.0002324946105
0.01977004271
0.0001956794068
0.01978971522
0.0001604158426
0.01981070893
0.0001276441821
0.0198325104
9.838432634e-05
0.01985430389
7.351953881e-05
0.01987514921
5.358432504e-05
0.0198941879
3.862856987e-05
0.01991081472
2.820540332e-05
0.01992476747
2.148376e-05
0.01993612043
1.744122595e-05
0.01994519973
1.50714255e-05
0.01995246075
1.354530689e-05
0.01995836986
1.229403428e-05
0.01996332139
1.101199542e-05
0.01996760026
9.602996674e-06
0.01997138415
8.101259745e-06
0.01997476948
6.595752642e-06
0.01997780407
5.175130981e-06
0.01998051464
3.898865292e-06
0.01998292395
2.790579291e-06
0.01998505794
1.845468937e-06
0.01998694613
1.04293048e-06
0.01998861925
3.579314056e-07
0.01999010666
-2.317953835e-07
0.01999143465
-7.425346476e-07
0.01999262597
-1.185591207e-06
0.01999370057
-1.567323212e-06
0.01999467442
-1.898161467e-06
0.01999557005
-2.155119871e-06
-2.495245166e-06
-0.0003974610769
6.303150671e-05
-6.106135912e-05
-1.676052057e-07
0.0003956585333
-0.0003951000868
0.0003408348973
0.001452248118
-2.314901662e-08
-0.0003115424976
-0.0003927703474
-0.0003103092041
-9.842136015e-05
-9.722109347e-05
-9.305628255e-05
-9.463897098e-05
0.005203908633
-0.0004225676172
-0.001473972056
-0.0008907747479
-0.001474067032
-0.0008907970675
-0.0003451777291
-0.0004232471984
-0.0003447910739
0.005640713801
-0.001149242344
0.006108466633
-0.0007131386459
0.006686173971
-0.0001321267217
0.007346329429
0.0005459232784
0.008107214039
0.001279256966
0.00894186832
0.001963126181
0.009829840477
0.00252518239
0.01073529217
0.002927911763
0.01162586325
0.003159225609
0.01247620445
0.003230480436
0.01326927395
0.003170526842
0.01399567738
0.003015532971
0.01465177679
0.002801375945
0.01523803135
0.002557941078
0.01575767906
0.002307407476
0.01621566038
0.002064730721
0.01661783348
0.00183896214
0.01697045116
0.001634754024
0.01727979427
0.001453711742
0.01755188295
0.001295457465
0.01779224554
0.00115841026
0.01800575403
0.001040345513
0.0181965422
0.0009387796286
0.01836800976
0.0008512259206
0.01852289739
0.0007753567907
0.01866340244
0.0007090967615
0.01879130015
0.0006506614313
0.01890804407
0.0005985536327
0.01901483533
0.0005515316528
0.0191126646
0.0005085646969
0.01920234007
0.0004687871027
0.01928451628
0.0004314574474
0.01935973371
0.0003959250023
0.01942846968
0.0003616065018
0.01949298124
0.0003260179485
0.01954990838
0.0002897746705
0.01960187774
0.0002562934599
0.01964942076
0.0002226137426
0.01969301298
0.00018890239
0.01973300754
0.0001556848414
0.01976958673
0.0001238366477
0.01980275963
9.44712834e-05
0.01983241349
6.873046748e-05
0.0198584061
4.752692778e-05
0.01988066972
3.13207002e-05
0.01989929197
2.000632685e-05
0.01991454775
1.294962519e-05
0.01992687562
9.155890479e-06
0.01993681104
7.505816219e-06
0.01994490235
6.980117442e-06
0.01995163646
6.811196176e-06
0.0199573929
6.53759076e-06
0.0199624319
5.972988819e-06
0.01996691028
5.124616887e-06
0.01997091229
4.099245038e-06
0.01997448234
3.025709322e-06
0.01997765023
2.007239089e-06
0.01998044574
1.103350352e-06
0.01998290339
3.329280439e-07
0.01998506152
-3.126653939e-07
0.01998695862
-8.541653861e-07
0.01998863052
-1.313970206e-06
0.01999010866
-1.709941005e-06
0.01999142011
-2.053980394e-06
0.01999258797
-2.353448432e-06
0.01999363269
-2.612050144e-06
0.01999457092
-2.83639389e-06
0.01999542829
-3.01249009e-06
-3.239164946e-06
6.575261771e-06
0.0001126786619
1.23575563e-08
-0.0001252180093
5.951727656e-06
-3.455580344e-05
0.0001310698882
3.772000464e-05
-0.0001333658966
-8.68192605e-07
-6.008627465e-06
-3.683477521e-05
-0.0003797997508
7.55436455e-08
-0.001545334573
-0.0009038390437
0.0001215191466
0.0005284141376
0.000121514632
0.0005284833581
-0.001652087043
-0.0006063861631
-0.001523551016
-0.0002606627286
-0.001132750869
0.000155123138
-0.0004340568406
0.0005805629381
0.0005403611712
0.0009887081772
0.001734243316
0.001331300254
0.003079084069
0.001583071013
0.004500856435
0.001737453243
0.005932595489
0.001798741386
0.007318756202
0.001784366135
0.008622774531
0.001711514644
0.009823118731
0.001601031747
0.01091034724
0.001470712569
0.01188394765
0.001333807068
0.01274930629
0.00119937208
0.01351523479
0.001073033641
0.01419216517
0.0009578236381
0.01479091392
0.0008549629874
0.01532189587
0.0007644755178
0.01579466156
0.0006856445668
0.01621765839
0.0006173486882
0.01659815418
0.0005582838407
0.01694226582
0.0005071142915
0.01725505467
0.0004625679454
0.01754065601
0.0004234954178
0.01780241833
0.0003888991082
0.01804303582
0.0003579361475
0.01826466373
0.0003299037342
0.01846901297
0.000304215464
0.01865742632
0.0002803737557
0.01883093992
0.0002579438565
0.01899033586
0.0002365290718
0.01913617955
0.000215762808
0.01926985082
0.00019234668
0.01938852693
0.0001710985562
0.01949443868
0.0001503817205
0.0195876448
0.0001294076248
0.01966821225
0.0001083349502
0.01973632352
8.757357204e-05
0.01979239503
6.776513812e-05
0.01983717681
4.968949908e-05
0.01987179781
3.410947317e-05
0.01989773015
2.159458788e-05
0.01991667034
1.238050109e-05
0.01993036382
6.312837848e-06
0.01994041916
2.89428588e-06
0.01994816001
1.415034399e-06
0.01995454715
1.118679007e-06
0.01996017813
1.349144471e-06
0.01996534864
1.640694031e-06
0.01997014657
1.739651098e-06
0.01997454867
1.570886055e-06
0.01997849786
1.175421109e-06
0.01998195138
6.457142165e-07
0.01998490083
7.625929407e-08
0.0199873716
-4.635389376e-07
0.01998941176
-9.368139927e-07
0.01999107864
-1.333941789e-06
0.01999242795
-1.661975476e-06
0.01999350836
-1.934576474e-06
0.01999435965
-2.165250225e-06
0.01999501379
-2.364082814e-06
0.01999549718
-2.537367536e-06
0.01999583235
-2.688623377e-06
0.01999603977
-2.819471605e-06
0.01999613759
-2.934210941e-06
0.0199961606
-3.035499068e-06
-3.122380573e-06
6.085193581e-05
0.0001159368578
4.422711553e-08
-9.614618338e-05
-8.068683696e-05
0.0001463412635
0.0001129108605
-8.958632807e-05
-4.643949208e-07
-0.0001692013997
0.0002377225278
0.0003446053597
-0.001199595158
-0.0001718935159
6.601990002e-09
0.0002651154388
0.0002475961181
0.0002764426197
-0.006706512078
0.001355730187
0.001546058429
0.001355764655
0.001546067305
-0.00731133621
-0.007569976359
-0.007412699292
-0.006830115177
-0.00583987392
-0.004507790371
-0.002924843149
-0.001188288507
0.0006089072032
0.002391331206
0.004100735532
0.00569970276
0.007168591108
0.008500901951
0.009699180999
0.01077154346
0.01172910869
0.01258415947
0.01334897215
0.0140351183
0.01465305557
0.0152119503
0.01571964799
0.01618274194
0.01660669258
0.01699597315
0.01735421997
0.01768436936
0.01798877228
0.01826928237
0.01852731764
0.0187639045
0.0189796903
0.01917203135
0.01934310756
0.01949345829
0.01962283231
0.01973113532
0.01981868104
0.0198864231
0.01993609384
0.01997018798
0.01999176987
0.02000413977
0.02001044387
0.02001333117
0.02001474084
0.02001585546
0.02001720141
0.02001883922
0.02002057583
0.02002214317
0.0200233144
0.0200239553
0.02002402632
0.02002355733
0.02002261509
0.02002127594
0.02001960909
0.02001767005
0.02001550074
0.02001313297
0.02001059225
0.02000790054
0.02000507821
0.02000214132
0.01999910329
0.0001046579895
-4.29954781e-08
1.806604765e-05
-0.0001161057791
-0.0001057233304
-5.819842351e-05
8.247454969e-08
0.0001157139141
4.812536438e-05
0.0001045948701
-6.599998437e-06
-1.878368248e-08
1.80643257e-05
-0.0001160404137
-0.0001057120715
-5.822623931e-05
8.301632659e-08
0.0001157092546
4.814603955e-05
5.794015406e-08
4.324469094e-05
-8.817402895e-05
-5.66318904e-05
9.158315571e-08
3.291846353e-05
2.356997041e-05
-6.085618031e-05
4.807367782e-08
4.322303214e-05
-8.812699607e-05
-5.66386611e-05
9.582042463e-08
3.290993857e-05
2.357860993e-05
5.22139388e-05
-0.0003937791587
-5.581255829e-05
-8.328612592e-08
3.957872336e-05
-3.264788406e-08
-1.946336148e-05
8.457527373e-05
5.21163644e-05
0.000397446469
-6.282972173e-08
-0.0003937168333
-5.578316895e-05
3.948813359e-05
-1.202184691e-08
-1.94320048e-05
8.455076294e-05
-2.596401694e-07
-7.624294461e-05
3.615223213e-09
-3.649400347e-05
-7.654456219e-05
-3.62998064e-05
-3.031787925e-07
4.171766033e-05
-4.16903894e-05
4.135252791e-05
-4.264407621e-05
1.122051545e-09
0.0001165758263
0.000123821014
-9.383295129e-05
-2.226300014e-07
2.157186727e-08
3.617089849e-05
-9.288122909e-05
-0.0001989379544
3.411472748e-05
0.0001650056563
-2.331190855e-07
0.0001159634291
2.589098776e-08
-9.612011456e-05
-8.072538046e-05
0.0001165231178
-0.0001463173545
-2.008300883e-07
0.000123822157
-9.382709063e-05
2.360822326e-08
3.615679457e-05
-9.288207814e-05
-0.0001989305318
-2.281652467e-07
3.407802665e-05
0.0001650212843
-7.814636086e-05
-3.806593724e-08
6.340067466e-09
-3.562773022e-05
2.117562674e-07
7.80426741e-05
-3.623127123e-05
3.490446025e-09
-3.655436496e-05
-3.534366142e-05
-2.421160042e-07
-7.625553563e-05
-3.650732781e-05
-7.65808109e-05
-3.634776101e-05
-7.81600215e-05
-2.701981559e-08
-3.563902039e-05
2.081589374e-07
7.808015977e-05
-4.174435167e-05
-3.6238397e-05
-4.1357768e-05
-3.655940541e-05
-3.537070493e-05
8.083264291e-05
-3.56831078e-05
-1.770956359e-07
-4.60973926e-05
1.339601598e-09
1.123613926e-06
4.353521155e-05
-8.80365949e-05
1.603586985e-09
-6.094051461e-05
0.0001054982374
2.870251751e-08
-8.056600129e-05
8.209159517e-05
1.076570838e-07
3.52751178e-05
-6.376014456e-05
-5.979665013e-05
2.569398772e-09
8.174992186e-05
-6.362090649e-05
5.094911163e-10
-5.999165195e-05
-4.62809403e-05
8.129499377e-07
-2.682715835e-05
-2.141701836e-05
5.695967682e-08
4.898661193e-10
2.089336392e-06
3.2835379e-05
2.407950537e-05
1.572768249e-10
-5.687521306e-05
6.517330433e-08
2.642591503e-05
-5.733277156e-05
-8.979199786e-08
2.150224473e-05
2.124663761e-06
5.363210118e-10
-5.754805068e-05
8.136314956e-11
2.540136712e-06
1.704165942e-06
-3.059922138e-07
-4.171439595e-05
-4.265001323e-05
8.084180779e-05
-3.568537332e-05
-1.771415269e-07
-4.61016184e-05
1.123671345e-06
4.35340097e-05
-8.804144243e-05
0.000105501812
-6.094470595e-05
2.827057106e-08
-8.058577519e-05
8.206613522e-05
1.130955518e-07
3.528537785e-05
-6.374827974e-05
-5.977718534e-05
8.175664912e-05
-6.362535736e-05
-5.998785533e-05
-4.629122106e-05
8.136765412e-07
-2.682787032e-05
-2.141892788e-05
5.627706393e-08
2.08939865e-06
3.283602111e-05
2.407949892e-05
-5.68722035e-05
7.003499974e-08
2.643220899e-05
-5.734058611e-05
-8.792840273e-08
2.150772988e-05
2.125488637e-06
-5.754663024e-05
2.54013216e-06
1.704992598e-06
0.0001522051857
-0.001325683424
-0.0001190745107
-3.598870293e-07
0.0006103911921
-0.0006195705083
-3.273216254e-08
6.142598973e-05
0.001292806192
0.0001524479726
-3.865832334e-07
-0.001325827801
-0.000119039769
0.0006113219833
-6.999933999e-08
-0.0006196725547
6.053693808e-05
2.9022618e-08
0.0004859455234
-0.001079249247
-0.00121662727
-0.00121456197
-0.001079787131
-9.264257837e-05
-7.64210014e-05
-7.381199878e-05
-9.364771138e-05
-1.144392836e-07
6.865200153e-05
0.0006048851362
-7.801692302e-05
0.0006269369237
5.226640811e-05
-0.0006014628687
2.764621511e-07
0.0001370359595
-6.712980414e-07
0.001258267006
-0.0001018254694
0.0004862385767
0.004440421704
-0.001079133162
-0.001216597718
-0.001214568146
-0.001079530223
-9.271625882e-05
-7.644944786e-05
-7.383387173e-05
-9.380245904e-05
-6.206904556e-05
-6.863272639e-08
6.650320966e-05
0.0006069564556
-7.802709632e-05
0.0006269352371
2.710300531e-07
5.236187702e-05
-0.000601541046
-1.50516377e-08
0.000393759338
4.547657955e-05
0.0003936643813
4.536917231e-09
4.563562485e-05
-0.0004018784717
-7.023002422e-05
-1.008518526e-06
-1.107517841e-07
9.405856569e-05
5.830956497e-05
-0.0001284758875
0.000104264133
0.0001120001583
-8.760484385e-05
-1.83560486e-07
-1.134126256e-07
-6.094643204e-05
0.0003964372605
0.0003952417639
-1.030888284e-06
-0.000401963365
-7.027460862e-05
-0.0001127432227
-7.137035717e-08
9.400036512e-05
5.830235501e-05
-0.0001284430048
0.0001043228573
-2.008856171e-07
0.0001119830848
-8.766205226e-05
-2.684085978e-05
-0.0001358210279
-3.697992273e-07
3.920682224e-08
0.0001271024186
-6.940319225e-05
-0.0001095480772
9.521253342e-05
-6.691502219e-08
0.0001309782811
-9.456691946e-09
-0.0001252506217
5.9168544e-06
3.454818739e-05
-3.486172772e-07
-2.682157544e-05
-0.0001358209921
3.474128327e-08
0.0001270798632
-6.937741582e-05
-0.0001095574284
-9.493347312e-08
9.522224322e-05
0.0001309532341
2.542054659e-08
0.0005209386155
1.08945294e-05
-3.194550598e-05
-2.974414277e-05
8.567009824e-06
-0.0001240160676
-0.0001179651493
-0.0001179286929
-0.0001248346095
-2.311161122e-07
0.0001277671113
-0.0001241732169
-9.924403535e-05
-0.0001505334396
0.0001026423625
0.0001478621183
-7.270054914e-07
0.0001310264936
-8.510722525e-07
3.775288347e-05
-0.0001333801181
0.0005210679799
5.951224945e-06
1.088280934e-05
-3.200186808e-05
-2.974565294e-05
8.558784981e-06
-0.0001240224939
-0.0001178736265
-0.0001179488821
-0.0001248428856
-0.000112830028
-2.581903818e-07
0.0001277452255
-0.0001242144345
-9.928403473e-05
-0.0001504690322
-7.117060135e-07
0.0001026037148
0.0001478610587
-9.595617958e-05
-8.083700621e-05
1.671809533e-09
0.0001158952191
3.049027614e-08
-8.65245101e-05
-6.944881895e-05
-8.661406152e-05
-6.9303987e-05
7.014847697e-10
9.789330039e-05
2.174641303e-08
-0.0001143325751
-7.01980399e-05
1.510561629e-09
-3.124175183e-08
-9.795626445e-05
-0.0001018663221
0.0001191669886
-0.000102040588
8.410866177e-10
0.0001190647902
-0.0001141984977
-7.026054694e-05
0.0002116622828
-7.184331357e-05
-1.340473288e-06
3.174225096e-05
-5.339055048e-07
-0.0002301896825
-0.0003072049129
2.426675954e-05
0.0002839214874
-9.977900217e-07
-4.40178387e-07
-8.957709757e-05
-0.0001691301091
-0.0002377704599
-1.357826611e-06
0.0002116780282
-7.183377858e-05
-5.294808411e-07
3.172368715e-05
-0.0002301729118
-0.0003071595532
-9.947215408e-07
2.421395759e-05
0.000283925512
0.0001018874427
-3.629155372e-05
-9.371857804e-08
-0.0001020009579
4.780923422e-09
1.793085498e-05
-0.0001159594247
7.118567603e-10
0.0001046418013
-6.656945349e-06
1.977149538e-08
-0.0001019783576
9.123588844e-05
4.456886518e-08
3.621791355e-05
-0.0001199198663
-3.244839619e-05
4.890412868e-09
9.095510965e-05
-0.0001197499476
3.011923308e-09
-3.245947427e-05
-0.0001021539675
-4.383180992e-05
-9.374872443e-05
-5.185748098e-08
3.707735566e-09
0.0001156389215
4.832572251e-05
2.371335122e-09
-5.838630756e-05
-1.226017226e-08
4.379403348e-05
-4.798772437e-05
2.302386223e-07
9.375544916e-05
1.884471186e-09
-4.795697947e-05
2.792962364e-09
0.0001018914104
-3.630180492e-05
-8.627905423e-08
-0.0001020058686
1.796264396e-05
-0.0001159479847
0.0001046123613
-6.6451019e-06
1.850681491e-08
-0.0001019708524
9.11158369e-05
3.237068882e-08
3.623382511e-05
-0.000119860544
-3.244606637e-05
9.096831483e-05
-0.0001197524454
-3.246195985e-05
-0.0001021710709
-4.384300262e-05
-9.375174855e-05
-4.642663701e-08
0.0001156373367
4.83325236e-05
-5.838266498e-05
-5.788016834e-09
4.383360808e-05
-4.797910697e-05
2.191838952e-07
9.375459626e-05
-4.796201352e-05
4.505229396e-05
0.0002171264888
-1.495468982e-08
-5.742975745e-05
1.761788072e-09
-1.854083537e-08
-4.501702489e-05
4.501574958e-05
1.197767065e-08
-0.0002170159545
-6.616553075e-05
0.0002273569464
-0.0003936250853
-5.597951234e-05
-4.569765105e-09
0.0003974604309
5.206546148e-05
1.830248076e-09
4.50712123e-05
-6.610891039e-05
-4.719468948e-10
0.0002272683367
-5.732244794e-05
-1.944572848e-05
8.451970796e-05
-2.632035657e-11
3.953519217e-05
1.231340823e-07
7.35542559e-05
7.355169773e-05
4.501786978e-09
9.256628602e-05
-3.858739933e-08
1.784372295e-09
2.388320106e-08
-9.25781994e-05
0.0001109640504
1.883316887e-09
0.0001109990836
-3.919731282e-08
0.0003937435657
4.557471496e-05
0.0003936826125
4.567452283e-05
4.505909061e-05
0.0002171116219
-9.271625853e-09
-5.742215788e-05
-0.0003935905873
-5.594246373e-05
5.20858394e-05
0.0003973798125
-3.306303085e-08
-4.503844486e-05
4.509824535e-05
8.544370086e-09
-0.0002169793113
-6.613263153e-05
0.0002273202302
4.511986992e-05
-6.610362503e-05
0.0002272808393
-5.730001745e-05
-1.943350304e-05
8.454418291e-05
3.948961879e-05
7.319551429e-08
7.354085955e-05
7.355060608e-05
9.256319317e-05
-2.416240737e-08
1.746254234e-09
-9.257974015e-05
0.0001109961128
0.0001110073787
9.669206942e-05
-0.0001424336525
8.055911225e-08
-6.8673515e-05
1.956987823e-09
-1.012365161e-07
-9.677149487e-05
0.0001188274163
-1.648688696e-07
0.0001422001407
-6.576639849e-05
-0.0001701018267
0.0001241344615
-9.381603076e-05
-3.810461053e-11
-0.0001469548745
0.0001164138459
5.704015724e-10
0.0001186841322
-6.56452217e-05
1.898929272e-09
-0.0001707712321
-6.868929855e-05
3.611355474e-05
-9.302485705e-05
5.806714868e-10
7.834443419e-09
-9.061852242e-05
-9.073137107e-05
7.284965228e-10
-3.651395776e-05
4.67523035e-08
-0.0001244628667
6.588051414e-10
-4.105761808e-08
3.654420048e-05
-0.0001294422564
-0.0001296392138
9.663701049e-10
-0.0001242881074
-0.000157635777
-3.559878391e-05
9.732175709e-08
8.548465077e-10
-2.113254788e-07
0.0001572718295
-0.0001887121753
-1.023574069e-07
3.560823262e-05
3.405438466e-05
0.0001654000482
9.669134877e-10
-0.0001997393668
5.823928759e-10
-0.0001894385063
1.431811114e-09
-9.597139178e-05
-8.084075744e-05
0.0001158950045
3.380950404e-08
-8.651831263e-05
-6.941279969e-05
-8.661554872e-05
-6.930919068e-05
9.78996877e-05
2.498206691e-08
-0.0001143345436
-7.020417452e-05
-3.281730194e-08
-9.796568881e-05
-0.0001018791242
0.0001191522469
-0.0001020425971
0.0001190695474
-0.0001142085962
-7.025042857e-05
9.669713047e-05
-0.000142436109
8.126660993e-08
-6.867487712e-05
0.0001241317498
-9.382093282e-05
0.000116425988
-0.000146937682
-9.119949087e-08
-9.676214428e-05
0.0001187963686
-1.73111159e-07
0.0001421946304
-6.570599265e-05
-0.0001701426199
0.0001186956507
-6.563313271e-05
-0.00017079512
-6.869484674e-05
3.611494343e-05
-9.302242251e-05
1.375826229e-08
-9.061034012e-05
-9.072638897e-05
-3.65134433e-05
4.386127252e-08
-0.0001244603226
-4.108897665e-08
3.653816829e-05
-0.0001294478931
-0.0001296386454
-0.0001242787288
-0.0001576341322
-3.559769481e-05
9.750159527e-08
3.40475445e-05
0.0001654011572
-0.0001997302421
-2.108379731e-07
0.0001572700408
-0.0001886871687
-1.028948497e-07
3.560602354e-05
-0.0001894299658
-0.0007658106068
-4.675031141e-08
-3.189461689e-08
0.006124433456
-0.0001974254422
-0.0001502302144
-0.0001964855253
-0.001525383001
-0.001524692765
-0.001571195582
-0.001572594441
-0.0007662578949
0.006465635426
0.006123847897
-0.0001504218713
-0.0001971418976
-0.0001961513606
-0.001525519757
-0.00152478216
-0.001571150729
-0.001572522002
-0.0005508911176
-2.757823014e-08
0.0059390146
3.315086855e-08
-0.0001285306523
-0.0001350962159
-0.0001260254045
4.577598287e-09
0.006413586573
-0.0007120178481
-0.0005505561881
0.005938597587
-0.0001350597051
-0.0001285896073
-0.0001260491164
5.310427037e-08
0.00118365303
-0.0001199748821
2.544495019e-09
0.001182982787
-0.0001192164967
8.423660968e-05
-0.001075431014
-2.454646578e-07
-8.781851626e-05
9.14252956e-09
-1.142575352e-06
-8.56749584e-05
-6.646900033e-07
0.001077151737
-0.001095335284
-8.298677605e-05
0.001257496767
-0.0001007562197
-0.001292504237
-3.980406235e-09
3.439902787e-09
-0.001095008655
-8.182015071e-05
-2.312505841e-08
-8.855580841e-05
-0.0001606268931
-2.795869846e-08
0.002872447088
3.470736271e-08
-0.0007691243238
-0.0006261222729
-0.0007667929724
-2.814198867e-08
-0.0003258606115
0.004274443699
-0.000257141298
-0.0001609931766
0.002872315084
-0.0003405287325
-0.0006261086398
-0.0007690822574
-0.0007667668388
-0.0003259961508
8.66531233e-09
0.0002402954844
-7.400856053e-05
-6.102597231e-05
0.0003956546388
6.267730815e-05
-1.313494116e-08
0.0002401900545
-7.393987056e-05
8.430396936e-10
6.530898096e-05
9.849017455e-08
0.000259043645
-8.426208348e-05
1.024606276e-09
-3.333291065e-07
-6.542128699e-05
6.345898885e-05
0.0003979541687
6.353361188e-05
0.0003970918064
4.876083573e-09
0.0002595040218
-8.453132452e-05
-0.0003475397647
-4.47696164e-08
0.0001121224749
0.0001238768261
-6.652797461e-07
-5.440370743e-08
-0.0001526959465
-0.00015035028
-0.0002056195102
-0.0002086557523
0.001452553584
-0.0003928233621
-0.0003115032408
-0.0003101978131
-9.848493137e-05
-9.723161934e-05
-9.303343887e-05
-9.45893175e-05
-0.000347554359
-6.871608253e-07
0.000112115599
0.0001239209179
-0.0001527411083
-0.0001503230982
-0.0002056144493
-0.0002086591848
-0.0001252692721
5.77648946e-06
0.0001128447395
3.450286168e-09
3.556269602e-09
-2.703008715e-05
-0.0001306398773
-2.715029375e-05
-0.0001305766582
1.760831223e-09
0.0001311752045
1.711102563e-08
-2.247273632e-05
-0.0001358719005
2.026628601e-09
-2.226386769e-08
-0.0001311586893
0.0001201097894
1.702289071e-05
0.0001201606875
1.676734697e-05
1.395079255e-09
-2.237601994e-05
-0.0001357956452
0.0001284979405
1.603247905e-05
-4.602512007e-08
-0.0001335935006
3.630981672e-09
-9.911754863e-07
-0.0001281325266
0.0001348981969
-3.976281989e-07
-1.414370718e-05
1.700515781e-05
-0.0001358297193
3.5827175e-05
-0.0001334185391
-3.353269636e-05
1.383700168e-09
0.0001302544799
1.087343395e-09
0.0001335887114
1.763869164e-05
-0.0001354257433
3.351741573e-09
-0.0001337552489
-0.0002604653816
-2.797149307e-08
-0.0005648839509
1.513017022e-08
0.0001099270423
0.0001553424195
0.0001138715344
2.874945009e-10
-0.0002969354777
-3.712321756e-05
-0.0003800972066
-0.0002604276066
-0.0005649779989
-0.000344629672
0.0001553147278
0.0001098628862
0.0001138789454
-0.000296921951
-4.279926056e-07
-0.0001986743773
-6.058578906e-05
-8.966339449e-05
-0.0001705443751
0.000112788384
1.096919333e-10
-0.0002002423786
-6.062166432e-05
1.421776627e-09
8.533915531e-05
1.168836371e-06
-0.0002278547651
-5.889560469e-05
4.23937786e-12
-1.085686656e-06
-8.499427997e-05
0.0001071479098
-0.0001902693443
0.0001074766528
-0.0001937667664
-8.058829144e-10
-0.0002239653407
-5.853448915e-05
-0.0001407999692
-4.778121186e-10
-0.001405359058
2.821523661e-09
0.0002954195566
0.0003216546002
0.0003092006547
5.095524174e-11
-0.001199631731
-0.0001718806355
0.0002476252331
0.0002650780375
0.0002764155509
-0.0001407894937
-0.001405378786
0.00032162835
0.0002954792807
0.0003092511332
0.0001546948379
0.001128722388
2.483721764e-07
-0.0001000143079
1.747897993e-09
-3.778906655e-07
-0.000154720725
-3.892205803e-07
-0.001128953543
-8.506705545e-05
-0.001325487425
-0.0001176081428
1.20914937e-09
-7.254702801e-09
-8.428430736e-05
6.90016645e-10
-0.0001004431007
-6.922532434e-08
7.240084027e-05
0.0006363072015
7.224555176e-05
0.0006362222208
5.693118245e-09
5.888624403e-08
0.0009136748483
3.659202714e-09
0.0009140427675
-3.6161582e-09
6.175605682e-05
-0.0006195391332
6.08062273e-05
-1.712589588e-09
0.0006107673405
6.174316418e-05
7.537115222e-09
0.0008752552412
1.402214938e-07
8.251446946e-09
-2.041580919e-07
-0.0008754959535
0.0008520590332
5.306050261e-09
0.0008515677144
0.0001480974601
5.733671531e-08
0.001183672876
-0.0001199998989
-3.030463889e-07
-0.0001482747602
0.001367977564
0.0001815233647
0.001367571552
0.0001808007246
0.001183032873
-0.0001192843015
0.0001546487361
0.001128735284
2.588935215e-07
-9.996831581e-05
-0.001325689649
-0.000117561283
0.001292443712
-3.719924999e-07
-0.0001546201224
-4.154072932e-07
-0.0011290102
-8.475954109e-05
0.001095145405
-8.42197609e-05
0.001094979036
-0.0001003385621
-7.321998494e-08
7.242344704e-05
0.0006363426816
7.219941098e-05
0.000636284542
5.324452229e-08
0.0009135945169
0.0009139411672
-0.0006195787789
6.067066799e-05
0.0006109222443
-4.567141525e-08
6.18140444e-05
6.178750097e-05
0.0008752490656
1.729055993e-07
-2.871462907e-07
-0.0008755895655
0.0008516541168
0.0008514181389
6.784478965e-05
0.0006055297615
-4.436579043e-08
-0.000837220972
-7.101585463e-05
5.390362859e-07
0.0008198499017
2.93828687e-08
-4.287836602e-07
0.0008381530272
-8.274285207e-08
6.999936835e-05
0.0005984274762
-5.740192291e-08
0.0005979294467
3.534154089e-08
0.0008201356251
0.0007909242276
-6.442909347e-05
6.939271492e-07
1.826585151e-08
-1.123040378e-06
-0.0007921558686
-5.762295857e-07
6.497404167e-05
-6.743321345e-05
5.081306654e-05
-0.0005995844204
2.990250706e-09
-7.707745351e-05
9.285420189e-09
1.458051054e-08
-6.667487921e-05
8.428350476e-05
-0.001074996368
-2.426122434e-07
-8.816852451e-05
0.001257477877
-0.0001007691516
-1.1475574e-06
-8.57727488e-05
-6.482661476e-07
0.00107628464
-8.231644008e-05
-8.145790399e-05
-8.926097321e-05
6.670285498e-05
0.000606539174
-6.24327781e-05
-0.0008362266493
-7.197182953e-05
5.608681806e-07
0.0008194984559
-3.790481777e-07
0.0008362199399
-1.105627213e-07
7.191162586e-05
0.0005990091359
-6.385374895e-05
0.0005982181321
-6.372599719e-05
0.0008194314617
0.0007908648307
-6.478110284e-05
7.167225534e-07
5.086441889e-05
-0.0005996244864
-7.707454932e-05
-1.137827349e-06
-0.0007920320009
-5.95773478e-07
6.568626362e-05
-6.76223971e-05
-6.676865715e-05
7.078800903e-05
0.0002831864213
3.01213824e-07
-9.523591733e-05
3.923860775e-09
-7.134134759e-07
-7.064410942e-05
3.715145738e-07
-0.0002845908602
-9.755318216e-05
-0.0004004847045
-7.037255799e-05
9.350285585e-10
6.815550557e-09
-9.712285987e-05
-9.589808197e-10
-9.542973386e-05
9.39375948e-05
5.833263085e-05
-1.04339412e-09
-6.647883507e-08
0.0001310805372
0.000130929576
7.528239169e-10
-0.0001056973691
1.379204543e-07
0.0001522288141
-1.864100689e-09
-4.304806626e-08
0.0001055715299
7.289087137e-05
7.27531618e-05
-2.611211686e-10
0.0001522586521
0.0001666763812
-0.0001099423319
2.570955572e-07
1.752897767e-09
-3.579179125e-07
-0.0001671397665
0.0001819446559
-7.326913282e-08
0.0001100537416
-0.0001246944447
0.0001119936699
-8.733796112e-05
2.309220646e-09
-0.0001282832117
0.0001034416441
-8.35697046e-11
0.0001811893708
2.005493695e-09
-0.0001246024049
-6.100150286e-05
0.0003958219741
-1.23501343e-08
0.0002403569294
-7.39707954e-05
0.0002402262869
-7.395845655e-05
6.532166108e-05
9.130012003e-08
0.0002590373085
-8.42229359e-05
-2.724891401e-07
-6.536200932e-05
0.0003982180171
0.0003971500098
0.000259506974
-8.442076336e-05
7.080157516e-05
0.0002831742796
3.015350002e-07
-9.523616436e-05
-0.000400482906
-7.044494904e-05
-7.06841362e-07
-7.0660913e-05
3.697090215e-07
-0.0002845747878
-9.757277582e-05
-9.709972463e-05
-9.542719137e-05
9.392550707e-05
5.832617703e-05
-0.0001128344781
-6.820207727e-08
0.0001310938756
0.0001309069799
-0.0001056797305
1.189504677e-07
0.0001522429568
-3.277036736e-08
0.0001055249296
7.293604012e-05
-0.0001201258453
7.276777957e-05
-0.0001201543699
0.000152316989
0.0001666912524
-0.0001099410502
2.58350584e-07
0.0001119972355
-8.735516297e-05
-0.0001282932129
0.0001034525677
-3.69509609e-07
-0.0001671834865
0.0001819633133
-8.483115455e-08
0.0001100353357
-0.0001246765187
0.0001812191863
-0.0001246112534
0.0001343298856
-1.916142433e-05
4.992119471e-08
-0.0001376936006
2.484002149e-09
-1.35240884e-07
-0.0001343771757
-1.201176284e-07
1.894313214e-05
-0.0001376388847
-2.635765342e-05
-0.0001358280004
-6.215107392e-11
1.934093247e-09
-0.0001374727399
1.892508756e-09
-0.0001377601352
0.0001270019356
-6.945573344e-05
1.917340456e-09
-3.391566432e-08
-5.149126604e-05
-5.156670419e-05
1.087630414e-09
3.423428215e-08
0.0001314394367
-8.170987706e-05
0.0001314623693
-8.182166836e-05
2.588831999e-09
2.185937392e-08
-5.599910127e-05
1.008465e-09
-5.582561049e-05
1.757392498e-08
0.0001323124982
9.541913328e-05
0.0001308902759
3.509391689e-09
-0.0001099659911
0.0001322952483
3.925731348e-09
-6.146008367e-05
6.239988992e-08
2.349369083e-10
-1.481353231e-07
6.12108335e-05
-6.772330356e-05
-4.284372708e-10
-6.81902421e-05
-0.0001252688455
5.78325407e-06
-1.594461693e-09
-2.70745587e-05
-0.0001306205353
-2.715583606e-05
-0.0001305748047
0.0001311712667
1.88663271e-08
-2.247414301e-05
-0.0001358697944
-3.594052483e-08
-0.0001311690858
1.699602769e-05
1.676560448e-05
-2.237853903e-05
-0.0001358462398
0.0001343265779
-1.916043155e-05
5.232696006e-08
-0.0001376901286
-2.634625713e-05
-0.0001358137136
3.351807678e-05
-1.366041036e-07
-0.0001343654616
-1.272936311e-07
1.893653984e-05
-0.0001376189471
-1.701129218e-05
-0.0001374680813
-1.763146586e-05
-0.0001377551301
0.0001269983743
-6.944937542e-05
-2.317101904e-08
-5.149660694e-05
-5.15605269e-05
1.339712276e-08
0.0001314739421
-8.171251423e-05
0.0001314589477
-8.182278643e-05
2.375386472e-08
-5.599411095e-05
-5.584514884e-05
9.54290214e-05
0.0001308890644
-0.0001099835188
-1.723512001e-08
0.0001323233293
0.0001322885794
-6.146057968e-05
6.516794727e-08
-1.508730869e-07
6.121177617e-05
-6.772661689e-05
-6.819088827e-05
0.0001277117391
-0.000125124506
4.038760263e-09
7.626646949e-05
-0.000122660014
6.015723391e-07
-8.780236606e-05
8.397719122e-10
-3.617748538e-07
-7.542413731e-05
-7.037643618e-07
0.0001223146342
-0.0001386361882
4.595314873e-10
-0.0001410125157
8.989956376e-10
-8.626316411e-05
-9.892813735e-05
-0.0001140798126
1.186042837e-06
3.473932045e-09
-9.506356744e-07
9.555489664e-05
-1.70323781e-06
0.0001143568267
-0.0001034276584
0.0001039413674
0.0001524129799
4.963789777e-10
-0.000101739429
5.445617208e-09
5.303249874e-10
-0.0001043831155
0.0001284941575
1.603244551e-05
-4.601809197e-08
-0.0001335941501
3.582170743e-05
-0.0001334192785
0.0001302659513
-9.787361676e-07
-0.0001281124857
0.0001348422404
-4.105275818e-07
-1.415597445e-05
-0.0001358249119
0.000133592572
-0.0001354254682
-0.0001337556875
0.0001277100647
-0.0001251487821
-0.0001127989437
7.627128342e-05
-0.0001226636704
6.025801817e-07
-8.78034979e-05
-3.65450096e-07
-7.544084903e-05
-7.039490002e-07
0.0001223224518
-0.0001386635989
-0.0001071693389
-0.0001410062857
-0.0001075092095
-8.627149647e-05
-9.89236899e-05
-0.0001140843333
1.185521254e-06
0.0001039401541
0.0001524001662
-0.0001017368049
-9.519714971e-07
9.554494909e-05
-1.68936119e-06
0.0001143839088
-0.0001034970903
-0.0001043792902
8.081505105e-05
-0.0002548146499
2.429065364e-06
-5.628396161e-05
-2.740851374e-10
-2.327630053e-06
-7.970709501e-05
-6.504775593e-07
0.0002458151103
-5.189251303e-05
0.0002196638603
-7.515030793e-05
2.64767809e-09
1.395159752e-09
-5.41725945e-05
-2.214822845e-10
-5.542827073e-05
-4.870569245e-07
-0.0002170686518
3.176985446e-05
-0.0002320866407
2.466731775e-10
-0.0002187775786
2.093543357e-10
-3.039093494e-05
1.329638903e-06
-0.0002486131426
1.2586356e-09
-1.427185923e-06
3.019534837e-05
-0.0002589917025
-0.0002639387494
4.07237099e-10
-0.0002440781534
-0.0002794185766
-2.831730239e-05
2.837879706e-06
8.930403219e-10
-9.923120978e-07
0.0002687861113
-2.977051096e-06
2.788242999e-05
2.538492215e-05
0.0002952577025
5.127805579e-10
2.10175188e-09
5.053625802e-10
-8.965617253e-05
-0.0001705205265
-4.277197506e-07
-0.0001986778968
-6.061410198e-05
-0.0002002262547
-6.065133468e-05
8.533463413e-05
1.161471929e-06
-0.0002278538443
-5.886851714e-05
-1.073999108e-06
-8.49803364e-05
-0.0001902451129
-0.0001937699127
-0.0002239491565
-5.854761075e-05
8.081440715e-05
-0.0002548113104
2.430286719e-06
-5.628750394e-05
0.0002196751185
-7.514187294e-05
-2.34170939e-06
-7.972247372e-05
-6.491531134e-07
0.0002458119232
-5.1918513e-05
-5.418700576e-05
-5.542942109e-05
3.177743008e-05
-0.0002320821089
-4.914854546e-07
-0.0002170860913
-0.0002187951474
-3.039028695e-05
1.340421061e-06
-0.000248612543
-1.429275524e-06
3.020755756e-05
-0.0002589873349
-0.0002639357802
-0.0002440857228
-0.0002794229385
-2.831891386e-05
2.842706208e-06
2.536316804e-05
0.0002952571793
-1.006461239e-06
0.0002687811892
-2.978484688e-06
2.789124373e-05
-7.802306656e-08
0.0001878532673
0.0001866053917
-2.065432486e-09
6.296780027e-07
-6.153299275e-09
-9.342303705e-08
0.0001878459484
0.0001866013466
6.383804068e-07
-5.303405801e-07
0.0001961761251
-2.301376761e-07
0.0001063092162
0.0001110254339
0.0001220034774
1.938919767e-09
0.0001944649879
-1.618995907e-09
0.0001050148705
-3.103289639e-09
8.093541033e-07
-5.284281566e-09
0.0001110239761
0.0001220093326
-5.54820949e-07
0.0001961488085
-2.539347567e-07
0.0001062759839
0.0001944551041
0.000105021773
8.237044129e-07
4.564461009e-07
6.925532687e-08
-2.625321228e-06
4.873530579e-11
1.182063547e-07
5.343530814e-08
-1.255977141e-06
2.266967164e-11
4.259174203e-08
-3.45734662e-07
1.03128386e-11
2.721991892e-07
-2.622290477e-06
3.515927673e-08
-1.255361649e-06
-3.456696693e-07
8.351387184e-07
-1.453197385e-06
8.205941478e-08
1.009631179e-11
2.069562631e-07
-6.905739015e-07
6.277115126e-08
3.857098463e-12
-1.870895103e-07
4.83096859e-08
1.763251791e-12
7.591188327e-07
-8.712833635e-08
1.450199566e-06
1.359282679e-07
-6.704171665e-08
6.890384155e-07
-5.117687132e-08
1.86772803e-07
9.973749443e-07
-6.423521874e-12
2.385880636e-07
-4.342529997e-12
-1.968005684e-12
6.141374046e-07
1.10588854e-07
4.564680717e-07
6.92484497e-08
-2.625585196e-06
1.182064431e-07
5.342794643e-08
-1.256114127e-06
4.258631478e-08
-3.457745409e-07
2.724960842e-07
-2.623007408e-06
3.523532383e-08
-1.255743218e-06
-3.457833095e-07
8.351559034e-07
-1.453311487e-06
8.198186855e-08
2.06951427e-07
-6.906309823e-07
6.272567823e-08
-1.871054511e-07
4.828575084e-08
7.59459115e-07
-8.699541442e-08
1.450524098e-06
1.360143814e-07
-6.697082861e-08
6.892033338e-07
-5.114173476e-08
1.868215125e-07
9.973587181e-07
2.385757892e-07
6.144882527e-07
1.106776982e-07
)
;

boundaryField
{
    inlet
    {
        type            calculated;
        value           nonuniform 0();
    }
    outlet
    {
        type            calculated;
        value           nonuniform List<scalar> 
25
(
0.0199680079
0.02002374562
0.0200199093
0.02000360463
0.02000336812
0.02000307916
0.02000274205
0.02000236161
0.02000194348
0.02000149394
0.02000101983
0.02000052836
0.02000002717
0.01999952423
0.01999902773
0.01999854576
0.01999808599
0.01999765569
0.01999726187
0.01999691114
0.01999660942
0.01999636177
0.01999617221
0.01999604381
0.01999597857
)
;
    }
    topAndBottom
    {
        type            symmetry;
        value           uniform 0;
    }
    frontAndBack
    {
        type            empty;
        value           nonuniform 0();
    }
    cylinder
    {
        type            calculated;
        value           uniform 0;
    }
    procBoundary1to0
    {
        type            processor;
        value           nonuniform List<scalar> 
116
(
-0.02158449696
-0.02159762461
-0.02162384739
-0.02166346474
-0.02171687574
-0.02178462163
-0.0218674006
-0.02196614841
-0.02208206355
-0.02221655947
-0.02237146517
-0.02254919201
-0.02275276213
-0.0229862584
-0.02325495256
-0.02356791145
-0.02393671096
-0.02439502583
-0.0248814055
-0.0008782780124
-0.006394211537
-0.00645685487
-0.006392586601
-0.006456044202
-0.0008784411639
-0.006491481458
0.0002050954934
0.0002070806743
-0.0004022207691
-0.0004022638936
8.21998242e-05
3.079315721e-05
8.2087995e-05
2.878874952e-05
3.049674123e-05
2.887807876e-05
2.758573241e-07
9.872465022e-07
3.756287794e-05
3.680370986e-05
-3.054898725e-07
-3.121353227e-08
8.221043999e-05
3.079814147e-05
8.217366171e-05
2.890083876e-05
3.051279956e-05
2.890914498e-05
3.75768648e-05
3.684303266e-05
-3.055703871e-07
-3.118808648e-08
2.759911292e-07
9.873796053e-07
-0.0006631622389
-0.001400923116
-0.0006631181994
-0.0004023170061
-3.700258846e-05
-0.0002047358379
-3.700009502e-05
-0.0002047255099
-1.904867078e-06
-1.923680024e-06
-7.640754174e-05
-7.638499729e-05
-0.0004023851439
-3.700665567e-05
-0.0002047375388
-3.701518682e-05
-0.0002047270312
-1.930225798e-06
-1.938099199e-06
-7.640878709e-05
-7.636305504e-05
-0.001531737699
-0.006491410676
0.0002051615652
0.0002071755947
-0.001531748914
0.0001480757328
-0.001211809523
0.000148225143
-0.001368010236
-0.0001814205749
-0.001211938332
-0.001367648755
-2.792896431e-10
-0.0001806896254
-0.000662907034
-0.000961466737
-0.0009607995771
-0.001211825218
-0.001400577556
-0.001211965986
-0.0006628769453
-0.0009614445715
-0.0009607487676
-0.00159119218
-0.001530684481
-0.001590309193
-0.00153067826
-0.00159121329
-0.001590355479
3.232295964e-06
1.545836525e-06
4.234210677e-07
3.233433672e-06
1.546430588e-06
4.236046249e-07
3.22318468e-06
1.54075411e-06
4.213406739e-07
3.22359196e-06
1.540969608e-06
4.214067544e-07
)
;
    }
    procBoundary1to3
    {
        type            processor;
        value           nonuniform List<scalar> 
125
(
-9.475174541e-07
-1.562020024e-06
-2.022588122e-06
-2.153943258e-06
-2.021179146e-06
-1.53306504e-06
-7.832867884e-07
1.237939108e-07
8.986068042e-07
1.545678582e-06
1.942133937e-06
2.110314696e-06
2.064512825e-06
1.824224774e-06
1.496243989e-06
1.093057365e-06
6.712001772e-07
2.584107112e-07
-8.779513889e-08
-3.371529711e-07
-5.015724101e-07
-5.885894837e-07
-6.108999044e-07
-5.834016921e-07
-5.25991768e-07
-4.552175387e-07
-3.814597415e-07
-3.106811951e-07
-2.456803637e-07
-1.874822349e-07
-1.363621815e-07
-9.142017376e-08
-5.777838109e-08
-2.297724545e-08
5.62800167e-09
2.233601454e-08
3.096107111e-08
3.358848718e-08
3.192229959e-08
2.783409656e-08
2.306257724e-08
1.87526156e-08
1.533489893e-08
1.273073818e-08
1.063883135e-08
8.772605322e-09
7.001081521e-09
5.374460204e-09
4.053602948e-09
3.199819579e-09
2.88520273e-09
3.058273233e-09
3.566502783e-09
4.212373967e-09
4.812991346e-09
5.240880222e-09
5.437687146e-09
5.406244484e-09
5.190450285e-09
4.852445431e-09
4.455616736e-09
4.05264379e-09
3.679712719e-09
3.355681168e-09
3.08521243e-09
2.863615649e-09
2.678970618e-09
2.53985114e-09
2.337500161e-09
5.687230112e-08
4.3383123e-08
-1.701492754e-08
5.187567702e-08
5.429170423e-08
5.068673695e-08
6.301723747e-08
5.93835649e-08
5.175236609e-08
3.284998887e-08
3.24702754e-08
5.266476543e-08
3.331915751e-08
3.258929973e-08
1.446413795e-08
4.817205981e-08
1.481193535e-08
5.709431537e-08
5.789245975e-08
5.838417411e-08
5.753113376e-08
5.085245822e-08
5.827757938e-08
5.948772386e-08
6.875049139e-08
6.267222893e-08
5.434905246e-08
7.026973148e-08
6.335841677e-08
-1.006490384e-07
-1.734676597e-08
-1.009048121e-07
4.326667477e-08
3.38525998e-08
3.357982891e-08
2.440918006e-08
1.366999998e-08
2.410056735e-08
4.520201701e-08
3.614149383e-08
3.451467153e-08
1.380075632e-08
2.541753076e-08
2.450219236e-08
2.473474013e-09
1.191220879e-09
3.305338231e-10
2.440237632e-09
1.172110102e-09
3.238842142e-10
2.501120986e-09
1.206295205e-09
3.356588431e-10
2.450665532e-09
1.178095301e-09
3.259528802e-10
)
;
    }
}


// ************************************************************************* //
