/*--------------------------------*- C++ -*----------------------------------*\
| =========                 |                                                 |
| \\      /  F ield         | OpenFOAM: The Open Source CFD Toolbox           |
|  \\    /   O peration     | Version:                                        |
|   \\  /    A nd           | Website:  www.openfoam.com                      |
|    \\/     M anipulation  |                                                 |
\*---------------------------------------------------------------------------*/
FoamFile
{
    version     2.0;
    format      ascii;
    class       surfaceScalarField;
    location    "1.1";
    object      phi;
}
// * * * * * * * * * * * * * * * * * * * * * * * * * * * * * * * * * * * * * //

dimensions      [0 3 -1 0 0 0 0];
oriented        oriented;


internalField   nonuniform List<scalar> 
5191
(
0.0207062859
6.65401245e-06
0.02069310624
1.317965915e-05
0.02067429158
1.881465862e-05
0.02065052218
2.37693974e-05
0.02062253556
2.798661668e-05
0.02059113091
3.140464552e-05
0.02055712908
3.400182809e-05
0.02052133578
3.579329719e-05
0.02048451115
3.682462184e-05
0.02044736376
3.714739291e-05
0.02041080772
3.65560315e-05
0.02037729327
3.351444514e-05
0.02034881783
2.84754444e-05
0.02029881791
4.999991667e-05
0.0202295252
6.929270978e-05
0.02016005164
6.947356197e-05
0.02009496886
6.50827783e-05
0.02003498787
5.998098956e-05
0.01998002052
5.496735398e-05
0.0199297831
5.023742144e-05
0.0198839365
4.584660369e-05
0.01984213488
4.180162381e-05
0.01980404343
3.809146321e-05
0.01976934265
3.470077775e-05
0.01973773167
3.161097569e-05
0.01970892904
2.880262747e-05
0.01968267455
2.625448862e-05
0.01965872942
2.394513276e-05
0.01963687498
2.185444431e-05
0.01961691207
1.996291359e-05
0.01959865952
1.825254741e-05
0.01958195286
1.670666064e-05
0.01956664341
1.530943955e-05
0.01955259652
1.404688122e-05
0.01953969083
1.290568862e-05
0.01952781679
1.187403773e-05
0.01951687577
1.094101523e-05
0.01950677923
1.009653872e-05
0.01949744706
9.332163428e-06
0.01948880768
8.639366748e-06
0.01948079655
8.011127262e-06
0.0194733555
7.441051926e-06
0.01946643269
6.922810687e-06
0.01948181953
-1.538684905e-05
0.01949801197
-1.61924462e-05
0.01951442404
-1.641207108e-05
0.01953103445
-1.661041518e-05
0.0195478241
-1.678964582e-05
0.0195647756
-1.695150356e-05
0.01958187341
-1.709780151e-05
0.01959910318
-1.722977484e-05
0.01961645194
-1.734876208e-05
0.01963390772
-1.745578493e-05
0.01965145953
-1.755180567e-05
0.01966909708
-1.763755846e-05
0.01968681049
-1.771340869e-05
0.01970468354
-1.787304639e-05
0.01972251491
-1.783137124e-05
0.01974039386
-1.787894832e-05
0.01975831028
-1.791642919e-05
0.019776253
-1.794272078e-05
0.0197942092
-1.795619828e-05
0.0198121628
-1.795360356e-05
0.01983025554
-1.809274616e-05
0.01984928944
-1.903389942e-05
0.01986704653
-1.775708763e-05
0.01988450657
-1.746003842e-05
0.01990170567
-1.719909575e-05
0.01991845449
-1.674882292e-05
0.01993438353
-1.592904268e-05
0.01994870646
-1.432292547e-05
0.01995970312
-1.099666043e-05
-4.728257282e-06
0.02071243934
1.357550714e-05
0.02069884055
2.677844139e-05
0.02067947328
3.818192295e-05
0.02065504831
4.81943643e-05
0.02062634008
5.669484264e-05
0.02059418837
6.355634735e-05
0.0205594527
6.873749436e-05
0.02052297132
7.227466917e-05
0.02048553651
7.425943203e-05
0.02044808825
7.459564428e-05
0.02041330852
7.133576449e-05
0.02038878238
5.804058357e-05
0.02035765386
5.960396424e-05
0.02033092181
7.673195858e-05
0.02030886373
9.135079255e-05
0.02028499177
9.334552202e-05
0.0202602488
8.982575078e-05
0.02023596557
8.426422322e-05
0.02021287005
7.806287881e-05
0.02019129447
7.181301089e-05
0.02017136765
6.577343666e-05
0.02015310994
6.005933472e-05
0.02013648061
5.472078703e-05
0.0201214059
4.977548636e-05
0.02010779282
4.522405683e-05
0.02009554008
4.105536536e-05
0.02008454219
3.725238387e-05
0.02007469442
3.379290709e-05
0.02006589487
3.065398863e-05
0.0200580467
2.781107555e-05
0.02005105842
2.524082773e-05
0.02004484525
2.291981365e-05
0.02003932849
2.082619491e-05
0.02003443616
1.893921098e-05
0.02003010246
1.723938234e-05
0.02002626764
1.570885184e-05
0.02002287758
1.433106111e-05
0.02001988331
1.309079635e-05
0.02001724126
1.197420355e-05
0.02001491187
1.096875574e-05
0.02001285977
1.006322066e-05
0.02001105371
9.247110547e-06
0.02001002895
7.947560816e-06
0.02000924278
-1.460068227e-05
0.02000806936
-1.50190322e-05
0.02000705106
-1.539377563e-05
0.0200061706
-1.572995441e-05
0.02000541224
-1.603128613e-05
0.02000476254
-1.630181079e-05
0.02000420946
-1.654472133e-05
0.02000386994
-1.689025668e-05
0.02000347449
-1.69533155e-05
0.02000314815
-1.712944605e-05
0.02000288452
-1.728817339e-05
0.02000267784
-1.743088793e-05
0.02000282372
-1.785928117e-05
0.02000488938
-1.993870883e-05
0.02000493722
-1.787921721e-05
0.02000475426
-1.769598879e-05
0.02000461643
-1.777861054e-05
0.0200045252
-1.785149097e-05
0.02000448429
-1.791529175e-05
0.02000468269
-1.81520082e-05
0.02000726087
-2.067091992e-05
0.02001648776
-2.826079262e-05
0.02001740549
-1.867480964e-05
0.02001621577
-1.627031957e-05
0.02001511857
-1.610189219e-05
0.02001438154
-1.601180242e-05
0.0200142512
-1.57986951e-05
0.02001519129
-1.526302357e-05
0.02001780289
-1.360826015e-05
-7.140066857e-06
0.02072483317
2.10743623e-05
0.02071030665
4.130495985e-05
0.02068972841
5.876015643e-05
0.02066388858
7.403419862e-05
0.0206336458
8.693761606e-05
0.02059992076
9.728138891e-05
0.02056364523
0.0001050130246
0.02052571673
0.0001102031679
0.02048705642
0.0001129197389
0.02044929832
0.0001123537423
0.0204165755
0.0001040585829
0.0203899387
8.46773825e-05
0.02035323235
9.631031743e-05
0.02032128339
0.0001086809207
0.0202961708
0.0001164633754
0.02027232694
0.0001171893881
0.0202486973
0.0001134553851
0.02022567905
0.000107282478
0.02020373232
0.0001000096101
0.02018315322
9.239210507e-05
0.02016408981
8.483684147e-05
0.02014658752
7.756162415e-05
0.02013062614
7.068216464e-05
0.02011614601
6.425562535e-05
0.02010306518
5.830488373e-05
0.0200912899
5.283064705e-05
0.02008072158
4.782070429e-05
0.02007126049
4.32539888e-05
0.02006280942
3.910505789e-05
0.02005527503
3.534546738e-05
0.02004856933
3.19465161e-05
0.02004261022
2.88789258e-05
0.02003732178
2.611463533e-05
0.02003263457
2.362641604e-05
0.02002848487
2.138906633e-05
0.0200248149
1.937881522e-05
0.02002157266
1.757329957e-05
0.02001871099
1.595245554e-05
0.02001618736
1.449783529e-05
0.02001396389
1.319221915e-05
0.02001200671
1.202039735e-05
0.02001028535
1.096846069e-05
0.02000990028
8.332620541e-06
0.02000857365
-1.327405404e-05
0.02000741555
-1.386093239e-05
0.02000656283
-1.454105826e-05
0.02000567968
-1.484680142e-05
0.02000491313
-1.526474281e-05
0.02000424956
-1.563824043e-05
0.02000408232
-1.637748513e-05
0.02000657654
-1.938448319e-05
0.02000636614
-1.674291229e-05
0.02000584031
-1.660362069e-05
0.02000537032
-1.681818756e-05
0.02000527686
-1.733743047e-05
0.02000960245
-2.218486516e-05
0.02002757153
-3.790779817e-05
0.02003025948
-2.056717021e-05
0.02002852409
-1.596059825e-05
0.02002652907
-1.578358913e-05
0.0200245612
-1.588362429e-05
0.02002269693
-1.605102524e-05
0.02002229616
-1.775124107e-05
0.02003100535
-2.938010776e-05
0.02005802165
-5.527709579e-05
0.02006152093
-2.217408465e-05
0.02005432381
-9.073202101e-06
0.02004585978
-7.637855182e-06
0.02003747095
-7.622978305e-06
0.02002933085
-7.658592004e-06
0.02002175605
-7.688224813e-06
0.02001582958
-7.681789383e-06
-7.800201259e-06
0.02074385559
2.950347733e-05
0.0207278508
5.73097597e-05
0.02070534685
8.126410313e-05
0.02067725875
0.0001021223026
0.02064458114
0.0001196152282
0.02060836672
0.00013349581
0.02056966378
0.0001437159661
0.02052958443
0.0001502825211
0.02049046045
0.0001520437122
0.02045853737
0.0001442768234
0.02043590163
0.0001266943229
0.0203924986
0.000128080414
0.02034854459
0.0001402643252
0.02031447395
0.0001427515534
0.02028634209
0.0001445952369
0.02026098135
0.0001425501308
0.02023716084
0.000137275895
0.02021459942
0.0001298438911
0.02019336348
0.0001212455328
0.0201735708
0.0001121847794
0.02015529493
0.0001031127074
0.02013855072
9.430584277e-05
0.02012330569
8.592719784e-05
0.02010949531
7.806601706e-05
0.02009703618
7.076401728e-05
0.02008583481
6.403201705e-05
0.02007579397
5.786154278e-05
0.0200668161
5.223186338e-05
0.02005880606
4.711509123e-05
0.02005167298
4.247855184e-05
0.0200453315
3.828799286e-05
0.02003970222
3.450819783e-05
0.02003471188
3.110496602e-05
0.0200302932
2.804508585e-05
0.02002638533
2.529692473e-05
0.02002293286
2.283128559e-05
0.02001988555
2.062060276e-05
0.02001719861
1.86393955e-05
0.02001483159
1.686485228e-05
0.02001274828
1.527551818e-05
0.02001091644
1.385223506e-05
0.02000948051
1.240438397e-05
0.02000937943
8.433691347e-06
0.02000810129
-1.199591298e-05
0.02000747658
-1.323622619e-05
0.0200101696
-1.723407652e-05
0.02000961509
-1.4292295e-05
0.0200087055
-1.435515864e-05
0.02000832799
-1.526073611e-05
0.02001396592
-2.201541515e-05
0.02003859398
-4.401254812e-05
0.02004277546
-2.092438802e-05
0.02004090219
-1.473035756e-05
0.0200388062
-1.472219633e-05
0.02003934559
-1.787681948e-05
0.02005735141
-4.019069302e-05
0.02011449819
-9.505457447e-05
0.02012968957
-3.575855306e-05
0.02012380339
-1.007442404e-05
0.020115075
-7.055205046e-06
0.02010623061
-7.039229037e-06
0.02009731735
-7.137766962e-06
0.02008704034
-7.474230182e-06
0.02006862512
-1.096488812e-05
0.02003479788
-2.144985401e-05
0.02002087996
-8.25616718e-06
0.02001679111
-4.984346142e-06
0.02001399598
-4.842728591e-06
0.02001125957
-4.886573671e-06
0.02000852724
-4.926257564e-06
0.02000580189
-4.962878375e-06
0.02000310801
-4.987909712e-06
-5.042769774e-06
0.02077005452
3.928387083e-05
0.02075191542
7.54488663e-05
0.02072664286
0.0001065366671
0.0206953393
0.0001334258584
0.02065919998
0.0001557545516
0.0206194696
0.0001732261876
0.02057745012
0.0001857354472
0.02053568944
0.0001920432019
0.02050344961
0.000184283536
0.02048293055
0.0001647958829
0.02043952909
0.0001700957768
0.02038362895
0.0001839805528
0.02034159345
0.0001822998317
0.02030670377
0.0001776412338
0.02027650169
0.0001747973083
0.02024962655
0.0001694252693
0.02022515069
0.0001617517398
0.02020259037
0.0001524042096
0.02018175858
0.0001420773268
0.02016258954
0.000131353832
0.02014504204
0.0001206602108
0.0201290632
0.0001102846817
0.02011458209
0.0001004083093
0.02010151325
9.113486606e-05
0.02008976135
8.25159233e-05
0.02007922659
7.456677464e-05
0.0200698079
6.728023483e-05
0.02006140619
6.063357074e-05
0.02005392658
5.459470511e-05
0.02004727935
4.912578121e-05
0.02004138099
4.418635305e-05
0.02003615437
3.973480788e-05
0.02003152883
3.573049497e-05
0.0200274399
3.213400776e-05
0.02002382913
2.890769305e-05
0.02002064382
2.601659351e-05
0.02001783674
2.342768387e-05
0.02001553366
2.094246843e-05
0.02001336108
1.903742476e-05
0.0200114518
1.718479385e-05
0.02001030162
1.500241182e-05
0.02001294234
9.763662886e-06
0.02001384449
7.531532108e-06
0.02001301132
-1.116274144e-05
0.02001955765
-1.97825556e-05
0.02004958676
-4.726319413e-05
0.02005488236
-1.958790492e-05
0.02005295938
-1.243217758e-05
0.02005408633
-1.638768723e-05
0.02007897921
-4.690829487e-05
0.02015870852
-0.0001237418632
0.02018264198
-4.485785649e-05
0.02017777357
-9.86194851e-06
0.02016881874
-5.76736692e-06
0.02015723908
-6.2971574e-06
0.02013006009
-1.301171039e-05
0.02006984838
-3.484286431e-05
0.02004488504
-1.079521945e-05
0.02003917616
-4.365538372e-06
0.02003622118
-4.100234827e-06
0.02003340853
-4.226572217e-06
0.02003060967
-4.338915729e-06
0.02002757442
-4.438976339e-06
0.02002137134
-4.761808873e-06
0.02000623411
-6.312620596e-06
0.02000260466
-4.626713074e-06
0.02000209474
-4.474428995e-06
0.02000178342
-4.531411083e-06
0.02000147982
-4.582966599e-06
0.02000118275
-4.629188037e-06
0.02000089178
-4.67191453e-06
0.02000061149
-4.707616876e-06
-4.75841757e-06
0.02080421132
5.090799751e-05
0.02078314409
9.651609996e-05
0.02075408451
0.0001355962502
0.02071840696
0.0001691034047
0.02067759255
0.0001965689518
0.02063319611
0.0002176226316
0.02058728955
0.0002316419959
0.0205468787
0.0002324540476
0.02053147447
0.0001996877607
0.02048493426
0.0002113360856
0.02042190669
0.0002331233483
0.0203733654
0.0002325218485
0.02033305625
0.0002226089747
0.02029695527
0.0002137422016
0.02026519341
0.0002065591708
0.02023709355
0.000197525129
0.02021196561
0.0001868796947
0.0201892998
0.0001750700261
0.02016876911
0.0001626080183
0.02015016396
0.0001499589784
0.02013333281
0.0001374913625
0.02011814804
0.000125469444
0.02010449038
0.0001140659772
0.02009224226
0.0001033829933
0.02008128805
9.347013913e-05
0.02007151427
8.434055285e-05
0.02006281232
7.598219259e-05
0.02005507873
6.836716419e-05
0.02004821722
6.145621076e-05
0.02004213795
5.520505461e-05
0.0200367591
4.956519411e-05
0.02003200528
4.448862583e-05
0.02002780849
3.992727915e-05
0.02002410732
3.583517369e-05
0.02002101119
3.200382645e-05
0.02001814237
2.888541198e-05
0.02001613098
2.54390666e-05
0.02001791939
1.915405038e-05
0.02001652606
2.043075167e-05
0.02001540571
1.830514021e-05
0.0200222839
8.124216875e-06
0.02005621093
-2.416336403e-05
0.02006594989
-2.207438594e-06
0.02006793887
-1.315171843e-05
0.02009840695
-5.025064002e-05
0.02019689423
-0.0001457504795
0.0202279875
-5.068118663e-05
0.02022366805
-8.112722428e-06
0.02021117791
-3.89755201e-06
0.02017727911
-1.300949726e-05
0.02009707449
-4.353725257e-05
0.02006371891
-1.150228037e-05
0.02005669974
-2.842777986e-06
0.02005354128
-2.608908715e-06
0.02005015121
-2.907089971e-06
0.02004075173
-3.612237246e-06
0.02001274699
-6.838123968e-06
0.0200057298
-3.778031271e-06
0.02000489463
-3.530367807e-06
0.02000448801
-3.693616193e-06
0.02000409978
-3.838344349e-06
0.02000372802
-3.96714807e-06
0.02000337053
-4.081485986e-06
0.02000279214
-4.183419379e-06
0.02000082526
-4.345737124e-06
0.02000054501
-4.34646364e-06
0.02000048946
-4.418880922e-06
0.02000044198
-4.483930546e-06
0.02000040137
-4.542362577e-06
0.02000036735
-4.595164301e-06
0.02000033893
-4.643493594e-06
0.02000031508
-4.683772607e-06
-4.741887299e-06
0.0208474089
6.502086396e-05
0.0208224005
0.0001215245051
0.02078827323
0.0001697235169
0.0207467888
0.0002105878295
0.02069989895
0.0002434587968
0.02064989113
0.0002676304431
0.02059949874
0.0002820343738
0.02055797134
0.0002739814483
0.02052156052
0.0002360985719
0.02046210784
0.000270788756
0.02040890073
0.0002863304558
0.02036348373
0.000277938843
0.02032198575
0.0002641069582
0.02028455729
0.0002511706595
0.02025160278
0.000239513689
0.02022261928
0.0002265086248
0.02019703718
0.0002124617939
0.02017435134
0.0001977558655
0.02015416129
0.0001827980729
0.02013615877
0.000167961499
0.02012010056
0.0001535495767
0.02010578643
0.0001397835739
0.02009304244
0.0001268099688
0.02008171358
0.0001147118521
0.02007165816
0.0001035255604
0.02006274651
9.325220646e-05
0.02005485891
8.386979431e-05
0.0200478865
7.533957507e-05
0.02004172989
6.761281539e-05
0.02003629916
6.063577737e-05
0.02003151337
5.435098928e-05
0.02002746083
4.854115999e-05
0.02002375574
4.363237032e-05
0.02002100039
3.859051672e-05
0.0200220715
3.093271945e-05
0.02002063541
3.032149014e-05
0.02002661159
1.946288373e-05
0.02005913429
-1.336865431e-05
0.02006687086
1.269417497e-05
0.02007100052
1.417547585e-05
0.02010628099
-2.715624619e-05
0.02022134906
-0.0001392314393
0.02026516232
-4.602070512e-05
0.02025728806
-5.277464438e-06
0.02021788503
-1.084761192e-05
0.02012079735
-4.866280707e-05
0.02008031712
-1.020095239e-05
0.0200721021
1.022878812e-07
0.02006808931
1.152338104e-07
0.02005617518
-1.095364444e-06
0.02001841049
-5.772565272e-06
0.02000875986
-1.851656575e-06
0.0200076009
-1.683817588e-06
0.02000705244
-2.060456078e-06
0.02000653924
-2.393891691e-06
0.02000561635
-2.689354236e-06
0.02000187229
-3.094061996e-06
0.02000126829
-3.174031975e-06
0.02000111734
-3.37941763e-06
0.02000098525
-3.561530451e-06
0.02000086993
-3.723019682e-06
0.02000076927
-3.86648273e-06
0.02000068171
-3.993926938e-06
0.02000060562
-4.107325035e-06
0.02000046813
-4.208249399e-06
0.02000041996
-4.298289991e-06
0.02000037995
-4.378869275e-06
0.02000034687
-4.450858338e-06
0.02000032014
-4.515628709e-06
0.02000029893
-4.573957795e-06
0.02000028284
-4.627401495e-06
0.02000027086
-4.671794639e-06
-4.736277224e-06
0.02090107614
8.245577311e-05
0.02087081374
0.0001517869089
0.02082997292
0.0002105643303
0.02078099536
0.0002595653799
0.02072763385
0.0002968203015
0.02067546452
0.0003197997647
0.02063020331
0.0003272955814
0.02060238227
0.0003018024809
0.0205254358
0.0003130450389
0.02045253039
0.0003436941582
0.02039846133
0.0003403995072
0.02035091088
0.0003254892993
0.02030763744
0.0003073803886
0.02026897381
0.0002898342873
0.02023510887
0.000273378627
0.02020556871
0.0002560487775
0.02017981524
0.0002382152646
0.02015732997
0.0002202411442
0.02013765521
0.0002024728494
0.02012040424
0.0001852124694
0.02010525613
0.0001686976906
0.02009194305
0.0001530966484
0.02008023973
0.0001385132921
0.02006995246
0.0001249991222
0.02006091315
0.0001125648733
0.02005297373
0.0001011916255
0.02004600339
9.084013329e-05
0.02003988713
8.145583433e-05
0.02003467996
7.281998516e-05
0.02002997877
6.533696009e-05
0.02002635092
5.797884514e-05
0.02002660267
4.828940866e-05
0.02002450458
4.573046292e-05
0.02002979124
3.330384819e-05
0.02006151681
-7.928535411e-07
0.02007297875
1.885953918e-05
0.02010759953
-1.515790148e-05
0.02022007609
-0.0001258452189
0.02026488984
-3.211957646e-05
0.02026722544
1.183987497e-05
0.02023574226
4.326935465e-06
0.02013670426
-4.01934458e-05
0.02009425107
-3.567517034e-06
0.02008428325
4.690345655e-06
0.020069894
3.54164177e-06
0.02002387396
-2.642773882e-06
0.02001193545
1.737548566e-06
0.0200104293
1.60844024e-06
0.02000969489
8.496451139e-07
0.02000842139
1.781312461e-07
0.0200032618
-6.12981992e-07
0.02000234365
-9.335133422e-07
0.02000205866
-1.398830824e-06
0.0200018086
-1.810394696e-06
0.02000158948
-2.174779357e-06
0.02000139723
-2.497105183e-06
0.02000108588
-2.782709523e-06
0.0200009472
-3.035357489e-06
0.02000082702
-3.259231028e-06
0.0200007232
-3.457708135e-06
0.02000063376
-3.633582337e-06
0.02000055707
-3.78978945e-06
0.0200004914
-3.928254355e-06
0.02000043561
-4.051538404e-06
0.02000038854
-4.161174358e-06
0.02000034914
-4.258892434e-06
0.02000031651
-4.346242345e-06
0.02000028986
-4.42420911e-06
0.0200002686
-4.494369696e-06
0.02000025202
-4.557378153e-06
0.02000023988
-4.615259578e-06
0.02000023112
-4.663030197e-06
-4.732925982e-06
0.02096710784
0.0001043663834
0.02092982851
0.0001890662393
0.02088020708
0.0002601857523
0.0208228974
0.0003168750567
0.02076925513
0.0003504625681
0.0207278642
0.0003611906849
0.02069214011
0.0003630196693
0.02060784764
0.0003860949419
0.02050873682
0.0004121558629
0.02044062525
0.00041180572
0.02038473132
0.0003962934303
0.02033444973
0.0003757708868
0.0202893251
0.0003525050078
0.02024952589
0.0003296335111
0.02021503305
0.0003078714673
0.0201853151
0.000285766733
0.02015978139
0.0002637489765
0.02013784844
0.0002421740998
0.0201189856
0.0002213357011
0.02010273398
0.0002014640885
0.02008870676
0.0001827249204
0.0200765803
0.0001652231129
0.02006608315
0.000149010446
0.02005698648
0.000134095802
0.02004909798
0.000120453369
0.0200424074
0.0001078822071
0.02003646547
9.678206647e-05
0.02003178792
8.613338135e-05
0.02003110216
7.350575206e-05
0.02002825089
6.818823075e-05
0.02003279866
5.343107552e-05
0.02006353535
1.755272423e-05
0.02007439921
3.486659262e-05
0.02010824054
-5.374894553e-07
0.02021896384
-0.0001115161591
0.02025907655
-2.125317428e-05
0.02023372933
1.018931904e-05
0.02013696408
-2.907997249e-05
0.02009574898
9.095518671e-06
0.02008874941
1.883944739e-05
0.02007641892
1.665741375e-05
0.02002737341
8.852069416e-06
0.02001476587
9.040018288e-06
0.02001294385
6.512358311e-06
0.02001130176
5.183731563e-06
0.02000489266
3.76632091e-06
0.02000365403
2.976171785e-06
0.02000320654
2.05593461e-06
0.02000281415
1.242024651e-06
0.02000247004
5.222381412e-07
0.02000197132
-1.142632799e-07
0.02000171508
-6.77269556e-07
0.02000149141
-1.175164534e-06
0.02000129644
-1.615434436e-06
0.02000112663
-2.004966003e-06
0.02000097918
-2.349660931e-06
0.0200008511
-2.654625425e-06
0.0200007403
-2.924558222e-06
0.0200006448
-3.163730596e-06
0.02000056245
-3.375358642e-06
0.02000049182
-3.562950351e-06
0.02000043147
-3.729440655e-06
0.02000038035
-3.877132751e-06
0.02000033715
-4.008343188e-06
0.02000030102
-4.125039407e-06
0.0200002711
-4.228969845e-06
0.02000024665
-4.321788691e-06
0.02000022711
-4.404673609e-06
0.02000021193
-4.479187045e-06
0.02000020049
-4.545945662e-06
0.02000019255
-4.607313899e-06
0.02000018738
-4.657865179e-06
-4.732228789e-06
0.0210480243
0.0001323340833
0.0210013439
0.0002357466292
0.02094054392
0.0003209857273
0.02087493958
0.0003824793935
0.02082070384
0.0004046983072
0.02075242237
0.0004294721555
0.02067220314
0.0004432388939
0.02057408593
0.000484212145
0.0204930084
0.0004932333908
0.02042594652
0.0004788675913
0.02036616442
0.0004560755227
0.02031296794
0.0004289673779
0.02026612682
0.0003993461182
0.02022551531
0.0003702450318
0.02019084684
0.0003425399404
0.02016144099
0.0003151725871
0.02013659306
0.0002885969105
0.02011562968
0.0002631374828
0.02009794395
0.0002390214418
0.02008300889
0.0002163991546
0.0200703769
0.0001953569117
0.02005967359
0.0001759264353
0.02005074062
0.0001579434167
0.02004301209
0.0001418243232
0.02003690738
0.000126558078
0.02003505365
0.0001097359376
0.02003128385
0.0001005518703
0.02003502975
8.238748661e-05
0.02006486293
4.367257319e-05
0.02007512933
5.792183176e-05
0.02010828392
2.027648705e-05
0.02021777023
-9.193359543e-05
0.02025733719
-4.700374257e-06
0.02023222564
2.457406038e-05
0.02013673016
-1.602067748e-05
0.02009513814
2.033883935e-05
0.02007741167
2.791578783e-05
0.02002871642
1.961527587e-05
0.02001548611
2.232582802e-05
0.02001380769
2.051785632e-05
0.0200122707
1.819439908e-05
0.02000526218
1.586058382e-05
0.02000468384
9.61836074e-06
0.02000410385
7.092345658e-06
0.02000359622
5.691353677e-06
0.02000291025
4.452292275e-06
0.02000252964
3.356776629e-06
0.02000219708
2.388491471e-06
0.02000190676
1.532345375e-06
0.0200016534
7.755984124e-07
0.02000143237
1.067575683e-07
0.02000124008
-4.849733841e-07
0.0200010728
-1.007891664e-06
0.02000092767
-1.470308801e-06
0.02000080185
-1.879143122e-06
0.02000069301
-2.240830028e-06
0.02000059907
-2.560678039e-06
0.02000051826
-2.843751198e-06
0.02000044878
-3.094251503e-06
0.02000038961
-3.316189405e-06
0.0200003393
-3.512638926e-06
0.02000029674
-3.68688406e-06
0.02000026098
-3.841363231e-06
0.02000023135
-3.9787125e-06
0.02000020691
-4.100604216e-06
0.02000018722
-4.209277929e-06
0.0200001716
-4.306168663e-06
0.02000015966
-4.392725858e-06
0.02000015095
-4.470477861e-06
0.02000014509
-4.540089565e-06
0.02000014181
-4.604032135e-06
0.02000014066
-4.656717089e-06
-4.734227566e-06
0.02114703347
0.000168566183
0.02108766192
0.0002951181788
0.02101197209
0.0003966755564
0.02093255
0.0004619014803
0.02085537924
0.0004818690672
0.02078052038
0.0005043310091
0.0206636273
0.0005601319704
0.02056144439
0.0005863950469
0.02047834036
0.0005763374126
0.02040548167
0.0005517262757
0.02034125917
0.0005202980157
0.0202853512
0.0004848753405
0.02023719063
0.000447506688
0.02019627644
0.0004111592267
0.02016200069
0.0003768156823
0.0201334853
0.0003436879863
0.02010991621
0.0003121659957
0.02009043649
0.0002826172102
0.02007438541
0.0002550725263
0.02006116247
0.0002296220968
0.02005026172
0.0002062576654
0.02004174443
0.0001844437143
0.02003809577
0.0001615920722
0.02003295572
0.0001469643795
0.0200356793
0.0001238344926
0.02006472106
8.069418107e-05
0.02007435601
9.091692698e-05
0.0201069759
4.976759307e-05
0.02021600316
-6.535468458e-05
0.02025512803
1.879696393e-05
0.02023011661
4.528790269e-05
0.02013566137
2.521640171e-06
0.02009438287
3.657811809e-05
0.02007672859
4.222833999e-05
0.02002840995
3.229796051e-05
0.0200152382
3.35105886e-05
0.02001275473
3.039925679e-05
0.0200057167
2.665329899e-05
0.02000419219
2.385033412e-05
0.02000357991
2.113013108e-05
0.02000305114
1.872316635e-05
0.02000236494
1.654678054e-05
0.02000286078
9.12251827e-06
0.0200024733
7.479821304e-06
0.02000213636
6.028297569e-06
0.02000184323
4.745419602e-06
0.02000158828
3.611720972e-06
0.02000136696
2.609810545e-06
0.0200011749
1.72440003e-06
0.02000100836
9.421428475e-07
0.02000086439
2.507261014e-07
0.02000073973
-3.60322377e-07
0.02000063215
-9.003117561e-07
0.02000053955
-1.377705694e-06
0.02000045993
-1.7995319e-06
0.02000039175
-2.172651569e-06
0.02000033365
-2.50257432e-06
0.02000028434
-2.794446978e-06
0.02000024263
-3.052531831e-06
0.02000020761
-3.281175443e-06
0.02000017854
-3.483569204e-06
0.02000015466
-3.663001853e-06
0.0200001353
-3.822005646e-06
0.02000011979
-3.963199458e-06
0.02000010782
-4.088627501e-06
0.02000009883
-4.200292448e-06
0.02000009255
-4.299885016e-06
0.02000008873
-4.388903917e-06
0.02000008677
-4.468522514e-06
0.02000008682
-4.540138599e-06
0.02000008839
-4.605595848e-06
0.0200000913
-4.659628865e-06
-4.739307482e-06
0.02126857432
0.0002162156363
0.02119249864
0.0003711938514
0.02110161889
0.0004875553115
0.02101656728
0.0005469530825
0.02090098967
0.0005974466744
0.02077706948
0.0006282511889
0.02065275666
0.0006844447814
0.02054766967
0.0006914820271
0.02045649534
0.0006675117481
0.02037687306
0.0006313485425
0.02030837463
0.0005887964486
0.02025023311
0.0005430168461
0.02020139955
0.0004963402415
0.02016095831
0.0004516004627
0.02012785175
0.0004099222392
0.02010111134
0.0003704283967
0.02008035302
0.0003329243184
0.02006310418
0.0002998660462
0.020049235
0.0002689417104
0.02003818863
0.0002406684683
0.02002991035
0.0002145359378
0.02003072312
0.0001836309469
0.02005868777
0.0001336274272
0.02006743583
0.0001382163319
0.02009941468
9.185565078e-05
0.0202077328
-2.76239353e-05
0.02024627604
5.237368317e-05
0.02022156663
7.447699616e-05
0.02013238522
2.382672923e-05
0.02009190971
5.927246413e-05
0.02007435264
6.284497654e-05
0.02002636516
5.050912223e-05
0.02001335675
4.958652748e-05
0.02001099329
4.459179308e-05
0.02000410735
3.918389599e-05
0.02000270597
3.491197254e-05
0.02000221043
3.089479185e-05
0.0200015213
2.734242164e-05
0.02000117
2.42016323e-05
0.02000087462
2.142550514e-05
0.02000062563
1.897215379e-05
0.02000147788
1.569453259e-05
0.02000124722
9.353172385e-06
0.02000104959
7.677444012e-06
0.02000088073
6.197159301e-06
0.02000073628
4.889867419e-06
0.0200006129
3.735101814e-06
0.02000050759
2.715115819e-06
0.02000041781
1.814183631e-06
0.02000034156
1.018387443e-06
0.02000027691
3.153733876e-07
0.02000022232
-3.057338703e-07
0.02000017645
-8.544410021e-07
0.02000013809
-1.339351447e-06
0.02000010641
-1.767848133e-06
0.02000008039
-2.146628643e-06
0.02000005933
-2.48152341e-06
0.02000004247
-2.777584951e-06
0.02000002951
-3.039564671e-06
0.02000001961
-3.271284975e-06
0.02000001255
-3.476501733e-06
0.02000000781
-3.658260941e-06
0.02000000525
-3.819444729e-06
0.02000000456
-3.962516193e-06
0.0200000054
-4.089458e-06
0.02000000761
-4.202506076e-06
0.02000001101
-4.303280808e-06
0.02000001531
-4.393206437e-06
0.02000002057
-4.473779944e-06
0.02000002655
-4.546116309e-06
0.02000003325
-4.61229641e-06
0.02000004049
-4.666865535e-06
-4.747394467e-06
0.02141828092
0.0002799806222
0.02131891844
0.000470556335
0.02120283289
0.0006036408506
0.02108135109
0.0006684348796
0.02095854385
0.000720253896
0.02078898567
0.0007978093711
0.02064417286
0.0008292575907
0.02052564397
0.0008100109098
0.02042407671
0.0007690790043
0.02033769833
0.0007177269283
0.02026554201
0.0006609527653
0.02020604464
0.000602514213
0.02015770758
0.0005446773022
0.02011973502
0.0004895730169
0.02008909411
0.0004405631552
0.0200667279
0.0003927945953
0.02005533454
0.0003443176798
0.02004261557
0.0003125850161
0.02003160256
0.000279954731
0.02002338354
0.0002488874887
0.02002111988
0.0002167996072
0.02004767902
0.0001570718078
0.02014746543
3.384101864e-05
0.02018408935
0.0001015924162
0.02016248989
0.0001134551214
0.02006870365
6.616229555e-05
0.02002798727
9.309005987e-05
0.0200198874
8.257686372e-05
0.02001076156
3.295256758e-05
0.02000789609
6.213794277e-05
0.02000654096
6.420010463e-05
0.02000002038
5.702970904e-05
0.01999897043
5.063646877e-05
0.01999880922
4.475300364e-05
0.01999843462
3.955848763e-05
0.01999837557
3.497102622e-05
0.01999835029
3.092005951e-05
0.01999834953
2.734317691e-05
0.0199983662
2.418496886e-05
0.01999839533
2.139636466e-05
0.0199984335
1.893398467e-05
0.01999960881
1.45192201e-05
0.01999959966
9.362321629e-06
0.01999959794
7.679163071e-06
0.01999960151
6.193581723e-06
0.01999960922
4.882157407e-06
0.01999961994
3.724383615e-06
0.01999963291
2.702138057e-06
0.01999964739
1.799702576e-06
0.01999966296
1.002824908e-06
0.01999967928
2.990472455e-07
0.01999969603
-3.22481385e-07
0.01999971313
-8.715400209e-07
0.01999973017
-1.356399147e-06
0.01999974721
-1.784887902e-06
0.01999976402
-2.163437762e-06
0.0199997806
-2.49810322e-06
0.01999979688
-2.79385799e-06
0.01999981288
-3.055569772e-06
0.01999982847
-3.286873851e-06
0.0199998438
-3.491836377e-06
0.01999985875
-3.673210559e-06
0.01999987339
-3.834085302e-06
0.01999988751
-3.976628881e-06
0.01999990138
-4.103327901e-06
0.0199999149
-4.21602151e-06
0.01999992795
-4.316332397e-06
0.01999994083
-4.40608667e-06
0.01999995334
-4.486282878e-06
0.01999996546
-4.558237163e-06
0.0199999773
-4.624131702e-06
0.01999998874
-4.678311473e-06
-4.758652745e-06
0.02160474354
0.0003660285731
0.02147817672
0.0005971231474
0.02134163007
0.0007401875048
0.02116024715
0.0008498177926
0.02096786798
0.0009126330673
0.02078036507
0.0009853122803
0.02062294254
0.0009866801154
0.02048955272
0.0009434007417
0.02037733954
0.0008812921674
0.0202850688
0.0008099976835
0.0202115677
0.0007344538647
0.02015250306
0.000661578849
0.02010803283
0.0005891475398
0.02008033817
0.0005172676691
0.0200558458
0.0004650555217
0.02004270221
0.0004059381852
0.02004737415
0.0003396457347
0.02004397284
0.0003159863294
0.02003694754
0.0002869800235
0.02003163296
0.0002542020785
0.02002653977
0.0002218927932
0.01999562719
0.000187984391
0.01990064346
0.0001288247558
0.01986751519
0.0001347206909
0.01988462515
9.634515993e-05
0.01984542291
0.0001053645262
0.01983808531
0.0001004276553
0.01986835484
5.230734055e-05
0.01995210729
-5.079988643e-05
0.01998645691
2.7788329e-05
0.01999171204
5.894497541e-05
0.01999220834
5.65334156e-05
0.01999275233
5.009247456e-05
0.01999328482
4.422050251e-05
0.01999379706
3.904625053e-05
0.01999428219
3.448588752e-05
0.01999473645
3.04657982e-05
0.01999515847
2.692115394e-05
0.01999554831
2.379513365e-05
0.01999590698
2.103768684e-05
0.01999623594
1.860502078e-05
0.01999773138
1.302377705e-05
0.01999794599
9.147718048e-06
0.01999814115
7.483991278e-06
0.01999831846
6.016270879e-06
0.01999847918
4.721434221e-06
0.01999862484
3.578729503e-06
0.01999875659
2.57037919e-06
0.01999887577
1.680530935e-06
0.01999898367
8.949157134e-07
0.01999908126
2.014646379e-07
0.01999916965
-4.108699732e-07
0.0199992496
-9.514903673e-07
0.01999932221
-1.429015933e-06
0.01999938792
-1.850595663e-06
0.01999944768
-2.223193327e-06
0.01999950198
-2.552401772e-06
0.01999955145
-2.843332409e-06
0.01999959648
-3.100597607e-06
0.01999963778
-3.328181303e-06
0.01999967535
-3.529403099e-06
0.01999970991
-3.707774158e-06
0.01999974148
-3.865645508e-06
0.0199997707
-4.005851507e-06
0.01999979752
-4.130148356e-06
0.01999982225
-4.240747455e-06
0.01999984517
-4.33924673e-06
0.01999986633
-4.427250126e-06
0.01999988599
-4.505935691e-06
0.01999990426
-4.576504768e-06
0.01999992123
-4.641104514e-06
0.01999993709
-4.69416893e-06
-4.77298387e-06
0.02183726797
0.0004848709273
0.02166585482
0.000768536289
0.02146522107
0.0009408212462
0.02125399701
0.001061041859
0.02099103266
0.001175597415
0.02076669075
0.00120965418
0.02058470859
0.001168662277
0.02043420485
0.001093904472
0.02031325255
0.001002244472
0.02021895054
0.000904299683
0.02015338345
0.0008000209427
0.02009962765
0.0007153346404
0.02006521345
0.0006235617258
0.02005580021
0.0005266809282
0.02004075212
0.0004801035933
0.02002260811
0.0004240821849
0.0200103183
0.0003519355437
0.02000265349
0.0003236511339
0.01999871319
0.0002909203283
0.02000187165
0.0002510436293
0.02002064858
0.0002031158634
0.02001695355
0.0001916794294
0.01998284154
0.0001629367591
0.020005889
0.0001116732323
0.02009946357
2.770594705e-06
0.02013203429
7.279380482e-05
0.02013411438
9.834756794e-05
0.02010542647
8.099525299e-05
0.02001982488
3.480169966e-05
0.01998734745
6.026576876e-05
0.01998422522
6.206720561e-05
0.01998546518
5.529344864e-05
0.01998681605
4.874159777e-05
0.01998805611
4.298044325e-05
0.01998918927
3.791309084e-05
0.01999022029
3.345486063e-05
0.01999115508
2.953101342e-05
0.01999200011
2.607612256e-05
0.01999276247
2.303277394e-05
0.01999344928
2.035086637e-05
0.01999406729
1.798701095e-05
0.01999587512
1.121594233e-05
0.01999631194
8.710900667e-06
0.01999670273
7.093201473e-06
0.01999705221
5.666783873e-06
0.01999736465
4.408988841e-06
0.01999764373
3.299653869e-06
0.01999789311
2.32099878e-06
0.01999811593
1.457709459e-06
0.01999831501
6.958384116e-07
0.01999849278
2.369171699e-08
0.01999865179
-5.698789047e-07
0.01999879388
-1.093582125e-06
0.01999892101
-1.55614003e-06
0.01999903489
-1.964477774e-06
0.01999913688
-2.32517688e-06
0.01999922834
-2.643868299e-06
0.01999931033
-2.925319376e-06
0.01999938404
-3.174313712e-06
0.01999945028
-3.394420988e-06
0.01999950994
-3.589059136e-06
0.01999956361
-3.76144737e-06
0.01999961222
-3.914255602e-06
0.01999965592
-4.049545563e-06
0.01999969548
-4.169708621e-06
0.01999973134
-4.276598335e-06
0.01999976385
-4.37176085e-06
0.01999979326
-4.456654333e-06
0.01999981994
-4.532614338e-06
0.01999984415
-4.600711495e-06
0.01999986617
-4.66312248e-06
0.01999988626
-4.714257873e-06
-4.790326632e-06
0.022137761
0.0006465595439
0.02191648941
0.0009898078763
0.02161352937
0.001243781281
0.02129039902
0.001384172216
0.02098327358
0.001482722862
0.02072840772
0.001464520025
0.02052099444
0.001376075559
0.0203561183
0.001258780596
0.02023727408
0.001121088689
0.02015068392
0.0009908898379
0.02010351867
0.0008471861802
0.02005999387
0.0007588594438
0.02002093174
0.0006626238496
0.01999452298
0.000553089694
0.01997964059
0.0004949859803
0.01998203892
0.0004216838675
0.02001167403
0.0003223004307
0.02004609622
0.0002892289459
0.02005674947
0.0002802670823
0.02008054875
0.0002272443555
0.02014522369
0.0001384409237
0.02017005679
0.0001668463257
0.02016653065
0.0001664628993
0.02013978677
0.0001384171123
0.02005884709
8.371028243e-05
0.02002799837
0.0001036425299
0.02002617504
0.0001001708971
0.02001930824
8.786205612e-05
0.01998194371
7.216622796e-05
0.01997453587
6.7673614e-05
0.01997647166
6.013141441e-05
0.01997884905
5.291605349e-05
0.01998100019
4.659045896e-05
0.01998294044
4.104019269e-05
0.01998468678
3.61667521e-05
0.01998625579
3.188584621e-05
0.01998766321
2.812359391e-05
0.01998892394
2.481539243e-05
0.01999005217
2.190453875e-05
0.01999106068
1.93423601e-05
0.01999266636
1.63813312e-05
0.01999407075
9.811542333e-06
0.01999472462
8.057027271e-06
0.0199953064
6.511426772e-06
0.0199958239
5.149280732e-06
0.01999628398
3.94890606e-06
0.01999669317
2.890454109e-06
0.01999705686
1.957312544e-06
0.01999738022
1.13434877e-06
0.01999766766
4.084005436e-07
0.01999792337
-2.320201462e-07
0.01999815079
-7.972932567e-07
0.01999835328
-1.296072719e-06
0.01999853331
-1.73616614e-06
0.01999869374
-2.124910271e-06
0.01999883658
-2.468015997e-06
0.01999896388
-2.771166191e-06
0.01999907757
-3.039004721e-06
0.01999917887
-3.27561593e-06
0.01999926934
-3.484892697e-06
0.01999935028
-3.669995216e-06
0.01999942263
-3.833803255e-06
0.01999948724
-3.978861965e-06
0.01999954522
-4.10752289e-06
0.01999959719
-4.221679117e-06
0.01999964369
-4.323096902e-06
0.01999968538
-4.413444395e-06
0.01999972274
-4.494010797e-06
0.0199997562
-4.566067972e-06
0.01999978623
-4.630740221e-06
0.01999981291
-4.689799257e-06
0.01999983707
-4.73841731e-06
-4.810558014e-06
0.02251283372
0.0008808772089
0.02217555866
0.001327082935
0.02178785493
0.001631485018
0.02133924807
0.001832779074
0.02095935856
0.001862612352
0.02065956389
0.00176431473
0.02043330735
0.001602332076
0.02026320168
0.001428886259
0.02015516083
0.001229129526
0.02006613146
0.001079919222
0.02000038639
0.0009129312482
0.01995959221
0.0007996536066
0.01994703258
0.000675183505
0.01997064806
0.0005294742155
0.02000168833
0.0004639457238
0.01999811831
0.0004252538855
0.0199891585
0.000331260237
0.02004415247
0.0002342349763
0.02006828423
0.0002561353225
0.02005707675
0.0002384518412
0.02000915853
0.0001863591434
0.01999484604
0.0001811588209
0.01999781805
0.0001634908877
0.01999403211
0.0001422030655
0.01995878818
0.0001189542127
0.01995408435
0.0001083463634
0.01995881333
9.544192269e-05
0.01996307316
8.360221664e-05
0.0199621785
7.306089784e-05
0.01996553334
6.431877027e-05
0.01996918011
5.648464337e-05
0.01997245485
4.964131567e-05
0.01997538973
4.365557826e-05
0.01997801528
3.84146432e-05
0.01998036054
3.382149621e-05
0.01998245335
2.979303547e-05
0.0199843194
2.625754628e-05
0.01998598224
2.315254302e-05
0.01998746302
2.042376318e-05
0.01998878124
1.802413729e-05
0.01999137609
1.378647103e-05
0.019992348
8.839633951e-06
0.0199932104
7.194626102e-06
0.01999397526
5.746564629e-06
0.01999465353
4.471003324e-06
0.01999525509
3.347341814e-06
0.0199957884
2.357145959e-06
0.01999626126
1.484456985e-06
0.0199966808
7.148018098e-07
0.01999705258
3.662243324e-08
0.01999738275
-5.621803801e-07
0.01999767536
-1.089901574e-06
0.01999793502
-1.555737597e-06
0.01999816561
-1.966748138e-06
0.01999837023
-2.329532459e-06
0.01999855203
-2.649814116e-06
0.0199987136
-2.932734101e-06
0.01999885703
-3.182434346e-06
0.01999898475
-3.403332659e-06
0.01999909824
-3.598385628e-06
0.01999919929
-3.771043435e-06
0.01999928919
-3.923699721e-06
0.01999936926
-4.058934571e-06
0.0199994406
-4.178852923e-06
0.01999950404
-4.285117757e-06
0.01999956062
-4.379679834e-06
0.01999961098
-4.463804518e-06
0.01999965576
-4.538789475e-06
0.01999969572
-4.606022734e-06
0.01999973105
-4.666067452e-06
0.01999976241
-4.721157472e-06
0.01999979031
-4.766307593e-06
-4.833495178e-06
0.02302338266
0.001217724672
0.02249325865
0.001857206947
0.02189681635
0.002227927311
0.02133845177
0.002391143691
0.02089508735
0.002305976771
0.02055450122
0.002104900852
0.02031747192
0.001839361376
0.02013253598
0.001613822198
0.0200024415
0.001359224012
0.01993317957
0.001149181134
0.01992610433
0.0009200065048
0.01994212312
0.0007836348166
0.01992888231
0.0006884243154
0.01991543717
0.0005429193471
0.01997586783
0.0004035150649
0.01999973103
0.0004013906902
0.01997278089
0.0003582103739
0.01992034595
0.0002866699122
0.01990947126
0.0002670100244
0.01991231768
0.0002356054211
0.01989815851
0.0002005183209
0.0199030562
0.0001762611381
0.01991330859
0.0001532385043
0.01992237617
0.0001331354866
0.01992570417
0.0001156262181
0.01993303852
0.0001010120098
0.01994029402
8.818641887e-05
0.01994680587
7.70903681e-05
0.01995239849
6.746827698e-05
0.01995760851
5.910875328e-05
0.01996225776
5.183540448e-05
0.01996640154
4.549753693e-05
0.01997009064
3.996647831e-05
0.01997337221
3.513307412e-05
0.01997628905
3.090465362e-05
0.01997888027
2.720181335e-05
0.0199811816
2.395621703e-05
0.01998322491
2.110923675e-05
0.01998503871
1.860995451e-05
0.01998664829
1.641455251e-05
0.01998954082
1.089394139e-05
0.01999073663
7.643825834e-06
0.01999179498
6.136274037e-06
0.01999273202
4.809515971e-06
0.01999356123
3.641788829e-06
0.01999429523
2.613340805e-06
0.01999494494
1.707439934e-06
0.01999552021
9.091814131e-07
0.01999602938
2.05639966e-07
0.01999648038
-4.14377003e-07
0.01999687952
-9.613168634e-07
0.01999723316
-1.443547216e-06
0.01999754644
-1.869007477e-06
0.01999782397
-2.244275333e-06
0.01999806985
-2.575414071e-06
0.01999828791
-2.867871308e-06
0.01999848114
-3.12596589e-06
0.01999865258
-3.35386583e-06
0.0199988046
-3.555357769e-06
0.01999893952
-3.733304314e-06
0.01999905918
-3.890695646e-06
0.01999916548
-4.029995409e-06
0.01999925982
-4.15328001e-06
0.01999934345
-4.262473775e-06
0.01999941781
-4.359479776e-06
0.01999948374
-4.445606557e-06
0.01999954213
-4.522193252e-06
0.01999959387
-4.590525243e-06
0.01999963963
-4.651787475e-06
0.01999967994
-4.706368183e-06
0.01999971542
-4.756632844e-06
0.01999974673
-4.797614311e-06
-4.85889844e-06
0.02364886339
0.001734905002
0.02290778036
0.002598289968
0.02203881917
0.003096888509
0.02131635036
0.003113612461
0.02078146384
0.002840863311
0.02037641394
0.002509950745
0.02009104409
0.002124731223
0.01991924655
0.001785619739
0.01985020762
0.001428262936
0.01982675811
0.001172630656
0.01979927128
0.0009474933126
0.01986013745
0.0007227686421
0.01988746082
0.0006611009456
0.01986267841
0.0005677017498
0.01981216477
0.0004540287163
0.01980843798
0.0004051174716
0.0198177082
0.000348940154
0.01981078681
0.0002935913156
0.01982435576
0.0002534410797
0.01984251678
0.0002174444117
0.01985638869
0.0001866464172
0.01987169397
0.0001609558606
0.01988587505
0.0001390574249
0.01989858114
0.0001204294072
0.01990968564
0.0001045217133
0.01991980667
9.089098376e-05
0.01992881659
7.917649158e-05
0.01993682706
6.907990652e-05
0.01994394056
6.035477985e-05
0.01995025182
5.279749269e-05
0.01995584835
4.623888372e-05
0.01996080898
4.053690875e-05
0.01996520447
3.557098882e-05
0.01996909818
3.123936977e-05
0.01997254676
2.745607387e-05
0.01997560078
2.41477873e-05
0.01997830505
2.125194728e-05
0.01998069979
1.871449479e-05
0.01998282052
1.648922279e-05
0.01998474069
1.449437443e-05
0.01998786248
7.772154175e-06
0.01998926398
6.2423147e-06
0.01999050266
4.897595995e-06
0.01999159744
3.714725548e-06
0.01999256525
2.673982253e-06
0.01999342075
1.757841858e-06
0.01999417708
9.511034554e-07
0.01999484587
2.403938252e-07
0.01999543715
-3.856393865e-07
0.01999596017
-9.37390203e-07
0.01999642271
-1.423853978e-06
0.01999683192
-1.852751611e-06
0.01999719388
-2.230972319e-06
0.01999751418
-2.564570617e-06
0.01999779773
-2.858965518e-06
0.0199980486
-3.118734454e-06
0.01999827083
-3.348194906e-06
0.01999846754
-3.550573024e-06
0.01999864175
-3.729564311e-06
0.01999879614
-3.887685805e-06
0.01999893277
-4.027322338e-06
0.01999905384
-4.151067185e-06
0.01999916102
-4.260457889e-06
0.01999925596
-4.357407248e-06
0.01999933991
-4.443430652e-06
0.01999941417
-4.519870484e-06
0.0199994798
-4.587817667e-06
0.0199995378
-4.648526406e-06
0.01999958868
-4.702661197e-06
0.01999963364
-4.751322784e-06
0.01999967259
-4.795580102e-06
0.01999970713
-4.832153112e-06
-4.886375024e-06
0.02448450856
0.0007529391572
0.0007528771744
0.02327635198
0.0009122775417
0.0009907123638
0.0009127699367
0.0009906867177
0.02206455765
0.004308682812
0.02111564049
0.004062529647
0.0204339518
0.003522551993
0.02000607701
0.002937825526
0.01978486163
0.002345946598
0.01967936645
0.001891114926
0.019613059
0.001494570381
0.01966068896
0.001125000698
0.01965772744
0.0009504548201
0.01961595457
0.0007645415036
0.01962766283
0.0006493926816
0.01965462863
0.0005407359493
0.0196633032
0.000445354153
0.01969335261
0.0003750680614
0.01972688573
0.0003154070359
0.01975444541
0.000266031643
0.01978212847
0.0002257580346
0.0198072574
0.0001923154849
0.01982942234
0.0001644814803
0.01984920551
0.0001411726907
0.01986671284
0.0001215500993
0.0198821903
0.0001049519527
0.01989586244
9.084957224e-05
0.01990793389
7.88195387e-05
0.01991858964
6.852074167e-05
0.01992799414
5.967540439e-05
0.01993629336
5.205556772e-05
0.01994361743
4.547342937e-05
0.01995008158
3.977473696e-05
0.01995578777
3.483072151e-05
0.01996082574
3.053302189e-05
0.01996527444
2.679067315e-05
0.01996920353
2.352698224e-05
0.01997267442
2.067689243e-05
0.01997574121
1.818515229e-05
0.01997845165
1.600405599e-05
0.01998084758
1.409329282e-05
0.01998457444
1.07675113e-05
0.0199863708
5.9757913e-06
0.0199879563
4.656802375e-06
0.01998935604
3.497853982e-06
0.01999059178
2.478979844e-06
0.01999168306
1.582700953e-06
0.01999264679
7.941107453e-07
0.01999349798
9.991558742e-08
0.01999424985
-5.114681584e-07
0.0199949141
-1.049889539e-06
0.01999550115
-1.524433527e-06
0.01999601982
-1.942530791e-06
0.01999647822
-2.311148907e-06
0.01999688338
-2.636126953e-06
0.0199972417
-2.922883332e-06
0.01999755844
-3.175703554e-06
0.01999783852
-3.398819654e-06
0.01999808611
-3.595779281e-06
0.01999830535
-3.769805737e-06
0.01999849904
-3.923249712e-06
0.0199986704
-4.059035535e-06
0.01999882198
-4.178901574e-06
0.01999895595
-4.285034847e-06
0.0199990745
-4.379002222e-06
0.01999917927
-4.462176908e-06
0.0199992717
-4.535862436e-06
0.01999935334
-4.601512849e-06
0.01999942528
-4.659752002e-06
0.01999948854
-4.711785779e-06
0.01999954412
-4.758242795e-06
0.01999959263
-4.799824971e-06
0.01999963503
-4.837979905e-06
0.01999967196
-4.869075906e-06
-4.915683592e-06
-0.006329853435
0.006139036908
0.001103087165
6.90024423e-09
0.02195497218
0.001545561126
-0.005907912082
-0.005954971112
-0.005908185871
-0.005955197076
0.001494192406
0.001545884892
0.001494338363
0.02062720262
0.005390299197
0.01985837319
0.004291381422
0.01946601474
0.003330183965
0.01927440751
0.002537553833
0.01929563344
0.001869888986
0.01931070072
0.001479503116
0.01930102933
0.001134672082
0.01934228566
0.0009091984783
0.01938537503
0.000721452131
0.01945207502
0.0005826926892
0.01951832382
0.0004744871548
0.01957389091
0.0003897870669
0.01962601593
0.0003229430382
0.01967224041
0.0002691825558
0.01971252067
0.0002257513906
0.01974786114
0.0001904175783
0.01977872476
0.0001614518644
0.01980568401
0.0001375222298
0.01982924377
0.000117612931
0.01984984611
0.0001009477637
0.01986787487
8.692319307e-05
0.01988366237
7.506207731e-05
0.01989749737
6.498454314e-05
0.01990963077
5.638734608e-05
0.01992028
4.902617655e-05
0.01992963322
4.270235668e-05
0.01993785324
3.725341112e-05
0.01994508196
3.254602497e-05
0.01995144282
2.846986404e-05
0.01995704306
2.493278022e-05
0.01996197612
2.185761386e-05
0.01996632357
1.917952649e-05
0.01997015663
1.684383292e-05
0.01997353772
1.480406124e-05
0.01997652118
1.302059413e-05
0.01997915485
1.145961229e-05
0.01998311401
6.808352502e-06
0.0199850923
3.997502373e-06
0.01998683671
2.912385261e-06
0.01998837523
1.95932723e-06
0.01998973245
1.121754556e-06
0.01999092982
3.85328202e-07
0.01999198651
-2.625811857e-07
0.01999291919
-8.327537478e-07
0.01999374246
-1.334734169e-06
0.01999446936
-1.776788159e-06
0.01999511109
-2.166165202e-06
0.01999567784
-2.509273328e-06
0.01999617837
-2.81167801e-06
0.01999662053
-3.078292654e-06
0.01999701105
-3.313400217e-06
0.01999735612
-3.520771073e-06
0.01999766105
-3.70374069e-06
0.01999793049
-3.86521537e-06
0.01999816844
-4.007751527e-06
0.01999837883
-4.133629086e-06
0.01999856464
-4.244839695e-06
0.01999872886
-4.343119515e-06
0.01999887387
-4.430038496e-06
0.01999900184
-4.506965342e-06
0.01999911477
-4.575109846e-06
0.01999921444
-4.635532139e-06
0.01999930212
-4.689189576e-06
0.0199993793
-4.736932345e-06
0.019999447
-4.779483424e-06
0.0199995063
-4.817542109e-06
0.01999955806
-4.851581736e-06
0.0199996028
-4.882717121e-06
0.01999964195
-4.908227696e-06
-4.946369571e-06
-0.001611670191
-0.0003448122238
0.001571152047
0.0003847509695
5.79404857e-07
-0.00598377953
0.00565701558
0.001872300622
2.446820257e-08
0.01970835873
0.006933764231
-0.005347421436
-0.005278483418
-0.00534788036
-0.00527803855
0.01890562794
0.005094112216
0.01867092175
0.003564890146
0.01863699655
0.002571479028
0.01867931191
0.001827573646
0.01881070107
0.00134811394
0.01894538799
0.0009999851627
0.01909287421
0.0007617122531
0.01922171223
0.0005926141111
0.01933280518
0.0004715997425
0.01942589306
0.0003813992725
0.01950407664
0.0003116034852
0.01957069429
0.0002563253873
0.01962763809
0.0002122387624
0.01967643848
0.0001769510075
0.01971833928
0.0001485167757
0.01975439696
0.0001253941809
0.01978550203
0.0001064171599
0.01981239755
9.071742217e-05
0.01983570417
7.764114402e-05
0.01985594195
6.668541285e-05
0.01987354772
5.745631361e-05
0.0198888896
4.964267137e-05
0.01990227936
4.299759418e-05
0.01991398178
3.732376257e-05
0.01992422236
3.246178065e-05
0.0199331938
2.828197583e-05
0.01994106145
2.467837189e-05
0.01994796763
2.156367955e-05
0.01995403497
1.88654416e-05
0.01995936942
1.652316485e-05
0.01996406277
1.448617872e-05
0.01996819469
1.271191121e-05
0.01997183449
1.11642512e-05
0.01997504255
9.812534387e-06
0.01997802988
8.472279468e-06
0.01998201755
2.82068014e-06
0.01998414273
1.872317879e-06
0.01998601484
1.040273547e-06
0.01998766439
3.097658552e-07
0.01998911823
-3.3208735e-07
0.01999039983
-8.962663838e-07
0.01999152975
-1.392508077e-06
0.01999252612
-1.829120734e-06
0.0199934048
-2.213408013e-06
0.01999417976
-2.55174036e-06
0.0199948633
-2.849701472e-06
0.01999546626
-3.112232656e-06
0.01999599815
-3.34356974e-06
0.01999646737
-3.547505836e-06
0.01999688127
-3.72730328e-06
0.0199972464
-3.885894334e-06
0.01999756845
-4.025790647e-06
0.01999785248
-4.149236826e-06
0.01999810292
-4.258188907e-06
0.0199983237
-4.35439794e-06
0.01999851825
-4.439379362e-06
0.01999868963
-4.51448805e-06
0.01999884048
-4.580891031e-06
0.01999897318
-4.639656524e-06
0.01999908977
-4.691700984e-06
0.01999919208
-4.737843895e-06
0.01999928172
-4.778830497e-06
0.01999936006
-4.815273592e-06
0.01999942834
-4.847761236e-06
0.0199994876
-4.876802398e-06
0.01999953881
-4.902793888e-06
0.01999958265
-4.926550125e-06
0.01999962043
-4.946004679e-06
-4.975110572e-06
-0.001420019318
-0.0004750066529
0.0004775142468
4.191541745e-07
0.001417092569
-0.001358032201
-0.002145534195
0.00503342498
-3.483732208e-08
-0.001294315635
-0.001358807797
-0.001293623054
0.0005869478706
0.0006240776119
0.0006215525767
0.0005843446973
0.01741850772
0.002035845371
-0.004755990051
-0.004270053356
-0.00475612201
-0.004270377849
0.00174734037
0.002035637362
0.00174897667
0.0173135733
0.005199046618
0.01744820096
0.003430262495
0.01776741425
0.002252265733
0.01810219305
0.001492794851
0.01842426031
0.001026046674
0.01869464059
0.0007296048758
0.01891755298
0.0005387998616
0.01909642428
0.0004137428133
0.01923962143
0.0003284025892
0.01935522885
0.0002657918485
0.01945002294
0.0002168093912
0.01952884152
0.0001775068106
0.01959498802
0.0001460922623
0.01965081813
0.0001211209048
0.0196981465
0.000101188413
0.01973843595
8.510472842e-05
0.01977287398
7.197913226e-05
0.01980242144
6.116997102e-05
0.01982785803
5.220455764e-05
0.01984982122
4.472222917e-05
0.01986883575
3.844178452e-05
0.01988533635
3.31420747e-05
0.01989968548
2.86484743e-05
0.01991218707
2.482217293e-05
0.01992309715
2.155170218e-05
0.01993263241
1.874671393e-05
0.01994097713
1.633364776e-05
0.01994828866
1.425215523e-05
0.01995470175
1.245235363e-05
0.01996033218
1.089273863e-05
0.01996527968
9.538670743e-06
0.01996963054
8.361045728e-06
0.01997345942
7.335374518e-06
0.01997683112
6.440822417e-06
0.01998151369
3.789715319e-06
0.01998397224
3.621239531e-07
0.01998612565
-2.81090331e-07
0.01998801114
-8.452290746e-07
0.0199896613
-1.340399753e-06
0.0199911046
-1.775389195e-06
0.01999236602
-2.157688512e-06
0.01999346736
-2.493846874e-06
0.01999442779
-2.789538731e-06
0.01999526412
-3.049738672e-06
0.01999599116
-3.27877602e-06
0.01999662193
-3.480472182e-06
0.01999716785
-3.65814889e-06
0.01999763898
-3.814702123e-06
0.01999804417
-3.952688717e-06
0.01999839119
-4.074323503e-06
0.0199986869
-4.181598591e-06
0.01999893733
-4.276217026e-06
0.0199991478
-4.359702822e-06
0.019999323
-4.433377344e-06
0.01999946704
-4.498423166e-06
0.01999958354
-4.555873649e-06
0.01999967569
-4.606630127e-06
0.01999974632
-4.651516789e-06
0.01999979788
-4.691213932e-06
0.01999983257
-4.726389725e-06
0.01999985229
-4.757559854e-06
0.01999985869
-4.785235912e-06
0.01999985326
-4.809852733e-06
0.0199998373
-4.831793646e-06
0.0199998119
-4.851408372e-06
0.01999977806
-4.868941015e-06
0.01999973649
-4.884982628e-06
0.01999969046
-4.899964702e-06
-4.915896344e-06
-0.0003930152972
-0.0002415656965
3.250943123e-07
0.0001280391986
0.0005062166976
-0.0007538146663
-0.0005680409687
0.0008033005933
0.0005195068417
-9.517956848e-07
-0.003296235399
0.003453719156
0.001878348038
1.355957246e-08
0.01501228086
0.00348404387
-0.003538441627
-0.003109619981
-0.003539163295
-0.003110053213
0.01623002899
0.002212514367
0.01712467771
0.001357617009
0.01776862945
0.0008488431109
0.01823780845
0.0005568676539
0.01858402269
0.0003833906328
0.01884579741
0.0002770251258
0.01904883153
0.0002107086778
0.01921007251
0.0001671616016
0.01934035375
0.0001355106024
0.019446732
0.0001104311392
0.01953419504
9.004376739e-05
0.01960658383
7.370349208e-05
0.0196669228
6.07819525e-05
0.01971756595
5.054526976e-05
0.01976033281
4.233787984e-05
0.01979663974
3.567222533e-05
0.01982760418
3.020554508e-05
0.01985411947
2.5689277e-05
0.01987690686
2.193484419e-05
0.01989655321
1.879545024e-05
0.0199135394
1.615589573e-05
0.01992826238
1.392549638e-05
0.01994105212
1.203242838e-05
0.01995218447
1.041934732e-05
0.01996189118
9.039991314e-06
0.01997036806
7.856764759e-06
0.01997778121
6.838995681e-06
0.01998427226
5.96130577e-06
0.01998996223
5.202764142e-06
0.01999495507
4.545835294e-06
0.01999934018
3.975926019e-06
0.02000319479
3.480753702e-06
0.02000658565
3.04996402e-06
0.02001059745
-2.220892039e-07
0.02001227294
-1.313358606e-06
0.02001363095
-1.63910609e-06
0.02001471043
-1.924722524e-06
0.02001554539
-2.175368306e-06
0.02001616549
-2.395490563e-06
0.02001659675
-2.588946925e-06
0.02001686196
-2.759056169e-06
0.02001698109
-2.908659822e-06
0.02001697162
-3.040269297e-06
0.02001684894
-3.156090428e-06
0.02001662653
-3.25806182e-06
0.02001631624
-3.347865501e-06
0.02001592855
-3.427005588e-06
0.0200154726
-3.496741036e-06
0.02001495648
-3.558203714e-06
0.0200143873
-3.612408069e-06
0.0200137713
-3.660216405e-06
0.02001311399
-3.702383819e-06
0.02001242022
-3.739602944e-06
0.02001169426
-3.772446661e-06
0.02001093986
-3.801457998e-06
0.02001016033
-3.827088421e-06
0.02000935855
-3.849735105e-06
0.02000853712
-3.869777904e-06
0.02000769825
-3.887515553e-06
0.02000684392
-3.903240453e-06
0.02000597589
-3.917212202e-06
0.02000509567
-3.929630568e-06
0.02000420458
-3.940707702e-06
0.02000330377
-3.950597986e-06
0.02000239427
-3.959437973e-06
0.02000147798
-3.968685601e-06
0.0200005664
-3.988372181e-06
-3.96862616e-06
0.0001098789301
9.657995272e-05
2.011706604e-07
-0.0001104718822
-9.6188171e-05
-5.49543031e-05
-0.0002986156714
0.0002213324772
9.347380313e-08
0.0001321440278
-0.0003686450416
-0.001446703788
0.002017306515
0.0007902749526
7.104103308e-11
-0.0003096136496
-0.000372352669
-0.0003102664288
0.01330189502
-0.00255474694
-0.002354223913
-0.002554713586
-0.002354187927
0.01551443544
0.0168720725
0.01772092184
0.0182777894
0.01866117873
0.01893820243
0.01914890923
0.01931606868
0.0194515768
0.019562005
0.01965204561
0.01972574562
0.0197865236
0.01983706372
0.01987939535
0.01991506065
0.01994525899
0.01997094118
0.01999286951
0.02001165939
0.02002781081
0.02004173283
0.02005376252
0.02006417959
0.02007321759
0.02008107258
0.02008790994
0.02009386968
0.0200990709
0.02010361521
0.02010758966
0.02011106907
0.02011411763
0.02011389366
0.02011257851
0.02011093764
0.02010901117
0.02010683411
0.020104437
0.02010184653
0.02009908603
0.02009617597
0.02009313432
0.02008997686
0.02008671744
0.02008336825
0.02007993994
0.02007644192
0.02007288246
0.02006926882
0.0200656074
0.02006190384
0.02005816308
0.02005438951
0.02005058694
0.02004675876
0.02004290794
0.02003903708
0.02003514849
0.02003124419
0.02002732593
0.02002339527
0.02001945355
0.02001550197
0.02001154157
0.02000757192
0.02000358259
-0.0001260570604
1.541387091e-07
-0.0002748918381
7.779450605e-06
-0.0001902181775
-4.695865587e-05
2.072343874e-07
0.0001557640474
8.120554919e-05
-0.0001262343259
0.0003930230425
1.867312281e-07
-0.0002748441771
7.868719461e-06
-0.0001902045308
-4.698467428e-05
2.065988787e-07
0.0001557518285
8.123077617e-05
7.904676437e-08
0.0001079265128
-0.0001883448068
-0.0001630894489
-1.860712379e-07
8.139282849e-05
8.19310841e-05
-0.0001098941986
6.849280067e-08
0.0001079123577
-0.0001882911826
-0.0001630948182
-1.834587758e-07
8.138120561e-05
8.193910995e-05
-0.0004437836226
-0.001394407786
0.0004178273618
3.447203652e-07
0.0006485140447
2.365947497e-07
-0.0005148968369
-0.0002599108815
-0.0004439497051
0.001420031605
3.810817803e-07
-0.001394373766
0.0004179107745
0.000648306921
2.694441238e-07
-0.000514924964
-0.0002598857404
-3.628173528e-07
-0.0001837428832
9.056810941e-09
1.822342957e-05
-0.0001845474684
1.820533368e-05
-4.780769513e-07
0.0001403528455
-0.0001408689046
0.0001393553151
-0.0001417325509
1.949977082e-09
-0.0002249844154
1.159247558e-05
0.0001582901347
1.474974268e-07
6.976965612e-09
5.391675982e-05
-0.0002169458419
-0.0001694452218
-4.827680088e-05
0.0002177710198
-5.526697675e-08
9.6601046e-05
1.828840465e-07
-0.0001104536301
-9.622450105e-05
-0.0002250207291
5.495406052e-05
1.655799246e-07
1.160203315e-05
0.0001582990574
7.993074625e-09
5.390279418e-05
-0.0002169485764
-0.0001694392802
-5.214037055e-08
-4.829910242e-05
0.0002177822874
-0.0002343360282
2.440997238e-07
1.131168735e-08
-5.201785237e-05
6.695526574e-07
0.0002342359386
-9.299928613e-05
5.561580046e-09
-9.301714401e-05
-5.179980777e-05
-3.382333464e-07
-0.0001837637461
1.820166777e-05
-0.000184602355
1.813795706e-05
-0.0002343600336
2.619047168e-07
-5.203349386e-05
6.632842639e-07
0.0002342970823
-0.0001403929181
-9.301430911e-05
-0.0001393651523
-9.302667624e-05
-5.183880611e-05
0.0002556106414
-0.0001058287507
-5.065494658e-07
-0.0001531544668
2.211856118e-09
3.876913852e-06
0.0001084552832
-0.0001878534128
1.454253065e-09
-0.0001098867737
0.0001893624951
-3.17101245e-07
-0.0002555930963
0.0002229677988
2.258041323e-08
0.0001057358416
-0.0001506644181
-0.0001434388095
3.747107446e-09
0.0002220125236
-0.0001500359555
7.987251075e-10
-0.0001436244224
-0.0001539681089
3.604305619e-06
-8.721360013e-05
-7.307955471e-05
1.125962077e-08
1.157377443e-09
7.12627066e-06
8.099606566e-05
8.20119905e-05
6.487399828e-10
-0.0001631477204
-2.266688375e-07
8.740742513e-05
-0.0001564523403
1.387213515e-08
7.33206679e-05
8.610542665e-06
9.94264928e-10
-0.0001564811432
7.469104196e-10
8.958929219e-06
6.771250957e-06
-4.818318877e-07
-0.0001409056064
-0.0001417422204
0.0002556220247
-0.0001058326978
-5.058249598e-07
-0.00015315835
3.877060773e-06
0.0001084546761
-0.0001878504578
0.0001893640713
-0.0001098983477
-3.176903083e-07
-0.0002556156934
0.0002229401213
2.829110891e-08
0.0001057498806
-0.0001506497685
-0.0001434195895
0.0002220205324
-0.0001500370361
-0.0001436170406
-0.0001539770705
3.605425226e-06
-8.721409855e-05
-7.30811526e-05
1.161826728e-08
7.126436584e-06
8.099362841e-05
8.201283196e-05
-0.0001631447074
-2.230460696e-07
8.741291945e-05
-0.0001564584374
1.437487749e-08
7.332465273e-05
8.611265502e-06
-0.0001564795589
8.959079617e-06
6.772122039e-06
-0.0003086109263
-0.001664479997
0.0003559399094
5.480822469e-06
0.001562444686
-0.001571571307
6.834092453e-07
-0.0004353404111
0.001611594487
-0.0003084152404
5.445158848e-06
-0.00166460183
0.0003559774275
0.001563592206
6.69361599e-07
-0.001571746693
-0.0004364645771
1.58160562e-08
-0.001507606421
-0.001589336419
-0.001539857118
-0.001614893862
-0.001570377911
0.0004634234064
0.0004566457786
0.0004774151408
0.0004407920731
1.16546404e-06
-0.0004581834197
0.001544456008
0.0005490921395
0.001427015285
-0.0005070626505
-0.001465065007
-3.979764255e-06
-0.0003448660677
5.748890857e-07
0.00157109953
0.0003847861393
-0.001507391253
0.00598361914
-0.001589232316
-0.001539830962
-0.00161489646
-0.001570162364
0.0004633284111
0.0004565934306
0.000477384214
0.0004406039802
0.0004762977718
1.219359686e-06
-0.0004609375108
0.001547012586
0.0005491151171
0.001427033904
-3.983936618e-06
-0.0005069633277
-0.001465201754
2.581540849e-07
0.001358974755
-0.0003477451171
0.00135951081
1.36953153e-08
-0.0003467792854
-0.00139260306
0.0005849730499
-1.310045226e-06
2.441862906e-07
-0.0003511497994
0.0007578539474
0.0005204798808
0.0009372227263
-0.0005705064792
-0.0008906429097
3.446783606e-06
4.806373423e-07
0.0004775984498
0.001418250296
0.00135819135
-1.32942701e-06
-0.001392633206
0.000584886413
0.000241482326
2.878644057e-07
-0.0003512331035
0.000757769841
0.0005204968729
0.0009372843504
3.43674506e-06
-0.0005705080816
-0.000890709883
-0.000684620958
0.0004507599208
5.26244401e-07
2.759902344e-07
4.979758559e-05
-4.522810592e-07
0.0001970469276
-0.0001236955911
4.284633855e-07
-0.0002987642172
2.962266545e-07
0.0001279991498
0.0005062100035
0.0007537346725
5.450065693e-07
-0.0006845950124
0.0004508122012
2.709706864e-07
4.976694347e-05
-4.215443434e-07
0.0001970544971
4.089409419e-07
-0.0001236932532
-0.0002987909097
1.490263851e-08
-0.002293853273
-0.0007040837939
-0.0008235647243
-0.000827809504
-0.0007043195004
0.0005365474131
0.0004918704207
0.0005241722278
0.0005047904458
7.119810659e-07
-0.0003760266618
0.0002737459329
0.0003767923083
0.000516844079
-0.0004558279379
-0.0004324331846
-5.375267419e-06
-0.0005680579639
-9.396824797e-07
0.0008032726838
0.000519459637
-0.002293594071
0.003295995775
-0.0007040732492
-0.0008235202041
-0.0008277474045
-0.0007042980944
0.0005365235984
0.0004918506776
0.0005241270544
0.0005047508011
0.0002986457311
6.972530079e-07
-0.0003760223918
0.0002737339021
0.0003767827383
0.0005167795877
-5.370523181e-06
-0.0004558004259
-0.0004323913783
-0.0001097098979
-9.597482498e-05
1.915883973e-09
9.599720832e-05
1.401638372e-07
-0.0001587796978
-9.527115459e-05
-0.0001585149512
-9.467956994e-05
3.664896007e-10
1.540041393e-05
-1.389743481e-07
-0.0001476988359
-2.607921212e-05
1.652118319e-09
1.669921195e-07
-1.58640091e-05
-6.336757482e-05
-1.712357845e-05
-6.274786963e-05
1.463654944e-09
-1.76610267e-05
-0.0001483041584
-2.647853558e-05
-0.0002969662224
0.0003079273839
-2.813889823e-06
-7.299257805e-05
-1.164933221e-07
-9.635047223e-05
0.0002043023535
-0.0001082072839
-9.591556662e-05
-1.836787273e-07
1.098437078e-07
0.000221336108
0.0001321538402
0.0003686783368
-2.817426659e-06
-0.0002969899767
0.0003079118046
-1.139899329e-07
-7.29986131e-05
-9.634086649e-05
0.0002042844837
-1.831842912e-07
-0.0001081886279
-9.591547876e-05
8.444650272e-05
0.0001016284531
-1.475601458e-07
-0.0001677115813
7.609096706e-09
-0.0002753935562
8.218241386e-06
-4.533785236e-09
-0.000126115935
0.0003934499178
6.217565344e-08
-8.48903451e-05
-3.830424567e-05
1.854198967e-07
-0.0001015576751
-8.95565029e-05
0.0001987082309
9.211853154e-09
-3.88876558e-05
-8.900736661e-05
3.861584496e-09
0.0001990356028
-0.0001683902176
-9.062624314e-06
-0.0002106049099
-6.746187128e-08
5.563088791e-09
0.0001551888478
8.136742615e-05
3.245301312e-09
-4.698978349e-05
5.301520225e-08
9.329291558e-06
5.682523201e-05
2.45876894e-07
0.0002109281849
3.18895496e-09
5.716866831e-05
3.764941656e-09
8.444766651e-05
0.0001016150036
-1.364604335e-07
-0.0001677169477
-0.0002753107336
8.244899554e-06
-0.0001262502035
0.0003934982274
5.993857366e-08
-8.487343544e-05
-3.840041977e-05
1.678295863e-07
-0.0001015382365
-8.948968141e-05
0.0001987288289
-3.883369736e-05
-8.902094155e-05
0.0001990525152
-0.0001684101592
-9.079242767e-06
-0.0002106064439
-5.919074119e-08
0.0001551854554
8.137696635e-05
-4.698849516e-05
6.107652543e-08
9.383428351e-06
5.681763289e-05
2.318599636e-07
0.0002109247222
5.714953055e-05
-0.0003669302662
0.001134411247
-2.952629186e-07
0.0002858220223
1.513090239e-09
3.089081434e-07
0.0003674611804
-0.0004032031153
3.189787494e-07
-0.001133429285
0.0003616678419
0.001189269822
-0.001395024528
0.000416867866
-9.530264112e-09
0.001421265422
-0.000442754485
3.223242098e-09
-0.0004021383027
0.0003615326939
-2.794837524e-10
0.001190065689
0.0002862744415
-0.0005152090262
-0.0002600054993
-5.213637743e-09
0.0006493403989
2.496248514e-07
-0.0001738270772
-0.0001739798537
8.226480402e-09
0.0008166465379
-2.711233804e-07
4.132935317e-09
3.352324624e-07
-0.0008161834622
0.0009176051819
3.215079368e-09
0.0009185057427
2.135238077e-07
0.001358992845
-0.0003476162243
0.001359539635
-0.0003467071955
-0.000366915133
0.00113438649
-2.915482458e-07
0.0002858529968
-0.001394987076
0.0004169461964
-0.0004427384204
0.001421150873
2.969680382e-07
0.0003674293589
-0.0004031072363
3.139095624e-07
-0.001133377258
0.0003616887986
0.001189285317
-0.000402062386
0.0003615311769
0.001190115132
0.0002863481647
-0.0005152547824
-0.0002599224791
0.0006491913074
1.87558321e-07
-0.0001738309915
-0.0001739696341
0.0008166486811
-2.524537679e-07
3.12255862e-07
-0.0008162042594
0.0009176950456
0.0009185728562
-7.766351963e-05
-0.0001115406032
-1.041792599e-07
4.160776859e-05
1.694772562e-09
1.365567371e-07
7.717884727e-05
-0.0001290905029
7.745592798e-08
0.000112449104
0.0001003185775
-5.455499798e-05
1.073504734e-05
0.000158555288
-1.616789197e-09
5.608905683e-05
-0.00022523028
5.735280199e-10
-0.0001295403704
0.0001007378298
9.191067928e-10
-5.364661812e-05
4.12195971e-05
5.361213623e-05
-0.0002166882109
8.978180173e-10
2.04046222e-08
-0.000197827138
-0.0001975288329
6.470970464e-10
-1.791700569e-05
-4.947270349e-08
-0.0002056418635
2.897178671e-10
2.261819683e-08
1.815849605e-05
-0.0002350729967
-0.0002345303042
8.835018692e-10
-0.0002061966791
-0.0001815189918
1.752225841e-05
-3.779875489e-08
4.24198575e-10
-1.782081846e-08
0.0001823147409
-0.000130255142
6.602637248e-09
-1.729985293e-05
-4.852876461e-05
0.0002169929813
2.990907717e-10
-0.0001685244365
2.486850334e-10
-0.000129328001
7.822389285e-10
-0.0001097295025
-9.597782615e-05
9.599378939e-05
1.440966015e-07
-0.0001587803404
-9.523696857e-05
-0.0001585210865
-9.468099933e-05
1.540490643e-05
-1.363995627e-07
-0.000147699991
-2.608796193e-05
1.653523992e-07
-1.587528073e-05
-6.337930302e-05
-1.713526759e-05
-6.274946574e-05
-1.765662864e-05
-0.0001483134223
-2.647860339e-05
-7.766016993e-05
-0.0001115433276
-1.040235104e-07
4.160920916e-05
1.073657321e-05
0.0001585565669
-0.0002252161536
5.60869846e-05
1.476463103e-07
7.718941324e-05
-0.0001291143234
7.233517711e-08
0.0001124483016
0.0001003540755
-5.457565168e-05
-0.0001295248256
0.0001007456533
-5.365914581e-05
4.122027935e-05
5.361290081e-05
-0.0002166872564
2.52791676e-08
-0.0001978178938
-0.0001975217402
-1.791524998e-05
-5.162315736e-08
-0.0002056425617
2.202561934e-08
1.815161365e-05
-0.0002350800163
-0.0002345310712
-0.0002061965213
-0.0001815182622
1.752301377e-05
-3.768116265e-08
-4.853457246e-05
0.0002169945205
-0.0001685171243
-1.669301894e-08
0.0001823155851
-0.0001302439193
6.075787541e-09
-1.730166919e-05
-0.000129323634
0.000958038088
-3.449336551e-08
-1.859931457e-08
0.006565180399
0.0002630745536
0.0003234975113
0.000276029683
-0.00170135569
-0.001708468129
-0.001706058923
-0.00166245368
0.0009577237514
0.006330002769
0.006564813738
0.0003233348379
0.000263292283
0.0002762999629
-0.001701469705
-0.001708531889
-0.001706029424
-0.001662419894
0.001221861166
-2.400005248e-08
0.006240717839
3.967413492e-08
0.0003570528577
0.0003581756881
0.0003674692729
1.473125182e-09
0.006139627723
0.001103151932
0.001222104554
0.006240482308
0.0003582143616
0.0003569942462
0.0003674483347
-2.397035531e-06
0.001762377467
0.0003054252056
1.82311895e-09
0.001755301515
0.0003088565416
-0.0004116147972
-0.001631826283
2.921873207e-06
0.0004511782291
4.580738545e-09
-6.374439027e-06
0.0003947222381
-1.172698594e-06
0.001610954388
-0.001652767707
0.0004277369791
0.001665416931
0.0003939276238
-0.001700590736
1.251166492e-09
3.103900351e-09
-0.00167003087
0.0004309654338
-5.939948526e-09
0.0004382205834
0.001803807526
-2.096969816e-08
0.005541086138
1.659540738e-08
-0.001429559569
-0.00144786956
-0.001509891883
-1.138749069e-08
0.002066421642
0.005656967797
0.001872560712
0.00180340483
0.005540808281
0.00214606685
-0.001447856547
-0.001429533236
-0.001509874123
0.002066163174
4.051149723e-07
0.001229491247
0.0004368877064
0.0004767755717
0.001418903808
-0.000473980332
-1.449729648e-08
0.001230614037
0.0004366283204
4.02646779e-09
-0.0005269700541
-6.332381235e-07
0.00126448949
0.0004937284239
-5.878322512e-10
5.363194718e-07
0.0005277770233
-0.0005182825544
0.001407061792
-0.0005150347964
0.001407506244
-1.355872064e-09
0.001263120844
0.0004935141653
0.002343894782
-3.821582351e-08
-0.0005968372187
0.0009663958671
-3.768992954e-07
-2.681232958e-08
-0.0009947300253
-0.001022566789
-0.001144975395
-0.001057712853
0.005033749642
-0.001358937729
-0.001294121985
-0.001293382779
0.000586868655
0.0006240078486
0.0006216033365
0.0005844363596
0.002343752568
-3.85519719e-07
-0.0005968506041
0.0009664624987
-0.0009947994657
-0.001022597532
-0.001145039897
-0.001057809269
0.00012816707
0.000506958722
-0.0002413567081
5.929438024e-09
2.623469937e-07
0.000301235385
2.524968618e-05
0.0003018724262
2.559104759e-05
1.5357746e-09
-0.0002519223173
-3.235136908e-07
0.0003989279199
0.0001551873737
2.961116998e-09
4.636272118e-07
0.00025197104
-0.0003486569305
0.0006024389668
-0.0003481855575
0.0006036821088
3.484042005e-09
0.000397788741
0.0001550941592
-0.0005670742428
-0.000629939263
-1.430734421e-06
0.0004943601545
2.962555214e-10
-3.226104835e-06
0.0005629489784
-0.0005799869992
6.293928619e-07
0.000629095952
-0.0005578647172
0.0004476462207
0.0008043530665
0.0005195451714
-0.0007538271991
8.451421524e-10
-0.0005710236866
-6.958272999e-10
-0.0005937561009
-0.0005588793569
0.0004491097416
4.911543575e-09
0.0004862946931
0.001662637449
-1.95496782e-08
0.002694326095
-9.954432493e-10
-0.0005811987013
-0.0005333109258
-0.0006313271548
-8.580672191e-09
0.001247352162
0.003453415445
0.001878231252
0.001663209275
0.002694142358
0.001446644988
-0.000533235446
-0.0005812119345
-0.000631330114
0.001247289842
6.586595603e-09
2.011816136e-05
0.0001466527192
0.0002215129647
0.0001329595052
-0.0002982884636
-1.480781171e-09
2.087988564e-05
0.0001469920958
9.46282156e-10
-0.0002648179425
7.883559081e-08
0.000107715807
0.0001779034162
-2.440526022e-10
-7.480751653e-08
0.000264759543
-0.0003461959746
0.0002136552616
-0.0003448166635
0.0002128880221
-4.59647553e-09
0.000107310484
0.0001776460882
0.000709912524
-7.705445958e-10
0.001644325648
9.51615386e-10
-0.0002220139322
-0.0002048558526
-0.0002228997356
-7.874564974e-10
0.002017306761
0.0007902369636
-0.0003723898431
-0.0003095911484
-0.0003102393049
0.0007098822535
0.001644319496
-0.0002048383739
-0.0002220444757
-0.0002229313144
-0.0003053319338
0.001712432196
-2.381904066e-06
0.0003576538302
5.277781922e-09
9.572918577e-06
0.0003085733001
6.950991275e-07
-0.00170099034
0.0004034674587
-0.001731052394
0.0003594367998
3.217049413e-09
-3.27565204e-10
0.0004025270483
6.187649994e-09
0.0003605025513
2.970424813e-07
-0.0003426282031
0.001577386798
-0.0003415038039
0.001578128815
1.33870059e-08
-5.911394737e-07
0.001708017668
5.519279526e-09
0.001707060856
4.920028378e-07
-0.0003978796112
-0.001572518209
-0.0004342330287
-5.074549105e-09
0.001564685224
-0.000396048298
1.258400961e-08
0.001670277485
-6.66671901e-07
1.239551878e-08
7.342846612e-07
-0.00166901713
0.001636409903
1.106340994e-08
0.001639294729
-0.0002854405063
-2.394863591e-06
0.001762406285
0.0003053945152
6.636798814e-06
0.0002898469243
0.001719536994
-0.0002555889158
0.001750736511
-0.0002618718501
0.001755375236
0.0003087782071
-0.0003053740791
0.001712445479
-2.364504678e-06
0.0003577046759
-0.00173123284
0.0003594833715
0.001700532662
9.570776842e-06
0.0003086566726
6.599010342e-07
-0.001701049625
0.0004037804821
0.001652586669
0.0004025930869
0.001670001862
0.0003606177558
2.764255683e-07
-0.0003426226356
0.00157745227
-0.0003415703885
0.001578209786
-5.936808801e-07
0.001707900869
0.001706915268
-0.001572593803
-0.0004344280263
0.001564947711
4.406760332e-07
-0.000397842332
-0.000395993127
0.001670251288
-6.26517338e-07
6.525230334e-07
-0.001669064165
0.001635727527
0.001639079919
-0.0004575483628
0.00154944998
-3.123805543e-08
-0.001614470952
0.0004786758081
-8.602745482e-06
0.001595565565
1.054826883e-08
1.742374896e-06
0.001604221058
2.874763636e-06
-0.0004846797415
0.001507978436
-1.677084452e-08
0.00151595899
6.789015991e-09
0.001549159168
0.001561741985
0.000507526798
-1.028463244e-05
4.835178049e-09
-3.38573207e-06
-0.001476590699
1.069939811e-06
-0.0005030758982
0.0005449193968
-0.0005258746214
-0.001480703014
3.640232049e-09
0.0005547246829
4.886215938e-09
6.473305404e-09
0.000543846223
-0.0004115751379
-0.001631382345
2.918614563e-06
0.0004508111126
0.00166539823
0.0003939249495
-6.378058913e-06
0.0003946408615
-1.170584726e-06
0.00161007766
0.0004284657315
0.0004313679516
0.0004374747754
-0.0004591098131
0.001550870254
0.0004743753856
-0.001613088308
0.0004773745169
-8.590754733e-06
0.001595126225
1.767003573e-06
0.001601488739
2.863046751e-06
-0.0004820739978
0.001508808254
0.0005174152818
0.001516394363
0.0005147202397
0.00154829876
0.001561693356
0.0005070368734
-1.027077779e-05
-0.000525814697
-0.00148077378
0.0005547516465
-3.393625145e-06
-0.001476509503
1.058855021e-06
-0.0005021224524
0.000544670088
0.0005437227964
-0.0005587987964
0.001291239952
-1.190029966e-06
0.0005332333525
4.999765592e-09
-2.834570147e-09
0.0005593809643
2.36340649e-06
-0.001288905703
0.0005771997106
-0.001392544534
0.0005871492825
2.09609452e-09
6.308861402e-09
0.0005871283999
1.165008559e-09
0.0005324060642
-0.0003513035486
0.0007595342377
-2.827697929e-09
3.934891633e-07
0.0010029496
0.001004226479
-2.462341385e-09
0.0004242956395
-9.86354644e-07
0.00107465078
-5.177637668e-09
7.638651279e-07
-0.0004251975063
0.000833630653
0.0008364059184
2.28961908e-09
0.001070279927
0.001107088112
0.0005037172232
-2.924638428e-06
3.435968736e-09
1.100772074e-05
-0.001094759839
0.001090445342
1.483099177e-06
-0.0005050015385
0.0004465061785
-0.0005636681607
-0.0008963219398
1.072485153e-09
0.0005167947757
0.000946641024
1.039121536e-09
0.001141555019
3.967887862e-09
0.0004452803238
0.0004767749564
0.001419217451
3.811751108e-07
0.001229637293
0.0004368652925
0.001230718602
0.0004365566741
-0.0005269347314
-6.358148007e-07
0.001264463232
0.0004938253414
5.898092327e-07
0.0005277460851
0.001407329683
0.00140759142
0.001263074435
0.0004936731292
-0.0005587912175
0.00129120444
-1.184168828e-06
0.0005332391813
-0.001392524162
0.0005870107305
-5.130762132e-09
0.0005593717014
2.363842159e-06
-0.00128883674
0.0005772373242
0.0005871973864
0.0005324252319
-0.0003513571503
0.0007594819814
0.0002413515085
3.981132669e-07
0.00100292913
0.001004168037
0.0004243380718
-1.006386757e-06
0.001074656522
7.675376812e-07
-0.0004252927808
0.000833664292
0.0003486307846
0.0008364152721
0.0003481746111
0.00107030311
0.001107104122
0.0005037137747
-2.918785771e-06
-0.0005636570529
-0.0008963624621
0.0005167817762
0.0009466755538
1.099696041e-05
-0.001094801497
0.00109053377
1.470406168e-06
-0.0005050080658
0.0004464920746
0.001141642445
0.0004452409594
-0.0003634467775
0.0004854037439
-3.631017925e-07
0.0002773317058
2.352862605e-09
5.011863772e-07
0.0003638230017
5.441489153e-07
-0.0004840674277
0.0003764184789
-0.0006860146806
0.0004495109423
-2.443930745e-09
2.170202487e-09
0.0003765784657
1.027092866e-09
0.0002771812143
4.923640554e-05
4.377307474e-08
3.236010686e-09
1.989233079e-07
0.0001316735808
0.0001321956041
-5.571888021e-10
2.893477716e-07
-7.467006794e-05
5.680486177e-05
-7.497873531e-05
5.76487581e-05
2.075682204e-09
-3.036822927e-07
0.000212704968
2.954086188e-09
0.0002117939769
3.302175197e-07
-0.0001963114508
-0.0001249623159
-0.0002988928552
1.645671885e-09
0.0001990517181
-0.0001965282504
4.54953943e-09
0.0002938319236
-3.261464783e-07
2.645025194e-09
5.725961435e-07
-0.0002923376017
0.0003694192813
9.784982877e-10
0.0003720891418
0.0001281613971
0.0005069904964
2.567250206e-07
0.0003011674038
2.530384363e-05
0.0003018505488
2.562161151e-05
-0.0002519224934
-3.220405127e-07
0.0003989284137
0.0001551696302
4.45526414e-07
0.0002519570903
0.0006024381819
0.0006036916165
0.0003977878295
0.0001550146029
-0.0003634485063
0.0004853977756
-3.603918435e-07
0.0002773418949
-0.0006859876529
0.0004495638598
0.0007537481319
5.014286703e-07
0.0003638338134
5.364554215e-07
-0.0004840595588
0.0003764316605
0.0005579036386
0.0003765757253
0.0005589233923
0.0002772016845
4.922789398e-05
5.160316831e-08
2.114472438e-07
0.0001316769698
0.0001322099197
2.699074259e-07
-7.463920862e-05
5.681250066e-05
-7.49902995e-05
5.7657256e-05
-3.004714302e-07
0.0002126926618
0.0002117518942
-0.0001249635994
-0.0002989008488
0.0001990588835
2.991732603e-07
-0.0001962942356
-0.000196527451
0.0002938317747
-3.22034448e-07
5.700091392e-07
-0.0002923373056
0.0003694080462
0.0003720776482
-0.0003754226311
0.0002768957143
2.161870643e-09
-0.0004472899044
0.0004237555985
-5.852793541e-06
0.0005237491192
-1.854733003e-09
1.515249812e-06
0.0004395235875
1.436625684e-06
-0.000427338953
0.0003534523023
1.610793343e-09
0.0003572735015
-2.234786998e-09
0.0004926265363
0.0005951995785
0.0004696969088
-4.600451609e-06
5.058072344e-10
-4.175077079e-06
-0.0005409811484
-2.36859279e-06
-0.00045183536
0.0003752230727
-0.000483867213
-0.0004434256648
3.745027688e-10
0.0003886063102
2.347377913e-09
-1.543634284e-10
0.0003811762962
-0.0005670806539
-0.0006299465277
-1.429840712e-06
0.0004943840741
0.0008043060119
0.0005195079018
-0.0005710046346
-3.217281356e-06
0.0005629672794
-0.000579997526
6.183857149e-07
0.0006291040263
0.0004476408651
-0.0005937400268
0.0004491080639
0.0004863433692
-0.0003754145324
0.0002769025496
0.0002982702823
-0.0004472856182
0.0004237554806
-5.85363567e-06
0.0005237659999
1.512843339e-06
0.0004395136733
1.437504799e-06
-0.0004273409578
0.0003534056547
0.0003462317038
0.0003572426036
0.0003448506887
0.0004926624402
0.0005951975393
0.0004696923827
-4.599822597e-06
-0.0004838214243
-0.0004433920802
0.0003886078979
-4.17539982e-06
-0.0005409862838
-2.364001287e-06
-0.0004518271229
0.0003752054
0.0003811787444
-0.0002950800121
0.0002042078216
4.324282586e-07
0.0001981555725
1.006780395e-12
-1.597553927e-06
0.0002935096599
-3.679347879e-07
-0.0002039606467
0.0002026423249
-0.000297385982
0.0003108247807
9.505499069e-10
7.589557228e-10
0.0002043980082
2.260156805e-10
0.0001972919217
-7.799536168e-08
-5.65170026e-05
-7.323986977e-05
-9.541343457e-05
-7.284567178e-10
-5.565228812e-05
-1.48906764e-09
9.059826258e-05
1.404118448e-07
3.151137421e-05
1.086324015e-09
-1.028975097e-07
-9.039967518e-05
-5.856007397e-06
-4.925352213e-06
3.309703569e-10
3.086981365e-05
0.0001274822407
0.0001018358224
3.491034313e-07
-2.187641836e-10
-5.825969258e-07
-0.0001269963118
-2.616681276e-07
-0.0001015145274
-0.0001083981326
-9.664532168e-05
2.223091642e-10
-2.0711659e-10
-6.184158852e-10
0.0002215153251
0.0001329503115
6.278410732e-09
2.011338446e-05
0.0001466407935
2.088155175e-05
0.000146981851
-0.0002648213582
7.590737121e-08
0.0001077198058
0.0001779069702
-6.800595681e-08
0.0002647673401
0.0002136862106
0.0002129070444
0.0001073206711
0.0001776359606
-0.0002950773714
0.0002042070261
4.326128605e-07
0.0001981575597
-0.0002974079135
0.0003108094932
-1.601272133e-06
0.0002935029002
-3.678455856e-07
-0.0002039590242
0.000202647523
0.0002044095812
0.0001972971481
-7.32349807e-05
-9.540987784e-05
-7.934640068e-08
-5.652239134e-05
-5.565757603e-05
9.059537947e-05
1.438798667e-07
3.151122582e-05
-1.039718404e-07
-9.039139922e-05
-5.852392226e-06
-4.9245799e-06
3.08660495e-05
0.0001274846115
0.0001018344767
3.494626341e-07
-0.0001083792241
-9.664528002e-05
-5.834463333e-07
-0.0001270021316
-2.604861351e-07
-0.0001015105456
-6.187298076e-07
-0.0002256063149
-0.0002324481436
-1.219475279e-09
2.519232318e-06
-3.520166566e-09
-6.348209977e-07
-0.0002256210176
-0.0002324554781
2.531096553e-06
1.063431281e-05
0.001069921667
-6.581933816e-06
-0.0006017392302
-0.0006119351924
0.0009871753939
2.190168649e-10
0.001164332186
-4.287261333e-10
-0.000635727958
-1.474828754e-09
5.185720442e-06
-4.314103766e-09
-0.0006119426064
0.0009872282245
1.062375538e-05
0.001069928059
-6.590476149e-06
-0.0006017440204
0.001164331022
-0.0006357012812
5.188871509e-06
1.518349512e-06
6.535427578e-08
-9.597588373e-06
8.200207261e-11
3.477300874e-07
5.177321312e-08
-4.758661112e-06
3.851716872e-11
4.10359477e-08
-1.353905303e-06
1.736640858e-11
1.350758288e-06
-9.623829584e-06
2.710089911e-07
-4.774641352e-06
-1.35948425e-06
2.83156926e-06
-5.385838611e-06
8.290273755e-08
5.358327269e-11
6.582624355e-07
-2.647016358e-06
6.163200677e-08
2.46762737e-11
-7.407769719e-07
4.512171488e-08
1.080070084e-11
3.292660429e-06
-8.027106382e-08
5.398617716e-06
6.990642877e-07
-6.094113232e-08
2.654709181e-06
-4.462190407e-08
7.437250004e-07
3.493195534e-06
4.82306303e-11
7.853726796e-07
2.30439893e-11
9.678858808e-12
2.628938366e-06
5.70637745e-07
1.51841441e-06
6.538955716e-08
-9.59792761e-06
3.477390033e-07
5.178557718e-08
-4.758850234e-06
4.103877331e-08
-1.353976433e-06
1.351216664e-06
-9.624462376e-06
2.71125173e-07
-4.775013543e-06
-1.359599926e-06
2.831628211e-06
-5.385959985e-06
8.289302893e-08
6.582723217e-07
-2.647094639e-06
6.162193124e-08
-7.408086207e-07
4.511485916e-08
3.292968238e-06
-8.023387438e-08
5.398769049e-06
6.991407189e-07
-6.092101609e-08
2.65480335e-06
-4.46123006e-08
7.437554283e-07
3.493267985e-06
7.853895033e-07
2.629318167e-06
5.707297358e-07
)
;

boundaryField
{
    inlet
    {
        type            calculated;
        value           nonuniform 0();
    }
    outlet
    {
        type            calculated;
        value           nonuniform List<scalar> 
25
(
0.01996443138
0.0200202147
0.02001648971
0.02000035058
0.02000032714
0.02000029855
0.02000026525
0.02000022776
0.02000018668
0.02000014266
0.02000009638
0.02000004858
0.02
0.01999995142
0.01999990361
0.0199998573
0.01999981325
0.01999977213
0.01999973461
0.01999970127
0.01999967264
0.01999964918
0.01999963125
0.01999961913
0.01999961302
)
;
    }
    topAndBottom
    {
        type            symmetry;
        value           uniform 0;
    }
    frontAndBack
    {
        type            empty;
        value           nonuniform 0();
    }
    cylinder
    {
        type            calculated;
        value           uniform 0;
    }
    procBoundary1to0
    {
        type            processor;
        value           nonuniform List<scalar> 
116
(
-0.02071293992
-0.02071936083
-0.02073233201
-0.02075228471
-0.02077983492
-0.02081583546
-0.0208615218
-0.0209185111
-0.02098901849
-0.02107599201
-0.02118326559
-0.02131622379
-0.0214820459
-0.0216907915
-0.02195611034
-0.02229944958
-0.02274715137
-0.0233602301
-0.02416604371
0.0006240940494
-0.006326213876
-0.006426496816
-0.006324921322
-0.006425891264
0.0006240093267
-0.006534917877
-0.0002090771206
-0.0002054505265
-0.001324366964
-0.001324438017
0.0001334361646
3.243704046e-05
0.0001336984478
-0.0001517594184
3.228088156e-05
-0.0001520064294
9.939968566e-07
1.897212512e-06
0.0001023556041
0.0001017324498
-1.553353513e-06
-1.299596442e-06
0.0001334645603
3.244479602e-05
0.0001338210231
-0.0001516302617
3.230516113e-05
-0.0001519602067
0.0001023791362
0.0001017954235
-1.553138498e-06
-1.299350951e-06
9.946036093e-07
1.897205733e-06
-0.001582800749
-0.001760431789
-0.00158272226
-0.001325043265
0.0003125561616
-0.001053009256
0.0003128791672
-0.001052537784
-0.0003796236342
-0.0003798754413
-0.0007045373885
-0.0007040072208
-0.001325147735
0.0003125424982
-0.001053031291
0.0003128478391
-0.001052587629
-0.0003796819318
-0.0003799230374
-0.0007045087296
-0.0007039395168
-0.001730787215
-0.006534883855
-0.0002090421274
-0.0002054072296
-0.001730802757
-0.0002854583515
-0.001779949096
-0.0002898848683
-0.001719551654
0.0002556565814
-0.00177667025
-0.001750781377
-6.929059529e-10
0.0002619496359
-0.001583120632
-0.001743510647
-0.001741423651
-0.001779963605
-0.00176766767
-0.001776701373
-0.001583056781
-0.001743477547
-0.001741353357
-0.001680090248
-0.001738587124
-0.001731945679
-0.001738584293
-0.001680102585
-0.001731977349
1.194272656e-05
5.906160171e-06
1.671528313e-06
1.19440605e-05
5.906889477e-06
1.671763985e-06
1.189071631e-05
5.877467114e-06
1.660582344e-06
1.189126359e-05
5.877773705e-06
1.660692636e-06
)
;
    }
    procBoundary1to3
    {
        type            processor;
        value           nonuniform List<scalar> 
125
(
2.117473252e-08
-2.604664716e-08
-2.001485875e-08
-6.18966524e-09
1.316196821e-10
1.333797336e-09
1.444791186e-09
1.897127196e-09
2.152485869e-09
2.467851177e-09
2.93882886e-09
3.16382113e-09
3.478465603e-09
3.942052165e-09
5.117240928e-09
6.220756648e-09
6.888104758e-09
7.167805666e-09
7.053583183e-09
6.502906086e-09
5.583353476e-09
4.501396918e-09
3.497801688e-09
2.756183974e-09
2.298300653e-09
2.009002308e-09
1.79982784e-09
1.65797209e-09
1.583873851e-09
1.547020051e-09
1.507977922e-09
1.453964438e-09
1.334270003e-09
1.411770995e-09
1.882228055e-09
1.793262854e-09
1.751314843e-09
1.721830778e-09
1.679241965e-09
1.612421264e-09
1.533323919e-09
1.464799419e-09
1.420550594e-09
1.395908458e-09
1.378126551e-09
1.358523788e-09
1.335061557e-09
1.309466123e-09
1.284096528e-09
1.260315228e-09
1.238316827e-09
1.217588367e-09
1.197422478e-09
1.177266767e-09
1.156883496e-09
1.136392514e-09
1.116166669e-09
1.09669817e-09
1.078467685e-09
1.061838514e-09
1.046967358e-09
1.033744718e-09
1.021825713e-09
1.010725983e-09
9.999325947e-10
9.892170083e-10
9.785039118e-10
9.708570167e-10
9.540993593e-10
-6.734224632e-08
1.431708124e-08
2.024223082e-08
-4.839904377e-08
-4.204048353e-08
6.270608876e-09
-5.702632663e-08
8.235293275e-09
-4.705776283e-08
-1.400386891e-08
-1.337293481e-08
-4.456338512e-08
-1.118349961e-08
-1.227428091e-08
4.167520582e-09
1.417784642e-08
2.800338706e-09
-6.556734238e-08
-5.395968809e-08
-5.319439705e-08
-8.711225072e-09
4.660492016e-09
-9.253825094e-09
-6.147982073e-08
-4.220893956e-08
-4.854387418e-08
5.326886626e-09
-2.136272532e-09
-6.679190643e-09
1.507997308e-08
1.704856502e-08
1.304938868e-08
1.310616259e-08
8.103107515e-09
6.947715405e-09
4.624215733e-09
3.711208793e-09
4.096489906e-09
1.300391497e-08
6.882795926e-09
6.453651994e-09
3.157780436e-09
3.170455258e-09
3.510486122e-09
-4.63913163e-10
-1.748775216e-10
-3.864024833e-11
-4.25762665e-10
-1.587762827e-10
-3.442365867e-11
-2.340556216e-10
-5.627629779e-11
-2.266053735e-12
-3.357670089e-10
-1.119846118e-10
-2.032823e-11
)
;
    }
}


// ************************************************************************* //
