/*--------------------------------*- C++ -*----------------------------------*\
| =========                 |                                                 |
| \\      /  F ield         | OpenFOAM: The Open Source CFD Toolbox           |
|  \\    /   O peration     | Version:                                        |
|   \\  /    A nd           | Website:  www.openfoam.com                      |
|    \\/     M anipulation  |                                                 |
\*---------------------------------------------------------------------------*/
FoamFile
{
    version     2.0;
    format      ascii;
    class       volScalarField;
    location    "3.4";
    object      p;
}
// * * * * * * * * * * * * * * * * * * * * * * * * * * * * * * * * * * * * * //

dimensions      [0 2 -2 0 0 0 0];


internalField   nonuniform List<scalar> 
2403
(
-0.3661917629
-0.4236756424
-0.4469258176
-0.3404657041
-0.2102346807
-0.09134550428
-0.003927494535
0.04848043456
0.07247626362
0.0782841357
0.07435065575
0.06613831229
0.05671914819
0.04766314182
0.03967140542
0.0329536165
0.02745715682
0.02301163725
0.01941525539
0.0164840871
0.01407145122
0.01206694007
0.01038794106
0.008971664295
0.00776974157
0.006744535418
0.005866360942
0.005111454055
0.00446054372
0.003897816504
0.003410185677
0.002986746902
0.002618365058
0.002297352195
0.002017208663
0.001772415034
0.001558318515
0.001370916396
0.001206687002
0.001062596397
0.0009360749106
0.0008249082006
0.0007271762341
0.0006412055658
0.0005655351529
0.0004988934952
0.0004401725967
0.0003884042978
0.0003427456935
0.0003024565839
0.0002668880553
0.0002354712303
0.0002077059273
0.0001831532152
0.0001614264214
0.0001421836098
0.0001251217973
0.0001099716307
9.649274806e-05
8.447058769e-05
7.371471492e-05
6.405763557e-05
5.535273704e-05
4.747090452e-05
4.029628555e-05
3.372323293e-05
2.765196516e-05
2.199550477e-05
1.664822447e-05
1.161165408e-05
6.537871773e-06
2.804377527e-06
-0.4080457032
-0.4655306432
-0.5097315332
-0.392204411
-0.2536394603
-0.1297198129
-0.03661330725
0.02114077131
0.05018201625
0.060736613
0.06099910821
0.05626468661
0.04960641029
0.04266176843
0.03621866132
0.0305895004
0.02583101292
0.02187308229
0.01859609215
0.01587571042
0.013605773
0.0117013828
0.01009532146
0.008734028987
0.00757468302
0.006583163085
0.005731992618
0.004998944762
0.00436585501
0.003817741669
0.003342166329
0.002928732182
0.002568703133
0.002254706087
0.001980482806
0.001740704454
0.001530896624
0.001347151624
0.001186037848
0.001044619098
0.0009203992636
0.0008112222281
0.000715211088
0.0006307299195
0.0005563546156
0.0004908424302
0.0004331102536
0.0003822052175
0.0003373067197
0.0002976862015
0.0002627052805
0.0002318051492
0.0002044922627
0.000180336274
0.0001589572344
0.0001400186878
0.000123222594
0.0001083046191
9.502994334e-05
8.31896828e-05
7.259822678e-05
6.309120459e-05
5.452331952e-05
4.676569335e-05
3.97027158e-05
3.322972785e-05
2.724879485e-05
2.167513366e-05
1.640563997e-05
1.144241607e-05
6.44298912e-06
2.763064215e-06
-0.412890367
-0.473618923
-0.4930149046
-0.3956304857
-0.2681749438
-0.152611486
-0.06543566011
-0.008919268334
0.02268591982
0.03770195403
0.04279617905
0.04243460366
0.03938705757
0.0352581908
0.03091674808
0.02680148195
0.0231055371
0.01988194145
0.01711058396
0.01474216952
0.01272225189
0.01100005479
0.009530307668
0.008273486519
0.00719581675
0.00626910775
0.005470098132
0.004779312871
0.004180689498
0.003660873831
0.003208683749
0.002814698041
0.002470929807
0.002170613609
0.001907946107
0.00167800568
0.001476597218
0.001300051404
0.001145079136
0.001008933939
0.0008892628662
0.0007840203267
0.0006914189728
0.0006098994604
0.0005381019326
0.0004748378546
0.0004190670109
0.0003698866362
0.0003264928057
0.0002881906673
0.0002543653639
0.0002244831563
0.0001980616234
0.0001746917634
0.0001540046836
0.0001356746693
0.0001194142843
0.0001049686699
9.211143178e-05
8.064150344e-05
7.038039363e-05
6.116971728e-05
5.286884984e-05
4.535253184e-05
3.850821224e-05
3.223414842e-05
2.643545197e-05
2.103024209e-05
1.591898793e-05
1.110396241e-05
6.253620672e-06
2.680507215e-06
-0.4124674444
-0.4441378534
-0.4057916894
-0.3359939252
-0.2422486388
-0.1513753735
-0.0803369311
-0.03154710675
-0.001272345984
0.01601534463
0.02471299756
0.02806539769
0.0283075602
0.02687619984
0.02464148028
0.02211521405
0.01959004171
0.01721898974
0.0150676371
0.0131530221
0.01146890648
0.009998593948
0.008720666162
0.007612200744
0.006650998778
0.005816898585
0.005092209953
0.004461676823
0.003912302486
0.00343303517
0.003014451689
0.002648490795
0.002328219999
0.002047690833
0.001801810262
0.001586160355
0.001396983943
0.001230862195
0.001084835928
0.0009564039711
0.0008433994029
0.0007439293789
0.0006563366522
0.00057917219
0.000511168686
0.0004512158639
0.0003983397363
0.0003516871658
0.0003105083036
0.0002741472895
0.0002420321745
0.0002136576783
0.0001885411723
0.0001663285553
0.0001466626384
0.0001292326086
0.0001137655209
0.0001000206253
8.778409248e-05
7.686546869e-05
6.709556325e-05
5.832423096e-05
5.041795099e-05
4.325755914e-05
3.673587011e-05
3.075598075e-05
2.522755179e-05
2.007266711e-05
1.519665913e-05
1.060173798e-05
5.972583406e-06
2.557906192e-06
-0.356007396
-0.3328156962
-0.3108200102
-0.2651615404
-0.2014196078
-0.1372277677
-0.08442667715
-0.04545332495
-0.0185270759
-0.0009240858292
0.00969338799
0.01547201618
0.01808530929
0.01874597979
0.01825516585
0.01712796149
0.01569633963
0.01416768548
0.01266180972
0.01124186444
0.009937992507
0.008761473174
0.007712197404
0.00678329082
0.005964493673
0.005244443868
0.004611954245
0.004056616525
0.003569039632
0.003140896862
0.002764863765
0.002434513597
0.002144210297
0.001889018682
0.00166461502
0.001467239147
0.001293683787
0.001140978013
0.001006509427
0.000888057291
0.0007836876156
0.0006917033631
0.0006106128449
0.000539106951
0.0004760362907
0.0004203900259
0.0003712786717
0.0003279205517
0.0002896285434
0.0002557985253
0.0002258982882
0.0001994515709
0.0001760827005
0.0001553871647
0.0001370527705
0.0001207977964
0.0001063689078
9.354155616e-05
8.211775052e-05
7.192128456e-05
6.279492109e-05
5.459891289e-05
4.720899788e-05
4.051419059e-05
3.441453962e-05
2.881959588e-05
2.364499155e-05
1.881794548e-05
1.425008754e-05
9.943507917e-06
5.604146759e-06
2.397208994e-06
-0.2635676961
-0.2650837743
-0.2591019977
-0.241626717
-0.2106340371
-0.1683367559
-0.1237340455
-0.0844923819
-0.05331589478
-0.02996524778
-0.01333372546
-0.002122714408
0.00499486914
0.009147807949
0.01130707765
0.0121597798
0.01218119578
0.01170231812
0.01094776217
0.01006253237
0.00913658273
0.008224717468
0.007359274183
0.006557443709
0.005826239856
0.005166364713
0.00457498235
0.004047456419
0.003578373448
0.003162152134
0.002793394872
0.002467055793
0.002178498796
0.001923506725
0.001698273163
0.001499385738
0.001323803921
0.001168898407
0.00103230046
0.0009117185986
0.000805265825
0.0007112946511
0.0006283397365
0.0005551030013
0.0004904395729
0.0004333392689
0.0003829094469
0.0003383615265
0.0002989999322
0.0002642116422
0.0002334565482
0.0002062584297
0.0001821966746
0.0001609067932
0.000142051047
0.0001253385006
0.0001105106257
9.734479442e-05
8.563680512e-05
7.520477829e-05
6.588906239e-05
5.754757138e-05
5.00533465e-05
4.329327319e-05
3.716634033e-05
3.158146679e-05
2.645608575e-05
2.17131088e-05
1.7286029e-05
1.309418284e-05
9.139542947e-06
5.154006093e-06
2.200920827e-06
-0.2076471303
-0.2114106549
-0.2071257148
-0.1941010066
-0.1719198682
-0.1425264464
-0.110654413
-0.08109060897
-0.05628196091
-0.03666032181
-0.0217639459
-0.01090431862
-0.003345597717
0.001665691689
0.004827725135
0.00666343145
0.007569517162
0.007861392794
0.007765730524
0.007433270977
0.006963818787
0.006425523649
0.00586473682
0.005311233702
0.00478264376
0.004288501377
0.003833243589
0.003418103542
0.003042315015
0.002703946959
0.002400474746
0.002129129667
0.001887093477
0.001671609129
0.001480050114
0.001309963195
0.001159088064
0.001025410912
0.0009071235223
0.0008023893453
0.0007096701492
0.0006276235559
0.0005550403993
0.0004908394315
0.0004340593151
0.0003838457159
0.0003394391515
0.0003001652419
0.0002654264511
0.0002346942289
0.000207501327
0.0001834344636
0.0001621278348
0.00014325858
0.0001265371257
0.0001117063616
9.854223481e-05
8.684265508e-05
7.643475631e-05
6.715711093e-05
5.886670885e-05
5.143846819e-05
4.47608767e-05
3.873386238e-05
3.326787805e-05
2.828212841e-05
2.370324544e-05
1.94626449e-05
1.550115961e-05
1.174713644e-05
8.202438509e-06
4.629186828e-06
1.972120349e-06
-0.1660826149
-0.1699811449
-0.1671040893
-0.1577213368
-0.1419661718
-0.1212501053
-0.09829687506
-0.07605392696
-0.05645332966
-0.04017225392
-0.02716898471
-0.01714763064
-0.00969748507
-0.004342898885
-0.0006243935941
0.001877299192
0.003435232581
0.004319607616
0.004753599943
0.004886823811
0.004817588971
0.00461737923
0.00433986357
0.004022965771
0.003691702018
0.003362054424
0.003044084433
0.002743834065
0.002464526902
0.00220747812
0.001972791287
0.001759830722
0.001567515098
0.001394506221
0.001239340983
0.001100524088
0.000976586148
0.0008661462444
0.0007679442591
0.0006806520134
0.000603095384
0.000534241282
0.0004731533888
0.0004189847348
0.0003709713082
0.0003284266173
0.0002907355025
0.0002573479242
0.0002277734378
0.0002015758957
0.0001783679592
0.0001578056286
0.0001395832615
0.0001234291657
0.0001091010827
9.638398671e-05
8.508549339e-05
7.503628132e-05
6.608634615e-05
5.810487391e-05
5.096746957e-05
4.456621141e-05
3.880673051e-05
3.360395357e-05
2.88811921e-05
2.456912415e-05
2.060475526e-05
1.69291306e-05
1.349138502e-05
1.023003085e-05
7.146812223e-06
4.037843821e-06
1.714372463e-06
-0.1332509375
-0.1374763689
-0.1362309623
-0.1298995829
-0.1188538962
-0.1040533618
-0.08727402049
-0.07042043175
-0.05492952825
-0.0415111077
-0.03034375904
-0.02135200221
-0.01433418908
-0.009007481275
-0.005064330148
-0.002181828104
-0.000174060081
0.001150092585
0.001993034771
0.002500168275
0.002765682625
0.002858820439
0.00283454887
0.0027344493
0.002587934717
0.002415311274
0.002230658943
0.002043638464
0.001860629441
0.001685634861
0.001521018656
0.001368034127
0.001227173602
0.001098409705
0.0009813734794
0.0008754851984
0.0007800422307
0.0006942928483
0.000617499994
0.0005488569595
0.0004875554659
0.0004328767792
0.0003841692392
0.0003408277029
0.0003022920102
0.00026805082
0.0002376406267
0.0002106425285
0.0001866794681
0.0001654135625
0.0001465428369
0.0001297975412
0.0001149366343
0.0001017447006
9.002917291e-05
7.961861427e-05
7.036045406e-05
6.2117501e-05
5.47617506e-05
4.819534979e-05
4.231835948e-05
3.704105202e-05
3.228638747e-05
2.798561807e-05
2.40762555e-05
2.050150138e-05
1.720972886e-05
1.415258922e-05
1.12883579e-05
8.566698498e-06
5.989216651e-06
3.389234425e-06
1.431727168e-06
-0.1081222014
-0.112498169
-0.1123491943
-0.1081963909
-0.1004405725
-0.08977696096
-0.07739338255
-0.06457763223
-0.05236809845
-0.04139541431
-0.03192720289
-0.02401330363
-0.01758510012
-0.01249411537
-0.008550436262
-0.005531315757
-0.003259087708
-0.001625484837
-0.0004726430768
0.0003248716654
0.0008575123664
0.0011940133
0.001387801881
0.001479862887
0.00150079057
0.001473226725
0.001413918157
0.001335061745
0.001245322425
0.001150748224
0.001055517606
0.0009624645276
0.0008734360656
0.0007895588175
0.0007114474595
0.000639361063
0.0005733121073
0.0005131442712
0.0004586043214
0.0004094486201
0.0003651566486
0.0003253480878
0.0002896623551
0.0002577341203
0.0002292081158
0.0002037512142
0.0001810548939
0.000160834856
0.0001428311114
0.0001268077786
0.0001125518259
9.987110987e-05
8.859234135e-05
7.855935454e-05
6.963163532e-05
6.168313744e-05
5.460103271e-05
4.828229587e-05
4.264039605e-05
3.758811342e-05
3.305832851e-05
2.898358084e-05
2.530418781e-05
2.196855477e-05
1.892952198e-05
1.614377483e-05
1.357186099e-05
1.117681704e-05
8.926742955e-06
6.783256718e-06
4.747797935e-06
2.693505231e-06
1.128617238e-06
-0.08852703077
-0.09276056056
-0.09340233382
-0.09082289354
-0.08544861504
-0.07780693967
-0.06865279644
-0.05889041697
-0.04928247602
-0.04035627067
-0.03240147345
-0.02553397835
-0.01976332904
-0.01502733024
-0.01121876197
-0.008203220386
-0.005837743886
-0.004023033729
-0.002644541531
-0.00162106416
-0.0008785263176
-0.0003472204374
2.734580646e-05
0.0002844521843
0.0004531058311
0.000556119111
0.0006116140325
0.0006334291469
0.0006317649271
0.0006140954749
0.0005859448496
0.0005513881448
0.0005133802501
0.0004740193947
0.0004347689224
0.000396627493
0.0003602499829
0.0003260380621
0.0002942098148
0.0002649122055
0.0002380450954
0.0002135290619
0.0001912668844
0.0001711274773
0.0001529606964
0.000136611218
0.0001219250062
0.0001087528149
9.695301566e-05
8.639337901e-05
7.695155142e-05
6.851472012e-05
6.09790575e-05
5.424930661e-05
4.823850774e-05
4.286772448e-05
3.806577527e-05
3.376852478e-05
2.991762079e-05
2.645370679e-05
2.333633709e-05
2.052223737e-05
1.797111037e-05
1.564830659e-05
1.352257872e-05
1.156490254e-05
9.748629543e-06
8.048764817e-06
6.443752072e-06
4.907774401e-06
3.442077094e-06
1.961586875e-06
8.098148976e-07
-0.07308122081
-0.07710674915
-0.07829856709
-0.07688291335
-0.07325790664
-0.06779787322
-0.06101697981
-0.05355943851
-0.04600030587
-0.03876480816
-0.03212571183
-0.02622680935
-0.02112158989
-0.01680130693
-0.01321439422
-0.01028296868
-0.007913683979
-0.006023016984
-0.004523271679
-0.003341426146
-0.002433498633
-0.001747168253
-0.001226873702
-0.0008328304501
-0.0005377702555
-0.0003201101718
-0.0001617753654
-4.829460497e-05
3.139223044e-05
8.567836853e-05
0.0001210199198
0.000142396719
0.0001536089896
0.000157529383
0.0001563229661
0.0001516168625
0.0001446237476
0.0001362366818
0.0001271026722
0.0001177271587
0.0001083935382
9.931469448e-05
9.063725619e-05
8.245422049e-05
7.481549002e-05
6.773914352e-05
6.122207202e-05
5.524795828e-05
4.979249843e-05
4.48266634e-05
4.031867813e-05
3.623521195e-05
3.254227542e-05
2.920607519e-05
2.619384417e-05
2.347448067e-05
2.101896578e-05
1.880035413e-05
1.679352898e-05
1.496656166e-05
1.330636215e-05
1.179190765e-05
1.040366885e-05
9.125076534e-06
7.941070511e-06
6.837312531e-06
5.800426495e-06
4.817787535e-06
3.878524283e-06
2.969790451e-06
2.092606557e-06
1.204991838e-06
4.803411736e-07
-0.06081714544
-0.06460034963
-0.06614112314
-0.06557988359
-0.06319611344
-0.05931881409
-0.05432207781
-0.04863616749
-0.04270072754
-0.03685824191
-0.03134909024
-0.02632313022
-0.02185691625
-0.01797383704
-0.01465905718
-0.01187199885
-0.009556155185
-0.007652148197
-0.006099465374
-0.004834830272
-0.003811262914
-0.003003332148
-0.002364322503
-0.001858293601
-0.001458505717
-0.001143232871
-0.0008949178956
-0.0006995777399
-0.0005461602392
-0.0004258467707
-0.0003315633899
-0.0002577007433
-0.0001998648432
-0.0001546125867
-0.0001192302178
-9.157754441e-05
-6.997373618e-05
-5.310431534e-05
-3.994005245e-05
-2.966756945e-05
-2.165744551e-05
-1.5419757e-05
-1.058190079e-05
-6.84089661e-06
-3.9577756e-06
-1.749247393e-06
-7.331116085e-08
1.182453631e-06
2.107923294e-06
2.774893968e-06
3.240404311e-06
3.549376331e-06
3.736831317e-06
3.829928846e-06
3.84977086e-06
3.812821737e-06
3.731869003e-06
3.616518812e-06
3.474439684e-06
3.309089051e-06
3.127140053e-06
2.93063866e-06
2.721597595e-06
2.502023571e-06
2.273192723e-06
2.035661117e-06
1.789572135e-06
1.534871232e-06
1.271535529e-06
9.998823042e-07
7.206768205e-07
4.356559432e-07
1.453964929e-07
-0.05099143613
-0.05452944037
-0.05627809673
-0.05632823517
-0.05486759189
-0.05217626351
-0.04851876022
-0.04419350096
-0.03953966668
-0.03483382909
-0.0302800913
-0.02602131936
-0.02214374456
-0.01868915141
-0.01566634427
-0.01306031717
-0.01084017081
-0.008967445548
-0.0074011667
-0.006098030179
-0.00501403896
-0.004122546771
-0.003387748791
-0.002787711898
-0.002300935861
-0.00190437572
-0.001579368896
-0.001312411002
-0.00109326339
-0.0009133241487
-0.0007652291299
-0.0006429479822
-0.0005416875933
-0.0004576145823
-0.0003876157787
-0.0003291541259
-0.0002801704166
-0.0002389992654
-0.0002042796213
-0.0001749398566
-0.0001500422534
-0.0001288515495
-0.0001107843107
-9.534132611e-05
-8.210967848e-05
-7.075229333e-05
-6.098986019e-05
-5.258725716e-05
-4.534544511e-05
-3.909587774e-05
-3.369591116e-05
-2.902489096e-05
-2.498072308e-05
-2.147679763e-05
-1.843933287e-05
-1.580529878e-05
-1.352096476e-05
-1.154052932e-05
-9.824756704e-06
-8.331370732e-06
-7.039356684e-06
-5.921446433e-06
-4.953776199e-06
-4.116293512e-06
-3.391626271e-06
-2.764306834e-06
-2.220660821e-06
-1.748186198e-06
-1.336069182e-06
-9.70850023e-07
-6.520477828e-07
-3.342708642e-07
-1.897311481e-07
-0.04306636499
-0.04637601171
-0.04824368812
-0.04873146869
-0.04796476059
-0.04614450095
-0.04348749514
-0.04021707445
-0.03658009207
-0.03279937111
-0.02904791859
-0.02545512531
-0.02210811622
-0.0190580693
-0.01632836164
-0.01392132721
-0.01182419269
-0.01001487067
-0.008466549277
-0.007150082735
-0.006034006067
-0.00509252494
-0.004296779588
-0.003623905328
-0.003063168795
-0.002598096182
-0.002208648075
-0.001880522383
-0.001604026766
-0.001371124987
-0.001174601072
-0.00100830702
-0.0008672251907
-0.0007472588536
-0.000645015671
-0.0005576707785
-0.0004828752877
-0.0004186805114
-0.000363460863
-0.0003159159333
-0.0002748077126
-0.0002392427919
-0.000208426652
-0.0001816784708
-0.0001584282243
-0.0001381974175
-0.0001205787186
-0.000105222072
-9.182584764e-05
-8.013018225e-05
-6.991126594e-05
-6.097632694e-05
-5.315914579e-05
-4.63160493e-05
-4.032251661e-05
-3.507049467e-05
-3.046653121e-05
-2.642955864e-05
-2.288717537e-05
-1.977076778e-05
-1.703309226e-05
-1.462470036e-05
-1.250133619e-05
-1.062557241e-05
-8.964154835e-06
-7.486952988e-06
-6.167041255e-06
-4.979580919e-06
-3.903107829e-06
-2.911255431e-06
-2.003851144e-06
-1.092596566e-06
-5.197386045e-07
-0.03664203423
-0.03974667628
-0.04167543791
-0.04246810682
-0.04221259146
-0.04104909778
-0.03915643904
-0.03670769924
-0.03387817111
-0.030847752
-0.02776355725
-0.02473984937
-0.02186020335
-0.01917957655
-0.01672970936
-0.01452423678
-0.01256303614
-0.01083636298
-0.009328460087
-0.008020219453
-0.00689029102
-0.005918389779
-0.005084007881
-0.004365265047
-0.003747230662
-0.003224191917
-0.0027790677
-0.002398785964
-0.002073434591
-0.001794612889
-0.001555270139
-0.001349547854
-0.001172484941
-0.001019845856
-0.0008880403642
-0.0007740399445
-0.0006752873574
-0.0005896182385
-0.0005151915342
-0.0004504919076
-0.0003941270258
-0.0003449683561
-0.0003020533536
-0.0002645540775
-0.0002317591581
-0.0002030594949
-0.0001779299666
-0.0001559148786
-0.0001366178813
-0.000119694337
-0.0001048447516
-9.180882029e-05
-8.035999731e-05
-7.030070099e-05
-6.145823917e-05
-5.368155601e-05
-4.683937266e-05
-4.081826277e-05
-3.551323456e-05
-3.083084406e-05
-2.669759638e-05
-2.304256307e-05
-1.980264666e-05
-1.69236367e-05
-1.435681425e-05
-1.205796733e-05
-9.98740632e-06
-8.108351109e-06
-6.389043538e-06
-4.790651528e-06
-3.31332911e-06
-1.827294541e-06
-8.393973735e-07
-0.03142119803
-0.03434618869
-0.03629969988
-0.03730517749
-0.03742603094
-0.03676293057
-0.03545883952
-0.03364452391
-0.03145223079
-0.02902757996
-0.02649471791
-0.02395268085
-0.02147879484
-0.0191282613
-0.01693714614
-0.01492615403
-0.01310381476
-0.01146945766
-0.01001597588
-0.008732123057
-0.007604013616
-0.006616981815
-0.00575637524
-0.005006822567
-0.004352625287
-0.003785559943
-0.003292283295
-0.00286578861
-0.002498263951
-0.002180215133
-0.001903808659
-0.00166335884
-0.001454230874
-0.001272266249
-0.001113769512
-0.0009755581698
-0.000854922587
-0.0007495431233
-0.0006574146893
-0.0005768477725
-0.0005063155917
-0.0004445066666
-0.0003903044094
-0.0003427533938
-0.0003010177847
-0.0002643711562
-0.0002321820924
-0.0002038994054
-0.0001790407577
-0.0001571841703
-0.0001379607707
-0.0001210480733
-0.0001061637526
-9.30601401e-05
-8.151952024e-05
-7.135004088e-05
-6.238357021e-05
-5.448406266e-05
-4.750631396e-05
-4.133924835e-05
-3.588224117e-05
-3.104343646e-05
-2.674339444e-05
-2.291176658e-05
-1.948496355e-05
-1.64055103e-05
-1.362161894e-05
-1.108515703e-05
-8.754598235e-06
-6.579282506e-06
-4.559705048e-06
-2.526675708e-06
-1.143628582e-06
-0.02717875937
-0.02994920454
-0.03190531526
-0.03306019061
-0.03346092178
-0.03318011137
-0.03232226295
-0.03099677148
-0.02931001432
-0.02737409871
-0.02529355044
-0.0231547537
-0.0210278557
-0.01896621196
-0.01700768494
-0.01517719671
-0.01348905913
-0.01194912357
-0.01055686719
-0.009307263006
-0.008192242846
-0.007202028793
-0.006326130571
-0.005553683617
-0.00487289323
-0.004274453075
-0.003747247992
-0.003282679486
-0.002877677398
-0.002525387049
-0.002217320479
-0.001946991165
-0.001709821966
-0.001501938931
-0.001319717856
-0.001159884023
-0.001019606179
-0.0008964486111
-0.0007882865274
-0.0006932955025
-0.0006098451177
-0.0005364764532
-0.0004719370176
-0.0004151603714
-0.0003652031579
-0.0003212363648
-0.0002825345444
-0.0002484616275
-0.0002184586291
-0.0001920343334
-0.0001687574086
-0.0001482491156
-0.0001301764452
-0.0001142460672
-0.0001001992964
-8.780590375e-05
-7.684958364e-05
-6.721608011e-05
-5.868423754e-05
-5.113461765e-05
-4.444393386e-05
-3.850258543e-05
-3.321527068e-05
-2.849628198e-05
-2.426822812e-05
-2.046131934e-05
-1.701249912e-05
-1.386305821e-05
-1.096238149e-05
-8.248803999e-06
-5.723176041e-06
-3.179594027e-06
-1.427593712e-06
-0.02374550802
-0.02638551843
-0.02833197577
-0.02959093097
-0.0301967082
-0.03020390045
-0.02968902599
-0.02874378968
-0.02745565857
-0.02591072326
-0.02419724429
-0.02239127475
-0.02055595399
-0.01874183414
-0.01698699431
-0.01531861733
-0.01375472237
-0.01230572897
-0.01097600122
-0.00976532792
-0.008670198011
-0.00768488517
-0.006802317191
-0.006014696306
-0.005313520071
-0.00469088499
-0.004138575497
-0.003647380926
-0.003211964401
-0.002829277492
-0.002493729579
-0.002198115667
-0.001937064387
-0.001706768823
-0.001503833533
-0.001325029346
-0.001167455673
-0.00102858165
-0.0009061889299
-0.0007983506069
-0.0007033617592
-0.000619646452
-0.0005458353998
-0.0004807674072
-0.0004234078172
-0.0003728398345
-0.0003282565992
-0.0002889480638
-0.0002542882283
-0.0002237251231
-0.0001967723333
-0.00017300137
-0.0001520341173
-0.0001335363335
-0.0001172141034
-0.0001028105982
-9.010925322e-05
-7.88341349e-05
-6.887786965e-05
-6.006553447e-05
-5.224956529e-05
-4.530397792e-05
-3.911742567e-05
-3.358993517e-05
-2.863171328e-05
-2.416174818e-05
-2.010669314e-05
-1.639821803e-05
-1.297744723e-05
-9.772707317e-06
-6.785212113e-06
-3.775614217e-06
-1.686766668e-06
-0.02099302444
-0.02352500552
-0.02545580393
-0.02678676902
-0.02754271291
-0.02776575999
-0.02751431265
-0.02686359051
-0.02588484835
-0.02464818485
-0.02322873358
-0.02169344595
-0.02009892167
-0.01849246452
-0.01691148187
-0.01538421915
-0.01393100189
-0.01256538437
-0.01129528785
-0.01012415261
-0.009052002593
-0.008076366941
-0.007193039822
-0.006396691359
-0.005681200641
-0.005040315877
-0.004467777765
-0.003956862601
-0.003499760509
-0.003092361829
-0.002732540635
-0.00241510656
-0.002134087282
-0.001884995715
-0.001664438595
-0.00146935968
-0.001296895131
-0.001144451689
-0.001009732122
-0.0008907282112
-0.0007856836006
-0.0006929340488
-0.0006110129287
-0.0005386795362
-0.0004748228332
-0.0004184525887
-0.0003686933091
-0.0003247720359
-0.0002860054841
-0.0002517895086
-0.0002215899355
-0.0001949351236
-0.0001714084619
-0.0001506397251
-0.0001322992762
-0.0001161060213
-0.0001017926818
-8.912820128e-05
-7.792147983e-05
-6.799088965e-05
-5.917796128e-05
-5.134217443e-05
-4.435801279e-05
-3.811324464e-05
-3.250716724e-05
-2.744875366e-05
-2.285552193e-05
-1.865063227e-05
-1.476790184e-05
-1.112680351e-05
-7.728916583e-06
-4.30523412e-06
-1.917033902e-06
-0.01882397471
-0.0212687315
-0.02318211406
-0.02456231261
-0.02542762358
-0.02581150732
-0.02575988677
-0.0253318068
-0.02458944616
-0.02359264935
-0.02240463828
-0.02108468321
-0.0196841438
-0.01824717417
-0.01681003621
-0.01540131974
-0.01404273653
-0.01274994572
-0.01153340274
-0.01039925652
-0.009350224204
-0.008386377977
-0.007505818504
-0.006705238965
-0.005980349876
-0.005326321198
-0.004738098266
-0.004210355835
-0.003737264932
-0.003313247868
-0.002933840703
-0.002597372275
-0.002299538566
-0.002035139341
-0.001800153405
-0.001591558828
-0.001406633763
-0.00124280844
-0.001097734284
-0.0009693307372
-0.0008557996377
-0.0007554116719
-0.0006666220238
-0.0005881254999
-0.0005187489927
-0.0004574427159
-0.0004032752415
-0.0003554217204
-0.0003131511412
-0.0002758162632
-0.0002428436187
-0.0002137244049
-0.0001880079479
-0.0001652963523
-0.0001452339607
-0.0001274994751
-0.0001118242644
-9.795662799e-05
-8.567592063e-05
-7.478825429e-05
-6.512189414e-05
-5.652327518e-05
-4.885533092e-05
-4.199556142e-05
-3.583387759e-05
-3.027065778e-05
-2.521561723e-05
-2.058464256e-05
-1.630530712e-05
-1.228952296e-05
-8.539221213e-06
-4.759970478e-06
-2.114709576e-06
-0.01716552044
-0.01954229423
-0.02143927199
-0.02285258087
-0.0237959695
-0.02429629881
-0.02439146118
-0.02412922509
-0.02356402577
-0.02274823458
-0.02173650501
-0.02058198172
-0.01933199179
-0.01802797813
-0.01670492515
-0.01539134854
-0.01410974021
-0.01287713241
-0.01170573697
-0.01060365322
-0.009575588118
-0.008623531199
-0.007747355875
-0.006945341073
-0.00621460464
-0.005551481448
-0.004951838998
-0.004411266634
-0.003925095161
-0.003488389432
-0.00309646688
-0.002745354397
-0.002433171866
-0.00215612963
-0.001909750514
-0.001690515564
-0.001495649406
-0.00132266891
-0.001169246914
-0.001033258799
-0.0009128704225
-0.0008063029684
-0.0007119490756
-0.0006284528309
-0.0005545931008
-0.0004892739111
-0.000431519748
-0.0003804650376
-0.0003353399259
-0.0002954601621
-0.0002602235672
-0.0002290936845
-0.0002015875594
-0.0001772834167
-0.0001558097909
-0.0001368290665
-0.0001200425855
-0.0001051855827
-9.202540818e-05
-8.035508672e-05
-6.999043096e-05
-6.076743768e-05
-5.25398285e-05
-4.517662447e-05
-3.856000375e-05
-3.258333395e-05
-2.714996429e-05
-2.216984246e-05
-1.756545247e-05
-1.324254573e-05
-9.20336601e-06
-5.132698417e-06
-2.276716869e-06
-0.01596446225
-0.01829132775
-0.02017475066
-0.02160940693
-0.02260623332
-0.0231873883
-0.02338533854
-0.02324098055
-0.02280185839
-0.02211548183
-0.02123087089
-0.02019656325
-0.01905680428
-0.01785090776
-0.01661273271
-0.01537055435
-0.01414727348
-0.01296078736
-0.01182447799
-0.01074778547
-0.009736813733
-0.008794920205
-0.007923260601
-0.007121276132
-0.006387115316
-0.005717994822
-0.005110501263
-0.004560829179
-0.004064945395
-0.003618657493
-0.003217564769
-0.00285756052
-0.002534960572
-0.002247733679
-0.001992496096
-0.00176529145
-0.00156306088
-0.001383241173
-0.001223534502
-0.001081819072
-0.0009562461882
-0.0008450038584
-0.0007464364551
-0.0006591491969
-0.0005818851044
-0.0005135166483
-0.0004530355239
-0.0003995454124
-0.0003522503796
-0.0003104363795
-0.0002734753925
-0.0002408091661
-0.0002119426116
-0.0001864324574
-0.000163885294
-0.0001439497853
-0.0001263142136
-0.0001107032251
-9.687268475e-05
-8.460521971e-05
-7.370771484e-05
-6.400835936e-05
-5.535372452e-05
-4.760630027e-05
-4.064238683e-05
-3.435002361e-05
-2.862770573e-05
-2.338085923e-05
-1.852810213e-05
-1.397052199e-05
-9.710586231e-06
-5.417313046e-06
-2.400281708e-06
-0.0151824262
-0.0174767523
-0.01935095275
-0.02079849302
-0.02182874537
-0.0224609757
-0.02272430764
-0.0226556815
-0.02229723194
-0.02169413406
-0.02089196659
-0.01993604967
-0.01886849209
-0.01772717113
-0.01654515745
-0.01535049639
-0.01416628512
-0.01301092582
-0.01189851514
-0.01083933003
-0.009840359278
-0.008905837116
-0.008037749814
-0.007236298578
-0.006500309122
-0.005827584841
-0.005215204209
-0.004659762839
-0.004157569134
-0.003704787532
-0.003297455451
-0.002931628175
-0.002603596008
-0.00230991959
-0.002048370624
-0.00181541618
-0.001608195001
-0.001423836896
-0.001259957327
-0.001114424357
-0.0009853882983
-0.0008710216463
-0.0007696343461
-0.00067981069
-0.0006002642158
-0.0005298488861
-0.0004675360881
-0.0004124072827
-0.0003636457327
-0.0003205306216
-0.0002824130016
-0.0002487172094
-0.0002189348854
-0.0001926103057
-0.0001693374876
-0.0001487569481
-0.0001305489834
-0.0001144294393
-0.0001001462361
-8.747554085e-05
-7.621839688e-05
-6.619756518e-05
-5.725470486e-05
-4.924791053e-05
-4.204952069e-05
-3.554396688e-05
-2.962646378e-05
-2.419939715e-05
-1.917878215e-05
-1.446262766e-05
-1.005346378e-05
-5.610049594e-06
-2.483045726e-06
-0.01479639889
-0.01707411895
-0.01894321498
-0.02039739073
-0.02144397071
-0.02210112327
-0.02239651368
-0.02236537665
-0.02204718205
-0.02148519207
-0.02072366549
-0.01980640082
-0.01877441339
-0.01766489527
-0.01651055714
-0.01533933841
-0.01417443012
-0.01303447869
-0.01193392746
-0.0108834596
-0.009890494451
-0.00895969434
-0.008093452424
-0.007292343298
-0.006555525657
-0.00588109195
-0.005266364434
-0.004708138717
-0.004202879465
-0.003746880119
-0.003336372226
-0.002967557879
-0.002636916203
-0.002341217766
-0.002076826746
-0.001841058165
-0.001631062376
-0.001444266022
-0.001278233271
-0.001130760437
-0.0009999729566
-0.0008840396375
-0.0007812428469
-0.0006901397114
-0.0006094534035
-0.0005380165431
-0.0004747871817
-0.0004188397236
-0.0003693507705
-0.0003255870267
-0.0002868917446
-0.0002526818264
-0.0002224404057
-0.0001957071335
-0.0001720713129
-0.000151168184
-0.0001326734174
-0.0001162987937
-0.0001017886431
-8.891590433e-05
-7.747857409e-05
-6.72966425e-05
-5.820931575e-05
-5.007248363e-05
-4.27564792e-05
-3.614391286e-05
-3.012834811e-05
-2.461067542e-05
-1.950554014e-05
-1.470971772e-05
-1.022481368e-05
-5.708653813e-06
-2.520002774e-06
-0.3570822081
-0.3890840856
-0.3570752571
-0.3891160421
-0.4018809582
-0.4086574859
-0.4018663809
-0.4085410402
-0.4078714488
-0.3970262957
-0.4373276513
-0.3661929549
-0.4078656937
-0.3971069404
-0.4373360722
-0.4053734719
-0.4101269269
-0.4113454302
-0.4056172119
-0.4067587529
-0.4073404401
-0.4066737806
-0.407277593
-0.3622310005
-0.3568984996
-0.3526288122
-0.3648857004
-0.3523968688
-0.364650705
-0.3624350192
-0.3902083366
-0.3877871291
-0.3797642573
-0.389136096
-0.3780202653
-0.3845318344
-0.3782099565
-0.3841492574
-0.3788720678
-0.3622336792
-0.3569004703
-0.3526271764
-0.3648806771
-0.352398557
-0.3646546148
-0.3624380765
-0.390218937
-0.3877896291
-0.3797670646
-0.3891400001
-0.3780118972
-0.3845287658
-0.3782130128
-0.3841511478
-0.3788745337
-0.4138867364
-0.412954882
-0.4053690953
-0.4101151808
-0.4113423943
-0.4056059779
-0.4138836365
-0.4129390781
-0.3659011533
-0.3732006033
-0.372923483
-0.3842228216
-0.3780924434
-0.3775476697
-0.3847282531
-0.4522684827
-0.4528489503
-0.4702478403
-0.4236626996
-0.452271304
-0.4527836004
-0.4702887787
-0.448779251
-0.4146894077
-0.4563729926
-0.408041483
-0.4489110678
-0.414732908
-0.4563307361
-0.5159657538
-0.4706299658
-0.5017670184
-0.4656208533
-0.5159297828
-0.4705791752
-0.5017556179
-0.4546176222
-0.4103649157
-0.4187198473
-0.4127533655
-0.4546806105
-0.4104194384
-0.4187868049
-0.4084153045
-0.3828568087
-0.4083699223
-0.3829413045
-0.4553820123
-0.379680865
-0.3990893015
-0.412434948
-0.4553912767
-0.3796926626
-0.3991001528
-0.4059754277
-0.4021788048
-0.4028579928
-0.4073880949
-0.4038871515
-0.4072650319
-0.405876986
-0.40843741
-0.4084152768
-0.4091356808
-0.4072435208
-0.4091743187
-0.4070602369
-0.4082381759
-0.4059676341
-0.4021784882
-0.4028766657
-0.4073153118
-0.4038876409
-0.4072523509
-0.405854439
-0.4084341944
-0.4084029082
-0.4091342675
-0.4071569908
-0.4091723849
-0.4070532502
-0.4082124072
-0.3978771263
-0.3923518808
-0.4140998715
-0.4059691243
-0.3913849984
-0.4123908441
-0.3987536216
-0.3970265448
-0.3849908535
-0.3849424291
-0.3956241782
-0.4080862499
-0.4077599396
-0.3959312665
-0.4091363084
-0.4251321602
-0.4220309571
-0.436084544
-0.4238962085
-0.4213425317
-0.4097890374
-0.365904363
-0.3731972937
-0.3729285652
-0.3842300322
-0.3781017723
-0.3775522729
-0.3847405275
-0.3978870672
-0.4059738635
-0.3923655607
-0.4141142489
-0.3913915363
-0.4123973435
-0.3987791039
-0.397030603
-0.3849980263
-0.3849458512
-0.3956340439
-0.40822934
-0.4077649979
-0.3959870283
-0.4091513311
-0.4360897248
-0.4251970565
-0.4222191063
-0.4239108619
-0.4213481112
-0.4098547093
-0.4065283865
-0.4052713595
-0.4054228523
-0.4043452224
-0.4048452324
-0.4047739871
-0.4044400396
-0.4053101318
-0.4054152768
-0.4065834896
-0.4071431493
-0.405362935
-0.4065637041
-0.4053198917
-0.4065205286
-0.4053841565
-0.405429928
-0.4043422475
-0.4049059136
-0.4047772069
-0.4044672726
-0.4053101481
-0.4071290129
-0.4054558801
-0.4065964258
-0.4053647527
-0.4065657744
-0.4053304119
-0.4297426775
-0.4193943481
-0.4259193936
-0.434241256
-0.4390396463
-0.4275180322
-0.4446914882
-0.4240473505
-0.459891139
-0.4254305989
-0.4469266531
-0.4240479653
-0.4598977375
-0.4254362883
-0.4081887944
-0.4141129257
-0.4140709038
-0.4186899434
-0.4187592751
-0.4251733636
-0.4249709974
-0.4645909776
-0.4851677858
-0.4818023015
-0.4724536943
-0.4794756587
-0.4710415128
-0.4870958742
-0.5017106033
-0.4890202654
-0.4592756675
-0.5097216467
-0.5017059939
-0.4890383335
-0.4593471578
-0.4124452197
-0.4105536145
-0.4101901513
-0.4206661869
-0.4238544898
-0.4236917903
-0.4211562844
-0.5225048575
-0.4548781131
-0.4576525781
-0.4736969902
-0.5224376883
-0.4548518405
-0.4575810342
-0.4124142124
-0.4069915058
-0.4201558454
-0.4060300331
-0.4201376986
-0.4058163516
-0.4059174699
-0.4579717693
-0.3998541085
-0.3934648247
-0.4441335098
-0.4579137992
-0.3998131192
-0.393402002
-0.3592869541
-0.3238869633
-0.3592634125
-0.3238291007
-0.3562146201
-0.3191329619
-0.3244287389
-0.3560709962
-0.356250618
-0.3191623583
-0.3243976794
-0.4370344845
-0.451918977
-0.4561169873
-0.4444365413
-0.4298909315
-0.4494612682
-0.4573292524
-0.4410809042
-0.4503362594
-0.4382705766
-0.4485324913
-0.467034354
-0.4610636343
-0.456122976
-0.4557755168
-0.4789912685
-0.4760240068
-0.4642304271
-0.4759173509
-0.4638824063
-0.470342229
-0.4193941783
-0.4297586614
-0.4259198703
-0.4342460576
-0.4390449474
-0.4275184876
-0.4447264064
-0.4370361706
-0.4444382283
-0.4519242184
-0.456147516
-0.4298912624
-0.4494655642
-0.4573409175
-0.4503410864
-0.4410943714
-0.4382766899
-0.4485328175
-0.4669741606
-0.4610542315
-0.4561005022
-0.4557732181
-0.4642353388
-0.478986329
-0.4760524103
-0.4759156204
-0.4638825429
-0.4703388389
-0.4328971838
-0.4483894696
-0.4327271351
-0.4395139229
-0.4558420544
-0.4553397633
-0.4395569859
-0.4146466379
-0.4159575187
-0.4159825498
-0.4273625719
-0.4259108174
-0.4258261374
-0.4273362857
-0.4421124509
-0.4591393227
-0.4402637698
-0.4552725929
-0.4590424913
-0.4398444781
-0.4421387514
-0.408192883
-0.4139827956
-0.4140633587
-0.4188318799
-0.4187707655
-0.4251533081
-0.4245236528
-0.4483980839
-0.4333246889
-0.4327331743
-0.4394586684
-0.4557481052
-0.455313315
-0.4392262915
-0.4146505981
-0.4159230676
-0.415986907
-0.4273848722
-0.4259483968
-0.4258300481
-0.4272833846
-0.4421198644
-0.4552673998
-0.4592272962
-0.4402694965
-0.4590523748
-0.4398464767
-0.4421065835
-0.4905566903
-0.4967637612
-0.5022411646
-0.5149636935
-0.4911448883
-0.5000036891
-0.494492185
-0.4987872857
-0.4775858336
-0.4770832371
-0.4678291446
-0.4764436935
-0.4735087452
-0.4978495845
-0.464607978
-0.4851512479
-0.4817911232
-0.472359105
-0.4794695036
-0.4710243683
-0.4870530282
-0.4905499722
-0.5149593783
-0.4967184864
-0.5022449449
-0.4911395904
-0.5000046209
-0.4944782171
-0.4987755554
-0.467823526
-0.4776330448
-0.4770235476
-0.4764450901
-0.4734938021
-0.4978241121
-0.433310736
-0.4378432907
-0.4486100583
-0.4541768833
-0.4376402589
-0.4473338658
-0.4341554075
-0.4102119774
-0.4100641064
-0.410223948
-0.4199490982
-0.4163876748
-0.4157041743
-0.4201152099
-0.4334086823
-0.4546686155
-0.4223747588
-0.4159826977
-0.4560309571
-0.420978773
-0.434262419
-0.4124353846
-0.4105335461
-0.4101900867
-0.4206615016
-0.4238144761
-0.423687058
-0.4210963723
-0.4333151327
-0.4541813615
-0.4378800793
-0.4486417828
-0.4376436794
-0.4473323631
-0.434166656
-0.4100758822
-0.4103053189
-0.4102334833
-0.4199464043
-0.416426086
-0.415711778
-0.4201245556
-0.4334103418
-0.4159852369
-0.4546840233
-0.4224016579
-0.4560253407
-0.4209825726
-0.4342738665
-0.4066327703
-0.4083906662
-0.4066772789
-0.4033964513
-0.4038891264
-0.4035382379
-0.4037357392
-0.3958076956
-0.398050081
-0.380660615
-0.3823908375
-0.3968056553
-0.3797517652
-0.3966249755
-0.4083796383
-0.4067487787
-0.4067013964
-0.4034112009
-0.4039403423
-0.4035505077
-0.4037813976
-0.3958116509
-0.3823969028
-0.398096569
-0.3806177187
-0.3968184252
-0.3797356348
-0.3966366628
-0.4096307989
-0.4311939783
-0.4087423333
-0.4558084449
-0.4295166961
-0.4061670077
-0.4082931221
-0.4167363823
-0.4030469194
-0.377503282
-0.378788708
-0.4005575209
-0.3760246075
-0.4169154623
-0.4124131709
-0.4069961597
-0.4202057489
-0.4060084322
-0.4201558544
-0.4058096682
-0.4059310229
-0.4096409193
-0.4558120808
-0.4312250586
-0.4087801977
-0.4295256696
-0.4061780403
-0.408321483
-0.4167422782
-0.3787897156
-0.4030673119
-0.3775115598
-0.4005644761
-0.3760295116
-0.4169266927
-0.4970842465
-0.4617143168
-0.47146547
-0.4963961721
-0.4593803949
-0.4694354365
-0.472737406
-0.4714675312
-0.4971367549
-0.461770997
-0.4963765364
-0.4593722661
-0.4694105624
-0.4727438786
-0.3496236826
-0.3467445222
-0.3440256693
-0.3445501463
-0.343032513
-0.3428729362
-0.3412726298
-0.3382987329
-0.3354139281
-0.3529734254
-0.3515584743
-0.3516517877
-0.3706470793
-0.3690562735
-0.3672468093
-0.3734704224
-0.3733804481
-0.3746533465
-0.3496259246
-0.3467468013
-0.3440280044
-0.3445491024
-0.3430314253
-0.3428717568
-0.3412739245
-0.3383000579
-0.3354152889
-0.3529756791
-0.3515606204
-0.3516539265
-0.3706496862
-0.3690589809
-0.3672496219
-0.3734736774
-0.3733838077
-0.3746568153
)
;

boundaryField
{
    inlet
    {
        type            zeroGradient;
    }
    outlet
    {
        type            fixedValue;
        value           uniform 0;
    }
    topAndBottom
    {
        type            symmetry;
    }
    frontAndBack
    {
        type            empty;
    }
    cylinder
    {
        type            zeroGradient;
    }
    procBoundary3to1
    {
        type            processor;
        value           nonuniform List<scalar> 
125
(
-0.3404394999
-0.2102210108
-0.09134018449
-0.003927082936
0.04847848031
0.07247329697
0.07828162017
0.07435000347
0.06613920732
0.056721775
0.04766712292
0.03967621705
0.03295882362
0.02746266446
0.0230168457
0.01941970536
0.01648770871
0.01407432773
0.01206919699
0.01038969501
0.008973006316
0.00777073341
0.006745230574
0.005866829578
0.005111773428
0.004460769948
0.003897985336
0.003410317463
0.002986850736
0.002618441639
0.002297397877
0.002017220565
0.001772394512
0.001558222751
0.001370771504
0.001206545035
0.001062470111
0.0009359654498
0.000824816831
0.0007271013038
0.0006411420558
0.0005654761437
0.0004988321453
0.0004401047692
0.0003883306652
0.0003426719597
0.0003023901865
0.000266833942
0.000235429725
0.0002076737239
0.0001831262984
0.0001614016535
0.000142158663
0.0001250945337
0.0001099402284
9.645672665e-05
8.443171113e-05
7.367674945e-05
6.402488624e-05
5.532822851e-05
4.745526838e-05
4.028786467e-05
3.371914599e-05
2.764942787e-05
2.199276337e-05
1.664482172e-05
1.160812985e-05
6.535194453e-06
2.803363296e-06
-0.3661840783
-0.4236643421
-0.4468954075
-0.3570726554
-0.3570643966
-0.4078616934
-0.3661824843
-0.40785104
-0.3568895094
-0.3526165597
-0.3523849838
-0.3568909657
-0.3526143481
-0.3523864014
-0.4522524147
-0.4236484687
-0.4522551537
-0.3658945221
-0.3780856514
-0.3775427109
-0.3923430016
-0.4059609487
-0.3913775929
-0.3658968532
-0.3780898223
-0.3775454994
-0.4059638254
-0.3923501763
-0.3913816944
-0.4240191306
-0.4468964409
-0.4240198491
-0.4193839555
-0.4390284206
-0.4275069681
-0.4519068019
-0.444420169
-0.4298779102
-0.4193826172
-0.4390322956
-0.4275068629
-0.4444218071
-0.4519114978
-0.4298780011
-0.3445364796
-0.3430183676
-0.3428584092
-0.3412593437
-0.3382849983
-0.3353999085
-0.3445343295
-0.3430160453
-0.3428559112
-0.3412601616
-0.3382858007
-0.3354007238
)
;
    }
    procBoundary3to2
    {
        type            processor;
        value           nonuniform List<scalar> 
103
(
-0.3172076705
-0.3171173068
-0.2681528819
-0.2477680567
-0.2682048255
-0.2477842148
-0.1953056004
-0.1542501217
-0.1228135143
-0.09894251472
-0.08057530084
-0.06617968564
-0.05478662987
-0.04567848207
-0.0383383021
-0.03238853282
-0.02755219981
-0.02362034101
-0.02043660547
-0.01788280565
-0.01586926233
-0.01432904322
-0.01321323061
-0.01248645731
-0.01212847626
-0.4112385014
-0.4129779772
-0.4133890146
-0.4103296987
-0.3949616188
-0.3909238863
-0.3949700752
-0.3909260561
-0.4225571032
-0.4107544026
-0.4216131882
-0.4107194393
-0.4107194393
-0.4107544026
-0.4112359432
-0.4129693983
-0.413389088
-0.4103277679
-0.4225526148
-0.4107483079
-0.4215980624
-0.410690432
-0.410690432
-0.4107483079
-0.4100081718
-0.4102448205
-0.4093106124
-0.4093855547
-0.4093049715
-0.4098163744
-0.4097511301
-0.409320332
-0.4100793361
-0.4102452539
-0.4093019345
-0.4093575565
-0.4093042159
-0.4098919285
-0.4097652923
-0.4093496449
-0.4103852108
-0.4102856053
-0.4076653217
-0.4078010907
-0.3695012539
-0.3684901734
-0.3485575093
-0.3495617828
-0.3172076705
-0.3695525203
-0.3684884261
-0.3485409814
-0.3495757186
-0.3171173068
-0.3984115822
-0.3830505923
-0.382395716
-0.39861404
-0.410422364
-0.4102977756
-0.4076567432
-0.4077475157
-0.3984111683
-0.3830636323
-0.3823949235
-0.3986065436
-0.3949616188
-0.396380863
-0.3980056735
-0.3949700752
-0.396388473
-0.3980131019
-0.3909238863
-0.3906946664
-0.3890155228
-0.3909260561
-0.3906967277
-0.3890174986
)
;
    }
}


// ************************************************************************* //
