/*--------------------------------*- C++ -*----------------------------------*\
| =========                 |                                                 |
| \\      /  F ield         | OpenFOAM: The Open Source CFD Toolbox           |
|  \\    /   O peration     | Version:                                        |
|   \\  /    A nd           | Website:  www.openfoam.com                      |
|    \\/     M anipulation  |                                                 |
\*---------------------------------------------------------------------------*/
FoamFile
{
    version     2.0;
    format      ascii;
    class       volScalarField;
    location    "9.9";
    object      p;
}
// * * * * * * * * * * * * * * * * * * * * * * * * * * * * * * * * * * * * * //

dimensions      [0 2 -2 0 0 0 0];


internalField   nonuniform List<scalar> 
2429
(
0.08862193319
0.08893506788
0.08970606827
0.09095999391
0.09268957
0.0949273755
0.09774382575
0.1012295926
0.1054953511
0.1106833811
0.1169811178
0.1246365135
0.1339794727
0.1454559059
0.1596733208
0.1774909174
0.2000669644
0.2292438797
0.2668212835
0.3104480272
0.3642485384
0.4647503853
0.5741799743
0.088203878
0.08850808994
0.08925641977
0.09047283771
0.09214907774
0.0943148908
0.09703580725
0.1003955372
0.104494948
0.1094620678
0.1154631426
0.1227140228
0.1314948656
0.1421719213
0.1552220902
0.1712777081
0.1911149736
0.2158553731
0.246250059
0.2864688907
0.3294124191
0.3913193441
0.4071283608
0.08738058254
0.08766607286
0.08837023239
0.08951396331
0.09108686758
0.0931134229
0.09565006927
0.09876763669
0.1025490146
0.1070963878
0.1125380804
0.119033529
0.1267773955
0.136003331
0.1469780637
0.1599953998
0.1752705932
0.1929252952
0.2121463116
0.2310663855
0.2571185229
0.2583938828
0.1923648047
-0.1583375016
-0.3354813185
0.08617600181
0.08643521703
0.08707670648
0.08811730621
0.08954414449
0.09137468081
0.09365323633
0.09643382075
0.09977628805
0.1037502876
0.1084373691
0.113929484
0.1203212904
0.1276996605
0.1360971725
0.145474967
0.155504489
0.1655010169
0.1736301055
0.1767191626
0.1858957797
0.1574736894
0.07476123673
-0.1186523358
-0.3659523358
-0.4322198014
-0.3725402574
-0.3323531224
0.08462032552
0.08485047892
0.08541458374
0.08632714761
0.08757382235
0.08916407808
0.09112840868
0.09350222353
0.09632058626
0.09961878136
0.1034298262
0.1077797277
0.1126642778
0.118044746
0.1237626098
0.1295393196
0.1347559008
0.1383074599
0.1381514019
0.1305698419
0.1094843973
0.08528728975
0.01032259148
-0.1022418486
-0.2152180736
-0.2896018947
-0.3071739682
-0.3074119698
0.08275995679
0.08295461439
0.08343019391
0.0841972067
0.08523972192
0.08655931182
0.08817256677
0.09009660062
0.09234283227
0.09491357584
0.09779565281
0.1009620871
0.1043309437
0.1077741898
0.1110325497
0.1136871841
0.1150265242
0.1138664495
0.1084558349
0.09598398022
0.07273269408
0.03334055323
-0.02344314961
-0.0828526918
-0.1511879214
-0.205533737
-0.2358919713
0.08064071318
0.08079657769
0.08117691284
0.08178793294
0.08261245734
0.08364496118
0.08488919626
0.08634578324
0.08800524837
0.08983958735
0.09180032512
0.09382590683
0.09579269902
0.09751325798
0.09868716451
0.0988421401
0.09732060785
0.09311975981
0.08488309157
0.07074775599
0.04853060847
0.01607859312
-0.02704413206
-0.0757433928
-0.1225509138
-0.1614352394
-0.1897337898
0.0783137509
0.07842973429
0.07871205671
0.07916306441
0.07976520105
0.08050707172
0.08138131915
0.0823748016
0.08346046701
0.08458533324
0.08568503562
0.08667791927
0.08741876729
0.08768425125
0.08718331334
0.08548250261
0.08200401929
0.07596832989
0.06637600893
0.05199570723
0.03169028503
0.00454158514
-0.02893688492
-0.0659726438
-0.102667462
-0.1345531238
-0.1597133518
0.07583198137
0.07590840318
0.07609346757
0.07638625891
0.07676990727
0.0772286345
0.07774596376
0.07829806428
0.07884422558
0.07931710846
0.07964892512
0.07974222681
0.07944953014
0.07855245902
0.07677350879
0.07374208902
0.06898544163
0.06191841219
0.05182791415
0.03795773623
0.01974947838
-0.003135624601
-0.03005247015
-0.05925834318
-0.08828982435
-0.1145361206
-0.1364654113
0.07324795747
0.07328628682
0.07337776201
0.07351884592
0.07369432104
0.07388518717
0.07406751216
0.07421056291
0.07426616986
0.07416095894
0.07383175371
0.07317715419
0.07204633657
0.07024123855
0.06751715954
0.06357130245
0.05803836206
0.05047675811
0.0403985887
0.02739107385
0.01114321519
-0.008311395332
-0.03040209546
-0.05391995364
-0.07741702649
-0.0992793223
-0.1182738869
0.07061232623
0.07061491924
0.07061864935
0.07061786306
0.07059929031
0.0705414747
0.07041654655
0.07019137879
0.06981314943
0.06921902301
0.06834043553
0.06707276118
0.06527674219
0.06278233045
0.05938588232
0.05484809547
0.04888590859
0.04118465497
0.03142566898
0.01939407422
0.004927510088
-0.01179613495
-0.03024195772
-0.04964459918
-0.06909597536
-0.08750038753
-0.103903766
0.06797260963
0.06794244531
0.06786585482
0.0677354062
0.06754001702
0.06725758781
0.06685719991
0.06630938291
0.06556604554
0.06456540371
0.06323242141
0.06147094487
0.05916201018
0.05616396545
0.05231313398
0.04741974605
0.04127187915
0.03364336697
0.02435600696
0.01327135038
0.0003885243317
-0.01410113232
-0.02976987656
-0.04610592727
-0.06248584816
-0.07813166165
-0.09232214443
0.06537238938
0.06531246624
0.06516361665
0.06491686178
0.06456406356
0.06408356598
0.06344909161
0.06263012419
0.06157973271
0.06023836406
0.05853588578
0.05638879605
0.05369717466
0.05034549271
0.04620185814
0.04112119632
0.03494875159
0.02752985967
0.01877283648
0.008593056138
-0.002938125837
-0.01560565429
-0.02911587787
-0.04309551843
-0.05709009369
-0.07053332763
-0.0828774569
0.06285138383
0.06276448457
0.06255125375
0.06220201205
0.0617114775
0.06106345296
0.06023322433
0.05918640772
0.0578792098
0.05625924778
0.05426529778
0.05182559866
0.0488572612
0.04526790401
0.0409540857
0.03580443837
0.02970682129
0.02257035122
0.0143330122
0.004994302939
-0.005364415669
-0.01655487639
-0.02836116236
-0.04049463143
-0.05261251276
-0.06429114543
-0.07510756306
0.06043976003
0.06033300296
0.06006392716
0.05962562612
0.05901952054
0.05823194352
0.05723638219
0.05599947947
0.05448287179
0.05264165372
0.0504232082
0.04776653872
0.04460504328
0.0408645195
0.03646706269
0.03133043528
0.02537616814
0.01855658175
0.01082381597
0.002224225359
-0.007136820075
-0.01712578694
-0.02756927101
-0.03823485754
-0.04885787429
-0.05911348332
-0.06866951638
0.05817462735
0.05804585291
0.05773076735
0.05721956644
0.05651696484
0.05561158969
0.05447817501
0.05308646567
0.05140315506
0.04938991368
0.04700191144
0.04418890366
0.04089729004
0.03707012156
0.03264805098
0.02757407369
0.02179486539
0.01529092943
0.008039884517
9.868251398e-05
-0.00842677998
-0.01743441588
-0.02677743681
-0.03626479438
-0.0456876829
-0.05479154128
-0.06331124651
0.05607307212
0.05592891806
0.05557646082
0.05500529897
0.05422255087
0.05321982479
0.05197444918
0.05045932641
0.04864562585
0.04650082507
0.04398725829
0.04106521679
0.03769256245
0.03382559078
0.02941965889
0.02443532683
0.01884405073
0.0126332644
0.005819361219
-0.001546583431
-0.009374267823
-0.01757397598
-0.02602016378
-0.0345546205
-0.04300860992
-0.0511779888
-0.05884756871
0.05416212104
0.05400503621
0.05362136009
0.05300082184
0.05215283411
0.05107164011
0.04973707757
0.04812507739
0.04621095958
0.04396728531
0.04136344963
0.03836808185
0.03494893227
0.03107329537
0.02671000112
0.02183295121
0.016431183
0.01049434948
0.004058547429
-0.002816011672
-0.01006204855
-0.01759831058
-0.02531474133
-0.03307834374
-0.04074970915
-0.04816166793
-0.05513671545
0.05245804476
0.05229097738
0.05188192962
0.05122142575
0.05032128497
0.04917796036
0.04777350857
0.04608678173
0.04409653593
0.04177959958
0.03911236792
0.03607053384
0.03262889434
0.02876392891
0.02445595313
0.01968851573
0.01446274527
0.008778403526
0.002674685865
-0.003788173067
-0.01055490147
-0.01755029475
-0.02467599336
-0.03181816019
-0.03885926899
-0.04565985917
-0.05207119134
0.05097528806
0.05080071469
0.0503716328
0.04967942593
0.04873826245
0.04754655584
0.04608829246
0.04434479882
0.04229755294
0.03992789474
0.03721799993
0.03414859924
0.03070099071
0.02685825727
0.02260861001
0.0179460979
0.01287412748
0.007410300049
0.001589889769
-0.004534038705
-0.01090935599
-0.0174663527
-0.02411685623
-0.03076155579
-0.03729892782
-0.04361027053
-0.0495688777
0.04972519256
0.0495450313
0.04910055266
0.04838385412
0.04741117425
0.04618266609
0.04468398229
0.0428982225
0.04080880442
0.03840219095
0.03566433556
0.03258002375
0.02913597537
0.02532088674
0.02112943551
0.0165623727
0.01162467275
0.006342392895
0.0007542670476
-0.00509641007
-0.01115896452
-0.01736778597
-0.0236430665
-0.02989649275
-0.03603807284
-0.04196459609
-0.0475662621
0.04871647449
0.04853231157
0.04807642566
0.04734147629
0.04634539739
0.04508981786
0.04356150681
0.04174427908
0.03962506471
0.03719351867
0.03443791339
0.03134677148
0.02791078503
0.02412307291
0.01998293379
0.0154955259
0.01067068756
0.005536140276
0.0001299682601
-0.005508816611
-0.0113302366
-0.01727171
-0.02325988684
-0.02921466491
-0.03505421828
-0.04068676597
-0.04601540034
0.04795551487
0.04776880103
0.04730495657
0.04655714414
0.04554460314
0.04427006647
0.04272081739
0.04088145363
0.03874239327
0.03629450485
0.03352812534
0.03043460463
0.0270074236
0.02324283051
0.01914312689
0.01471632889
0.009977388484
0.004954726329
-0.0003172608335
-0.005800252299
-0.01144509544
-0.01719180756
-0.02297166906
-0.02871022783
-0.03433100986
-0.03975036159
-0.04488102236
0.04744715128
0.04725887769
0.04679010021
0.04603419556
0.04501121853
0.04372451689
0.04216107603
0.04030813529
0.03815687477
0.03569907342
0.03292671816
0.02983288361
0.02641280296
0.02266472715
0.01859283718
0.01420699791
0.009525253111
0.004577556701
-0.0006059045215
-0.005986474276
-0.0115155737
-0.01713514256
-0.02277944113
-0.02837742472
-0.03385552176
-0.03913535987
-0.04413667597
0.04719610852
0.04700720838
0.04653641314
0.04577701259
0.04474918116
0.04345565802
0.04188471444
0.04002489424
0.03786730126
0.03540430207
0.03262870681
0.02953443474
0.02611760323
0.02237728619
0.01831832825
0.01395393175
0.009303065932
0.004391840383
-0.0007488613446
-0.006079434883
-0.01155175422
-0.01710890238
-0.02268669683
-0.02821567809
-0.03362303679
-0.03883266204
-0.04376847304
0.4727417879
0.5741490748
0.4727605317
0.2386349234
0.01013043044
0.4071070398
0.238583642
0.0101581976
-0.08827002802
-0.08824404417
-0.3376469836
-0.3376453646
-0.3313891627
-0.3314230174
-0.1282408528
-0.3520553111
-0.1583684685
-0.1282828956
-0.3520158511
-0.4323933598
-0.4672737839
-0.4323571472
-0.467251282
-0.467778564
-0.3926084202
-0.4677543024
-0.392634004
-0.3419579946
-0.3799788502
-0.3415222355
-0.3418872517
-0.3799254645
-0.3414156567
0.5504701112
0.4189679423
0.4656914157
0.4647256992
0.5504493826
0.4189050326
0.4657392093
0.5570712734
0.5765489226
0.584707392
0.5550985055
0.5838482737
0.5578635767
0.5572497187
-0.3256746177
-0.3240672384
-0.02359727155
0.09603780574
-0.05660566398
0.1923279045
-0.02360285205
0.09600433865
-0.05661736579
-0.2240014826
-0.1632821049
-0.1740343699
-0.16228047
-0.1670695509
-0.164415704
-0.2251188112
-0.5115761151
-0.5148670309
-0.364694918
-0.3627114837
-0.3836815751
-0.3610634119
-0.3842721609
-0.3645190742
-0.3335100615
-0.3354645376
-0.3334396835
-0.4283225291
-0.239686294
-0.3074197367
-0.3658426781
-0.4283128659
-0.2396355253
-0.3074088629
-0.3845189823
-0.3196122141
-0.3284997319
-0.4322115135
-0.3846088878
-0.319629538
-0.328586602
0.4991654771
0.4749240755
0.5168585081
0.4569051126
0.5188473226
0.4593239142
0.500843299
0.4384505695
0.4392840822
0.557065937
0.5765419079
0.5846844164
0.5550718239
0.5838415053
0.5578588607
0.5572334548
0.4991613472
0.4749223297
0.5168347634
0.4568930686
0.5188451574
0.4593209849
0.5008308065
0.4384493853
0.4392826046
0.2510682988
0.2987498465
0.1874367645
0.2939965797
0.188635044
0.2485345032
0.175633895
0.0114358302
0.03549856783
0.125276437
0.02813796439
0.1267875251
0.1745920928
0.2510653296
0.2987399274
0.1874346467
0.2939953961
0.1886314554
0.2485291439
0.1756309173
0.01143724917
0.03549749319
0.1252761862
0.02812981175
0.1267924893
0.1745884646
-0.08889257281
-0.08886398375
-0.3368509866
-0.336845743
-0.3316729691
-0.3324739615
-0.3271114885
-0.3330907273
-0.3272185218
-0.3256741582
-0.3240648697
-0.3316715204
-0.3324615584
-0.3270957728
-0.333086742
-0.3272139702
-0.3747768837
-0.3460959408
-0.3702509466
-0.3490096656
-0.3648440728
-0.3686454959
-0.2239990987
-0.1632621196
-0.1740337813
-0.1623041648
-0.1670733733
-0.1644058466
-0.2251147346
-0.3747822757
-0.346115879
-0.3702530718
-0.3490153139
-0.3648482074
-0.3686599863
-0.4301079478
-0.4356775392
-0.4847510101
-0.4457345712
-0.4896139102
-0.4474516889
-0.4346438965
-0.4765479925
-0.4684833205
-0.4808297718
-0.4648954845
-0.4793435476
-0.4678589133
-0.4757028633
-0.5115705502
-0.5148628582
-0.4301000305
-0.4356589844
-0.4847203892
-0.4456964735
-0.48960334
-0.4474448546
-0.4346199095
-0.4765397752
-0.4684775927
-0.4808070504
-0.4648691609
-0.4793365897
-0.4678522674
-0.4756799772
-0.3951178144
-0.3928725819
-0.4587557237
-0.4700274128
-0.4914219541
-0.4435045017
-0.4923931661
-0.4442704347
-0.4594343074
-0.4362491556
-0.3923382756
-0.3946967501
-0.4177684211
-0.3940463846
-0.4185452085
-0.4348511929
-0.3951102232
-0.392867249
-0.4587507848
-0.4700201383
-0.4914010265
-0.4434832726
-0.4923861748
-0.4442657147
-0.4594192935
-0.4362418809
-0.3923383704
-0.3946747431
-0.4177456652
-0.3940398881
-0.4185387103
-0.4348313055
-0.35740533
-0.3424036137
-0.3513649953
-0.3441826425
-0.3511532175
-0.3443587255
-0.3565006811
-0.364680774
-0.3626774319
-0.3836442406
-0.3610489031
-0.384259216
-0.3644812562
-0.3573946846
-0.3423923877
-0.3513131696
-0.3441655208
-0.3511407496
-0.3443502483
-0.3564694135
0.4355043813
0.3426083384
0.3979694246
0.364234226
0.4354784517
0.3426426244
0.3978967254
0.4859335566
0.4937717911
0.4566148897
0.4688068931
0.4959193893
0.4607535934
0.4837494004
0.3750619392
0.2962750251
0.2809835099
0.3293457786
0.3751361541
0.2962489096
0.2809490094
0.4159481355
0.2897793644
0.268273224
0.3913978509
0.4159428761
0.289742224
0.2682971902
0.317844884
0.4077241748
0.3743266944
0.3472796878
0.3757605961
0.3482197505
0.3156752403
0.2254378609
0.1805906961
0.1253129821
0.2584354281
0.2253740706
0.1806553024
0.1253286769
0.1940861083
0.14051164
0.1413520034
0.1046597505
0.1518683737
0.1542709765
0.1032793592
-0.3360188184
-0.328444552
-0.3348658804
-0.3286868556
-0.3350273302
-0.3285204311
-0.3284996474
0.1026223753
0.113467727
0.03872016874
0.1574905735
0.1025993218
0.1134738671
0.03871404587
-0.05836004002
0.02155459009
-0.06086658154
0.07470848876
-0.05840367754
0.02154239024
-0.06091202905
-0.3068403081
-0.09793655463
-0.2063333173
-0.118768358
-0.3067050819
-0.09798609298
-0.2062150539
-0.3665280455
-0.3969772582
-0.3967402977
-0.3445287845
-0.3120504299
-0.3119080869
-0.3448299955
-0.432923156
-0.4197125601
-0.4199998632
-0.3901300518
-0.3930122274
-0.3932434824
-0.3899967757
-0.3382991083
-0.3265805727
-0.3181448084
-0.3723716432
-0.3383442029
-0.3265402832
-0.3181316164
-0.3149890888
-0.3322344646
-0.3150699094
-0.1858913999
-0.08937819332
-0.1770285836
-0.1022748285
-0.1858737852
-0.0893953429
-0.1770072632
-0.2768688642
-0.1825594476
-0.2127078099
-0.215170584
-0.2768640069
-0.1825839147
-0.2127018099
-0.3063442342
-0.2248056799
-0.2508925839
-0.2896182859
-0.3063651954
-0.2248132419
-0.2509322136
-0.3075753647
-0.2558236152
-0.2718155585
-0.3072697996
-0.307541443
-0.2557996614
-0.2718269741
0.2476842159
0.2399806078
0.2900319979
0.1901442534
0.2910407705
0.1906154994
0.2472269913
0.3178413338
0.4077165009
0.3743476229
0.3472542786
0.3757630662
0.3482165283
0.315667343
0.2476824853
0.2399691336
0.2900548003
0.1901165049
0.2910463022
0.1906122646
0.247222898
-0.2201000059
-0.1280706256
-0.1423521965
-0.2001483582
-0.1425048775
-0.1995328279
-0.2210757318
-0.3310605531
-0.3516610998
-0.3771342362
-0.2840716306
-0.3760255527
-0.2846082861
-0.3287647966
-0.2201103312
-0.1280935325
-0.1423573248
-0.2002399392
-0.1425101018
-0.1995599459
-0.2211051831
-0.3310709161
-0.3516475765
-0.377153
-0.2841200707
-0.3760268317
-0.2846251444
-0.3287944651
-0.3706368168
-0.3802901863
-0.3925699019
-0.3651789601
-0.3945706723
-0.3650435679
-0.3704580641
-0.3550321479
-0.3414088587
-0.3433591766
-0.3514052189
-0.343364421
-0.3513300227
-0.3548955319
-0.3706169623
-0.3802691397
-0.392560413
-0.365044392
-0.3945611666
-0.3650107032
-0.3704040301
-0.3550181117
-0.3413932259
-0.343288348
-0.3513600256
-0.3433471907
-0.3513183845
-0.3548487859
0.5515977035
0.5352358274
0.5363666116
0.5119408883
0.522966708
0.5242825067
0.5106241681
0.4666191654
0.4407790904
0.4377795777
0.4233396527
0.4450468473
0.4401944634
0.4644056647
0.4667299783
0.5053149136
0.5060899421
0.4879161022
0.4542219625
0.4557010569
0.4866538834
0.4859301659
0.4688035474
0.4937638252
0.4566026811
0.495917127
0.4607497455
0.4837392012
0.5515915483
0.5352061261
0.5363617694
0.511935979
0.5229539194
0.5242780903
0.510603166
0.4666186591
0.423336418
0.4408028576
0.4377483066
0.4450484447
0.4401937476
0.4644034543
0.4667317017
0.5052965254
0.5060858106
0.4879158858
0.4542210116
0.4557014463
0.4866601484
-0.0221488061
0.0698677216
-0.04811222393
0.07034441299
-0.04735171173
0.03718335983
0.03648832447
0.07903868559
0.1208264075
0.05566610324
0.1011703862
0.1246017984
0.0585875036
0.0768472934
-0.05566289807
-0.05405190213
-0.05313554191
0.0194358084
0.004143385661
0.005579953909
0.01822721444
0.1940731841
0.1405677037
0.1413640403
0.1046589026
0.1519046194
0.1542803285
0.1032915105
-0.02217722342
0.06990427066
-0.04815660299
0.07034697408
-0.04737708314
0.03717200948
0.03647258356
0.07902968497
0.1011597809
0.1208284561
0.05564546301
0.1245987394
0.0585797873
0.07682795188
-0.05566983162
-0.05409209119
-0.05314448106
0.01942475562
0.004121714303
0.005574840862
0.01819994069
-0.3334878002
-0.3337714054
-0.333954734
-0.3276078421
-0.3261536018
-0.3261159557
-0.3275594986
-0.3360136715
-0.328493068
-0.3349040559
-0.3286845667
-0.3350279812
-0.3285130691
-0.328475877
-0.3334730538
-0.3338806015
-0.3339634811
-0.327606823
-0.3262111061
-0.3261243422
-0.3275845713
-0.4283971737
-0.4173846286
-0.4174735792
-0.3682411933
-0.3847826889
-0.3847538303
-0.3684415223
-0.3020751912
-0.2715392815
-0.2674388687
-0.2383255597
-0.2710472087
-0.2662777936
-0.3024782785
-0.3260253582
-0.3438663866
-0.2899961479
-0.3069034253
-0.3436889392
-0.2891846185
-0.3263342149
-0.3664935272
-0.3969530007
-0.3967359256
-0.3445507627
-0.3117150366
-0.3118362379
-0.3448825144
-0.4283943041
-0.4173747488
-0.4174730811
-0.3682474182
-0.3847704986
-0.3847503576
-0.3684525114
-0.3021306368
-0.2383354928
-0.2712864112
-0.2675481088
-0.271021561
-0.2663182563
-0.3026168065
-0.3260372234
-0.3069042893
-0.3438490481
-0.2900184942
-0.3436849391
-0.2891963685
-0.3263585835
-0.3845588298
-0.4019321619
-0.402188823
-0.380613749
-0.3701097504
-0.3701690834
-0.3805370679
-0.3576663492
-0.3545900662
-0.3263735466
-0.3193195568
-0.3545661624
-0.3262210443
-0.3576559894
-0.3549705811
-0.3504617153
-0.3284884464
-0.3283379599
-0.3504859455
-0.3283715856
-0.3550029498
-0.4329204839
-0.4197110171
-0.4200025501
-0.390146895
-0.3930203674
-0.3932466066
-0.3900432437
-0.3845568125
-0.4019483367
-0.4021881451
-0.3806373426
-0.3703702399
-0.3701733691
-0.3806612205
-0.3576987874
-0.3193295394
-0.3546113838
-0.3264368055
-0.3545752853
-0.3262444606
-0.3577433729
-0.355027793
-0.3283438255
-0.3509448316
-0.3285971787
-0.3505402633
-0.3284004154
-0.3552080751
0.3396402661
0.3026172974
0.3285424409
0.3104502757
0.3396401286
0.302613442
0.3285339419
0.4073159875
0.373941448
0.3608171787
0.3722698128
0.4114710019
0.3691051534
0.3693196189
0.3084819492
0.2654065912
0.2835829812
0.2864576221
0.3084756676
0.2653041898
0.2834859149
0.350907838
0.332399138
0.3124316056
0.3372521651
0.3704208557
0.3215797282
0.3170288698
0.404612418
0.3968061347
0.4077773528
0.3726680201
0.3601156442
0.3682653235
0.368465029
0.2534875197
0.2205299043
0.2129608715
0.2570938253
0.2535499108
0.2204995532
0.2129683916
0.2361628108
0.2575951722
0.2334304673
0.280956107
0.2671189348
0.2465558425
0.2243255038
0.1737485348
0.1529640524
0.1436018206
0.1859000168
0.1737791383
0.1529498077
0.1436055636
0.1623509763
0.126080631
0.1324234327
0.1694485859
0.1816267149
0.1485191609
0.1103689378
0.03804245247
0.08169137293
0.04194130835
0.02961793113
0.05559566677
0.06619538127
0.02464872171
-0.1183124106
-0.180275636
-0.1797110604
-0.1604639602
-0.1095642455
-0.1084884598
-0.1614610448
-0.3728246052
-0.3602906574
-0.3603756299
-0.3611689646
-0.3612903299
-0.3515867001
-0.3516954583
-0.3323254487
-0.3252123719
-0.3250786455
-0.3238376767
-0.328989616
-0.3289883403
-0.3239697295
0.05615763939
0.06244565445
0.04054082379
0.08529464374
0.05615711186
0.06243777424
0.04054042572
-0.07970941486
-0.001543671648
-0.03618753524
0.01030826009
-0.07974326416
-0.001545935416
-0.03619251044
-0.105173458
-0.1241612999
-0.1006516417
-0.07293910119
-0.1164363257
-0.06411570514
-0.1125387972
-0.2395981977
-0.2111283798
-0.2365910402
-0.2119334108
-0.1976232297
-0.1874543293
-0.2177157079
-0.2982817585
-0.2890088811
-0.297929137
-0.2733957569
-0.2643808547
-0.2633371998
-0.2740504056
-0.3070357926
-0.2897745945
-0.3075237377
-0.2884193442
-0.3072320504
-0.28787501
-0.2902475292
-0.2773225658
-0.3074845104
-0.2772490822
-0.1189194891
-0.0786410451
-0.1035885521
-0.08286980228
-0.1189220072
-0.07864836253
-0.1035865448
-0.1811344021
-0.1338572637
-0.1585734412
-0.1511888207
-0.1811389955
-0.1338585401
-0.1585786237
-0.2235999705
-0.182405313
-0.1998323457
-0.2055429614
-0.223615062
-0.1824126587
-0.1998402782
-0.2435405674
-0.2142522294
-0.2274233304
-0.2359228588
-0.24358475
-0.2142599547
-0.2274465292
0.4289146588
0.4446690284
0.438197861
0.421524017
0.404030952
0.426805198
0.3985250616
0.3991996506
0.3536819766
0.3473369202
0.3505833171
0.3621007524
0.3863416142
0.360452802
0.4159073561
0.4072071868
0.4252698867
0.4110329249
0.3729419054
0.3959703614
0.3878424731
0.4073144696
0.372270007
0.3739387301
0.3608559058
0.4114704404
0.369107467
0.369326555
0.4446634117
0.4289136014
0.4381928302
0.4215224813
0.4040263047
0.4268023948
0.3985460551
0.3991937374
0.3505788618
0.3536650866
0.3473552971
0.36209578
0.3863339222
0.3604402081
0.4072017402
0.4159018333
0.4252684599
0.4110265979
0.3728908619
0.3959598823
0.3878086497
0.3847023291
0.3501780842
0.3543471782
0.3487687184
0.3757963766
0.3606999185
0.3356819456
0.3218509498
0.3130539451
0.2908483755
0.3210462283
0.3451436922
0.2975350286
0.3169214903
0.3509001981
0.3372356336
0.3323462947
0.3124420016
0.3704128707
0.3215721277
0.3170184012
0.3847118827
0.3501742391
0.3543436815
0.348764184
0.3757950894
0.3606964178
0.3356777928
0.3218418239
0.3210463444
0.3130759559
0.2908117662
0.3451426609
0.2975241458
0.3169109262
0.4167053761
0.3654728715
0.3667444543
0.4141817438
0.4159121908
0.3735908755
0.3713981443
0.3369635026
0.3235476955
0.2926830623
0.3126132736
0.3419198698
0.3012955092
0.3299814219
0.2706461051
0.3157179204
0.3175168927
0.3309245975
0.2855422374
0.2897072853
0.327759044
0.3968161075
0.404706568
0.4077880067
0.3726615467
0.3601079489
0.3682604285
0.368449868
0.4167018095
0.3654287709
0.3667347567
0.4142248591
0.4159136827
0.3735834175
0.3713772024
0.336962745
0.3126117527
0.3235635455
0.2926903603
0.3419202034
0.3012987053
0.3299801053
0.2706472621
0.3157136172
0.3175127173
0.3309247691
0.2855666951
0.2897103304
0.3277542614
0.2285913392
0.1859917442
0.1906592487
0.2185789344
0.2466708486
0.2523070563
0.2096309829
0.2207753238
0.2111990782
0.1501826686
0.1879202548
0.212576118
0.1998268799
0.1838552583
0.152267215
0.1362355236
0.1607099652
0.193535525
0.1416049507
0.1705514224
0.1714182682
0.2361635138
0.280962755
0.2576201281
0.2334529041
0.2671235214
0.2465567666
0.2243296834
0.228581604
0.1859980451
0.1906624399
0.2185780838
0.2466514581
0.2523036857
0.2096117578
0.2207794362
0.1879332134
0.2111921982
0.1502289089
0.2125765802
0.1998391433
0.1838640461
0.1362326689
0.1522995513
0.1607127588
0.1935374719
0.1416790009
0.1705618351
0.1714361888
0.1146828876
0.1215838823
0.1185293966
0.08200822209
0.1477265666
0.09662674242
0.1036670533
0.0932525258
0.05219376662
0.06747993521
0.09098704782
0.09818232012
0.08065041633
0.09135195341
0.1623475483
0.1694583628
0.1260658359
0.1324314985
0.1816415777
0.1485252977
0.1103517524
0.114682926
0.1215794442
0.1184708459
0.08212581247
0.1477401981
0.09667076533
0.1036634219
0.09324978268
0.09098190426
0.05222173846
0.06747301591
0.09818944885
0.08064829094
0.09134747055
-0.05746806296
-0.00638184633
-0.004627734709
-0.01198929047
-0.05875873993
-0.05787143261
-0.01352538665
0.02123406701
0.03398941431
0.0100693685
0.04999347686
0.06080315249
0.01581558132
0.01400235557
-0.01948888238
-0.05947431808
-0.01769775043
-0.0564865364
-0.05808710179
-0.03241351931
-0.01832625814
0.08168182464
0.0380295621
0.04193793862
0.0296126233
0.05560946018
0.06620696324
0.02462954177
-0.05749095986
-0.006395006773
-0.004633848106
-0.01200301014
-0.05883237478
-0.05790017521
-0.01355566651
0.02122452684
0.04998206634
0.03397850047
0.01004416545
0.06079709573
0.01580779901
0.01397581324
-0.01950187338
-0.05650213218
-0.05953814579
-0.01773046987
-0.05811038257
-0.03242559788
-0.01836048944
-0.3063130062
-0.2467148871
-0.2466661598
-0.2655634099
-0.2650233317
-0.2148029031
-0.2151390286
-0.1435588449
-0.1024348732
-0.1331851089
-0.08994591243
-0.09925308903
-0.1294335247
-0.1457402886
-0.2327109499
-0.2056316683
-0.2320712151
-0.1893250946
-0.17020637
-0.1693174398
-0.190203819
-0.1183492215
-0.180398195
-0.1797422408
-0.1605096114
-0.1096945754
-0.1085344764
-0.1616731135
-0.3062546687
-0.2467727384
-0.2466708379
-0.2651064578
-0.2648741081
-0.2148075233
-0.2155898304
-0.1435880514
-0.08996200916
-0.1025327574
-0.1332653662
-0.09928742605
-0.1294431652
-0.1458986787
-0.2055937288
-0.2318942027
-0.2318655272
-0.1892364379
-0.1700857126
-0.1692722718
-0.1901645788
-0.3382878442
-0.3483880856
-0.3484510901
-0.3426111483
-0.3337907222
-0.3337155569
-0.3425350341
-0.3451247883
-0.3265337736
-0.3452640448
-0.3393414745
-0.3242931476
-0.3241248878
-0.339433818
-0.3334804805
-0.3271962799
-0.3212976558
-0.3176564615
-0.3270590216
-0.3210214335
-0.333447376
-0.3727664165
-0.3601066827
-0.3603691623
-0.3609142215
-0.3611571958
-0.3514887591
-0.3507290119
-0.3383026935
-0.3483072858
-0.3484539059
-0.3426610567
-0.3338790369
-0.3337437672
-0.3425459451
-0.3264677823
-0.3454746137
-0.3451861935
-0.3392254788
-0.324080541
-0.3240523304
-0.3388608475
-0.3335433969
-0.3176764872
-0.3273272238
-0.3211679509
-0.3271131198
-0.3210129339
-0.3335478173
-0.3197856445
-0.3228762651
-0.3124457593
-0.3143931508
-0.322719516
-0.311682992
-0.3199100834
-0.3323016481
-0.3252332032
-0.3250857233
-0.3238327719
-0.328929214
-0.3289696985
-0.3239287863
-0.3197899594
-0.3144193702
-0.3229217569
-0.3124662193
-0.3227341658
-0.3116867669
-0.3199151635
-0.1840948014
-0.1494957423
-0.1534048493
-0.1718032493
-0.1545890076
-0.1654747961
-0.1352599852
-0.142654379
-0.1821914004
-0.1369069872
-0.1030555651
-0.1252532208
-0.1233616994
-0.1323562593
-0.1051783505
-0.0729444296
-0.1241761356
-0.1006663084
-0.1164311308
-0.06412139544
-0.1125508943
-0.1840833466
-0.1494711457
-0.1533061542
-0.1717635633
-0.1545656932
-0.1654603915
-0.1352430538
-0.142641556
-0.1030544678
-0.1821518417
-0.1369022537
-0.1252536104
-0.1233629464
-0.1323374386
-0.2601697047
-0.2758775509
-0.2584812442
-0.2328998457
-0.2516282754
-0.2499125399
-0.2358075024
-0.1884925795
-0.1930525506
-0.186949869
-0.1371563826
-0.1560462874
-0.1698173771
-0.2022750112
-0.2108889552
-0.2309034813
-0.1997748105
-0.2094209878
-0.2277857164
-0.1928891827
-0.2164522792
-0.2111229848
-0.239631569
-0.2366052012
-0.2119376043
-0.1975762807
-0.187442058
-0.2177192569
-0.2758787569
-0.2601875296
-0.2584874908
-0.2329094344
-0.2516338681
-0.2499149573
-0.2358390371
-0.1884940395
-0.1371656037
-0.1930641463
-0.1869424623
-0.1560527744
-0.169816164
-0.2022754481
-0.2108927373
-0.209422062
-0.230907947
-0.1997940308
-0.227787772
-0.1928928989
-0.2164633572
-0.3033329073
-0.306055941
-0.3030337862
-0.2802957514
-0.2856169343
-0.2851167697
-0.2808592832
-0.2520771885
-0.2432210277
-0.2353387268
-0.2228450519
-0.2412564984
-0.2344075431
-0.2534555926
-0.2598364892
-0.2672147571
-0.2432168564
-0.2503213762
-0.2660745735
-0.2422595327
-0.2610246462
-0.2890173834
-0.2983292667
-0.2979457754
-0.2734074102
-0.2643994096
-0.2633437968
-0.2740900769
-0.3060660834
-0.3033730894
-0.3030491939
-0.2803031077
-0.2856453644
-0.2851285455
-0.2808713631
-0.2520862953
-0.22285021
-0.2432336031
-0.2353780237
-0.2412614616
-0.2344182636
-0.2534813964
-0.2598453083
-0.2503307303
-0.2672573117
-0.2432282997
-0.266085031
-0.2422662369
-0.2610497928
-0.2900377289
-0.30706858
-0.293836559
-0.3065254533
-0.3063048389
-0.2931722693
-0.2907848273
-0.2726375111
-0.2713600627
-0.2620472664
-0.2545170033
-0.2696938078
-0.2615227765
-0.2738018592
-0.3070386977
-0.289764798
-0.3075154545
-0.2884383243
-0.30719717
-0.2878827517
-0.2902302183
-0.2900332021
-0.3065244029
-0.3069843167
-0.2938292507
-0.3062757574
-0.2931735213
-0.2907726326
-0.272658992
-0.2545209038
-0.2713378395
-0.2620802687
-0.2696965021
-0.2615405294
-0.2738151856
-0.3134034817
-0.2924667675
-0.3058767497
-0.3132460773
-0.2910884303
-0.2885915384
-0.2902764106
0.2666511795
0.2314296256
0.2960821138
0.2758209526
0.2708421482
0.2519321383
0.2397821147
0.2960940227
0.266711523
0.2314864601
0.2758337458
0.2708495886
0.2519437828
0.2398313069
-0.02815685737
-0.08313017753
-0.03223942063
-0.03757735499
-0.01918396721
-0.03009046695
-0.04363301798
-0.03225068033
-0.02818391567
-0.08315251545
-0.03758589783
-0.01919252382
-0.0300981353
-0.04365398894
-0.3058970904
-0.3134503042
-0.2925172317
-0.3132465974
-0.2910885095
-0.288579334
-0.2902918562
-0.09310668354
-0.09313581589
-0.09252185427
-0.09312127955
-0.09315619292
-0.0925423883
-0.3408434119
-0.341867348
-0.3433513732
-0.3408379885
-0.3418613777
-0.3433455823
0.5876994555
0.5924054051
0.5934277393
0.609094298
0.6151857536
0.6207372062
0.6046495428
0.6083409801
0.6090234619
0.591343448
0.5983756088
0.6041395286
-0.3246433351
-0.3243073052
-0.3230185645
-0.2160858073
-0.2197099167
-0.2209212694
-0.2133553887
-0.2160821955
-0.2152752989
0.5358925749
0.5400873515
0.5406731035
0.5399896973
0.5462277163
0.5511682083
0.5876937329
0.5923996752
0.5934221246
0.6090717411
0.6151627648
0.6207137606
0.6046423026
0.608333636
0.6090161315
0.59132608
0.5983578842
0.6041216182
0.5358888066
0.5400836321
0.5406695094
0.5399780324
0.5462159657
0.5511564511
0.4425694937
0.4449885562
0.4489972531
-0.3156266174
-0.3162805518
-0.3174673102
-0.3156315746
-0.3162848517
-0.3174716256
0.06338272463
0.06768282029
0.06997147663
0.06001802605
0.06425333395
0.0658396429
0.1793294365
0.1775009955
0.1774485609
0.06338004792
0.06768001702
0.06996891389
0.06001483821
0.06425027225
0.06583654173
-0.09301680324
-0.09266708501
-0.09132263709
-0.09302138626
-0.09267640762
-0.09133186951
-0.337767571
-0.3373948777
-0.3360404173
-0.3377627994
-0.3373902262
-0.3360358327
-0.3215471435
-0.322012815
-0.3233733858
-0.3278526768
-0.3288580464
-0.3302997897
-0.5100181489
-0.5108737657
-0.5149809727
-0.3669867521
-0.3685922231
-0.370443251
-0.3983511792
-0.4012467361
-0.403812107
0.4425714709
0.4449901833
0.4489973944
0.3338359344
0.3398721533
0.343880715
0.1802210216
0.1791854113
0.1804419383
0.333826722
0.3398645699
0.3438749857
0.1802170358
0.1791818167
0.1804393813
-0.3215377446
-0.3220041747
-0.3233647445
-0.3278490304
-0.328853303
-0.3302947503
-0.4288151256
-0.4354727543
-0.4383395653
-0.4288147941
-0.4354743621
-0.4383430687
-0.5100126405
-0.5108681695
-0.5149761953
-0.4052603933
-0.4081934168
-0.4105843353
-0.4052484103
-0.4081803609
-0.4105714984
-0.3983153462
-0.4012112619
-0.4037762495
-0.3192706285
-0.3184691515
-0.3171404225
-0.5090993187
-0.5078697738
-0.5080251765
-0.4794656109
-0.4823867449
-0.4804011888
-0.4836694824
-0.4883645014
-0.4906083432
-0.4655491349
-0.4668824515
-0.4668989427
-0.5176783013
-0.524121092
-0.5295515258
-0.5152236803
-0.5196199793
-0.520933999
-0.4694000104
-0.4725382901
-0.4763151888
-0.3632575492
-0.3633926584
-0.3622761165
-0.3959846416
-0.3972904437
-0.3966497292
0.4401318306
0.4407476402
0.4413507547
0.4401298452
0.4407464418
0.4413507914
-0.3123451513
-0.311772287
-0.3103475226
-0.3123459106
-0.3117730376
-0.3103482684
0.3298331481
0.3347062518
0.335945046
0.1793335525
0.1775045646
0.1774513159
0.329829812
0.334703214
0.3359431607
-0.3406497487
-0.3395484783
-0.3410178021
-0.2160895592
-0.2197148106
-0.2209265042
-0.213356239
-0.2160830828
-0.2152762881
-0.3406664065
-0.3395652611
-0.3410361794
-0.3403402917
-0.3378131449
-0.3366784212
-0.3338310616
-0.3344714404
-0.3358715918
-0.3590468961
-0.3605666135
-0.3623876962
-0.3314281455
-0.3307676326
-0.3293787541
-0.3562178889
-0.3563470424
-0.3551814303
-0.3669504077
-0.3685548354
-0.3704054688
-0.3632431451
-0.3633782886
-0.3622618487
-0.3338155746
-0.3344567876
-0.3358575568
-0.3590061845
-0.3605263931
-0.3623464278
-0.3314233193
-0.3307629069
-0.329374132
-0.3562062813
-0.3563353216
-0.3551695506
-0.3192682186
-0.3184666235
-0.3171377308
-0.3246404564
-0.3243042675
-0.3230154147
-0.3403360362
-0.3378083888
-0.3366727005
-0.4247702711
-0.4298642147
-0.4290189162
-0.424770995
-0.4298652292
-0.4290212657
-0.525420255
-0.5316498045
-0.5323258453
-0.4931524611
-0.49644477
-0.4999782492
-0.4889208073
-0.4903470317
-0.4899418913
-0.5272420693
-0.535564196
-0.5404691897
-0.5090954894
-0.5078667184
-0.5080230618
-0.4794553442
-0.482376058
-0.4803904354
-0.4836416277
-0.4883353869
-0.4905784877
-0.5254120378
-0.5316415971
-0.5323177747
-0.4931307668
-0.4964229609
-0.4999562196
-0.4889135282
-0.4903397227
-0.4899346662
-0.5272189283
-0.5355407781
-0.5404455765
-0.4009852668
-0.4023087602
-0.4014184808
-0.4538888497
-0.4563923271
-0.4566955501
-0.4564363709
-0.460735544
-0.4646786226
-0.4655438706
-0.4668772152
-0.4668938388
-0.5176590941
-0.5241018084
-0.5295320067
-0.515217056
-0.5196133742
-0.520927438
-0.4693846889
-0.4725228533
-0.4762997157
-0.4009788356
-0.4023022948
-0.4014123081
-0.4538827502
-0.4563864076
-0.4566898202
-0.4564196572
-0.4607191143
-0.4646623093
-0.3959720339
-0.397277646
-0.3966367745
)
;

boundaryField
{
    inlet
    {
        type            zeroGradient;
    }
    outlet
    {
        type            fixedValue;
        value           nonuniform 0();
    }
    topAndBottom
    {
        type            symmetry;
    }
    frontAndBack
    {
        type            empty;
    }
    cylinder
    {
        type            zeroGradient;
    }
    procBoundary2to0
    {
        type            processor;
        value           nonuniform List<scalar> 
75
(
0.08862175701
0.08893533572
0.08970618086
0.09096005909
0.09268969695
0.09492761745
0.09774423047
0.1012302208
0.1054962863
0.1106847429
0.1169830804
0.1246393205
0.1339834127
0.145461142
0.1596792825
0.177494174
0.2000570492
0.2292074174
0.2667952088
0.3104518721
0.3642488659
0.4647493236
0.5741750852
0.5741444397
0.5504669914
0.464725265
0.5504466035
0.5765440642
0.5846995556
0.5838406242
0.5765371865
0.5846767495
0.5838339701
0.435503634
0.3642355308
0.4354785054
0.4937705305
0.4688060585
0.4959182958
0.5515945887
0.522964901
0.5242807607
0.4688029641
0.4937630363
0.4959162152
0.5515885786
0.5229524687
0.5242764891
0.3396432819
0.31045563
0.3396454468
0.3739410299
0.3722705207
0.4114715855
0.4446686395
0.4040305013
0.4268054702
0.3722711449
0.3739393624
0.4114714693
0.4446633603
0.404026836
0.4268030634
0.6090876131
0.6151790532
0.6207304338
0.604643183
0.6083346705
0.609017163
0.6090653276
0.6151563602
0.6207072978
0.6046360797
0.6083274682
0.6090099758
)
;
    }
    procBoundary2to3
    {
        type            processor;
        value           nonuniform List<scalar> 
103
(
-0.2470196053
-0.2470196053
-0.2470196053
-0.2470196053
-0.2470196053
-0.2470196053
-0.2092144609
-0.1786039068
-0.153925586
-0.1340243209
-0.1178880805
-0.1046742966
-0.09379147157
-0.0847829035
-0.07729342652
-0.07105299599
-0.06585493309
-0.06153748049
-0.05797566254
-0.05507252978
-0.05275264984
-0.05095850379
-0.04964758912
-0.04878825229
-0.04836196806
-0.3217715239
-0.3223096811
-0.3217190379
-0.3228415189
-0.3140921268
-0.3125504615
-0.3140987074
-0.3125512895
-0.3269591072
-0.3269591072
-0.3264492058
-0.3264492058
-0.3239899324
-0.3239060129
-0.3217677258
-0.3222988641
-0.321709376
-0.3228386042
-0.3269563189
-0.3269563189
-0.3264369436
-0.3264369436
-0.3239145
-0.3239006518
-0.3240566672
-0.3243000251
-0.3238940001
-0.3238542192
-0.323486329
-0.3224229417
-0.3224107457
-0.3234322232
-0.324148666
-0.3243046112
-0.3238912979
-0.3238773356
-0.3234871737
-0.3224348255
-0.3224130356
-0.3234427572
-0.3209578823
-0.3209371515
-0.3190509994
-0.3194231359
-0.3037056761
-0.3037056761
-0.3037056761
-0.3037056761
-0.2847880675
-0.3036850753
-0.3036850753
-0.3036850753
-0.3036850753
-0.2847404223
-0.3166938872
-0.3088024291
-0.3078627069
-0.3172940942
-0.321051019
-0.3209549261
-0.3190625568
-0.3194593525
-0.316698668
-0.3087727892
-0.3078498013
-0.3173087764
-0.3087072739
-0.3088426948
-0.3099271162
-0.3087068038
-0.3088422775
-0.3099267709
-0.3062401849
-0.3051424584
-0.30366009
-0.3062411059
-0.3051434462
-0.3036611687
)
;
    }
}


// ************************************************************************* //
