/*--------------------------------*- C++ -*----------------------------------*\
| =========                 |                                                 |
| \\      /  F ield         | OpenFOAM: The Open Source CFD Toolbox           |
|  \\    /   O peration     | Version:                                        |
|   \\  /    A nd           | Website:  www.openfoam.com                      |
|    \\/     M anipulation  |                                                 |
\*---------------------------------------------------------------------------*/
FoamFile
{
    version     2.0;
    format      ascii;
    class       volScalarField;
    location    "4.3";
    object      p;
}
// * * * * * * * * * * * * * * * * * * * * * * * * * * * * * * * * * * * * * //

dimensions      [0 2 -2 0 0 0 0];


internalField   nonuniform List<scalar> 
2429
(
0.0919456386
0.09223523887
0.09294842386
0.09410878468
0.09571104416
0.09778753275
0.1004063147
0.1036554013
0.1076431774
0.1125099339
0.1184415508
0.1256855001
0.1345734084
0.1455569554
0.1592563116
0.1765557673
0.1986572614
0.2274862427
0.2649514988
0.3089590144
0.3636155301
0.4669182625
0.5804840666
0.09155940408
0.09184065276
0.09253211765
0.09365656158
0.09520770522
0.0972149867
0.09974157969
0.1028685377
0.1066943911
0.1113450425
0.1169848981
0.1238287755
0.1321575059
0.1423411521
0.1548656709
0.170381564
0.1896963235
0.213985777
0.2440720138
0.2844667335
0.3278127928
0.3909806373
0.4069063258
0.09079909115
0.09106255383
0.09171186328
0.09276682204
0.09421900316
0.09609254186
0.09844155318
0.1013342264
0.1048510425
0.1090918531
0.1141826986
0.1202811094
0.1275807495
0.1363160256
0.1467570981
0.1592053881
0.1738883528
0.1909434998
0.2095594829
0.2278490373
0.2534732914
0.25353616
0.1829660517
-0.1920790559
-0.3987407999
0.08968694216
0.08992554285
0.0905152447
0.09147197085
0.09278460853
0.09447030027
0.09657118237
0.09913869004
0.1022302253
0.1059129321
0.1102656739
0.115377654
0.1213409082
0.1282399922
0.1361058596
0.1448967025
0.1542794199
0.1635524044
0.1708264633
0.1728234695
0.1809147494
0.1497772494
0.06147813387
-0.1461960277
-0.4203307146
-0.5074712042
-0.4437507366
-0.3959292694
0.08825435287
0.08846339052
0.0889793801
0.08981456673
0.0909556168
0.09241177104
0.094211579
0.09638802269
0.09897376632
0.1020015677
0.1055016038
0.1094965862
0.1139789424
0.1189052461
0.1241126548
0.1293130757
0.1338716186
0.1366528198
0.1355472414
0.1266877105
0.1037322142
0.07688939489
-0.003004357507
-0.1241525774
-0.2479985843
-0.3323748354
-0.3546012841
-0.3562905087
0.08653968912
0.08671693474
0.08714926321
0.08784628708
0.08879344987
0.08999209245
0.09145700198
0.0932030833
0.09523956263
0.09756649533
0.1001682359
0.1030142128
0.1060193568
0.1090500732
0.1118402847
0.1139616342
0.1146855412
0.1127980772
0.1064900831
0.09284951876
0.06798197802
0.02625023529
-0.03380495583
-0.09804757225
-0.1710600235
-0.22933993
-0.260828507
0.08459178753
0.08473236047
0.08507480548
0.08562451965
0.08636567569
0.08729257066
0.08840739034
0.08970887517
0.09118574878
0.09280844824
0.09452669815
0.09627535361
0.09792734889
0.09929131349
0.100061213
0.09975757652
0.09770968728
0.09289446862
0.08392058123
0.06887314618
0.04549285867
0.01155071919
-0.0334046855
-0.08396094817
-0.1322310071
-0.1714443226
-0.1982362039
0.08245652812
0.08255961184
0.08281012714
0.08320969403
0.08374192693
0.0843953773
0.08516149587
0.08602571049
0.08695977545
0.08791021724
0.08881078655
0.08957697916
0.09006143501
0.09003918341
0.0892156339
0.0871538346
0.08327020784
0.07677664161
0.0666596117
0.05167537725
0.03067088452
0.002746588679
-0.031497239
-0.06907787765
-0.1057753491
-0.1366349593
-0.1593772034
0.08018390579
0.08025007685
0.08040992293
0.08066194005
0.08099024643
0.08137917522
0.08181152355
0.08226256992
0.08269113898
0.08303020982
0.08321043481
0.08313277815
0.08264908205
0.08154149405
0.07953253647
0.07625223232
0.07122886914
0.06387786807
0.05349232907
0.03932586495
0.02083971938
-0.002243507578
-0.02916986064
-0.05803046472
-0.08611957894
-0.1105038123
-0.1293859872
0.07782286118
0.07785374123
0.07792692854
0.07803847217
0.07817396578
0.07831472789
0.0784366692
0.07850866474
0.07848277752
0.07828656664
0.0778556914
0.07708866839
0.07583628582
0.07390296463
0.07104707084
0.0669702243
0.06131292848
0.05364462424
0.04349513686
0.0304721725
0.0143061754
-0.004901687655
-0.02647160781
-0.04906574042
-0.07104847949
-0.0905756873
-0.1062306573
0.07542027285
0.07541831782
0.07541092166
0.07539220029
0.07534955847
0.07526212576
0.07510236064
0.07483711925
0.07441443317
0.0737724161
0.07284278542
0.07152272392
0.06967613973
0.06713709097
0.06370735259
0.05915459692
0.0532070787
0.04556705812
0.0359384802
0.02413428063
0.01004293573
-0.0060921334
-0.02365391359
-0.0417657404
-0.05937036985
-0.07520997229
-0.08821805521
0.07301978074
0.07298801676
0.07290751718
0.07277085369
0.07256755769
0.07227632086
0.07186696554
0.07131007369
0.07055870794
0.06955286079
0.06821953281
0.06646552059
0.06417599734
0.06121477374
0.05742505767
0.05262728294
0.04662375408
0.03920893739
0.03022708443
0.01957418743
0.007294079698
-0.006360431794
-0.02089811152
-0.03571378113
-0.05007005003
-0.0630786686
-0.0739548282
0.07066101678
0.07060267843
0.07045706258
0.07021565777
0.06987094708
0.06940216932
0.06878367593
0.06798562651
0.0669629132
0.06565851024
0.06400524513
0.06192337408
0.05931798602
0.0560798669
0.05208578733
0.04720227709
0.04129084439
0.03421758502
0.02591356418
0.01633037178
0.005578657383
-0.006082536051
-0.01830161046
-0.03062997343
-0.04253075864
-0.0533652949
-0.06255453261
0.06837903996
0.06829748121
0.06809458443
0.06776204653
0.06729519316
0.06667842653
0.06588793208
0.06489094651
0.06364598071
0.06210352523
0.06020587146
0.05788572489
0.05506581874
0.0516608077
0.04757703221
0.04271558195
0.03698152528
0.03030241355
0.02264082005
0.01402546768
0.004573547919
-0.00549325421
-0.01590948807
-0.02632917454
-0.03635163865
-0.04550752995
-0.05336373283
0.0662039044
0.06610314219
0.0658510471
0.06544063274
0.06487289786
0.06413490464
0.06320175073
0.06204219998
0.06062043265
0.05889469059
0.05681631997
0.05432932047
0.05137290626
0.04788085506
0.04378505628
0.039016025
0.03351201762
0.0272419873
0.02018355226
0.01240632946
0.004040574557
-0.004748605948
-0.01374768599
-0.02268325892
-0.03125123556
-0.03909994402
-0.04590079387
0.06416331739
0.06404406362
0.06375239142
0.06327912825
0.0626285111
0.06179000451
0.06074029995
0.05945153384
0.05789316602
0.05603027248
0.05382232423
0.05122423182
0.04818874771
0.04466690109
0.04060918605
0.03597107674
0.03071446066
0.02483531419
0.01833393275
0.01128715417
0.003818348243
-0.00394259166
-0.01181819347
-0.01958929004
-0.02702135964
-0.03384628188
-0.03981102942
0.06227590558
0.06214306259
0.06181951314
0.06129545204
0.06057727485
0.05965738725
0.05851524583
0.05712637199
0.05546490738
0.05350194438
0.05120430913
0.0485374511
0.04546584085
0.04195367683
0.03796601912
0.03347543551
0.02846629116
0.02294156781
0.01693419476
0.01051300265
0.003782685828
-0.003145163265
-0.0101226535
-0.01697300087
-0.02351187164
-0.0295308433
-0.03483176574
0.06056241624
0.06041914718
0.06006952651
0.05950436534
0.05873231882
0.05774836306
0.05653456899
0.05506966858
0.05333210801
0.05129820875
0.04894182301
0.04623697522
0.04315782528
0.03967936175
0.0357796624
0.03144374998
0.0266719002
0.02146912607
0.01588398044
0.009988654291
0.003864693554
-0.002389830122
-0.008649818611
-0.01477103135
-0.02060585132
-0.02598916495
-0.03076307658
0.05903774766
0.05888643811
0.05851602835
0.05791825592
0.05710409096
0.05607068565
0.05480241654
0.05328105678
0.05148862585
0.0494057803
0.04701333172
0.04429230972
0.0412238605
0.03779180234
0.03398508509
0.02979730908
0.02523961406
0.020325116
0.01510346902
0.009643400091
0.00401278819
-0.001700849349
-0.007389847774
-0.01293464516
-0.01821489245
-0.02309739968
-0.02745407153
0.05771348588
0.05755621356
0.05716973929
0.05654667186
0.05570015716
0.05462928505
0.05332044781
0.05175798565
0.04992675085
0.04781183505
0.04539981388
0.04267668385
0.03962987839
0.03624954064
0.03253196946
0.02847988505
0.02410642529
0.01943902603
0.01452234706
0.009416744257
0.004184137768
-0.001097270165
-0.006334186532
-0.01142564566
-0.01627125735
-0.02076134387
-0.024789936
0.05659876495
0.05643713552
0.05603859418
0.05539643132
0.05452566291
0.05342709558
0.05208885824
0.05049716038
0.04863887979
0.04650410621
0.04408311013
0.04136588299
0.03834501645
0.03501592098
0.0313806948
0.02744786632
0.02323171838
0.01876607652
0.0140965582
0.00927377992
0.004355789442
-0.0005865331616
-0.005471371583
-0.01021169762
-0.0147215305
-0.01890843163
-0.02268288096
0.05570055016
0.05553584898
0.05512853898
0.05447242887
0.0535840737
0.05246571302
0.05110666292
0.04949399503
0.04761796116
0.04547177949
0.04304805533
0.04034036146
0.03734504044
0.03406158366
0.0304961287
0.0266609673
0.02257417703
0.01827024921
0.01379294183
0.009187859057
0.004510317664
-0.0001742577954
-0.0047927589
-0.009268456111
-0.013525602
-0.01748424453
-0.02106699828
0.05502344332
0.05485714999
0.0544438354
0.05377802067
0.05287754802
0.05174568845
0.05037233733
0.04874542652
0.04685851127
0.04470607325
0.04228274819
0.0395847881
0.03661115191
0.0333641881
0.02985261871
0.02609112898
0.02210177655
0.01791896833
0.01358259224
0.009136508642
0.004633690204
0.0001353177202
-0.004291689523
-0.008577706897
-0.01265381686
-0.01644879125
-0.01989401292
0.05457163987
0.05440417239
0.05398721112
0.05331544232
0.05240742915
0.05126704637
0.04988402043
0.0482487504
0.0463555917
0.04419995287
0.04177804598
0.03908776145
0.03612969965
0.03290801293
0.02943303222
0.0257209902
0.02179624931
0.0176939889
0.01345014954
0.009108091417
0.004719176069
0.0003416411948
-0.003961544122
-0.008125108918
-0.01208408887
-0.01577286011
-0.01912888921
0.05434858415
0.05418067373
0.05376231515
0.0530880699
0.05217660288
0.05103130528
0.04964309575
0.04800358429
0.04610711597
0.04394968176
0.04152827943
0.0388416015
0.03589108638
0.03268163853
0.02922413532
0.02553762202
0.02164701128
0.01758405245
0.01338507086
0.00909381258
0.0047606995
0.000442360003
-0.003800238217
-0.007903873335
-0.01180503252
-0.01544064348
-0.01875169218
0.475025794
0.5804530745
0.475045008
0.231243661
-0.01184793434
0.4068852834
0.2311949827
-0.0118087293
-0.1169297324
-0.1169105132
-0.4017285185
-0.4017281521
-0.3943427983
-0.3943802706
-0.1573451072
-0.4047163211
-0.1921294826
-0.1573909207
-0.4046725426
-0.49629092
-0.5479086345
-0.4962492482
-0.5478862612
-0.5517550058
-0.4675196411
-0.5517313537
-0.4675564229
-0.4059727865
-0.453110257
-0.4062868318
-0.4058970186
-0.4530576714
-0.4061671485
0.5557992039
0.4195665632
0.4677921506
0.4668936161
0.5557784425
0.4195039028
0.4678403332
0.5627769848
0.5829184473
0.5914100647
0.5606812453
0.5905476375
0.5635218321
0.5629416517
-0.3910909439
-0.3890799763
-0.04690662118
0.08317133155
-0.08006335712
0.1829289427
-0.04691876442
0.08313987046
-0.08007467501
-0.2633438677
-0.1973368654
-0.2109971918
-0.1949362196
-0.2037814001
-0.1971429706
-0.2645082813
-0.5842729799
-0.5877301682
-0.4333871789
-0.4309667131
-0.4576987094
-0.4291677417
-0.45855417
-0.4332608642
-0.3961554166
-0.3987143124
-0.3960793755
-0.4999845081
-0.2763463622
-0.3538551891
-0.4202035019
-0.4999779037
-0.2762801797
-0.3538468559
-0.4571382577
-0.3685492438
-0.381638544
-0.5074673628
-0.4572561659
-0.3685730664
-0.3817572817
0.5026855124
0.4772617074
0.5209742615
0.4583783752
0.5230197658
0.4608459039
0.5043917679
0.4390069435
0.4399185269
0.5627716818
0.5829114192
0.591387033
0.5606546446
0.5905408675
0.5635171651
0.5629254849
0.502681472
0.4772601241
0.5209508032
0.4583668204
0.523017753
0.4608432029
0.5043795358
0.4390062443
0.4399173111
0.2428658267
0.293737469
0.1758857036
0.288878926
0.1771672795
0.2403076255
0.164669911
-0.01056296253
0.01702539319
0.1111413437
0.009476519784
0.1127052802
0.1635343251
0.2428634314
0.2937286523
0.175885841
0.2888782249
0.1771643251
0.2403038845
0.1646673109
-0.01056189227
0.01702919959
0.1111472302
0.009468460101
0.112710515
0.1635332291
-0.1175542368
-0.1175275445
-0.4007694091
-0.4007635938
-0.3946066185
-0.3988033506
-0.3892668262
-0.3996629258
-0.3893395368
-0.3910905639
-0.3890773356
-0.3946049876
-0.3987884101
-0.3892440163
-0.3996582996
-0.3893340302
-0.4288587307
-0.3958014369
-0.427836249
-0.398769545
-0.4221771573
-0.4222870946
-0.2633411417
-0.1973188241
-0.2109987865
-0.1949689968
-0.2037859649
-0.1971337075
-0.2645039993
-0.4288650603
-0.3958254109
-0.4278394588
-0.3987765083
-0.4221820136
-0.4223040132
-0.5012577453
-0.4997211869
-0.5576477669
-0.515191901
-0.5630735845
-0.5170437467
-0.5060370606
-0.5558093235
-0.5493465735
-0.5640820865
-0.5409663718
-0.5625154932
-0.5442450695
-0.5548142185
-0.5842676768
-0.5877256898
-0.5012488991
-0.4997001228
-0.5576136281
-0.5151481657
-0.5630618083
-0.5170355729
-0.5060102503
-0.5558006205
-0.549341348
-0.5640588467
-0.5409385026
-0.5625085607
-0.5442382848
-0.5547899026
-0.469309784
-0.4665757874
-0.5436189474
-0.554368253
-0.5794618027
-0.5257798048
-0.5806689932
-0.5267320055
-0.5443206483
-0.5185736393
-0.4672508781
-0.4686832719
-0.4967831221
-0.4678738378
-0.4976984043
-0.5167732104
-0.4693063885
-0.4665716349
-0.5436150085
-0.5543616292
-0.5794415229
-0.5257606959
-0.5806623984
-0.526729016
-0.5443079148
-0.5185672913
-0.467254268
-0.46866458
-0.4967631747
-0.4678685103
-0.4976940912
-0.5167559604
-0.4252296808
-0.4064937617
-0.4183009072
-0.408371448
-0.4181109559
-0.4085438966
-0.4240843452
-0.4333717233
-0.4309249751
-0.4576593757
-0.4291513946
-0.4585408304
-0.4332189737
-0.4252178677
-0.4064811442
-0.4182443448
-0.4083533474
-0.4180970499
-0.4085346727
-0.4240498315
0.4367411902
0.3413735136
0.3979682099
0.3636013523
0.4367151896
0.341407495
0.3978957037
0.4888313522
0.4969377347
0.458507363
0.4711273502
0.4991675533
0.462801547
0.4865626345
0.3743139899
0.2936898154
0.2772163898
0.3277462097
0.3743881591
0.2936636382
0.2771826253
0.4161621978
0.2859652181
0.2625739873
0.3910591993
0.416157089
0.2859287182
0.2625977013
0.3135196522
0.4075362578
0.3727231838
0.3445408147
0.3742260976
0.3455178813
0.3112855305
0.2180064487
0.1734102617
0.1144061126
0.2535773772
0.2179444705
0.1734735074
0.114418562
0.1847835347
0.1280431336
0.128922341
0.09071668421
0.1408429817
0.1433702408
0.08926177449
-0.3994203126
-0.3887406657
-0.396448207
-0.3890098684
-0.3966016648
-0.3880863142
-0.3881219312
0.09120617805
0.1051076152
0.02731873983
0.1497930652
0.09118633895
0.1051129086
0.02731053584
-0.08116505606
0.008628821198
-0.08106016559
0.06142877144
-0.08121083921
0.008613669948
-0.08111362113
-0.3533338381
-0.1208846946
-0.2393294501
-0.1463306134
-0.3531819361
-0.1209400093
-0.2391898889
-0.4208999124
-0.4578454859
-0.4575819904
-0.3969673966
-0.3590639038
-0.3588690922
-0.3973143893
-0.5082510136
-0.4956200497
-0.4959794356
-0.4574539626
-0.4584525213
-0.4586885366
-0.4573026881
-0.4031399427
-0.3803152961
-0.3728659802
-0.443554669
-0.403203564
-0.3802963502
-0.3728431622
-0.3701193938
-0.3957924315
-0.3702138395
-0.2156987926
-0.1074950153
-0.2002940889
-0.1241867871
-0.2156754344
-0.1075148733
-0.2002701256
-0.3175740046
-0.2066934734
-0.2408721696
-0.2479396835
-0.3175711049
-0.2067219438
-0.2408662414
-0.3530576447
-0.253626166
-0.2829176669
-0.3323963905
-0.3530941666
-0.2536355284
-0.2829651076
-0.3566240157
-0.2877904325
-0.3067560904
-0.354728217
-0.3565721031
-0.2877652806
-0.3067673866
0.2403829759
0.2326671877
0.2848973166
0.1800102571
0.2859621717
0.1805143951
0.2398821481
0.3135164245
0.4075286113
0.3727448177
0.3445163198
0.3742289576
0.3455148932
0.3112785843
0.2403816186
0.2326559096
0.2849210177
0.1799859279
0.2859681127
0.1805113338
0.2398796947
-0.2581927396
-0.157149407
-0.1730771708
-0.2357599868
-0.1732224379
-0.235105964
-0.259220173
-0.3802153968
-0.4042670274
-0.4341841486
-0.3280958949
-0.433028322
-0.3286337175
-0.377825764
-0.2582047961
-0.1571751121
-0.1730829101
-0.2358657541
-0.1732285372
-0.2351375052
-0.2592541965
-0.380227593
-0.4042520573
-0.4342065409
-0.328151707
-0.4330300917
-0.3286530175
-0.3778605581
-0.4415341415
-0.4535528211
-0.4673319394
-0.4356320531
-0.4697163586
-0.4355373952
-0.4413721278
-0.4222962999
-0.4061804838
-0.4075627306
-0.4187043525
-0.4075427007
-0.4186418283
-0.4221711011
-0.441512375
-0.453531173
-0.4673257614
-0.435473314
-0.4697070008
-0.4354980025
-0.4413132559
-0.4222802834
-0.4061621784
-0.4074799755
-0.4186540567
-0.407522793
-0.418628428
-0.4221176259
0.5569616865
0.5399946136
0.5411625364
0.5157856549
0.5272099194
0.5285740165
0.5144184529
0.4688360015
0.4421325204
0.4389536056
0.4241124217
0.446561069
0.4414687385
0.4665341412
0.4688640132
0.5089448875
0.5097496958
0.4908862604
0.4559344367
0.4574724238
0.4895729612
0.4888279748
0.4711240162
0.4969299623
0.4584951672
0.4991653497
0.462797702
0.4865524798
0.5569555111
0.5399649275
0.5411577033
0.5157807363
0.5271971363
0.5285695944
0.5143974367
0.4688355123
0.4241092346
0.4421563974
0.4389225798
0.4465626726
0.4414681169
0.4665320433
0.4688658962
0.508926634
0.5097455873
0.4908860884
0.4559337621
0.4574729522
0.4895794071
-0.04537549116
0.05290773474
-0.07213197448
0.05340028379
-0.07131803
0.0189317744
0.01820049783
0.0641838845
0.1086859655
0.04013954727
0.08852011455
0.1126460363
0.04317386494
0.06189803506
-0.07906316607
-0.07791854097
-0.07696635831
0.0006434921873
-0.01489032723
-0.01340281508
-0.0005571370515
0.1847696902
0.1280951258
0.1289336337
0.09071523136
0.1408766347
0.1433790722
0.08927217963
-0.0454071752
0.05293966871
-0.07218455203
0.05340142685
-0.07134621784
0.0189191747
0.01818286578
0.06417408113
0.0885098573
0.108687052
0.0401168362
0.1126429181
0.0431651281
0.06187688147
-0.07907111894
-0.07796807662
-0.07697740787
0.0006307525565
-0.01491527777
-0.01341030086
-0.0005884722435
-0.396139302
-0.3952677029
-0.3954561249
-0.387460212
-0.3872826586
-0.3872089565
-0.3874660593
-0.3994129932
-0.3888118491
-0.3964928053
-0.3890107789
-0.396603101
-0.3880781006
-0.3880957822
-0.396123719
-0.3953985628
-0.3954689013
-0.3874594002
-0.387353369
-0.3872211499
-0.38749492
-0.5000658724
-0.4841382218
-0.484225695
-0.425699458
-0.4467436597
-0.4466902425
-0.4259410209
-0.3476887261
-0.3128504905
-0.3075915968
-0.2748125651
-0.3122645421
-0.3062975852
-0.3481616144
-0.3757525042
-0.3973253223
-0.3334604425
-0.3532653002
-0.3971030858
-0.3325481181
-0.3761187919
-0.4208594626
-0.4578174039
-0.4575766699
-0.3969930905
-0.3586765094
-0.3587847379
-0.3973755197
-0.5000642818
-0.4841302711
-0.4842264961
-0.425709161
-0.4467352412
-0.4466883839
-0.4259601252
-0.3477517879
-0.2748212065
-0.3125468523
-0.3077165107
-0.3122310933
-0.3063438888
-0.3483181199
-0.3757686824
-0.3532678897
-0.3973106046
-0.3334912761
-0.397100601
-0.3325634526
-0.3761537764
-0.4572262512
-0.4766071732
-0.4769453876
-0.4483629847
-0.4373761542
-0.4374625771
-0.4482532189
-0.4162007885
-0.4110474304
-0.3772516579
-0.3682048523
-0.4109947681
-0.3770641108
-0.4162076953
-0.4147160645
-0.4106903985
-0.380751679
-0.3814399601
-0.4107107404
-0.3806162993
-0.4147531766
-0.5082501692
-0.4956268383
-0.4959855702
-0.457477669
-0.4584686109
-0.458694751
-0.4573677528
-0.4572300912
-0.4766395736
-0.4769498841
-0.4483996712
-0.4377044029
-0.4374784184
-0.4484190427
-0.4162408781
-0.3682179202
-0.4110766804
-0.3773303217
-0.4110073377
-0.3770934633
-0.4163151143
-0.4147873164
-0.3814540293
-0.4112652192
-0.3808873707
-0.4107808196
-0.3806540325
-0.4150015527
0.3385231274
0.3009559286
0.3271466138
0.3089612044
0.3385231755
0.3009520138
0.3271380707
0.4077958267
0.3734792127
0.3601094216
0.3717658104
0.4120645948
0.3685369051
0.3687281412
0.3066128665
0.2629710329
0.2812021731
0.2844554151
0.3066061365
0.2628694972
0.2811056019
0.3497588304
0.330698374
0.3104167595
0.3357787552
0.3698293894
0.3196661153
0.3149094097
0.4046124622
0.3966797023
0.4079048669
0.3715407362
0.358701269
0.3671741359
0.3671563911
0.2488931739
0.2161448193
0.2075615259
0.2534491749
0.2489553149
0.2161153136
0.2075694728
0.2303538371
0.2523151285
0.227713162
0.2770443952
0.262288261
0.2416673875
0.2178860953
0.1675703702
0.1476032683
0.1371823405
0.1809188384
0.1675998864
0.1475895341
0.1371857729
0.1550269803
0.11640041
0.1244049903
0.162236991
0.1748374448
0.1407979239
0.1006307716
0.02224754946
0.06856838442
0.02625663967
0.01405122429
0.04229073415
0.05276365476
0.0088396645
-0.1458271347
-0.2132807034
-0.2126655467
-0.1908450077
-0.1355015907
-0.1343474679
-0.1919262006
-0.4441151881
-0.4296755735
-0.4298298319
-0.42787439
-0.4280257773
-0.4174212094
-0.4175404462
-0.3959188717
-0.3877537627
-0.3876161737
-0.3864598627
-0.3918427982
-0.3918621186
-0.3866080959
0.04574219599
0.05453087186
0.03087986744
0.07689524563
0.04574004213
0.05452356333
0.03087961336
-0.0996725286
-0.01349752488
-0.05089223276
-0.003018302212
-0.09971240979
-0.01349716077
-0.0508958169
-0.1266463135
-0.1483280227
-0.1210454659
-0.0931030975
-0.1398567747
-0.08257906955
-0.1348193238
-0.2752052341
-0.2435453115
-0.271920305
-0.2431883375
-0.2271187814
-0.2161865656
-0.2494322965
-0.3427346225
-0.3317040183
-0.3423293482
-0.3123544873
-0.3019560229
-0.3007921727
-0.3130885508
-0.3544419528
-0.3321756372
-0.3555497251
-0.33010989
-0.3551914677
-0.3295033518
-0.3326663405
-0.3131105135
-0.3563731669
-0.313022856
-0.1367125703
-0.09079663688
-0.1176895888
-0.0980678805
-0.1367160457
-0.09080450659
-0.1176873892
-0.2032995329
-0.1490685819
-0.1757737619
-0.1710612542
-0.2033048701
-0.1490705193
-0.1757798574
-0.2486324732
-0.1999979149
-0.218862878
-0.2293508005
-0.2486501088
-0.2000061817
-0.2188707686
-0.2668972154
-0.2325920598
-0.2474368806
-0.2608634548
-0.2669474648
-0.2325976223
-0.2474564511
0.4299374225
0.4462389963
0.4395576216
0.422434215
0.404351049
0.4278772244
0.3986751795
0.3994394101
0.3527680814
0.3460827529
0.3494747398
0.3613296216
0.3861941666
0.359596207
0.4165019297
0.407555906
0.4262086048
0.411618856
0.3722798189
0.3960882024
0.3876535381
0.4077942669
0.3717660707
0.3734764666
0.3601480009
0.412064045
0.3685391705
0.3687350032
0.4462333445
0.4299362665
0.4395525382
0.4224326515
0.4043463363
0.4278744053
0.3986961124
0.3994334721
0.349470231
0.3527511008
0.3461008796
0.361324638
0.3861863577
0.3595834633
0.4075504638
0.4164964608
0.4262071787
0.4116125164
0.372228711
0.3960776306
0.3876196758
0.3843199676
0.3489391941
0.3530950797
0.3471471247
0.3753054408
0.3595490954
0.333815099
0.3196231479
0.3102859486
0.2876887643
0.3186041895
0.3434839643
0.2945370978
0.3144880619
0.3497511248
0.335762069
0.3306456412
0.3104269278
0.3698213799
0.3196583575
0.3148990011
0.384329559
0.3489353582
0.3530915862
0.3471427567
0.3753041172
0.3595456397
0.3338110598
0.3196140617
0.3186045629
0.3103078841
0.2876528315
0.3434829197
0.2945263936
0.3144776609
0.4169609737
0.3636765484
0.3650091966
0.4144176837
0.416221446
0.3723049022
0.370012655
0.3345710444
0.3208736737
0.2886469529
0.3097031574
0.3399742873
0.2976459218
0.3272790738
0.265063735
0.3119357275
0.3138236352
0.3280308888
0.2809025703
0.285262304
0.3247171856
0.3966897685
0.4047066398
0.4079156675
0.3715343159
0.3586936738
0.3671693051
0.3671412452
0.4169574681
0.3636329007
0.3649995056
0.4144608032
0.4162230139
0.3722974483
0.3699916596
0.3345703116
0.3097017421
0.3208894737
0.2886543224
0.3399746388
0.2976491736
0.3272778165
0.2650650685
0.3119315934
0.3138194667
0.3280311677
0.2809267853
0.2852654689
0.3247125728
0.2213335589
0.1770674505
0.1819815488
0.2115849442
0.2405649997
0.2464765405
0.2021904998
0.214594699
0.204811402
0.1411505916
0.1811666329
0.2065002355
0.1933648583
0.1760414565
0.1421588887
0.1258350799
0.1510298238
0.1858242202
0.1319231568
0.1622312569
0.1626501592
0.2303543635
0.2770510932
0.2523399021
0.2277352185
0.2622929079
0.2416682811
0.21788999
0.2213236549
0.1770725966
0.1819840716
0.2115836804
0.2405461285
0.2464731919
0.2021712426
0.21459817
0.181178718
0.2048046606
0.1411969307
0.2065005845
0.1933733587
0.1760493784
0.1258322742
0.1421879574
0.1510321799
0.1858253735
0.1319892946
0.1622407552
0.1626651348
0.1037049911
0.1122056616
0.1082849432
0.07047917373
0.1388585569
0.0851562321
0.09321362023
0.08267998697
0.04137475413
0.05730937188
0.07950650875
0.08566558973
0.06995937171
0.08121514521
0.155022521
0.1622463224
0.1163848466
0.124411695
0.1748519195
0.1408035589
0.1006120952
0.1037058969
0.1122005476
0.1082268703
0.07059845825
0.138873843
0.08520197371
0.09320904306
0.08267678986
0.07950105481
0.04139871963
0.05730072827
0.08567475092
0.06995669757
0.08120925549
-0.08021744433
-0.02531778009
-0.02350407353
-0.03047867065
-0.08071030557
-0.07975820686
-0.03210707763
0.00546122941
0.02158228091
-0.00477394109
0.03687094969
0.04655847212
0.0008397329554
-0.001096410662
-0.03742037587
-0.08051408089
-0.03533232621
-0.07611296757
-0.07899723701
-0.04937556895
-0.03637877716
0.0685591537
0.02222926656
0.02625200718
0.01404514792
0.04231236151
0.05277602516
0.008817058608
-0.08024275112
-0.02533360604
-0.02351141063
-0.03049414706
-0.08079287948
-0.07979064357
-0.03214044144
0.005449272131
0.03685934747
0.02157205121
-0.00479978992
0.04655172561
0.0008311466449
-0.001125055592
-0.03743548624
-0.0761305826
-0.08058772154
-0.03537480871
-0.07902389079
-0.04938635784
-0.03641940644
-0.3527344141
-0.2862320172
-0.2861437053
-0.3066802016
-0.306057585
-0.2503431933
-0.2507298163
-0.1715276794
-0.1268246686
-0.1592037318
-0.1123948627
-0.1234537929
-0.1551365564
-0.173885294
-0.2694474207
-0.2384607818
-0.268692403
-0.2215105238
-0.199632957
-0.19853137
-0.2225106642
-0.1458699939
-0.213424594
-0.2127027214
-0.1908982701
-0.1356522755
-0.1344005266
-0.1921709874
-0.3526691557
-0.2862990175
-0.2861493636
-0.3061606395
-0.3058875426
-0.2503494191
-0.2512502356
-0.1715607378
-0.1124129155
-0.1269357276
-0.1592971345
-0.1234927809
-0.1551476545
-0.1740636439
-0.2384167162
-0.2685173939
-0.2684589153
-0.2214140707
-0.1995017829
-0.1984818319
-0.2224829178
-0.4031628688
-0.4153853892
-0.415491495
-0.4072291127
-0.3971890104
-0.3971496601
-0.4071227558
-0.4055248674
-0.3802628423
-0.4056898062
-0.3996950634
-0.3784364575
-0.378221833
-0.3998204726
-0.3935876151
-0.3870655233
-0.3757314152
-0.3723206767
-0.3869350753
-0.3753915201
-0.3935628971
-0.4440500059
-0.4294520996
-0.4298144398
-0.427575312
-0.427874367
-0.4172809661
-0.4163499906
-0.4031839796
-0.4153009778
-0.4154962738
-0.4072850378
-0.3973169421
-0.3971912634
-0.4071466995
-0.3801989642
-0.4059487674
-0.4056121973
-0.3995368861
-0.3781674366
-0.3781299551
-0.3990901443
-0.3936467996
-0.3723413887
-0.3872220507
-0.3755429208
-0.3869980429
-0.3753656782
-0.3936509262
-0.3800854484
-0.3827739071
-0.3683896617
-0.3695154012
-0.3826090041
-0.3676778292
-0.3802725541
-0.3958911492
-0.3877837584
-0.3876264334
-0.3864524559
-0.3917733246
-0.3918411153
-0.3865574982
-0.380087021
-0.3695454704
-0.3828253775
-0.3684057262
-0.3826250267
-0.3676785083
-0.3802699264
-0.2135687897
-0.173309574
-0.1802885067
-0.1990306974
-0.1810507361
-0.191744763
-0.1599906288
-0.1648503487
-0.2079779166
-0.157112188
-0.1235716585
-0.1478353694
-0.1439273566
-0.1551089363
-0.1266521466
-0.09310862469
-0.1483450229
-0.1210598617
-0.1398504054
-0.08258511494
-0.134833715
-0.2135548822
-0.1732858633
-0.1801750485
-0.1989877449
-0.1810238118
-0.1917295109
-0.159973487
-0.1648371513
-0.1235701963
-0.2079353897
-0.1571082098
-0.1478354507
-0.1439288668
-0.155089803
-0.2984570569
-0.3164678682
-0.296590572
-0.2664834926
-0.287496411
-0.2856122987
-0.2696566925
-0.215890776
-0.2200908772
-0.2124865137
-0.1588510445
-0.1806856752
-0.194212221
-0.2307675317
-0.2403872902
-0.2626316695
-0.2262296261
-0.237319717
-0.2592142316
-0.2187445904
-0.2464646218
-0.2435374841
-0.2752426867
-0.2719361566
-0.2431929665
-0.227064421
-0.2161721052
-0.249435722
-0.3164702769
-0.2984801699
-0.2965986497
-0.2664950487
-0.2875049012
-0.285615856
-0.269694106
-0.2158924767
-0.1588612958
-0.2201044165
-0.2124788217
-0.1806926788
-0.1942111266
-0.2307684109
-0.2403919183
-0.2373213296
-0.2626382338
-0.2262520517
-0.2592171313
-0.2187490501
-0.2464781646
-0.3490786053
-0.3527204698
-0.3487373666
-0.3203848875
-0.3266719687
-0.3261050246
-0.3210247348
-0.2862881018
-0.276246198
-0.2657226146
-0.2514102974
-0.2740524668
-0.2647155366
-0.2878307754
-0.2948841439
-0.3032846076
-0.2739081218
-0.2823328013
-0.301991114
-0.2727917699
-0.296239118
-0.3317148674
-0.3427938942
-0.3423503896
-0.312369113
-0.3019791469
-0.300800508
-0.313137379
-0.3527373474
-0.3491334961
-0.3487584634
-0.3203950941
-0.3267097067
-0.3261208063
-0.3210434188
-0.2862993823
-0.251416476
-0.2762621341
-0.2657686692
-0.2740587519
-0.2647283176
-0.2878623985
-0.2948952537
-0.2823444038
-0.3033365929
-0.2739230249
-0.302004541
-0.2728001154
-0.2962704215
-0.3333070035
-0.3556403917
-0.3387135838
-0.3553285399
-0.3547143343
-0.3380769458
-0.3341338289
-0.3083826595
-0.3076607936
-0.2961635765
-0.2862962407
-0.3057410978
-0.2957444024
-0.3097977603
-0.3544523637
-0.3321702944
-0.3555449284
-0.3301398852
-0.3551532651
-0.32951556
-0.3326593643
-0.333296348
-0.355322947
-0.3555130557
-0.3386902319
-0.3546682916
-0.3380719642
-0.334107083
-0.3084099874
-0.2863014266
-0.3076405124
-0.2962014855
-0.3057462096
-0.2957649458
-0.3098194463
-0.3603721162
-0.3374676469
-0.354416118
-0.3596023075
-0.3359225097
-0.338315021
-0.3395637231
0.262814586
0.226228562
0.2928862703
0.2721549412
0.2668871579
0.2475420763
0.2352708008
0.2928983882
0.2628748314
0.2262848658
0.2721681815
0.2668947908
0.2475540828
0.2353198609
-0.04515887719
-0.1018670815
-0.04981576416
-0.05433377284
-0.03554707723
-0.0461601176
-0.05959563101
-0.0498285349
-0.04519202555
-0.1018937001
-0.05434318553
-0.03555634303
-0.04616839636
-0.05961995716
-0.3544391624
-0.3604222134
-0.3375184456
-0.3596007186
-0.3359194421
-0.3382989268
-0.3395771898
-0.1222221615
-0.1222660822
-0.1216365854
-0.1222432316
-0.122292948
-0.1216637367
-0.4063449211
-0.4077318688
-0.4095631695
-0.4063395856
-0.4077258051
-0.4095573318
0.5942798957
0.5991334969
0.6002270857
0.6164481207
0.6226841332
0.6283487081
0.6119757503
0.6157847842
0.6165224152
0.5979290657
0.6051327341
0.6110203398
-0.3912987518
-0.3914677382
-0.3902782072
-0.2544843005
-0.2580696995
-0.259332033
-0.2512823431
-0.2538505949
-0.2527960156
0.5403855315
0.5447155248
0.5453742438
0.544494761
0.5508820582
0.5559305369
0.5942742232
0.5991278196
0.6002215252
0.616425529
0.6226611074
0.6283252222
0.611968509
0.615777431
0.6165150718
0.5979118083
0.6051151217
0.6110025403
0.5403819042
0.5447119483
0.5453707916
0.544483422
0.5508706426
0.5559191166
0.4432372862
0.4457121787
0.4498060017
-0.375166048
-0.3763755287
-0.3778829967
-0.3751731151
-0.3763818513
-0.3778892168
0.04506485823
0.04947874905
0.05186091279
0.04175960326
0.04619067364
0.04800926391
0.1676555139
0.1658205249
0.1658620839
0.04506479087
0.04947852723
0.05186117299
0.04175644139
0.04618767275
0.04800625464
-0.1219538046
-0.1215050733
-0.1199154592
-0.121960962
-0.1215170885
-0.1199274019
-0.4026503527
-0.4023758174
-0.40083635
-0.4026449775
-0.4023705592
-0.4008311378
-0.389985444
-0.3910749689
-0.3931075109
-0.3953306335
-0.3970841268
-0.3991143547
-0.5827354701
-0.5836309321
-0.5880384053
-0.4365491964
-0.4385923805
-0.4408099014
-0.4744457392
-0.4778529384
-0.4809879981
0.443238775
0.4457132706
0.4498055454
0.3294534954
0.3356385018
0.3397594178
0.1684234427
0.1673344233
0.1685891684
0.3294452572
0.3356319035
0.3397547288
0.1684216044
0.1673330249
0.1685888944
-0.3899765322
-0.3910668403
-0.3930992072
-0.3953265101
-0.3970786555
-0.3991085424
-0.489363647
-0.4962421371
-0.4992601829
-0.489364172
-0.4962449863
-0.4992651605
-0.5827301987
-0.5836255408
-0.5880339839
-0.4815137909
-0.4849994019
-0.4878002327
-0.4815054336
-0.4849898733
-0.4877910236
-0.474408499
-0.4778161681
-0.4809509893
-0.3874126239
-0.3869501354
-0.3857962859
-0.5815387701
-0.5800648808
-0.5799418202
-0.5535964275
-0.556247317
-0.5536909139
-0.5581890732
-0.562917828
-0.5652251888
-0.5502135638
-0.5514716206
-0.5512962121
-0.6088794577
-0.6160567057
-0.622179058
-0.606042365
-0.6108133024
-0.6120934082
-0.5546855315
-0.5580759897
-0.5623450486
-0.4322250198
-0.4325013997
-0.4311900353
-0.4716930794
-0.4732082253
-0.4725315614
0.4408562706
0.4415260702
0.4422114333
0.44085451
0.4415251223
0.4422117707
-0.3713165856
-0.3709880794
-0.3693551351
-0.3713182625
-0.3709897124
-0.3693566838
0.3254589087
0.3305060491
0.3318894169
0.1676590908
0.1658235456
0.1658642388
0.325455865
0.3305033087
0.3318878623
-0.3902433906
-0.3891547368
-0.3907255544
-0.2544905546
-0.258077792
-0.2593406798
-0.2512852255
-0.2538533633
-0.2527989544
-0.3902637093
-0.3891755086
-0.3907481623
-0.3897724062
-0.3870528513
-0.3856033733
-0.4028417154
-0.403979808
-0.4058896974
-0.4279252389
-0.4297992781
-0.4319922665
-0.3999653934
-0.3995391269
-0.3981144393
-0.4245908839
-0.4248042501
-0.4234404136
-0.4365067976
-0.4385491787
-0.4407660474
-0.4322089834
-0.4324854304
-0.4311741049
-0.402823684
-0.4039625092
-0.4058730034
-0.4278811945
-0.4297558575
-0.4319477114
-0.3999598884
-0.3995335847
-0.3981089718
-0.424578252
-0.4247914925
-0.4234274353
-0.3874104415
-0.3869478231
-0.3857935827
-0.3912955563
-0.3914643141
-0.3902746125
-0.3897668383
-0.3870467454
-0.385596102
-0.4849798474
-0.4900631442
-0.4888343566
-0.4849810637
-0.490064768
-0.4888375323
-0.6091356218
-0.6156736168
-0.6160757903
-0.5767944651
-0.580156886
-0.583951231
-0.5719533062
-0.5731366603
-0.5723143415
-0.6112728731
-0.6202369557
-0.6255489813
-0.581534698
-0.5800616802
-0.5799396607
-0.5535850795
-0.5562354439
-0.5536789619
-0.5581582165
-0.5628854424
-0.5651919516
-0.6091267502
-0.6156647264
-0.6160670433
-0.5767723329
-0.5801346336
-0.5839287389
-0.5719459558
-0.5731292685
-0.5723070453
-0.6112479604
-0.6202116914
-0.6255234765
-0.4764350885
-0.4780155189
-0.4769031016
-0.5382439796
-0.5410246415
-0.5412972017
-0.5411827046
-0.5460923086
-0.5506798726
-0.5502093678
-0.5514674805
-0.5512922098
-0.6088613444
-0.6160385603
-0.6221606854
-0.6060363016
-0.61080727
-0.6120873997
-0.5546726006
-0.5580629871
-0.5623320397
-0.4764297184
-0.4780101207
-0.4768980354
-0.5382391767
-0.5410200781
-0.5412928587
-0.5411690982
-0.5460791155
-0.5506669105
-0.4716802475
-0.4731951839
-0.4725184032
)
;

boundaryField
{
    inlet
    {
        type            zeroGradient;
    }
    outlet
    {
        type            fixedValue;
        value           nonuniform 0();
    }
    topAndBottom
    {
        type            symmetry;
    }
    frontAndBack
    {
        type            empty;
    }
    cylinder
    {
        type            zeroGradient;
    }
    procBoundary2to0
    {
        type            processor;
        value           nonuniform List<scalar> 
75
(
0.09194508458
0.09223504725
0.092948166
0.09410848334
0.09571078543
0.09778735809
0.1004062625
0.1036555245
0.1076435486
0.1125106581
0.1184427854
0.125687472
0.1345763915
0.1455611039
0.1592610631
0.1765577307
0.1986460396
0.2274481922
0.2649232623
0.3089616473
0.3636153577
0.4669163158
0.5804769647
0.5804461631
0.5557942357
0.4668921736
0.5557737625
0.5829113672
0.5913992419
0.5905369741
0.5829044511
0.5913762989
0.5905302895
0.4367395888
0.3636018607
0.4367143069
0.4969356853
0.4711255174
0.4991654381
0.5569567449
0.5272066204
0.5285707664
0.4711223988
0.4969281033
0.4991633317
0.5569506917
0.5271941788
0.5285664822
0.3385254794
0.308965317
0.3385273548
0.3734780199
0.3717658706
0.4120644027
0.4462376921
0.4043497742
0.4278766482
0.3717664281
0.3734762357
0.4120642671
0.4462323508
0.4043459784
0.4278742044
0.6164381907
0.6226740995
0.6283385266
0.611966138
0.6157751497
0.6165127437
0.6164157909
0.6226512893
0.6283152679
0.6119590024
0.6157679063
0.6165055113
)
;
    }
    procBoundary2to3
    {
        type            processor;
        value           nonuniform List<scalar> 
103
(
-0.2661677108
-0.2661677108
-0.2661677108
-0.2661677108
-0.2661677108
-0.2661677108
-0.2139119404
-0.1741304772
-0.1423383195
-0.1174692113
-0.09788090076
-0.08226617161
-0.06974911813
-0.05964247258
-0.05143431907
-0.04474155042
-0.03927532471
-0.0348146442
-0.03119185145
-0.02827886933
-0.02597774592
-0.02421459363
-0.02293559353
-0.02210185339
-0.0216900453
-0.3842190294
-0.387989021
-0.3843882086
-0.3890305647
-0.3712093447
-0.3690014829
-0.3712186375
-0.3690034511
-0.391833614
-0.391833614
-0.390993723
-0.390993723
-0.3860565377
-0.3858963983
-0.3842147757
-0.3879773794
-0.3843772564
-0.3890274947
-0.3918306084
-0.3918306084
-0.3909790388
-0.3909790388
-0.3859667721
-0.3858892273
-0.3843818562
-0.3845739926
-0.3833523867
-0.3834011205
-0.3835395374
-0.3840869871
-0.3840430967
-0.3835469305
-0.384487152
-0.3845803721
-0.3833493543
-0.3834268575
-0.3835398372
-0.3840991325
-0.384045283
-0.3835574117
-0.3841371308
-0.3841183516
-0.38250635
-0.3828982505
-0.352117779
-0.352117779
-0.352117779
-0.352117779
-0.3218655212
-0.3520929271
-0.3520929271
-0.3520929271
-0.3520929271
-0.3218081023
-0.3779916135
-0.3664861889
-0.3655322044
-0.3787678814
-0.3842472914
-0.3841405402
-0.3825204132
-0.3829421079
-0.3779963353
-0.3664477333
-0.3655168941
-0.3787823306
-0.3579389406
-0.357895218
-0.3591128939
-0.3579407351
-0.3578970921
-0.3591148617
-0.3551968225
-0.3537154227
-0.3519763057
-0.3551988017
-0.3537175059
-0.3519784889
)
;
    }
}


// ************************************************************************* //
