/*--------------------------------*- C++ -*----------------------------------*\
| =========                 |                                                 |
| \\      /  F ield         | OpenFOAM: The Open Source CFD Toolbox           |
|  \\    /   O peration     | Version:                                        |
|   \\  /    A nd           | Website:  www.openfoam.com                      |
|    \\/     M anipulation  |                                                 |
\*---------------------------------------------------------------------------*/
FoamFile
{
    version     2.0;
    format      ascii;
    class       volScalarField;
    location    "2.2";
    object      p;
}
// * * * * * * * * * * * * * * * * * * * * * * * * * * * * * * * * * * * * * //

dimensions      [0 2 -2 0 0 0 0];


internalField   nonuniform List<scalar> 
2403
(
0.06240386938
0.06225072188
0.06186951856
0.06125540553
0.06042585456
0.05938538389
0.05812705449
0.05664358554
0.0549309208
0.05298690407
0.05080999203
0.04839968777
0.04575942755
0.04289590298
0.03981966851
0.03654845064
0.03310745872
0.02952848981
0.02584936334
0.02211358347
0.01836966087
0.01466985269
0.01106837053
0.007619150379
0.004373483715
0.001378621676
-0.001326285285
0.06260559657
0.06245362623
0.06207447171
0.06146323842
0.06063720386
0.05960053623
0.05834589446
0.05686555463
0.05515499634
0.05321161457
0.05103329186
0.04861749974
0.04596573974
0.04308690465
0.03999141533
0.03669576887
0.03322445701
0.02960938847
0.02588893548
0.02210744093
0.01831463383
0.01456441523
0.01091296965
0.007416211352
0.004127003741
0.001095195183
-0.001638266787
0.06301454908
0.06286421355
0.06248863655
0.06188270924
0.06106314836
0.06003345847
0.0587855721
0.05731094498
0.0556041696
0.05366165771
0.05147978067
0.04905317556
0.04638056233
0.04347093431
0.04033606048
0.03699136756
0.03345947017
0.02977175897
0.02596755529
0.02209307322
0.01820063622
0.01434749542
0.01059385653
0.006999889779
0.003622442939
0.0005165665927
-0.002273319696
0.06362715677
0.06347924931
0.06310918633
0.06251159605
0.06170230181
0.06068380287
0.0594469702
0.05798201106
0.05628197097
0.05434129616
0.05215418252
0.04971392745
0.04701616269
0.04406255094
0.0408667722
0.03744666378
0.03382328752
0.0300258268
0.02609397163
0.02207672432
0.01803061363
0.0140181664
0.01010590009
0.006360869835
0.002846660678
-0.0003736813009
-0.003250215924
0.06444062092
0.06429602886
0.06393373401
0.06334807725
0.06255368099
0.06155166194
0.0603314704
0.05888159603
0.05719289416
0.05525711312
0.0530656314
0.05060985055
0.04788306975
0.04488026169
0.04160583654
0.03808162765
0.03433303719
0.0303864576
0.02628022524
0.02206622369
0.01780684377
0.01357221964
0.009437899905
0.005480926966
0.001774937304
-0.001605539489
-0.004602403179
0.06545154987
0.06531064531
0.06495887707
0.06438963985
0.06361586092
0.06263696287
0.06144073423
0.06001350844
0.05834332246
0.05641853373
0.05422679781
0.05175591618
0.04899562372
0.04593777881
0.04257678384
0.03892401165
0.03501482671
0.03087658976
0.02654557153
0.02207549134
0.01753555505
0.01300633342
0.008576086539
0.004335867978
0.0003735443508
-0.003220396321
-0.006376247136
0.06665512287
0.0665185372
0.06617978097
0.06563253183
0.06488659282
0.06393924631
0.06277639006
0.06138198961
0.05974065058
0.05783657516
0.05565268305
0.0531716593
0.05037818084
0.04725928877
0.04380114518
0.04000438555
0.03590039681
0.03152373362
0.02691222596
0.02212081205
0.01722448531
0.01231636636
0.00750218635
0.002892778997
-0.001403934814
-0.005275464779
-0.008635905924
0.06804304231
0.06791313655
0.06759167611
0.06707166707
0.06636183601
0.06545686278
0.06433970953
0.06299158054
0.06139313414
0.05952388049
0.05736092126
0.0548802213
0.05205908036
0.04887768331
0.04531816725
0.04137243313
0.03704642222
0.03237947394
0.02741873321
0.02222690359
0.01688470879
0.0114974391
0.006192501957
0.001107928617
-0.003620023278
-0.007848258818
-0.01146824022
0.06960528595
0.06948418974
0.06918548552
0.06870132325
0.06803727499
0.06718625694
0.06613027158
0.06484597362
0.06330932177
0.06149443732
0.05937176147
0.05690914755
0.05407462479
0.05083886725
0.04717692762
0.04307176582
0.03851531003
0.03351836519
0.02813384675
0.02244256824
0.01654162979
0.01055005584
0.004620399859
-0.001073696482
-0.006356435142
-0.01104178959
-0.01498935778
0.07132919591
0.07121928019
0.07094924639
0.07051059684
0.06990570386
0.06912466618
0.06814671772
0.06694696035
0.06549671829
0.06376269274
0.06170746089
0.05928943837
0.05646573493
0.05319449554
0.04943826581
0.04516619797
0.04035493617
0.0349951115
0.02912397004
0.02282664411
0.01623047148
0.009477790941
0.002752995727
-0.003723825503
-0.009721913527
-0.01499434491
-0.01935517175
0.07319890074
0.07310289886
0.07286824469
0.07248583074
0.07195472199
0.07126254629
0.07038602107
0.06929648028
0.06796107754
0.06634166027
0.0643905732
0.06205464854
0.05927785253
0.05600250323
0.05217292068
0.04773882622
0.04265819935
0.03690379098
0.03047383667
0.02345624767
0.0160009269
0.008289703465
0.0005498167669
-0.006936997351
-0.01386298403
-0.01989400654
-0.02477833243
0.07519488989
0.07511591068
0.07492407409
0.07460982339
0.07416887888
0.0735866092
0.072837898
0.0718908601
0.070707767
0.06924320346
0.06744203478
0.06523915341
0.06256113485
0.05933088269
0.05546953332
0.05090043383
0.04555356071
0.03936933126
0.03231785475
0.02445873937
0.01594436533
0.007018931316
-0.002028423385
-0.01083150753
-0.01897336931
-0.02599392191
-0.03154688733
0.07729377689
0.07723532334
0.07709428194
0.07686100413
0.07652810031
0.07607918087
0.07548780119
0.07471915215
0.07373233801
0.07247543567
0.07088261902
0.06887625684
0.06636774568
0.06325510336
0.05942947417
0.05477881344
0.04919253616
0.0425712495
0.03484490587
0.0259987265
0.01619024328
0.005717808597
-0.005030881537
-0.01556963318
-0.02532368267
-0.03364709944
-0.04005993681
0.07946809711
0.07943396584
0.07935213621
0.07921327079
0.07900742365
0.0787172063
0.07831559134
0.0777656392
0.07702482962
0.07603637914
0.07472386207
0.07299765094
0.07075027635
0.06785470414
0.064166936
0.05952830623
0.05377222325
0.04673591779
0.03827569753
0.02831028144
0.01694294796
0.004493497308
-0.00849685496
-0.02136119638
-0.03328754402
-0.04334448306
-0.05084946105
0.08168474971
0.08167837541
0.08166375108
0.08163232254
0.08157229942
0.08146639999
0.08128862909
0.08100307682
0.0805654567
0.07991543438
0.07896764319
0.07762382455
0.07575868905
0.07321239319
0.06980535031
0.06532331482
0.05952285862
0.05214733933
0.04295270975
0.03175311687
0.01849885737
0.003525164406
-0.01246546545
-0.02850401444
-0.04340768986
-0.0558096681
-0.06471352638
0.08390792739
0.08393233722
0.08399225555
0.08408122769
0.08418575709
0.08428972158
0.08436894082
0.08439010683
0.08431296265
0.08407758203
0.08359544242
0.08275881421
0.08142644706
0.07940595671
0.07647903131
0.07236384212
0.06672809011
0.05918325128
0.04932643287
0.03677914832
0.02130724154
0.003125145213
-0.01694376651
-0.03742542111
-0.05648564388
-0.07207678004
-0.08281307829
0.08609528877
0.08615258521
0.08629339741
0.08651459838
0.08680053794
0.08713637674
0.08750305784
0.08787626263
0.08822052413
0.08847670013
0.0885587675
0.08836329575
0.08774071486
0.08647565685
0.08430428279
0.08086556927
0.07572118031
0.06830751192
0.05799316068
0.04411168886
0.02610558851
0.003797914331
-0.02187383955
-0.04877599756
-0.07387441024
-0.09383278264
-0.1066819488
0.08820030599
0.08829342574
0.08852007469
0.08888091459
0.08936011169
0.08994639927
0.09062875432
0.09139173599
0.09220897176
0.09303034411
0.09378719593
0.09438388877
0.09466521229
0.09440741835
0.09332802442
0.09100276264
0.08685923528
0.08010255775
0.06979178795
0.05478248534
0.03392984952
0.006370250195
-0.02712953431
-0.06326751773
-0.09731253545
-0.1236551718
-0.1396241826
0.09018138872
0.09031018956
0.09062350208
0.09112614844
0.0918032489
0.09264893487
0.09366308885
0.09484301043
0.09617661545
0.0976308709
0.09915853793
0.1006849366
0.1020710052
0.1031235558
0.1035449239
0.1028645588
0.1004185896
0.09518121036
0.0857632484
0.07025483872
0.04651997059
0.01232858457
-0.03281120829
-0.08293854922
-0.1293865475
-0.1641460251
-0.1827867612
0.09199088673
0.0921544427
0.09255270856
0.09319473769
0.09406693147
0.09517029971
0.09651790963
0.09812284279
0.09999198641
0.1021197575
0.1044905863
0.1070655929
0.1097481494
0.1123996051
0.1147562941
0.1163947917
0.1165887349
0.1141143267
0.1071386522
0.09268429851
0.06678150281
0.02386980907
-0.03796413956
-0.09475311503
-0.1533257852
-0.2019985668
-0.228364974
0.09358736064
0.09377966947
0.09425716211
0.09503036009
0.09608669275
0.09743503537
0.09910213942
0.1011187122
0.1035147574
0.1063185869
0.1095554907
0.1132394653
0.1173527798
0.1218443125
0.1265503831
0.1311830259
0.1351050429
0.1371675503
0.1352332769
0.1253343599
0.100969856
0.05044101257
-0.02035499811
-0.1192836918
-0.2224021398
-0.2704604584
-0.3000088359
-0.3117798125
0.094920251
0.0951417373
0.09568940471
0.09657810644
0.09779786799
0.09936534228
0.1013205999
0.1037125633
0.106595834
0.1100334209
0.1140978362
0.1188693933
0.1244298734
0.1308551703
0.1381728233
0.146340416
0.1550270132
0.163525162
0.1699365567
0.1709211202
0.1445875677
0.09955809005
-0.001261807056
-0.1400663147
-0.3104636965
-0.4157940398
-0.4273163745
-0.4054046745
0.09595670148
0.09620173119
0.09680613149
0.09778841673
0.0991413746
0.1008885591
0.1030818408
0.1057867394
0.1090808142
0.1130598312
0.1178435249
0.1235806285
0.1304546405
0.138691519
0.1485583893
0.1603598084
0.174331423
0.1906170606
0.208460769
0.2260096131
0.2133087906
0.168127235
0.07200547209
-0.1856102704
-0.5714466083
-0.6624857057
-0.5465229784
-0.4690572162
0.09666583739
0.09692762211
0.09757190269
0.09862039569
0.1000678975
0.1019431537
0.1043069707
0.1072376134
0.1108306085
0.1152078236
0.1205275467
0.1269959776
0.134883988
0.1445536643
0.1564899117
0.1713539809
0.1899803518
0.2135774566
0.2430776952
0.2614853033
0.2918393587
0.2831239325
0.2250752657
-0.1470493243
-0.4584946012
0.09702613016
0.09729658349
0.09796193931
0.09904489904
0.100541635
0.1024837881
0.1049369989
0.1079864945
0.1117377495
0.1163272483
0.1219351608
0.12880093
0.1372469804
0.1477178654
0.1608331831
0.1774875361
0.1989081833
0.2270830422
0.2640792712
0.2999490467
0.3404602881
0.4200922033
0.4772624106
-0.4637179793
-0.2288611456
-0.1856580971
-0.4636639587
-0.2288883191
-0.6518862553
-0.571391519
-0.6518420691
-0.5632893902
-0.6624334777
-0.5633002228
-0.4831222439
-0.4757799078
-0.5464796567
-0.4829971823
-0.475613664
-0.03395646988
0.4070370136
0.2250307993
-0.03396150884
0.4070170035
-0.1470577223
-0.469915845
-0.4700126952
-0.4587939393
0.5859594449
0.477282922
0.5859285334
-0.3987418681
-0.4807669133
-0.5871530757
-0.3103675529
-0.3986957497
-0.4806121446
-0.5871202042
-0.4301066604
-0.6007800671
-0.5467133941
-0.4157588273
-0.4300358031
-0.6007366084
-0.5467633309
-0.1018323779
0.1750380136
-0.07017920555
0.07197682402
-0.1018390147
0.1749984696
-0.07021022406
-0.5899602267
-0.575013927
-0.5993448959
-0.6472737704
-0.6013428312
-0.6535132462
-0.5950620318
-0.6583032864
-0.6656586389
-0.6345864047
-0.6984268392
-0.6358697444
-0.7000937657
-0.658985461
-0.4660049042
-0.4690043089
-0.4658301442
-0.1478114841
-0.459164782
-0.4514190782
-0.4653717942
-0.4518199156
-0.4667394273
0.4697781601
0.4686383971
0.5603595487
0.4200335522
0.4698280284
0.4686142692
0.5603390188
0.5059369202
0.4795510483
0.4599262143
0.5247008602
0.4624395909
0.5267994005
0.5076650857
-0.3049106957
-0.2343643538
-0.229447267
-0.2493949181
-0.2315820126
-0.241831964
-0.3061724861
-0.4900551385
-0.4944424048
-0.4501527272
-0.4884446851
-0.4532030119
-0.482888956
-0.3049166941
-0.2343646869
-0.2294548105
-0.2494005202
-0.2315863225
-0.2418381805
-0.3061878095
-0.4900639654
-0.4944432079
-0.4501805192
-0.4884494919
-0.4532112898
-0.4829115645
-0.6577933926
-0.653643415
-0.6363319611
-0.673606572
-0.6400362323
-0.6719621494
-0.6565513342
-0.6721109712
-0.6757931825
-0.5899466841
-0.5749872549
-0.5992836452
-0.6472286184
-0.6013284132
-0.6534975858
-0.595022487
-0.6577787533
-0.6536299616
-0.6362863478
-0.6735642182
-0.6400226608
-0.6719480781
-0.6565114586
-0.6721007208
-0.6757865466
-0.629214257
-0.5629901581
-0.6001449356
-0.5631579728
-0.601445608
-0.5619818531
-0.6267951949
-0.5634569223
-0.5599206028
-0.6582905314
-0.6656415109
-0.6345348321
-0.6983833843
-0.6358544052
-0.7000786558
-0.6589490234
-0.6291986138
-0.5629856102
-0.6000923134
-0.5631175653
-0.6014300622
-0.5619678261
-0.6267531039
-0.5634327789
-0.5599081016
-0.5155057513
-0.5516690835
-0.5108883499
-0.5528675929
-0.5089862821
-0.5156426838
-0.5060700584
-0.4761213259
-0.481476817
-0.4957890971
-0.4811957445
-0.4956686112
-0.5045144842
-0.5154850538
-0.5516123967
-0.5108152322
-0.5528480808
-0.5089619218
-0.5155841542
-0.5060597865
-0.4761060332
-0.4812721257
-0.4956891145
-0.4811766196
-0.4956510401
-0.5044439456
0.1550161767
-0.03266957304
0.09782218433
-0.0005390750724
0.09949029395
-0.007627335303
0.1536461898
0.2356656153
0.1654048231
0.2895076765
0.166895935
0.2845755375
0.233035679
0.1550146434
-0.03267766361
0.09782663948
-0.0005437662682
0.09949251635
-0.007630652826
0.1536441176
0.2356635343
0.1654002322
0.2894993198
0.1668923899
0.2845752061
0.2330312553
-0.1478070006
-0.4689127503
-0.4689211446
-0.4545530116
-0.4521829949
-0.4591958708
-0.4516244583
-0.4654536318
-0.4518448263
-0.4667554342
-0.4546308709
-0.4522078903
0.4398017612
0.440787664
0.5678283938
0.5884495375
0.5655834578
0.5972733462
0.5684904684
0.5964076558
0.567980992
0.5059332498
0.4795499775
0.4599155939
0.5246784941
0.4624373304
0.5267978944
0.5076537314
0.4398018443
0.4407868924
0.5678233414
0.5884426023
0.5655575239
0.5972503076
0.5684861425
0.5964009505
0.5679654323
-0.2158574411
-0.1415585333
-0.2411262492
-0.119293343
-0.2158239992
-0.1415935065
-0.2410744224
-0.2587025969
-0.2764490359
-0.3536277867
-0.2224176384
-0.2586740239
-0.2763589582
-0.353592186
-0.2982244482
-0.3699214656
-0.3905273992
-0.2704440301
-0.2982305337
-0.3698976322
-0.3904594085
-0.3143028527
-0.390505898
-0.3840016661
-0.2999348686
-0.3142635907
-0.3905814714
-0.383942251
0.01871492488
0.1443287869
0.0819373554
0.09955607413
0.01870754455
0.1443456115
0.08191049362
-0.09749384567
0.04973726342
-0.1017015697
-0.001276857424
-0.09755992758
0.04972779936
-0.1017518544
-0.2693244941
-0.1722571436
-0.4030544932
-0.1401332382
-0.2691506548
-0.1724077314
-0.402877371
-0.3939712262
-0.3456533421
-0.3538345623
-0.3086833911
-0.344171016
-0.3531121641
-0.3945553153
-0.477789079
-0.4259086496
-0.4705764614
-0.4153620475
-0.4256429992
-0.4704495316
-0.477871821
-0.4120062911
-0.5305811943
-0.4772215078
-0.4273993439
-0.4119464058
-0.5305411664
-0.4772671674
-0.4667591593
-0.4054731096
-0.4666089448
0.1057502227
0.2499106577
0.2119954021
0.1681762696
0.1057341677
0.2499431991
0.2119360364
0.05049640379
0.02553413256
0.09849663185
0.07754522682
0.02867099713
0.1026388317
0.04813896075
-0.2979835631
-0.1853603011
-0.2720936787
-0.203946628
-0.2713775052
-0.2039943412
-0.2990942163
-0.5297983872
-0.5472163392
-0.5233429442
-0.5623602641
-0.523325329
-0.5655866132
-0.5296509653
-0.4691941822
-0.4652079009
-0.4653826974
-0.4546990849
-0.4547622024
0.2743977554
0.3266692659
0.3737385936
0.2918414893
0.2743635885
0.3266175648
0.3738212313
0.2580251988
0.3907784685
0.4166053265
0.2830827635
0.2580493048
0.3908616999
0.4166016267
0.2342400029
0.226591452
0.1710441274
0.2807650241
0.1716311697
0.2818984018
0.2336504083
0.3979851159
0.3631271406
0.4376879566
0.3405097216
0.3979195479
0.3631137452
0.437662603
0.4706907156
0.4400071542
0.4432329024
0.4247664691
0.4425979993
0.4477757743
0.4683243144
-0.4346206966
-0.4631671196
-0.3752721649
-0.4999649877
-0.3757952728
-0.4987233732
-0.4321250912
-0.2980033684
-0.18538849
-0.2722158304
-0.2039476793
-0.2714145797
-0.2040064224
-0.2991472624
-0.4346360798
-0.463148578
-0.3753336953
-0.499986848
-0.3758165461
-0.4987242789
-0.4321677895
-0.5029745276
-0.4831180625
-0.500224665
-0.4824694553
-0.5002506673
-0.482272037
-0.5029648937
-0.5297773673
-0.5471999622
-0.5232586453
-0.5623564051
-0.5233007718
-0.5655762544
-0.529596836
-0.502960353
-0.4830946056
-0.5002343212
-0.4822998838
-0.5002493114
-0.4822451488
-0.5028993803
0.3100832662
0.4077024831
0.3425076182
0.3716652322
0.3435256918
0.3732490132
0.3077623663
0.2342389725
0.2265801915
0.171029522
0.2807901921
0.171628214
0.2819048258
0.2336497761
0.3100803941
0.4076951826
0.3424845003
0.3716878273
0.3435231629
0.3732523963
0.3077562691
-0.4271662703
-0.3752056527
-0.4533542103
-0.3980437279
-0.3741509874
-0.4530468134
-0.427628727
-0.4812929458
-0.52779
-0.5274680978
-0.4537198921
-0.4085045742
-0.4082267019
-0.454145801
-0.5872079105
-0.5632525883
-0.5633117665
-0.4894496582
-0.5168985236
-0.5167806106
-0.4897683591
-0.3940356325
-0.3086848788
-0.3457764761
-0.3534700364
-0.3442163709
-0.3530663269
-0.3947136575
-0.4271770921
-0.3980309102
-0.3752200399
-0.4532984926
-0.3741601911
-0.4530282854
-0.4276493173
-0.48124256
-0.5277442667
-0.5274557806
-0.4537435782
-0.4080521861
-0.4081241276
-0.4542009031
-0.5871966464
-0.5632270022
-0.5633060828
-0.4894543212
-0.5168545795
-0.5167657324
-0.4897729648
-0.477031238
-0.4298399995
-0.4725136199
-0.4298091203
-0.4296380546
-0.4723722303
-0.4771534509
-0.6016379857
-0.590518565
-0.590981667
-0.5350898261
-0.5335353819
-0.5337398029
-0.53495545
-0.5468774993
-0.5697535238
-0.5702543967
-0.5262618073
-0.5138763795
-0.5138992598
-0.5261594724
-0.4777814788
-0.4153523902
-0.425894182
-0.4705365708
-0.4256379131
-0.4704356396
-0.4778503724
-0.47702383
-0.4297989171
-0.4298348787
-0.4724771577
-0.429630641
-0.4723655533
-0.4771327783
-0.6016229227
-0.5904709302
-0.5909692138
-0.5350795688
-0.533492639
-0.5337247747
-0.534922206
-0.5468819967
-0.5697227383
-0.5702437717
-0.5262576308
-0.5138685773
-0.5138964213
-0.5261561438
-0.1006853356
-0.101610862
-0.1005180015
-0.01819745991
-0.03255340262
-0.03091780198
-0.01943821671
0.1769532647
0.1170384919
0.1179747348
0.07850870343
0.1316016949
0.1342522435
0.07695311006
-0.06864673167
-0.09730890472
0.03706657253
-0.09654164645
0.03753507206
0.001230078645
0.0005526826808
0.050488288
0.07753490669
0.02551382812
0.09849294496
0.02866448244
0.1026357258
0.04811871772
-0.1006920227
-0.1016532059
-0.1005237697
-0.01820764295
-0.03258120666
-0.03092483347
-0.01946996536
0.1769383205
0.1170849921
0.1179881656
0.07850971916
0.1316297461
0.1342604482
0.07696218927
-0.06866570429
-0.09735686472
0.03707762857
-0.09655390179
0.03753975476
0.00121812536
0.0005287616288
-0.4666464093
-0.4633039723
-0.4520762981
-0.4633591281
-0.4521593612
-0.4522494593
-0.4524259661
-0.4691888922
-0.4653617359
-0.4654152345
-0.4547078811
-0.4548131578
-0.4666380325
-0.4634267448
-0.4521044112
-0.4633907103
-0.4521599622
-0.4522535556
-0.4524206576
0.470877802
0.5121599246
0.5129886465
0.4934498441
0.4575084875
0.4590929766
0.4920976157
0.4912093026
0.4600169577
0.4995280474
0.4729529904
0.464419908
0.5018153089
0.48888014
0.5615482386
0.5441046919
0.5453018546
0.5190320554
0.5307697197
0.5321684875
0.5176273162
0.4706910261
0.424764704
0.439978621
0.4432596154
0.4425983781
0.4477784984
0.4683242499
0.4708803764
0.5121428877
0.5129850743
0.4934503262
0.4575098458
0.4590943046
0.4921056849
0.4912064175
0.4729498763
0.4600064402
0.4995206236
0.4644167512
0.5018132516
0.4888712262
0.5615421581
0.5440757519
0.5452974031
0.519027558
0.5307572489
0.5321641861
0.5176072431
-0.122781422
-0.1058641343
-0.1461641647
-0.09471438722
-0.1227782316
-0.1058435247
-0.146168737
-0.1803881146
-0.1811368469
-0.2137683277
-0.1533021916
-0.1803737008
-0.1811149337
-0.2137532275
-0.2196189383
-0.2387782696
-0.2557645589
-0.2019867899
-0.2195916257
-0.2387679007
-0.2557486165
-0.2405529465
-0.2629788524
-0.2612028402
-0.2282922274
-0.2403777913
-0.2629504868
-0.2610788882
0.02530728341
0.07157351273
0.03896986263
0.05043082704
0.02530564112
0.07156764901
0.03896320889
-0.06023618677
-0.01207260768
-0.1153061239
-0.02035797388
-0.06024796685
-0.01208810607
-0.1153593231
-0.2355904234
-0.2293731886
-0.2399851726
-0.1722169888
-0.2099894237
-0.197930874
-0.2516687236
-0.3091075138
-0.2831594412
-0.2990925027
-0.2679511769
-0.2821036171
-0.29667372
-0.3107828546
-0.3230988241
-0.3084372207
-0.3260104463
-0.2983855407
-0.3081813725
-0.3239314906
-0.3246606964
-0.378155126
-0.3117276658
-0.3782279219
0.1331002009
0.1778525772
0.1634431931
0.1445753856
0.1331143378
0.1778577825
0.1634694152
-0.006089971155
-0.01647150907
0.01153257376
0.02813358303
-0.01006542494
0.03663540543
-0.01359868566
-0.196787279
-0.1816393158
-0.1481917092
-0.1309331417
-0.17716471
-0.1445216467
-0.1993916296
-0.4657012743
-0.4272745229
-0.4658417981
-0.4581434527
-0.4234586743
-0.4232747245
-0.4581658335
-0.3982279389
-0.4318056431
-0.4061160073
-0.4019341053
-0.4323072623
0.2037929194
0.2510241215
0.2455449609
0.2132654039
0.2037872615
0.250967734
0.2455937506
0.2101149139
0.1342450981
0.2000164969
0.1763827737
0.1888171942
0.2021831309
0.1700404901
0.2794850638
0.2832704568
0.3053226096
0.2615239964
0.2795066034
0.2832735458
0.3053259433
0.3328566954
0.2856151208
0.3188512045
0.3075792014
0.2949413235
0.3385270212
0.3253017002
0.326175167
0.3080638352
0.3377409906
0.2999527935
0.3261798581
0.3080674764
0.3377430211
0.3995493372
0.3451717775
0.3520766876
0.3486692529
0.3860319297
0.3607553527
0.358965621
-0.180107387
-0.1697114189
-0.2271873622
-0.1368070542
-0.1571734287
-0.1634089391
-0.1717486984
-0.1429744465
-0.1361175678
-0.168099621
-0.1086565728
-0.0957990552
-0.1588013836
-0.1520208326
-0.2384927919
-0.1911234522
-0.2207624474
-0.2028063221
-0.2120156596
-0.2029187867
-0.1796026124
-0.1800859359
-0.1368066192
-0.1697088819
-0.2271289164
-0.1571762974
-0.1634103743
-0.1717184421
-0.1429782925
-0.1086571842
-0.1361297248
-0.1681021987
-0.09580089406
-0.1587862443
-0.1520300414
-0.2384675282
-0.1910921087
-0.2207029089
-0.2026601765
-0.2119937459
-0.2028793089
-0.1795745277
-0.2615432544
-0.242908421
-0.2853395581
-0.2549013838
-0.2347834697
-0.2816277527
-0.2681781565
-0.3065094324
-0.2715297559
-0.3028802494
-0.2682540737
-0.2508015052
-0.2389192695
-0.2750301549
-0.3323705868
-0.3523760274
-0.3302807757
-0.2934936919
-0.3162647138
-0.3141936222
-0.2969710326
-0.2355854359
-0.1722209954
-0.2293482072
-0.239981379
-0.2099798721
-0.1979338258
-0.2516526639
-0.2615401912
-0.2548917021
-0.2429137059
-0.2853225621
-0.2347781851
-0.2816209824
-0.2681736852
-0.2715115364
-0.3065338749
-0.3028910497
-0.2682524414
-0.2507172058
-0.2388948366
-0.2750167169
-0.3523649568
-0.3323754251
-0.3302810318
-0.2934982704
-0.3162467059
-0.3141866687
-0.2969929893
-0.3167499118
-0.2894257642
-0.32415241
-0.2976843878
-0.2881324528
-0.3227609445
-0.3182486174
-0.3810420686
-0.3691454296
-0.3805563365
-0.3421835898
-0.3315601224
-0.3302588622
-0.3430053964
-0.3873523908
-0.3901090159
-0.3869399059
-0.349775714
-0.3550756171
-0.3544398613
-0.3505027706
-0.3091034724
-0.2679452796
-0.283176518
-0.2990788224
-0.2821012033
-0.2966680117
-0.3107777385
-0.3167425589
-0.2976739335
-0.2894022783
-0.3241542976
-0.2881229341
-0.3227527187
-0.3182341931
-0.369138638
-0.3810398581
-0.3805535428
-0.3421784214
-0.3315473304
-0.3302528517
-0.3430082597
-0.3900993437
-0.387324835
-0.3869318926
-0.3497617144
-0.355035451
-0.3544313109
-0.3504576984
-0.390305432
-0.3566643547
-0.3566501769
-0.3892427891
-0.3560253994
-0.388835531
-0.357050169
-0.3551828737
-0.3587452374
-0.3862818531
-0.3830345959
-0.3592562011
-0.3854183069
-0.3558344244
-0.3230889502
-0.2983629969
-0.3084346954
-0.3259463557
-0.308169699
-0.3239144719
-0.3246422575
-0.3903175179
-0.3566554127
-0.3566474731
-0.3892094255
-0.356026093
-0.3888239838
-0.3570287398
-0.3551655654
-0.3830210308
-0.3586895692
-0.3862694818
-0.3592373249
-0.3854072982
-0.3557955382
0.07461786379
0.05012915829
0.03263158067
0.0718089396
0.06254883049
0.07672264847
0.07321046125
0.1495801733
0.1190315699
0.1093770171
0.1571465559
0.1353170936
0.1699145223
0.09383430877
0.09481818374
0.1050547147
0.06107892196
0.1005405427
0.0759844375
0.1321976172
0.0852358879
0.07461431712
0.07180473573
0.05012369475
0.03262425204
0.06254596121
0.0767177893
0.07320218403
0.149575564
0.1571508084
0.1190426067
0.1093841218
0.1353187188
0.1699105521
0.09383445132
0.09481002655
0.105050917
0.06106948466
0.1005300463
0.07598036465
0.1321936488
0.08522926605
-0.05181979921
-0.04938596514
-0.09833776517
-0.09166530124
-0.06217105204
-0.09654129968
-0.05122884763
0.008441438118
0.05707632243
0.01282342048
0.001356213878
0.031403658
0.04211204281
-0.003829642465
-0.1006479804
-0.04172937469
-0.03972614715
-0.04590502943
-0.09999108007
-0.09888905516
-0.04771415523
-0.006101408157
0.02812295078
-0.01649854922
0.01151616804
-0.01007468719
0.03662766049
-0.01362864124
-0.05183856283
-0.09168733545
-0.04943487084
-0.09842569138
-0.06218762181
-0.09657308633
-0.05127945133
0.05707307426
0.008428907638
0.01282044245
0.00134931574
0.03139428342
0.04210798081
-0.003847305369
-0.1006760205
-0.0417517701
-0.039736321
-0.04592397172
-0.1000876069
-0.098926789
-0.04775609364
-0.3048912779
-0.2681933608
-0.303972526
-0.2515800908
-0.2257048634
-0.2243022821
-0.2527538061
-0.1718306426
-0.2458709382
-0.2451713745
-0.2196012028
-0.159201925
-0.1579102462
-0.2208124076
-0.4023333639
-0.3268923927
-0.3267328819
-0.3485188333
-0.3477719979
-0.2852512897
-0.2857278476
-0.1968230138
-0.1309537433
-0.181739612
-0.1483178603
-0.1771743479
-0.1445659096
-0.1995877797
-0.2681393861
-0.3038461483
-0.3037094693
-0.2514739507
-0.2255615719
-0.2242463164
-0.2527328749
-0.1718784558
-0.246033466
-0.2452136489
-0.2196607783
-0.159372767
-0.1579702546
-0.2210876381
-0.4022581495
-0.3269622969
-0.3267371246
-0.3479244121
-0.3475764125
-0.2852547679
-0.2863058388
-0.4491912744
-0.4179163705
-0.4397107433
-0.4118856077
-0.4177023028
-0.4397756265
-0.449166519
-0.5311100666
-0.5128262877
-0.5131508377
-0.5021629704
-0.5024561019
-0.4895472425
-0.4894135409
-0.4774055611
-0.4937202557
-0.4940453588
-0.4756826243
-0.4624596368
-0.4625576666
-0.4756250501
-0.4272887822
-0.4658016612
-0.4658552821
-0.4581256094
-0.4234233709
-0.4232614818
-0.4581163794
-0.4491787444
-0.4118749884
-0.417896195
-0.4397113478
-0.4176894581
-0.4397757702
-0.4491322715
-0.5310967097
-0.5127519405
-0.513129336
-0.5021999712
-0.5024548366
-0.4895337296
-0.4893713204
-0.4774122058
-0.4937282265
-0.494037736
-0.4756745984
-0.4624948338
-0.4625616573
-0.4755925444
-0.4669485657
-0.4537993178
-0.4541250964
-0.4061303699
-0.4318422142
-0.432313009
-0.46691897
-0.4537532641
-0.454113014
0.1340454958
0.1175745682
0.1433004446
0.1799180003
0.1244961088
0.1559264677
0.1558086794
0.226045276
0.2234107652
0.248298738
0.2741984473
0.2381878225
0.2586679866
0.212954071
0.2154916518
0.169835563
0.1749946262
0.2061750244
0.235797917
0.2419604329
0.1963599543
0.2101133109
0.1763845205
0.1342664313
0.1999986163
0.1888136901
0.2021758163
0.17003664
0.1175705124
0.134076765
0.1433053611
0.1799157187
0.1245028218
0.155922832
0.1558108115
0.2260424846
0.2742014522
0.2234222517
0.2483189045
0.2381837214
0.2586705227
0.2129504786
0.2154813194
0.1698461414
0.1749970769
0.2061711686
0.2357771493
0.2419557529
0.1963370778
0.3181229866
0.2854180847
0.3080660842
0.3168121696
0.2924423926
0.3421273547
0.3126580541
0.3488902988
0.3090220648
0.3294886569
0.3347330611
0.3182863874
0.3693624833
0.3134264934
0.3840146272
0.348159576
0.3458358146
0.3521930835
0.3585863456
0.3749436619
0.3324353408
0.3181213176
0.3168142902
0.2853842515
0.3080953375
0.2924365353
0.3421317447
0.3126547137
0.3488897233
0.3347271345
0.3090347214
0.3294469748
0.3182866663
0.3693618046
0.3134252206
0.3840275361
0.3481585849
0.345841576
0.3521963861
0.3585865524
0.3749463359
0.3324372308
0.2606261602
0.3090274619
0.310999214
0.3258951563
0.2773262291
0.2818578641
0.3224527438
0.4047549423
0.3966412924
0.4081480552
0.3708108062
0.3576522675
0.3663720426
0.3662780413
0.4174405972
0.3624466884
0.3638349542
0.4148147981
0.4166783384
0.3714759095
0.3691004531
0.3328568749
0.3075775298
0.2856217417
0.3188630883
0.2949446359
0.3385280818
0.3253013355
0.2606276994
0.3090241061
0.3109952583
0.3258960311
0.2773501231
0.2818610344
0.3224494054
0.3966527729
0.4048512977
0.4081598194
0.3708051708
0.3576451584
0.366367815
0.3662642827
0.4174376237
0.3624043751
0.3638256771
0.4148597003
0.416680705
0.3714691163
0.3690809955
0.4169687186
0.4078256271
0.4269158564
0.4120104389
0.3717966502
0.3961455318
0.3875146506
0.4080698706
0.3595584067
0.3731317796
0.3713836329
0.3680969933
0.4124249061
0.3682837121
0.4307229812
0.4474138531
0.4405754273
0.4230562476
0.4045836424
0.4286181067
0.3987815671
0.3995459947
0.348674053
0.3452007856
0.3520685041
0.3860292765
0.3607552997
0.358959237
0.4078224348
0.4169672228
0.4269160329
0.4120064046
0.3717546435
0.3961384415
0.3874859552
0.4080695168
0.3713842401
0.3595998848
0.3731299628
0.3681005466
0.4124247716
0.3682936153
0.4474084776
0.4307239288
0.4405711279
0.423055826
0.4045797945
0.4286156483
0.3988051831
-0.1156432809
-0.05808386027
-0.06287401346
-0.04729035561
-0.06645509555
-0.05747706393
-0.07061467743
-0.06288988276
-0.1156788108
-0.05812622095
-0.04730178693
-0.06646813286
-0.05748843175
-0.07064720022
-0.3508391455
-0.3770297818
-0.3515218375
-0.377040104
-0.3508846988
-0.3515150248
0.2224600868
0.2601258106
0.290612438
0.2640270378
0.2696204432
0.2444113473
0.2321453436
0.2906174724
0.2225013971
0.2601711086
0.2640266702
0.2696177551
0.2444080708
0.2321750975
-0.1513646941
-0.1511825997
-0.1504810223
-0.1513825549
-0.151202091
-0.1505009317
-0.4771602697
-0.4791571392
-0.4814382825
-0.4772203722
-0.4792138568
-0.4814971234
-0.646110015
-0.6480201255
-0.6446075065
-0.6509403084
-0.6553796881
-0.6576111602
-0.663620192
-0.6646028166
-0.6641225659
-0.7324471723
-0.7406271489
-0.7476857058
-0.7292317627
-0.7345215052
-0.7357547678
-0.6688582668
-0.6724055028
-0.6772849772
-0.1509831394
-0.1501970217
-0.1483194359
-0.4721180353
-0.4737399823
-0.4761162747
-0.4690150259
-0.4687953601
-0.4673028433
0.5445379363
0.5489940138
0.5497213705
0.5486551945
0.5551818979
0.5603320862
-0.4275792216
-0.4291790905
-0.430921533
-0.2944766916
-0.2978542553
-0.299107398
-0.2903610193
-0.2927885844
-0.2913671527
-0.4449994531
-0.443715169
-0.4452475382
-0.4442826091
-0.4412134378
-0.4392389378
-0.7172884716
-0.7241459604
-0.7240879828
-0.6861561081
-0.6893751897
-0.6933523838
-0.6805558988
-0.6811980288
-0.6796530021
-0.7197517142
-0.7294667361
-0.7352069309
-0.6460937107
-0.6480031078
-0.6445904686
-0.6508965459
-0.6553338024
-0.6575643346
-0.7172730397
-0.7241304302
-0.7240726372
-0.6861141058
-0.6893328691
-0.6933097037
-0.6805408102
-0.6811828341
-0.6796379813
-0.719709983
-0.7294243543
-0.7351641443
-0.651614643
-0.6548142366
-0.6551274279
-0.6549585538
-0.6607217709
-0.6662519447
-0.6636061895
-0.6645886887
-0.6641085488
-0.7324046872
-0.7405841906
-0.7476422014
-0.7292165394
-0.7345061651
-0.735739397
-0.668819302
-0.672365824
-0.6772448637
-0.6515997352
-0.6547994058
-0.6551128085
-0.6549181565
-0.6606812458
-0.6662112313
-0.5794442706
-0.5838570925
-0.5872129227
-0.510280795
-0.5129533921
-0.5157841443
-0.5064204566
-0.5071011247
-0.5057174325
-0.5197351639
-0.5227492324
-0.5255532889
-0.5101956302
-0.5128661426
-0.5156919517
-0.5063979964
-0.5070774609
-0.5056925447
0.1572816871
0.1554686544
0.1556224338
0.02758901193
0.03214281863
0.0346637764
0.02464839737
0.02928409529
0.03138889858
-0.1509881791
-0.1502035357
-0.1483260098
-0.4729132668
-0.4729560864
-0.4713059681
-0.4729189805
-0.4729614429
-0.4713110342
0.6001008621
0.605081943
0.606235082
0.6228713133
0.6292300038
0.6349903352
0.6183737374
0.6222815927
0.62306365
0.6037551286
0.6111076878
0.6171018187
0.5445347671
0.548990906
0.5497183848
0.548644898
0.5551715542
0.5603217613
0.6000954679
0.6050765433
0.6062297916
0.6228488296
0.6292071018
0.6349669806
0.6183665843
0.6222743356
0.6230563956
0.6037385482
0.6110907646
0.6170847157
-0.4276063907
-0.4292050403
-0.430947006
-0.5593508711
-0.5663517518
-0.5694531567
-0.4449765614
-0.4436913224
-0.4452218967
-0.5593493654
-0.5663532933
-0.5694572318
-0.6706414061
-0.6715445761
-0.6762431682
-0.6706313721
-0.6715344199
-0.6762342139
-0.5794720892
-0.5838859116
-0.5872414617
-0.5719913816
-0.576278803
-0.5802925215
-0.571944645
-0.5762340643
-0.5802482878
0.1577953262
0.156681721
0.1579604087
0.3259068353
0.3322551198
0.3365036061
0.1577896765
0.1566767356
0.1579565988
0.3258986774
0.332248629
0.3364991515
-0.4608221043
-0.4632744712
-0.4658457272
-0.4524225066
-0.4539081759
-0.4564829637
-0.4524529512
-0.4539395327
-0.4565139038
0.4441694631
0.4467052877
0.4508836636
0.4441687588
0.4467050246
0.4508850248
-0.2944702011
-0.2978470257
-0.2990997955
0.02759591522
0.03215014746
0.03467116785
-0.2903560731
-0.292783671
-0.2913620036
0.02465155672
0.02928750623
0.0313923308
-0.5198089928
-0.5228241014
-0.5256292779
-0.5148582094
-0.5157367607
-0.5143349458
-0.4231869053
-0.4230015172
-0.4211674184
-0.5546446835
-0.5595684524
-0.5577999971
-0.4442755435
-0.4412056638
-0.4392297922
-0.5546458191
-0.5595703185
-0.5578034576
-0.669155198
-0.6673474361
-0.666809886
-0.6691490605
-0.6673423177
-0.6668059938
-0.5733145408
-0.5754529206
-0.5740719022
-0.5733014054
-0.5754399208
-0.5740592937
-0.5688405782
-0.5708621347
-0.5703033229
-0.5688251658
-0.5708470289
-0.5702883009
-0.5148335323
-0.5157121858
-0.5143105565
0.3219561078
0.3271887405
0.328723167
0.157277893
0.1554655537
0.1556203147
0.3219533732
0.327186351
0.3287220019
-0.4721865845
-0.4738117958
-0.476192242
-0.4690338137
-0.4688147859
-0.4673227072
-0.4608968078
-0.4633483674
-0.4659200738
-0.4561956307
-0.4568109179
-0.4556463836
-0.4561716735
-0.4567873427
-0.4556232104
-0.4497061224
-0.4493750479
-0.4483172902
-0.4497187955
-0.4493874547
-0.4483289554
0.441843189
0.4425715012
0.4433370954
0.4418418422
0.4425709891
0.4433379103
-0.4231960472
-0.4230103821
-0.4211759131
)
;

boundaryField
{
    inlet
    {
        type            zeroGradient;
    }
    outlet
    {
        type            fixedValue;
        value           nonuniform 0();
    }
    topAndBottom
    {
        type            symmetry;
    }
    frontAndBack
    {
        type            empty;
    }
    cylinder
    {
        type            zeroGradient;
    }
    procBoundary0to1
    {
        type            processor;
        value           nonuniform List<scalar> 
116
(
-0.003712096198
-0.004042556689
-0.004713621981
-0.005745475878
-0.007172815671
-0.009043680808
-0.01142460721
-0.01440506159
-0.01810467914
-0.02268286965
-0.02835577559
-0.03541838505
-0.04429440053
-0.05546412689
-0.06964890347
-0.08819018156
-0.1119307827
-0.1449892194
-0.1867510316
-0.2463055244
-0.2463055244
-0.2463055244
-0.2463055244
-0.2463055244
-0.2463055244
-0.3119585202
-0.3545243085
-0.3543428232
-0.457230964
-0.4573537191
-0.4551046205
-0.4551046205
-0.4539020439
-0.4480436339
-0.4539020439
-0.4479297245
-0.4219256882
-0.4191771328
-0.4439011461
-0.4442612225
-0.4494386986
-0.4510748322
-0.4551216066
-0.4551216066
-0.4539767316
-0.44805787
-0.4539767316
-0.447942224
-0.4439184975
-0.4443098375
-0.4494647074
-0.4510863821
-0.4219554893
-0.4191867132
-0.4554326206
-0.3982379254
-0.4555004536
-0.4573652927
-0.4573652927
-0.4517197648
-0.457230964
-0.4516256778
-0.4470903908
-0.4472338878
-0.4485073749
-0.4485186875
-0.4573948147
-0.4573948147
-0.4517272235
-0.4573537191
-0.4516493132
-0.447259436
-0.4472514506
-0.4485169327
-0.448573854
-0.373260844
-0.3119177526
-0.3545068076
-0.3543537899
-0.3733001788
-0.4262575983
-0.4262575983
-0.42485892
-0.3901841367
-0.373260844
-0.42485892
-0.3978665377
-0.4019370138
-0.3727506821
-0.4556424644
-0.4454167524
-0.4449550456
-0.4262652455
-0.4019370138
-0.4248792476
-0.4556689649
-0.4454302269
-0.4449636734
-0.3543428232
-0.3727506821
-0.3545243085
-0.3727427631
-0.3543537899
-0.3545068076
-0.3963559542
-0.3960061553
-0.3972654264
-0.3963612075
-0.3960109695
-0.3972699069
-0.393406114
-0.3914607052
-0.3894623793
-0.3934096194
-0.3914640724
-0.3894656857
)
;
    }
    procBoundary0to2
    {
        type            processor;
        value           nonuniform List<scalar> 
75
(
0.0970263957
0.09729650424
0.09796187234
0.09904486575
0.1005415558
0.102483626
0.1049367172
0.1079860377
0.1117370403
0.1163261805
0.121933585
0.1287986374
0.1372437138
0.1477134659
0.1608281595
0.1774851342
0.1989184892
0.2271197834
0.2641061485
0.3080602861
0.3631270537
0.4686397137
0.5859649976
0.5859339157
0.5603631674
0.4686149958
0.5603423662
0.5884550827
0.5972821175
0.5964162676
0.5884480479
0.5972590141
0.5964094878
0.4376889314
0.3631127224
0.4376628088
0.4995295761
0.4729540988
0.5018166988
0.561551876
0.5307718146
0.5321705664
0.4729507478
0.4995217294
0.5018144795
0.5615456806
0.5307590572
0.5321661471
0.3377381754
0.3080624162
0.3377379815
0.3731324194
0.3713831921
0.4124245648
0.4474144843
0.404584302
0.4286180557
0.3713833956
0.3731295801
0.4124239983
0.4474087847
0.4045794993
0.4286152111
0.6228789224
0.6292376442
0.6349980627
0.6183810466
0.622288865
0.6230709218
0.6228562729
0.6292145548
0.6349745088
0.6183737977
0.6222815067
0.6230635649
)
;
    }
}


// ************************************************************************* //
