/*--------------------------------*- C++ -*----------------------------------*\
| =========                 |                                                 |
| \\      /  F ield         | OpenFOAM: The Open Source CFD Toolbox           |
|  \\    /   O peration     | Version:                                        |
|   \\  /    A nd           | Website:  www.openfoam.com                      |
|    \\/     M anipulation  |                                                 |
\*---------------------------------------------------------------------------*/
FoamFile
{
    version     2.0;
    format      ascii;
    class       surfaceScalarField;
    location    "4.6";
    object      phi;
}
// * * * * * * * * * * * * * * * * * * * * * * * * * * * * * * * * * * * * * //

dimensions      [0 3 -1 0 0 0 0];
oriented        oriented;


internalField   nonuniform List<scalar> 
5126
(
0.0001187491305
-7.034797251e-08
7.190948366e-05
-0.000190562593
0.0003866061041
5.327481613e-05
-1.510251692e-06
-0.0004383144817
0.0005336968901
-0.002279876318
0.0001194053627
1.621407707e-09
0.0005111665414
0.0005701281095
0.0005456897782
-0.007717667932
-0.0007138823787
0.002286132421
0.001929915287
0.00228612472
0.001929946222
-0.006107089451
-0.001610261039
-0.003806853225
-0.002300277669
-0.001089168276
-0.00271803642
0.001763636079
-0.00285335335
0.004533190712
-0.002770180062
0.007075616715
-0.0025430137
0.009322710725
-0.002247587976
0.01126022899
-0.001937894239
0.01290453911
-0.00164455704
0.01428625092
-0.001381847435
0.01544019301
-0.001153996498
0.01639960446
-0.0009594151048
0.01719339209
-0.0007937547015
0.01784358031
-0.0006501394674
0.0183691728
-0.0005255416095
0.01878475492
-0.0004155383493
0.01910348304
-0.0003186936184
0.01933896254
-0.0002354526319
0.01950618732
-0.0001672030728
0.01962118127
-0.0001149753802
0.01969958401
-7.838593616e-05
0.01975491713
-5.531787621e-05
0.01979733146
-4.240095466e-05
0.01983328017
-3.593729076e-05
0.01986605613
-3.276609779e-05
0.01989679081
-3.07257246e-05
0.01992547618
-2.867660832e-05
0.01995173107
-2.624584962e-05
0.01997523738
-2.349678031e-05
0.01999590443
-2.065711199e-05
0.02001386543
-1.795082817e-05
0.02002939906
-1.552368413e-05
0.0200406504
-1.124161975e-05
0.02004881875
-8.158795396e-06
0.02005543939
-6.611560659e-06
0.02006073665
-5.288629105e-06
0.02006488877
-4.144023029e-06
0.02006804154
-3.145284022e-06
0.02007031897
-2.270551206e-06
0.02007182941
-1.504131397e-06
0.02007266831
-8.330825058e-07
0.02007291941
-2.457148759e-07
0.02007265593
2.684888386e-07
0.02007194146
7.191457398e-07
0.02007083144
1.114402032e-06
0.02006937419
1.461354931e-06
0.02006761191
1.766144361e-06
0.02006558163
2.033906079e-06
0.02006331581
2.269249058e-06
0.02006084285
2.476196389e-06
0.02005818776
2.65817216e-06
0.02005537246
2.81822896e-06
0.02005241625
2.958993161e-06
0.02004933613
3.08278814e-06
0.02004614704
3.191628706e-06
0.02004286217
3.2872783e-06
0.02003949316
3.37130953e-06
0.02003605028
3.445063013e-06
0.0200325426
3.509750054e-06
0.02002897819
3.566391213e-06
0.02002536417
3.615902866e-06
0.02002170691
3.659084098e-06
0.02001801206
3.696596948e-06
0.02001428468
3.729071342e-06
0.0200105294
3.756915137e-06
0.0200067488
3.782180837e-06
0.02000293647
3.813850203e-06
3.809127064e-06
7.71525735e-05
-0.0002204298475
4.766821063e-08
0.0002362736857
-9.304407974e-05
-0.0001876540424
0.0001547615871
-4.742017986e-07
-0.0001744243745
0.0002077910313
0.0001827842094
-0.0002830251707
-0.0005284031634
0.0002396854303
-2.496638093e-09
9.743973628e-05
0.0001896511566
0.0001018702988
0.00066370888
-0.001394627082
0.0003852735609
-0.0003766940853
0.0003853250553
-0.000376868689
0.00196833373
-0.002914885893
0.003745991124
-0.004077935075
0.005725201818
-0.004697247125
0.007725556306
-0.00485370784
0.009605994132
-0.004650617897
0.01129374124
-0.004230760811
0.01276069191
-0.003714538636
0.01400781418
-0.003185016501
0.01505301601
-0.002689758875
0.01592173149
-0.002250562917
0.01664089736
-0.001873162376
0.0172357661
-0.001554283837
0.01772821157
-0.001286200181
0.01813770591
-0.001059633816
0.01847788096
-0.0008657166602
0.01875982959
-0.0006974869704
0.01899188877
-0.0005507527895
0.01918060088
-0.0004241647286
0.01933170985
-0.000318312042
0.01945087839
-0.0002341439128
0.01954434074
-0.0001718482885
0.0196164549
-0.0001274320257
0.01967355677
-9.950282335e-05
0.01972000156
-8.238208263e-05
0.01975900575
-7.177029045e-05
0.01979268517
-6.440514406e-05
0.01982227897
-5.82704054e-05
0.01984844846
-5.241533971e-05
0.01987155249
-4.660080942e-05
0.01989184321
-4.094783095e-05
0.01990956895
-3.567656434e-05
0.0199246906
-3.064533277e-05
0.01993609395
-2.264496479e-05
0.01994701201
-1.907685081e-05
0.01995643245
-1.603200308e-05
0.01996456179
-1.341796444e-05
0.01997157178
-1.115400368e-05
0.01997760618
-9.179680633e-06
0.01998278758
-7.451948816e-06
0.01998722225
-5.938796503e-06
0.01999100303
-4.613850292e-06
0.01999421111
-3.453793927e-06
0.01999691728
-2.437670253e-06
0.01999918334
-1.546917562e-06
0.02000106315
-7.654028907e-07
0.02000260399
-7.947776693e-08
0.02000384662
5.235184538e-07
0.02000482732
1.053204035e-06
0.02000557773
1.518846272e-06
0.02000612549
1.928431517e-06
0.02000649508
2.288593903e-06
0.02000670789
2.605412414e-06
0.02000678279
2.884094803e-06
0.02000673638
3.129209708e-06
0.02000658325
3.344758702e-06
0.0200063363
3.534231292e-06
0.02000600689
3.700713718e-06
0.02000560509
3.846862109e-06
0.02000513978
3.975065877e-06
0.02000461883
4.087338113e-06
0.02000404924
4.185489628e-06
0.02000343724
4.271082805e-06
0.02000278837
4.345469346e-06
0.02000210758
4.409858756e-06
0.02000139939
4.465107624e-06
0.02000066866
4.512906021e-06
0.01999993085
4.551659581e-06
4.597415747e-06
-0.0001029910747
-0.0001886842032
-1.668518497e-07
0.0001477291658
0.0001441129643
-0.0001937799441
-0.0002463641361
0.00028350652
0.0001574368077
-7.992476724e-07
0.01004056517
-0.0007486769026
-0.0002407004012
1.973692721e-05
-0.0002410337955
2.016115834e-05
-0.001803575229
-0.002621353082
-0.00180365371
-0.002621470134
0.01109815505
-0.002452216981
0.01205682382
-0.003873554661
0.01298518304
-0.005006294295
0.01384313379
-0.005555197869
0.01463769714
-0.005648271203
0.01534146362
-0.005354384376
0.01596050169
-0.004849798881
0.01649796337
-0.004252000302
0.01696120054
-0.003648253674
0.0173579944
-0.003086552733
0.01769634802
-0.002588916537
0.01798395317
-0.002160767523
0.01822816667
-0.001798497328
0.01843624959
-0.001494283105
0.01861551668
-0.001238900912
0.01877312529
-0.001023325272
0.01891540052
-0.0008397621988
0.01904700067
-0.0006823529304
0.01917029504
-0.0005474591012
0.01928534459
-0.0004333615918
0.01939059218
-0.0003393915061
0.01948358945
-0.0002648455525
0.01956433359
-0.0002081761623
0.01963160726
-0.0001667764969
0.01968654656
-0.0001373213877
0.01973114784
-0.000116371569
0.01976766871
-0.0001009260108
0.01979813724
-8.873892913e-05
0.0198241008
-7.837890512e-05
0.01984705993
-6.955993208e-05
0.01986629651
-6.018440796e-05
0.01988317001
-5.255006358e-05
0.0198960505
-4.352581849e-05
0.01990898946
-3.55839155e-05
0.01992030677
-3.039415796e-05
0.01993020365
-2.592887613e-05
0.01993886293
-2.207724182e-05
0.01994644572
-1.87367967e-05
0.01995309111
-1.582506883e-05
0.01995891842
-1.32792529e-05
0.01996403017
-1.105054732e-05
0.01996851506
-9.098737297e-06
0.01997245032
-7.389046821e-06
0.01997590334
-5.890691049e-06
0.01997893308
-4.576652557e-06
0.01998159109
-3.423409836e-06
0.01998392229
-2.410672882e-06
0.01998596652
-1.520708939e-06
0.01998775823
-7.385037967e-07
0.01998932806
-5.098116296e-08
0.01999070225
5.542463261e-07
0.01999190455
1.086304837e-06
0.01999295547
1.554490151e-06
0.01999387325
1.966321333e-06
0.01999467385
2.328615865e-06
0.01999537135
2.647253487e-06
0.01999597819
2.927397811e-06
0.01999650534
3.173560649e-06
0.01999696249
3.38970991e-06
0.01999735825
3.579311327e-06
0.01999770021
3.745374773e-06
0.01999799513
3.890565896e-06
0.01999824903
4.017184458e-06
0.01999846725
4.12724921e-06
0.01999865459
4.222517802e-06
0.01999881542
4.30427997e-06
0.01999895329
4.375033818e-06
0.01999907529
4.429655043e-06
4.50286846e-06
-5.300254286e-05
-0.0007923927088
-1.127169142e-07
0.0007910845384
5.442342815e-05
-0.0008697256361
-0.0002568758157
0.004026105716
2.227188187e-05
2.693205226e-08
-0.00102797374
-0.0008687724453
-0.001025056904
0.01999753116
-0.00146378066
-0.00428375544
-0.005357776818
-0.004283133015
-0.005357762138
0.0203653258
-0.002820011621
0.02050966232
-0.004017891176
0.02034469467
-0.004841326641
0.01998249226
-0.00519299548
0.01963361417
-0.00529939312
0.01931257987
-0.005033350069
0.01908135763
-0.004618576635
0.01892260776
-0.004093250438
0.01883230244
-0.003557948349
0.01879539541
-0.003049645696
0.01879853893
-0.002592060054
0.01882907445
-0.002191303037
0.01887659942
-0.001846022298
0.01893345239
-0.001551136075
0.01899495514
-0.001300403663
0.01905921642
-0.001087586542
0.01912640366
-0.0009069494376
0.01919754315
-0.000753492432
0.0192731759
-0.0006230918461
0.01935237709
-0.0005125627847
0.01943255718
-0.0004195715946
0.01951008718
-0.0003423755558
0.01958138311
-0.0002794720891
0.01964389953
-0.0002292929156
0.01969662387
-0.000190045729
0.01973998111
-0.0001597288145
0.01977533534
-0.0001362802331
0.01980438751
-0.0001177911002
0.01982870837
-0.0001026997654
0.01984904657
-8.989813197e-05
0.01986758271
-7.872053711e-05
0.01988386984
-6.883719791e-05
0.0198988673
-5.852326964e-05
0.01991107222
-4.778883297e-05
0.01992179014
-4.111207174e-05
0.01993119212
-3.533085082e-05
0.01993943865
-3.032376918e-05
0.01994667617
-2.597431158e-05
0.01995303388
-2.21827785e-05
0.01995862338
-1.886874774e-05
0.01996354052
-1.596768873e-05
0.01996786805
-1.342625651e-05
0.01997167786
-1.119885274e-05
0.01997503287
-9.245703847e-06
0.01997798825
-7.532029022e-06
0.01998059236
-6.02751673e-06
0.01998288759
-4.705899292e-06
0.01998491119
-3.544308341e-06
0.01998669572
-2.523032969e-06
0.0199882696
-1.624853365e-06
0.01998965848
-8.346322257e-07
0.01999088439
-1.395986011e-07
0.01999196659
4.722902771e-07
0.01999292239
1.010529848e-06
0.01999376693
1.484075463e-06
0.01999451355
1.900639772e-06
0.01999517402
2.266925493e-06
0.01999575875
2.588829186e-06
0.01999627694
2.871518411e-06
0.01999673677
3.119483244e-06
0.01999714544
3.336699744e-06
0.01999750937
3.526634001e-06
0.01999783427
3.692284655e-06
0.01999812524
3.836283685e-06
0.01999838682
3.960937141e-06
0.01999862313
4.067966383e-06
0.01999883763
4.160537051e-06
0.01999903523
4.232055908e-06
4.327889365e-06
-7.571909382e-05
-0.006611056153
0.006504822284
0.0003825810475
6.072626572e-08
-6.480164399e-05
-7.361928395e-05
-6.226788374e-05
0.02621813148
5.338511817e-05
-2.534171451e-05
0.0001092846615
-2.566809963e-05
0.0001090964925
-0.006500835048
-0.006718876603
-0.006500461777
-0.006718714504
0.0259319153
-0.001177564493
0.02543356257
-0.002321658889
0.02470468279
-0.003289011394
0.0237857299
-0.00392237375
0.02291016246
-0.004317428051
0.02200671911
-0.004395949763
0.02116771935
-0.004194350302
0.02052611413
-0.003976971419
0.02003689596
-0.003604032261
0.01970801403
-0.003229066413
0.01948908079
-0.002830712451
0.01935505134
-0.002458030607
0.0192810153
-0.002117266999
0.01924878869
-0.001813795684
0.01924497076
-0.001547318144
0.01925988736
-0.00131532026
0.01928711677
-0.001114815944
0.01932287737
-0.0009427100452
0.01936523107
-0.0007958461322
0.01941313776
-0.0006709985298
0.01946554874
-0.0005649737724
0.0195208243
-0.0004748471545
0.01957666199
-0.0003982132463
0.01963048729
-0.00033329739
0.0196800418
-0.0002788474228
0.0197238573
-0.0002338612297
0.01976142677
-0.0001972982896
0.01979306507
-0.0001679185252
0.01981958905
-0.0001443150775
0.01984197701
-0.0001250877269
0.01986112187
-0.000109042986
0.01987771501
-9.531368305e-05
0.01989223835
-8.336053054e-05
0.01990645615
-7.274106294e-05
0.01991762825
-5.89609272e-05
0.01992745964
-5.094345953e-05
0.01993610403
-4.397522963e-05
0.01994370192
-3.792165592e-05
0.01995038174
-3.265413195e-05
0.01995625819
-2.805922805e-05
0.01996143117
-2.404172415e-05
0.01996598735
-2.052386944e-05
0.01997000148
-1.744037782e-05
0.01997353887
-1.473624544e-05
0.01997665684
-1.236366931e-05
0.01997940567
-1.028085314e-05
0.01998182978
-8.451623588e-06
0.0199839679
-6.844022041e-06
0.01998585432
-5.430719081e-06
0.01998751899
-4.187698292e-06
0.01998898848
-3.094338528e-06
0.01999028597
-2.132125276e-06
0.0199914317
-1.285326644e-06
0.01999244423
-5.402298168e-07
0.01999333911
1.156504539e-07
0.0199941304
6.927845293e-07
0.01999483063
1.200416531e-06
0.0199954505
1.647059896e-06
0.01999599987
2.039458146e-06
0.01999648719
2.384194829e-06
0.0199969202
2.686469801e-06
0.01999730541
2.951493845e-06
0.01999764887
3.183172731e-06
0.01999795597
3.385180214e-06
0.01999823136
3.560897199e-06
0.01999847933
3.712969277e-06
0.01999870376
3.843531898e-06
0.01999890768
3.956616961e-06
0.01999909593
4.04380795e-06
4.160780913e-06
0.02632221641
0.001951050717
-0.0004693288221
-0.0004695264288
0.02643428027
0.001093018384
-0.0003773501742
-0.0002252455076
-0.0003767382916
-0.0002257482633
0.02638826112
9.940425799e-05
0.02606124721
-0.0008505505573
0.02552434416
-0.00178475585
0.02482173292
-0.002586400152
0.02404086937
-0.003141510206
0.02320604006
-0.003482598739
0.0223752409
-0.003565150599
0.02171574077
-0.003534850171
0.02109930213
-0.003360532776
0.02055647704
-0.003061207166
0.02017053791
-0.002843127279
0.01988490872
-0.002545083258
0.01970125855
-0.002274380436
0.01958832895
-0.002004337398
0.01952053197
-0.001745998706
0.01948505699
-0.001511843153
0.01947287251
-0.001303135785
0.01947720583
-0.001119149258
0.01949310806
-0.0009586122782
0.01951707507
-0.0008198131411
0.01954668385
-0.0007006073158
0.01958021137
-0.0005985012839
0.01961626705
-0.0005109028436
0.01965352823
-0.0004354744238
0.01969064611
-0.0003704152704
0.01972631997
-0.0003145212827
0.01975946132
-0.000267002585
0.01978934344
-0.0002271804076
0.0198156651
-0.0001942401762
0.01983850561
-0.0001671555934
0.01985820478
-0.0001447868916
0.01987521792
-0.0001260561294
0.01988999799
-0.0001100937422
0.01990292627
-9.628881433e-05
0.01991443824
-8.425302582e-05
0.01992566179
-7.018447365e-05
0.01993443286
-5.971452413e-05
0.01994216638
-5.170874448e-05
0.0199489819
-4.473717065e-05
0.0199549874
-3.865963025e-05
0.01996028045
-3.335227705e-05
0.01996494734
-2.870860538e-05
0.01996906343
-2.463996023e-05
0.0199726947
-2.107164173e-05
0.01997589862
-1.794016262e-05
0.0199787256
-1.519064487e-05
0.01998122047
-1.277572217e-05
0.01998342235
-1.065350147e-05
0.01998536602
-8.787687788e-06
0.01998708205
-7.146746702e-06
0.01998859757
-5.70321269e-06
0.01998993588
-4.432650077e-06
0.01999111832
-3.314562938e-06
0.01999216332
-2.33031806e-06
0.01999308684
-1.463745277e-06
0.01999390367
-7.011838696e-07
0.0199946265
-3.003990717e-08
0.01999526623
5.60690048e-07
0.01999583292
1.080368429e-06
0.01999633529
1.537086809e-06
0.0199967813
1.938188637e-06
0.01999717761
2.290157803e-06
0.01999753052
2.598580039e-06
0.01999784536
2.868338506e-06
0.01999812694
3.103598323e-06
0.01999837958
3.308254621e-06
0.01999860723
3.485315086e-06
0.01999881322
3.637545979e-06
0.01999900082
3.769021853e-06
0.01999917373
3.870891364e-06
4.007020725e-06
0.02546006285
0.001637830552
0.02563095255
0.0009221286884
0.02554853384
0.0001818229616
0.02531918227
-0.0006211989873
0.02486263864
-0.001328212227
0.02428595519
-0.002009716689
0.02365224794
-0.002507802957
0.0229917011
-0.002822051905
0.02238487475
-0.002958324246
0.02182229097
-0.002972266385
0.02130378146
-0.002842023261
0.02093749222
-0.002694917925
0.02058225919
-0.002487894253
0.02024594974
-0.002208773808
0.01999254909
-0.002020979788
0.01984515938
-0.00185694769
0.01975183264
-0.001652671962
0.01969194388
-0.001451954387
0.01965719442
-0.001268386324
0.01964139122
-0.00110334606
0.01963950129
-0.0009567223523
0.01964747694
-0.0008277887934
0.01966217087
-0.0007153012455
0.01968126418
-0.0006175945937
0.01970313683
-0.0005327754951
0.01972666714
-0.0004590047273
0.01975100717
-0.0003947553005
0.019775409
-0.0003389231148
0.01979915572
-0.0002907493053
0.01982159455
-0.0002496192391
0.01984222203
-0.0002148676517
0.019860755
-0.0001856885608
0.01987714243
-0.0001611743221
0.01989151623
-0.0001404299293
0.01990410824
-0.0001226857477
0.0199151717
-0.0001073522714
0.01992493041
-9.401173147e-05
0.01993488183
-8.013588324e-05
0.01994245344
-6.728613245e-05
0.01994915385
-5.840915233e-05
0.01995507808
-5.066139891e-05
0.01996031287
-4.389441485e-05
0.01996493683
-3.797622919e-05
0.01996902182
-3.279359819e-05
0.01997263115
-2.824928649e-05
0.01997582076
-2.426125076e-05
0.0199786395
-2.075889529e-05
0.01998113041
-1.768155044e-05
0.01998333135
-1.497666092e-05
0.01998527597
-1.259812198e-05
0.01998699443
-1.050613943e-05
0.01998851296
-8.665273892e-06
0.01998985485
-7.045104281e-06
0.01999104118
-5.618972835e-06
0.01999209
-4.363381046e-06
0.01999301734
-3.257656461e-06
0.01999383776
-2.28416169e-06
0.01999456366
-1.427081683e-06
0.01999520609
-6.724666777e-07
0.01999577568
-8.899467426e-09
0.01999628024
5.758062784e-07
0.01999672792
1.08940947e-06
0.01999712548
1.540624493e-06
0.0199974791
1.936543014e-06
0.01999779405
2.283626225e-06
0.01999807523
2.587155128e-06
0.01999832692
2.85191649e-06
0.01999855301
3.082157141e-06
0.01999875664
3.281691981e-06
0.01999894141
3.452778054e-06
0.01999910927
3.601159103e-06
0.01999926456
3.715598027e-06
3.869028412e-06
0.02474448587
0.001358662085
0.02482777207
0.0008388425043
0.02477036326
0.0002392317583
0.02458153303
-0.0004323687594
0.02426267764
-0.001009356832
0.02381529993
-0.001562338975
0.02330781973
-0.002000322768
0.02277513953
-0.002289371703
0.02226764271
-0.002450827424
0.02180030655
-0.002504930215
0.02141510482
-0.002456821534
0.02107635547
-0.002356168575
0.0207606109
-0.002172149681
0.0205368142
-0.001984977119
0.02025008206
-0.001734247644
0.02006242412
-0.001669289747
0.01994972451
-0.001539972352
0.01987252237
-0.001374752246
0.01982045769
-0.00121632164
0.0197877912
-0.001070679577
0.01976999837
-0.0009389295241
0.01976325656
-0.000821046984
0.01976443207
-0.0007164767548
0.01977109026
-0.0006242527831
0.01978146469
-0.0005431499275
0.01979434532
-0.0004718853584
0.01980889575
-0.0004093057256
0.01982446284
-0.0003544902126
0.01984044564
-0.000306732096
0.019856261
-0.0002654346025
0.01987138697
-0.0002299936226
0.01988543292
-0.0001997345102
0.01989818234
-0.0001739237336
0.01990958733
-0.0001518349244
0.01991971966
-0.0001328180722
0.01992871051
-0.0001163431139
0.0199366996
-0.0001020008146
0.01994509887
-8.853515486e-05
0.01995135763
-7.35448849e-05
0.01995692395
-6.397546481e-05
0.01996186763
-5.560507549e-05
0.01996625182
-4.827860102e-05
0.01997013666
-4.186106699e-05
0.0199735773
-3.623424102e-05
0.01997662457
-3.129654564e-05
0.01997932308
-2.695976312e-05
0.01998171279
-2.314859746e-05
0.0199838285
-1.979726099e-05
0.01998570112
-1.684927968e-05
0.01998735844
-1.425543803e-05
0.01998882469
-1.197237972e-05
0.01999012193
-9.962519488e-06
0.01999126977
-8.192933396e-06
0.01999228537
-6.63457693e-06
0.01999318408
-5.262083171e-06
0.01999397965
-4.053226342e-06
0.01999468401
-2.988521492e-06
0.01999530772
-2.050785685e-06
0.0199958605
-1.225242617e-06
0.01999635021
-4.986109864e-07
0.01999678493
1.410859034e-07
0.01999717093
7.034139978e-07
0.01999751402
1.197527414e-06
0.01999781929
1.631270976e-06
0.01999809164
2.011280589e-06
0.01999833495
2.343844119e-06
0.01999855287
2.633993919e-06
0.01999874877
2.886262068e-06
0.01999892555
3.104908344e-06
0.01999908579
3.292537576e-06
0.01999923187
3.455079524e-06
0.01999936679
3.58067928e-06
3.748787399e-06
0.02408601741
0.001153954575
0.02419716738
0.0007276925351
0.02420316978
0.0002332293599
0.02403321541
-0.0002624143841
0.02380356407
-0.0007797055013
0.02343625925
-0.001195034155
0.02302562095
-0.001589684464
0.02259798212
-0.001861732875
0.02217243581
-0.002025281104
0.02177012417
-0.002102618571
0.02141982095
-0.002106518317
0.02111760601
-0.002053953641
0.02088838017
-0.001942923848
0.02069118113
-0.00178777808
0.0204700131
-0.001513079605
0.02025727579
-0.001456552437
0.0201260456
-0.001408742166
0.02003112542
-0.001279832061
0.01996536627
-0.001150562498
0.01991940496
-0.001024718264
0.01988833495
-0.0009078595218
0.01986882688
-0.0008015389153
0.019858069
-0.0007057188774
0.01985378331
-0.0006199670938
0.01985422054
-0.0005435871578
0.01985809653
-0.0004757613441
0.01986447664
-0.0004156858376
0.01987263706
-0.0003626506318
0.01988195599
-0.0003160510224
0.01989186389
-0.0002753425007
0.01990185318
-0.000239982911
0.01991151682
-0.0002093981495
0.01992057961
-0.0001829865186
0.01992890008
-0.0001601553988
0.01993644411
-0.0001403620934
0.01994324334
-0.0001231423408
0.01994935839
-0.0001081158615
0.0199561063
-9.528306372e-05
0.01996096841
-7.840698571e-05
0.01996532449
-6.833154554e-05
0.019969218
-5.949857498e-05
0.01997269024
-5.175083638e-05
0.01997578094
-4.495176472e-05
0.01997852894
-3.89822362e-05
0.01998097025
-3.373785623e-05
0.01998313871
-2.912822391e-05
0.01998506399
-2.507386559e-05
0.01998677289
-2.150616351e-05
0.01998828917
-1.836555451e-05
0.01998963371
-1.559998131e-05
0.01999082574
-1.316440555e-05
0.01999188216
-1.101893107e-05
0.01999281822
-9.128986933e-06
0.01999364776
-7.464117105e-06
0.01999438275
-5.997071952e-06
0.0199950342
-4.70467762e-06
0.01999561162
-3.565940877e-06
0.01999612364
-2.562800571e-06
0.01999657781
-1.679410886e-06
0.01999698078
-9.015841465e-07
0.01999733899
-2.171162334e-07
0.01999765726
3.851438031e-07
0.01999794054
9.142473181e-07
0.019998193
1.378802546e-06
0.0199984184
1.785886989e-06
0.01999862004
2.142197808e-06
0.01999880091
2.453129538e-06
0.01999896365
2.723525055e-06
0.01999911083
2.957723458e-06
0.01999924434
3.159028947e-06
0.01999936625
3.333166995e-06
0.01999947899
3.467948462e-06
3.648182791e-06
0.02358292681
0.0009851283854
0.02369809593
0.0006125234001
0.0236759775
0.0002553477886
0.02355756914
-0.0001440060251
0.02336271061
-0.0005848469768
0.02310200058
-0.0009343241203
0.02277735503
-0.001265038913
0.02243410347
-0.001518481313
0.02208645031
-0.001677627938
0.02174912117
-0.001765289444
0.02143697976
-0.001794376906
0.02115835056
-0.001775324449
0.02093189181
-0.001716465096
0.02076447354
-0.00162035981
0.02069409261
-0.001442698668
0.02049586212
-0.001258321942
0.02033148607
-0.001244366118
0.0201847294
-0.001133075396
0.02009349464
-0.001059327735
0.02003605421
-0.0009672778383
0.01999476353
-0.0008665688497
0.01996499547
-0.0007717708551
0.01994432324
-0.0006850466517
0.01993072697
-0.0006063708255
0.01992258114
-0.0005354413282
0.01991861538
-0.0004717955851
0.01991784462
-0.0004149150705
0.01991948438
-0.0003642903961
0.01992287508
-0.00031944172
0.01992744104
-0.0002799084599
0.01993268428
-0.0002452261419
0.01993819867
-0.0002149125399
0.01994368456
-0.0001884724082
0.01994894811
-0.0001654189503
0.01995388443
-0.0001452984022
0.01995845129
-0.0001277091975
0.01996264319
-0.0001123077653
0.0199661646
-9.880446822e-05
0.01997109806
-8.334044156e-05
0.01997419511
-7.142859325e-05
0.01997699194
-6.229539242e-05
0.0199795087
-5.426759468e-05
0.0199817664
-4.720946187e-05
0.01998378645
-4.100228524e-05
0.01998559074
-3.554214082e-05
0.01998720025
-3.073773177e-05
0.0199886351
-2.650871148e-05
0.01998991322
-2.278428142e-05
0.01999105117
-1.950349723e-05
0.01999206362
-1.661243355e-05
0.01999296382
-1.406459712e-05
0.01999376381
-1.181892005e-05
0.01999447443
-9.839606472e-06
0.01999510548
-8.095161266e-06
0.01999566587
-6.557459085e-06
0.01999616341
-5.202217855e-06
0.01999660527
-4.007802062e-06
0.01999699796
-2.955487112e-06
0.01999734679
-2.028235408e-06
0.01999765703
-1.211828576e-06
0.01999793301
-4.930976357e-07
0.01999817898
1.391804748e-07
0.0199983982
6.95026353e-07
0.019998594
1.183004994e-06
0.01999876898
1.610901845e-06
0.01999892596
1.985215505e-06
0.01999906719
2.311907443e-06
0.01999919446
2.596254945e-06
0.01999930967
2.842506328e-06
0.01999941449
3.054214636e-06
0.01999951035
3.237304825e-06
0.01999959925
3.379050737e-06
3.568672942e-06
0.02316143839
0.0008528008852
0.02323863944
0.0005353223424
0.0232553245
0.0002386627211
0.02320499005
-9.367157011e-05
0.02303382417
-0.0004136810974
0.02284392176
-0.00074442171
0.02256870679
-0.0009898239431
0.02228227558
-0.001232050107
0.0219967616
-0.001392113966
0.02171583598
-0.001484363822
0.02144868749
-0.001527228424
0.0212027692
-0.00152940616
0.020984857
-0.001498552885
0.0208058707
-0.001441373509
0.02071691102
-0.001353738985
0.02069415672
-0.001235567647
0.02058464862
-0.001134858016
0.02038674999
-0.0009351767668
0.02022527707
-0.0008978548196
0.0201404373
-0.0008824380684
0.02008981885
-0.0008159503971
0.02005185165
-0.0007338036679
0.02002321457
-0.0006564095676
0.02000191003
-0.0005850662945
0.019986478
-0.0005200092919
0.01997572088
-0.0004610384699
0.01996866555
-0.0004078597378
0.01996451257
-0.0003601374152
0.01996258966
-0.0003175188057
0.01996232041
-0.0002796392082
0.01996321368
-0.0002461194068
0.01996486579
-0.0002165646454
0.0199669634
-0.0001905700227
0.01996927996
-0.0001677355043
0.01997166323
-0.0001476816689
0.01997401781
-0.000130063776
0.01997628744
-0.0001145773895
0.01997843997
-0.0001009569931
0.01998155527
-8.64557375e-05
0.01998337237
-7.32456929e-05
0.01998504952
-6.397253323e-05
0.0199865869
-5.580497098e-05
0.01998798788
-4.861043457e-05
0.01998925809
-4.227249408e-05
0.0199904051
-3.668915469e-05
0.0199914374
-3.177002456e-05
0.01999236453
-2.743583766e-05
0.01999319612
-2.361586447e-05
0.01999394088
-2.024825552e-05
0.01999460745
-1.727900684e-05
0.01999520345
-1.466059051e-05
0.01999573579
-1.235125724e-05
0.01999621091
-1.031472912e-05
0.01999663456
-8.518805033e-06
0.01999701219
-6.935089096e-06
0.01999734881
-5.538833009e-06
0.01999764886
-4.307847908e-06
0.01999791624
-3.222867761e-06
0.01999815485
-2.266844824e-06
0.0199983675
-1.424482283e-06
0.01999855751
-6.831029067e-07
0.01999872744
-3.075351473e-08
0.01999887937
5.431038176e-07
0.01999901554
1.046835512e-06
0.01999913777
1.488663205e-06
0.01999924783
1.875163852e-06
0.01999934708
2.212658621e-06
0.01999943706
2.506275483e-06
0.01999951876
2.760800583e-06
0.01999959349
2.97948367e-06
0.01999966195
3.168847777e-06
0.01999972567
3.315336111e-06
3.511367399e-06
0.02282099606
0.000741866978
0.02288591467
0.0004704037306
0.02291922466
0.0002053527331
0.02285849777
-3.294467982e-05
0.02273622884
-0.0002914121686
0.02257167649
-0.0005798693595
0.0223745974
-0.0007927448541
0.02214188805
-0.000999340764
0.021905805
-0.00115603093
0.02167106104
-0.00124961986
0.02144381292
-0.001299980303
0.02123033116
-0.001315924396
0.02103494315
-0.001303164875
0.02086099978
-0.001267430132
0.02072078654
-0.001213525743
0.02062879403
-0.001143575129
0.02055500749
-0.001061071481
0.02053483363
-0.0009150029086
0.02039222472
-0.0007552459073
0.02025145277
-0.0007416661179
0.02018064044
-0.0007451380752
0.02013040516
-0.0006835683944
0.02009458991
-0.0006205943141
0.02006706912
-0.0005575455083
0.02004558335
-0.000498523523
0.02002904297
-0.0004444980952
0.02001653239
-0.0003953491525
0.02000727958
-0.0003508846006
0.02000062693
-0.0003108661554
0.01999601091
-0.0002750231916
0.01999295173
-0.0002430602191
0.01999105004
-0.0002146629576
0.01998998567
-0.0001895056494
0.01998951135
-0.0001672611825
0.01998944379
-0.0001476141022
0.01998965069
-0.0001302706698
0.01999003786
-0.0001149645602
0.01999053843
-0.000101457558
0.01999215084
-8.806813963e-05
0.01999269429
-7.378913802e-05
0.01999325127
-6.452951508e-05
0.01999380428
-5.635797345e-05
0.01999434078
-4.914693554e-05
0.01999485194
-4.27836442e-05
0.01999533207
-3.716928652e-05
0.01999577825
-3.221619615e-05
0.01999618938
-2.784696416e-05
0.01999656606
-2.399254358e-05
0.01999691005
-2.05922407e-05
0.01999722332
-1.759227985e-05
0.01999750784
-1.494510671e-05
0.01999776591
-1.26093199e-05
0.01999799936
-1.054817608e-05
0.01999821009
-8.729540281e-06
0.0199984001
-7.125096463e-06
0.01999857123
-5.709958607e-06
0.01999872525
-4.461861238e-06
0.01999886391
-3.361529635e-06
0.01999898865
-2.391588656e-06
0.01999910108
-1.536911735e-06
0.01999920238
-7.843984541e-07
0.01999929385
-1.222215475e-07
0.0199993763
4.606502248e-07
0.019999451
9.72139471e-07
0.01999951881
1.420847589e-06
0.01999958033
1.813646627e-06
0.01999963646
2.156533035e-06
0.01999968773
2.455002713e-06
0.01999973483
2.713704384e-06
0.01999977828
2.936031522e-06
0.01999981853
3.128601799e-06
0.01999985622
3.277641802e-06
3.477009373e-06
0.02253719772
0.0006478049786
0.02258767036
0.0004199310795
0.02260261049
0.0001904126064
0.02258088388
-1.121806624e-05
0.02251837033
-0.0002288986289
0.02237042108
-0.000431920113
0.02222582409
-0.0006481478634
0.02202091119
-0.000794427869
0.02181821994
-0.0009533396809
0.02162024845
-0.001051648378
0.021426544
-0.001106275847
0.02124142959
-0.001130809981
0.0210687779
-0.001130513179
0.02091106698
-0.001109719213
0.02077028802
-0.001072746777
0.02065022864
-0.001023515752
0.0205540898
-0.0009649326329
0.02052486222
-0.00088577533
0.02052754734
-0.0007579310294
0.02040922141
-0.0006233401922
0.02031133455
-0.0006472512193
0.02021626133
-0.0005884951714
0.02016025479
-0.0005645877844
0.02012613623
-0.0005234269497
0.02009969682
-0.0004720841121
0.0200783029
-0.0004231041775
0.02006111927
-0.0003781655225
0.02004742799
-0.0003371933155
0.02003660799
-0.0003000461564
0.02002812043
-0.0002665356282
0.02002150305
-0.0002364428407
0.02001636594
-0.0002095258402
0.02001238753
-0.0001855272342
0.02000930911
-0.0001641827624
0.02000692763
-0.0001452326177
0.02000508543
-0.0001284284695
0.02000366109
-0.0001135402182
0.02000256154
-0.0001003580014
0.02000270404
-8.821063322e-05
0.02000200247
-7.308755887e-05
0.02000145948
-6.398652898e-05
0.02000104154
-5.594002168e-05
0.02000072115
-4.882654241e-05
0.02000047717
-4.25396634e-05
0.02000029204
-3.698415139e-05
0.02000015207
-3.207622852e-05
0.02000004663
-2.774151457e-05
0.01999996789
-2.391380687e-05
0.01999991004
-2.053438672e-05
0.01999986842
-1.755065861e-05
0.01999983989
-1.4916568e-05
0.01999982144
-1.259087224e-05
0.01999981099
-1.053771902e-05
0.01999980663
-8.725184276e-06
0.01999980697
-7.125428022e-06
0.0199998107
-5.713692429e-06
0.01999981713
-4.468286021e-06
0.01999982535
-3.369748244e-06
0.01999983492
-2.401164059e-06
0.01999984573
-1.547723045e-06
0.01999985707
-7.957324675e-07
0.01999986886
-1.340089927e-07
0.0199998812
4.483105822e-07
0.01999989343
9.599060908e-07
0.01999990583
1.408447515e-06
0.0199999182
1.801278709e-06
0.01999993036
2.14437652e-06
0.01999994244
2.442921637e-06
0.01999995439
2.701749471e-06
0.01999996618
2.924242938e-06
0.01999997767
3.117110355e-06
0.01999998884
3.266478318e-06
3.465964943e-06
0.02230042469
0.0005661984076
0.02234542991
0.0003749258554
0.02235976861
0.0001760739026
0.02235694847
-8.397927165e-06
0.0222854406
-0.0001573907588
0.0221703532
-0.0003168327169
0.02204662431
-0.0005244189861
0.02189568329
-0.0006434868477
0.02173318577
-0.0007908421554
0.02156727088
-0.0008857334873
0.02140172726
-0.0009407322296
0.02124098147
-0.0009700641875
0.0210885548
-0.0009780865081
0.02094688179
-0.0009680461935
0.02081743086
-0.0009432958465
0.02070103137
-0.0009071162633
0.02059862546
-0.000862526717
0.02052381917
-0.0008109690445
0.02051137246
-0.0007454843242
0.02054876612
-0.0006607338523
0.0204987508
-0.0005972358925
0.0203569067
-0.000446651073
0.02023801273
-0.0004456938232
0.02018098248
-0.0004663967007
0.02014892146
-0.0004400230865
0.02012328918
-0.0003974718976
0.02010216533
-0.000357041679
0.02008466658
-0.0003196945677
0.02007022053
-0.0002856001037
0.02005832391
-0.0002546390105
0.02004853859
-0.0002266575146
0.02004048882
-0.0002014760623
0.02003385782
-0.0001788962335
0.02002838311
-0.0001587080494
0.02002384952
-0.0001406990271
0.02002008344
-0.0001246623838
0.02001694472
-0.0001104014946
0.02001432011
-9.773338705e-05
0.02001304616
-8.69366724e-05
0.02001114649
-7.118788824e-05
0.02000954134
-6.23813779e-05
0.02000818133
-5.458000279e-05
0.02000702665
-4.767186069e-05
0.02000604408
-4.155708882e-05
0.02000520615
-3.614622618e-05
0.02000448961
-3.135968369e-05
0.02000387533
-2.712722722e-05
0.02000334732
-2.338579869e-05
0.02000289248
-2.007954362e-05
0.02000250025
-1.715842446e-05
0.02000216163
-1.457794702e-05
0.02000186926
-1.229849584e-05
0.02000161675
-1.028520894e-05
0.0200013987
-8.507132939e-06
0.02000121034
-6.937062452e-06
0.02000104754
-5.550891924e-06
0.02000090677
-4.327513646e-06
0.0200007852
-3.248177684e-06
0.02000068014
-2.2961093e-06
0.02000058939
-1.456966373e-06
0.0200005111
-7.174427476e-07
0.02000044373
-6.663855551e-08
0.02000038551
5.065244424e-07
0.02000033561
1.009808069e-06
0.0200002927
1.451360048e-06
0.0200002559
1.838079346e-06
0.02000022435
2.175927909e-06
0.02000019719
2.470085003e-06
0.02000017394
2.724998424e-06
0.02000015389
2.944288084e-06
0.02000013666
3.134349252e-06
0.02000012151
3.281625465e-06
3.478317933e-06
0.02210156102
0.0004943135283
0.02214236019
0.0003341266837
0.02215244678
0.0001659873172
0.02213800314
6.045705048e-06
0.02208880587
-0.0001081934918
0.02201973684
-0.000247763683
0.02191149039
-0.0004161725436
0.02179742744
-0.0005294238924
0.02165737122
-0.0006507859367
0.021515064
-0.0007434262602
0.02137287554
-0.0007985437737
0.0212329533
-0.0008301419458
0.02109825105
-0.000843384251
0.02097106082
-0.0008408559611
0.02085292941
-0.0008251644401
0.0207447501
-0.0007989369497
0.02064688558
-0.000764662206
0.02056050215
-0.0007245856127
0.02049501721
-0.0006799993872
0.02046412436
-0.0006298409938
0.02044142687
-0.0005745384048
0.02045933488
-0.0004645590826
0.0203568356
-0.000343194541
0.02024885108
-0.0003584121872
0.020199754
-0.0003909260019
0.02016489785
-0.0003626157537
0.02013956556
-0.0003317093836
0.02011883445
-0.0002989634576
0.02010126466
-0.0002680303172
0.02008639345
-0.0002397678051
0.02007381304
-0.0002140770948
0.02006316721
-0.0001908302328
0.02005414838
-0.0001698774052
0.02004649496
-0.0001510546238
0.02003998678
-0.0001341908371
0.02003444003
-0.0001191156369
0.0200297018
-0.0001056632508
0.02002564518
-9.367676655e-05
0.02002171818
-8.300966982e-05
0.02001998961
-6.945931796e-05
0.02001737319
-5.976494801e-05
0.02001511354
-5.232035291e-05
0.02001315918
-4.571749579e-05
0.02001146645
-3.986435847e-05
0.0200099986
-3.467837504e-05
0.0200087242
-3.008527851e-05
0.02000761624
-2.601926368e-05
0.02000665171
-2.242126669e-05
0.02000581092
-1.92387473e-05
0.02000507726
-1.642476898e-05
0.02000443652
-1.393720065e-05
0.02000387696
-1.173893616e-05
0.02000338807
-9.796312227e-06
0.02000296096
-8.080022836e-06
0.02000258788
-6.56397727e-06
0.02000226201
-5.225026308e-06
0.02000197722
-4.042723976e-06
0.02000172824
-2.99919885e-06
0.0200015107
-2.078566153e-06
0.02000132043
-1.266694333e-06
0.0200011542
-5.512137017e-07
0.02000100856
7.900153312e-08
0.02000088156
6.335330376e-07
0.02000077045
1.120909626e-06
0.02000067312
1.548700009e-06
0.02000058801
1.92318368e-06
0.02000051332
2.250620881e-06
0.02000044779
2.535612084e-06
0.02000038995
2.782844264e-06
0.02000033871
2.995522596e-06
0.02000029314
3.179926835e-06
0.02000025193
3.32283228e-06
3.513570751e-06
0.0219343968
0.0004299554247
0.02197259204
0.0002959314393
0.02198384458
0.0001547347738
0.02197156146
1.832882382e-05
0.02195195311
-8.858513888e-05
0.02191201747
-0.0002078280456
0.02181180569
-0.0003159607628
0.02172329421
-0.0004409124084
0.02159295641
-0.0005204481386
0.02146609023
-0.0006165600766
0.02134264349
-0.0006750970285
0.02122035218
-0.0007078506375
0.02110100467
-0.0007240367362
0.02098666182
-0.0007265131148
0.0208788623
-0.0007173649225
0.02077862697
-0.0006987016196
0.02068653019
-0.0006725654264
0.0206027845
-0.0006408399306
0.02052798386
-0.0006051987417
0.02046507766
-0.0005669347942
0.02041711585
-0.0005265765972
0.02042426489
-0.0004717081205
0.0204549153
-0.0003738449511
0.0203670799
-0.0002705767852
0.0202934312
-0.0003172773054
0.0202175893
-0.0002867738537
0.02017484715
-0.0002889672301
0.02014981517
-0.0002739314782
0.02012958853
-0.0002478036814
0.02011215468
-0.0002223339528
0.02009713799
-0.0001990603987
0.02008420454
-0.0001778967889
0.02007306053
-0.0001587333833
0.02006344974
-0.0001414438319
0.02005515197
-0.0001258930659
0.02004797857
-0.0001119422289
0.02004176891
-9.945358599e-05
0.02003638647
-8.829431857e-05
0.02003171508
-7.833828183e-05
0.02002840805
-6.615227931e-05
0.02002484301
-5.619990756e-05
0.02002173673
-4.92140748e-05
0.02001902747
-4.300823046e-05
0.0200166626
-3.749948168e-05
0.02001459695
-3.261272967e-05
0.02001279149
-2.827981605e-05
0.02001121246
-2.444023047e-05
0.02000983054
-2.103933988e-05
0.02000862008
-1.802828871e-05
0.02000755912
-1.536380358e-05
0.02000662884
-1.300691957e-05
0.0200058128
-1.092288884e-05
0.02000509695
-9.08046729e-06
0.02000446902
-7.452083179e-06
0.02000391819
-6.013150654e-06
0.02000343507
-4.741905655e-06
0.02000301128
-3.618927266e-06
0.02000263953
-2.627456028e-06
0.02000231329
-1.7523189e-06
0.02000202698
-9.803840734e-07
0.02000177578
-3.000122874e-07
0.02000155507
2.997141066e-07
0.02000136124
8.2736096e-07
0.02000119101
1.291138276e-06
0.02000104129
1.698422627e-06
0.02000090932
2.055153639e-06
0.02000079304
2.366900497e-06
0.02000069015
2.638505258e-06
0.02000059887
2.874124142e-06
0.02000051739
3.0769983e-06
0.02000044463
3.252694449e-06
0.02000037823
3.389225831e-06
3.571051649e-06
0.02179392905
0.0003714339308
0.02183022627
0.0002596342258
0.02184387914
0.0001410818987
0.02183937838
2.282958315e-05
0.02183060948
-7.981623748e-05
0.02177763499
-0.0001548535556
0.02169929008
-0.0002376158468
0.0216188336
-0.0003604559169
0.02152265317
-0.0004242677107
0.02141894963
-0.0005128565352
0.02131267803
-0.000568825421
0.02120537798
-0.0006005505898
0.02109922674
-0.0006178854959
0.02099613128
-0.0006234176635
0.02089757694
-0.0006188105835
0.02080464337
-0.0006057680556
0.02071804255
-0.000585964606
0.02063816933
-0.0005609667095
0.0205651593
-0.000532188712
0.02049909771
-0.0005008732046
0.02044060011
-0.0004680789913
0.02040243951
-0.0004335475239
0.02041779589
-0.0003892013262
0.02047569008
-0.0003284709825
0.02044741949
-0.0002890067085
0.02032703848
-0.0001663928462
0.0202250119
-0.000186940648
0.02017936733
-0.0002282869124
0.02015509766
-0.0002235340144
0.02013547837
-0.0002027146626
0.02011836095
-0.0001819429738
0.02010343471
-0.0001629705515
0.02009042136
-0.000145720024
0.02007907418
-0.0001300966475
0.02006917647
-0.0001159953501
0.02006053871
-0.0001033044634
0.02005299645
-9.191132771e-05
0.02004640649
-8.170434756e-05
0.02004064509
-7.257688179e-05
0.0200362872
-6.17943842e-05
0.02003184691
-5.175961437e-05
0.02002795665
-4.532380998e-05
0.0200245465
-3.959808255e-05
0.02002155605
-3.45090317e-05
0.02001893263
-2.998930053e-05
0.02001663066
-2.597785123e-05
0.0200146101
-2.241965956e-05
0.02001283591
-1.926515065e-05
0.02001127782
-1.647019523e-05
0.02000990868
-1.39946627e-05
0.0200087053
-1.180353427e-05
0.02000764732
-9.864912979e-06
0.02000671707
-8.150212085e-06
0.0200058993
-6.634316562e-06
0.0200051804
-5.294245231e-06
0.02000454843
-4.10993944e-06
0.02000399298
-3.063466516e-06
0.02000350471
-2.139188439e-06
0.02000307552
-1.323131589e-06
0.02000269815
-6.030070614e-07
0.02000236608
3.205233006e-08
0.02000207416
5.916397821e-07
0.02000181707
1.084451105e-06
0.02000159065
1.517555775e-06
0.02000139104
1.898039437e-06
0.02000121478
2.23140676e-06
0.02000105884
2.522845565e-06
0.02000092058
2.776768072e-06
0.02000079747
2.997236417e-06
0.02000068748
3.186980495e-06
0.02000058862
3.351560588e-06
0.02000049842
3.47942539e-06
3.649727585e-06
0.02167635878
0.000317425336
0.02171115416
0.000224838845
0.02172583738
0.0001263986811
0.02172134406
2.732290883e-05
0.02170308536
-6.155753964e-05
0.02166543605
-0.0001172042343
0.02161766085
-0.00018984064
0.02154470129
-0.0002874963574
0.02147078375
-0.0003503501682
0.02137865824
-0.0004207310202
0.02128464508
-0.0004748122657
0.02118979855
-0.000505704064
0.02109486778
-0.000522954726
0.02100146678
-0.000530016663
0.02091101198
-0.0005283557892
0.02082460614
-0.0005193622191
0.02074304878
-0.0005044072494
0.02066686571
-0.0004847836361
0.02059634664
-0.0004616696442
0.02053158514
-0.0004361117099
0.0204725233
-0.0004090171502
0.02042012846
-0.0003811526753
0.0203834419
-0.0003525147686
0.02037593692
-0.000320966005
0.0203728868
-0.0002859565832
0.02040512106
-0.0001986271075
0.02031839936
-0.0001002189495
0.02022342733
-0.0001333148773
0.0201795463
-0.000179652983
0.02015629085
-0.0001794592197
0.02013737945
-0.0001630315698
0.02012073693
-0.0001463280311
0.02010610053
-0.0001310836169
0.02009323447
-0.0001172305904
0.02008192787
-0.000104688737
0.02007199268
-9.33692674e-05
0.02006326237
-8.318101403e-05
0.02005559019
-7.403216876e-05
0.02004884714
-6.583382844e-05
0.02004352872
-5.647595683e-05
0.02003829459
-4.652548164e-05
0.02003369106
-4.072028093e-05
0.02002964162
-3.554863915e-05
0.02002607895
-3.094635926e-05
0.02002294438
-2.685472765e-05
0.02002018628
-2.321975624e-05
0.02001775932
-1.999269264e-05
0.02001562387
-1.712969313e-05
0.02001374444
-1.459076541e-05
0.02001209034
-1.234055907e-05
0.02001063419
-1.03473836e-05
0.02000935217
-8.582893386e-06
0.02000822344
-7.021480247e-06
0.02000722958
-5.640452084e-06
0.02000635461
-4.419280182e-06
0.02000558451
-3.339832145e-06
0.02000490666
-2.385618648e-06
0.02000431021
-1.542735434e-06
0.02000378515
-7.980669125e-07
0.0200033231
-1.409611887e-07
0.02000291614
4.390144171e-07
0.02000255753
9.502519799e-07
0.02000224161
1.400370089e-06
0.02000196292
1.796243582e-06
0.02000171689
2.144078971e-06
0.02000149934
2.448956826e-06
0.02000130658
2.71560464e-06
0.02000113531
2.948039802e-06
0.02000098267
3.149870817e-06
0.02000084588
3.323773668e-06
0.02000072283
3.474615322e-06
0.02000061029
3.591963712e-06
3.747922682e-06
0.02157870126
0.0002668857036
0.02161239191
0.0001911482099
0.0216283113
0.0001104792977
0.02162651721
2.911699595e-05
0.02161034934
-4.538966233e-05
0.0215919884
-9.884328348e-05
0.02156217017
-0.0001600224116
0.0214931918
-0.000218517984
0.02143440944
-0.0002915678147
0.02134642189
-0.0003327434694
0.02125995044
-0.0003883408145
0.02117494457
-0.000420698202
0.02108938758
-0.0004373977277
0.02100418867
-0.0004448177577
0.02092066985
-0.0004448369754
0.02083994088
-0.0004386332474
0.02076285855
-0.000427324921
0.02069003985
-0.0004119649317
0.02062188769
-0.0003935174898
0.02055862173
-0.0003728457528
0.02050031159
-0.000350707006
0.02044690864
-0.0003277497293
0.02039891218
-0.0003045183094
0.0203592514
-0.0002813052234
0.02033108946
-0.0002577946343
0.0203535708
-0.0002211084452
0.02039544135
-0.0001420895039
0.02031159165
-4.946517353e-05
0.02021874203
-8.680336527e-05
0.02017632013
-0.0001370373187
0.02015412298
-0.0001408344242
0.02013602462
-0.0001282296689
0.02012000195
-0.000115060938
0.02010582957
-0.0001030582086
0.02009330248
-9.216164723e-05
0.02008223619
-8.230297004e-05
0.02007246463
-7.340944745e-05
0.02006383956
-6.54070936e-05
0.02005622836
-5.822263374e-05
0.02005004622
-5.029381179e-05
0.02004410619
-4.058544734e-05
0.02003886658
-3.548067103e-05
0.02003424556
-3.092761875e-05
0.02003017029
-2.687108713e-05
0.02002657682
-2.326125462e-05
0.02002340853
-2.005146303e-05
0.02002061554
-1.719969855e-05
0.02001815359
-1.46677441e-05
0.02001598384
-1.242100697e-05
0.02001407179
-1.042851139e-05
0.02001238675
-8.662337895e-06
0.02001090166
-7.097800084e-06
0.02000959289
-5.712711106e-06
0.02000843941
-4.486972189e-06
0.02000742304
-3.402902703e-06
0.02000652739
-2.444186256e-06
0.0200057385
-1.596729962e-06
0.02000504346
-8.476888585e-07
0.02000443151
-1.861152777e-07
0.02000389199
3.985608415e-07
0.02000341674
9.142684613e-07
0.02000299784
1.369144495e-06
0.02000262824
1.769974942e-06
0.02000230191
2.122570043e-06
0.02000201365
2.43234234e-06
0.02000175844
2.704165682e-06
0.02000153211
2.941941922e-06
0.02000133091
3.149234805e-06
0.02000115134
3.329444349e-06
0.02000099036
3.484753455e-06
0.02000084532
3.619658384e-06
0.02000071257
3.724713647e-06
3.864141365e-06
0.02149858916
0.0002189880191
0.02153146258
0.0001582748021
0.02154844642
9.349546378e-05
0.02154976081
2.780260854e-05
0.0215391044
-3.473325114e-05
0.0215265973
-8.633618281e-05
0.02148643199
-0.0001198571029
0.0214313201
-0.0001634060967
0.02137611901
-0.000236366728
0.02130964234
-0.0002662668033
0.02123742142
-0.0003161198851
0.02116174355
-0.0003450203328
0.02108395398
-0.0003596081566
0.02100552345
-0.0003663872307
0.02092777342
-0.0003670869399
0.02085182051
-0.0003626803412
0.02077856073
-0.0003540651477
0.02070867426
-0.0003420784608
0.02064264495
-0.0003274881811
0.02058078462
-0.0003109854253
0.02052325884
-0.0002931812295
0.02047011395
-0.0002746048408
0.02042130151
-0.0002557058609
0.02037685326
-0.0002368569786
0.02033741523
-0.0002183565997
0.02031545325
-0.0001991464673
0.02034061903
-0.0001672552822
0.02038409526
-9.294140576e-05
0.02030224976
-4.95785966e-06
0.02021130201
-4.608956909e-05
0.02017031666
-9.984907486e-05
0.02014923496
-0.0001071479622
0.02013204687
-9.787284199e-05
0.02011677077
-8.778210624e-05
0.02010320779
-7.859866589e-05
0.02009117666
-7.027183406e-05
0.02008051303
-6.274581828e-05
0.02007106799
-5.596204969e-05
0.02006270736
-4.986200128e-05
0.02005576422
-4.335066822e-05
0.02004921158
-3.403280742e-05
0.02004341873
-2.968782085e-05
0.02003829901
-2.58078933e-05
0.02003377576
-2.234782866e-05
0.02002978043
-1.926593025e-05
0.02002625239
-1.652341534e-05
0.02002313793
-1.408524288e-05
0.0200203892
-1.191901217e-05
0.02001796383
-9.995626917e-06
0.02001582418
-8.288858622e-06
0.02001393712
-6.775278671e-06
0.02001227276
-5.433442154e-06
0.02001080491
-4.244858307e-06
0.02000951047
-3.192527321e-06
0.0200083689
-2.261336497e-06
0.02000736244
-1.437724124e-06
0.0200064752
-7.094855692e-07
0.02000569327
-6.576163735e-08
0.02000500376
5.034017374e-07
0.02000439619
1.006135008e-06
0.02000386046
1.449996479e-06
0.02000338785
1.841756399e-06
0.02000297092
2.186904234e-06
0.02000260253
2.490961748e-06
0.02000227671
2.758160803e-06
0.02000198828
2.992598493e-06
0.02000173223
3.197989396e-06
0.02000150438
3.377089523e-06
0.02000130088
3.532942687e-06
0.02000111833
3.667305716e-06
0.02000095375
3.784234723e-06
0.02000080305
3.87542055e-06
3.995997729e-06
0.02143422753
0.0001730775123
0.02146650362
0.0001259987331
0.02148429486
7.570423252e-05
0.02148746546
2.463201037e-05
0.02147722438
-2.449217485e-05
0.02145756025
-6.667205885e-05
0.02142612987
-8.842672115e-05
0.02138663577
-0.0001239120051
0.0213380335
-0.0001877644581
0.02128334416
-0.0002115774624
0.02121990167
-0.0002526773936
0.02115117927
-0.0002762979264
0.02107951425
-0.0002879431347
0.02100644583
-0.0002933188094
0.02093329201
-0.0002939331204
0.0208611801
-0.000290568441
0.02079103203
-0.0002839170716
0.02072356979
-0.0002746162271
0.02065933173
-0.0002632501205
0.02059869338
-0.0002503470836
0.02054189035
-0.0002363781966
0.02048904059
-0.0002217550785
0.02044016518
-0.0002068304508
0.02039520752
-0.0001918993177
0.02035405288
-0.0001772019566
0.0203178333
-0.0001629268919
0.02029851065
-0.0001479326256
0.02032577483
-0.0001202055922
0.0203708518
-5.003482042e-05
0.02029079736
3.396486925e-05
0.02020163158
-1.068329472e-05
0.0201620742
-6.759057687e-05
0.02014217483
-7.797346503e-05
0.02012599217
-7.159944245e-05
0.0201115735
-6.417999902e-05
0.02009874194
-5.744027048e-05
0.02008733546
-5.13393344e-05
0.02007720554
-4.583212886e-05
0.02006821681
-4.087326397e-05
0.02006061941
-3.575326754e-05
0.02005355172
-2.696511485e-05
0.02004729203
-2.34281355e-05
0.02004175101
-2.026686923e-05
0.02003684857
-1.744538482e-05
0.02003251261
-1.492996323e-05
0.02002867943
-1.269024134e-05
0.02002529166
-1.069747067e-05
0.02002229882
-8.926164503e-06
0.02001965575
-7.352557497e-06
0.02001732229
-5.955398401e-06
0.02001526269
-4.715670996e-06
0.02001344519
-3.615937425e-06
0.02001184148
-2.641149655e-06
0.02001042657
-1.777622368e-06
0.02000917825
-1.013011784e-06
0.02000807706
-3.365357697e-07
0.02000710568
2.619020797e-07
0.02000624896
7.909567462e-07
0.02000549366
1.258709128e-06
0.02000482759
1.672197742e-06
0.02000424008
2.037511569e-06
0.02000372171
2.360129604e-06
0.02000326395
2.644669186e-06
0.02000285961
2.89529318e-06
0.02000250189
3.115884577e-06
0.02000218479
3.309699969e-06
0.02000190337
3.479410933e-06
0.02000165284
3.627618675e-06
0.02000142901
3.756771167e-06
0.02000122805
3.868270702e-06
0.02000104691
3.965374735e-06
0.02000088089
4.041439121e-06
4.141446746e-06
0.02138423065
0.0001286277532
0.02141607748
9.415192765e-05
0.02143449676
5.728495275e-05
0.02143929891
1.982986207e-05
0.02143107894
-1.627221128e-05
0.02141226616
-4.785928185e-05
0.02138964697
-6.580753052e-05
0.02135595126
-9.021629912e-05
0.02131299607
-0.0001448092617
0.02126511971
-0.0001637011027
0.02120751638
-0.0001950740686
0.02114391608
-0.0002126976211
0.02107676736
-0.0002207944107
0.0210076579
-0.000224209354
0.02093792548
-0.0002242006981
0.02086870448
-0.0002213474443
0.02080092662
-0.000216139209
0.02073533474
-0.0002090243513
0.02067249856
-0.0002004139409
0.02061283483
-0.0001906833595
0.02055662594
-0.0001801693075
0.02050404006
-0.0001691691903
0.0204551492
-0.0001579395989
0.02040994705
-0.0001466971614
0.02036836476
-0.0001356196748
0.0203302864
-0.0001248485291
0.02029684597
-0.0001144921901
0.02027998528
-0.0001033449004
0.02030929904
-7.93485774e-05
0.02035606374
-1.279982614e-05
0.02027770196
6.767848633e-05
0.02019021781
1.98935722e-05
0.0201521038
-3.98594473e-05
0.02013366309
-5.315873156e-05
0.02011834526
-4.886216619e-05
0.02010487663
-4.397164339e-05
0.02009287661
-3.933930535e-05
0.02008219711
-3.515263338e-05
0.02007270275
-3.137889359e-05
0.02006456063
-2.761114764e-05
0.02005707757
-1.948205143e-05
0.02005044126
-1.679182234e-05
0.02004455956
-1.43851757e-05
0.02003934989
-1.223570804e-05
0.02003473785
-1.031791918e-05
0.02003065688
-8.609272159e-06
0.02002704738
-7.087970381e-06
0.02002385617
-5.734952835e-06
0.02002103586
-4.53224599e-06
0.02001854445
-3.463986108e-06
0.02001634423
-2.515446221e-06
0.02001440168
-1.673386537e-06
0.02001268709
-9.265608343e-07
0.02001117385
-2.643757397e-07
0.02000983832
3.225219223e-07
0.02000865978
8.420034449e-07
0.02000761994
1.301742223e-06
0.02000670258
1.708322734e-06
0.02000589322
2.068063015e-06
0.02000517946
2.385966488e-06
0.0200045497
2.667268499e-06
0.02000399394
2.915896899e-06
0.02000350316
3.135449762e-06
0.02000306927
3.329178406e-06
0.0200026853
3.499862156e-06
0.02000234513
3.64986392e-06
0.02000204308
3.781465007e-06
0.02000177392
3.896773337e-06
0.02000153349
3.997206953e-06
0.02000131767
4.084092124e-06
0.02000112291
4.160138142e-06
0.02000094457
4.219776209e-06
4.297923688e-06
0.02134755172
8.520381506e-05
0.02137910017
6.260349478e-05
0.0213979671
3.841802473e-05
0.02140396507
1.383189284e-05
0.02139769295
-1.000009813e-05
0.02138163966
-3.180599079e-05
0.02136324753
-4.741539402e-05
0.02133607214
-6.304090759e-05
0.02129825144
-0.0001069885691
0.02125471802
-0.0001201676785
0.02120083851
-0.0001411945582
0.02114046908
-0.0001523281933
0.02107617783
-0.0001565031622
0.02100962289
-0.0001576544186
0.02094214767
-0.000156725474
0.02087487064
-0.0001540704106
0.02080871224
-0.0001499808077
0.02074441405
-0.0001447261653
0.02068255697
-0.0001385568623
0.02062357829
-0.0001317046797
0.02056778832
-0.0001243793336
0.02051538696
-0.0001167678366
0.02046648038
-0.0001090330236
0.02042109576
-0.0001013125449
0.02037919681
-9.372071971e-05
0.02034069637
-8.634809517e-05
0.02030546934
-7.926515574e-05
0.02027464718
-7.252273065e-05
0.02026016816
-6.486956272e-05
0.02029157411
-4.420576275e-05
0.02034006888
1.918371366e-05
0.02026335589
9.660656807e-05
0.0201780968
4.539964194e-05
0.02014580931
-2.087123989e-05
0.02012419174
-2.724459468e-05
0.02010954116
-2.932106312e-05
0.02009709409
-2.68922271e-05
0.02008599996
-2.405850437e-05
0.02007612343
-2.150236455e-05
0.02006754812
-1.903583181e-05
0.02005975157
-1.16854977e-05
0.02005283028
-9.870530099e-06
0.020046691
-8.245892921e-06
0.0200412487
-6.79340438e-06
0.02003642751
-5.496727746e-06
0.02003215854
-4.340306091e-06
0.02002838075
-3.310172508e-06
0.02002503887
-2.393068218e-06
0.02002208408
-1.577463528e-06
0.02001947254
-8.52442168e-07
0.02001716541
-2.083073226e-07
0.02001512778
3.642383104e-07
0.02001332864
8.7258537e-07
0.02001174035
1.323919403e-06
0.02001033859
1.724279109e-06
0.02000910144
2.079151874e-06
0.0200080097
2.393482067e-06
0.02000704637
2.671655009e-06
0.02000619649
2.91794991e-06
0.0200054464
3.136057533e-06
0.02000478453
3.329137575e-06
0.02000420031
3.500119852e-06
0.02000368432
3.651439923e-06
0.0200032282
3.785303218e-06
0.02000282451
3.903554269e-06
0.02000246674
4.007628896e-06
0.02000214882
4.099385319e-06
0.02000186579
4.179808331e-06
0.02000161284
4.250158925e-06
0.02000138556
4.311370952e-06
0.02000118073
4.364963375e-06
0.02000099287
4.40763672e-06
4.462471583e-06
0.02132346215
4.243583223e-05
0.02135481897
3.124669197e-05
0.0213739687
1.926831104e-05
0.02138070968
7.090914067e-06
0.02137543761
-4.728029186e-06
0.02135929063
-1.56590039e-05
0.02133585205
-2.397681314e-05
0.0213222912
-4.948005809e-05
0.02129455749
-7.925486194e-05
0.02125320918
-7.881936888e-05
0.02120033767
-8.832305387e-05
0.02114106318
-9.305370596e-05
0.02107794134
-9.33813192e-05
0.02101257074
-9.228382223e-05
0.02094622853
-9.038326494e-05
0.02087997702
-8.78188994e-05
0.02081469817
-8.470195141e-05
0.02075111306
-8.11410507e-05
0.02068979625
-7.724005489e-05
0.02063118896
-7.309738902e-05
0.02057561313
-6.880351162e-05
0.02052328504
-6.443974566e-05
0.02047432919
-6.007717705e-05
0.02042879308
-5.577643417e-05
0.0203866591
-5.158674499e-05
0.02034785859
-4.754758785e-05
0.02031228226
-4.368881924e-05
0.02027979101
-4.003147691e-05
0.02025151078
-3.658932839e-05
0.02023938446
-3.207943512e-05
0.02027293383
-1.436565373e-05
0.02032360372
4.59366766e-05
0.02025600664
0.0001129967295
0.02020006567
3.506972975e-05
0.02013916746
3.365361645e-05
0.02011350197
-3.655576165e-06
0.02009995213
-1.334238033e-05
0.02008857839
-1.268476212e-05
0.02007844444
-1.136840926e-05
0.02006954956
-1.014095245e-05
0.02006154326
-3.679198153e-06
0.02005443148
-2.758742206e-06
0.02004811926
-1.933670556e-06
0.02004252102
-1.195165042e-06
0.02003755928
-5.349896643e-07
0.02003316444
5.454259515e-08
0.0200292736
5.806658534e-07
0.02002583076
1.04976881e-06
0.02002278568
1.467623361e-06
0.02002009349
1.839752997e-06
0.02001771413
2.171050967e-06
0.02001561224
2.466134965e-06
0.02001375622
2.728600282e-06
0.02001211767
2.962476638e-06
0.02001067143
3.17051458e-06
0.02000939523
3.355359684e-06
0.02000826901
3.519697862e-06
0.02000727513
3.665541945e-06
0.02000639815
3.79493144e-06
0.02000562416
3.910044394e-06
0.02000494094
4.012357432e-06
0.02000433775
4.103318868e-06
0.02000380483
4.184358592e-06
0.02000333381
4.256323256e-06
0.02000291694
4.320420571e-06
0.02000254732
4.377255022e-06
0.02000221916
4.42754869e-06
0.02000192692
4.472044645e-06
0.02000166566
4.511424439e-06
0.02000143111
4.545918247e-06
0.02000121946
4.576609489e-06
0.02000102549
4.601605793e-06
4.632449331e-06
0.02131147045
0.02134271714
0.02136198545
0.02136907637
0.02136434834
0.02134868934
0.02132471253
0.02127523247
0.0211959776
0.02111715823
0.02102883517
0.02093578147
0.02084240015
0.02075011633
0.02065973306
0.02057191417
0.02048721222
0.02040607117
0.02032883111
0.02025573372
0.02018693021
0.02012249046
0.02006241328
0.02000663684
0.0199550501
0.01990750251
0.0198638137
0.01982378222
0.0197871929
0.01975511346
0.01974074781
0.01978668449
0.01989968122
0.01993475095
0.01996840457
0.01996474899
0.01995140661
0.01993872185
0.01992735344
0.01991721249
0.01991353329
0.01991077455
0.01990884088
0.01990764572
0.01990711073
0.01990716527
0.01990774594
0.01990879571
0.01991026334
0.01991210309
0.01991427414
0.01991674028
0.01991946888
0.01992243136
0.01992560187
0.01992895723
0.01993247693
0.01993614247
0.01993993741
0.01994384745
0.01994785981
0.01995196313
0.01995614749
0.01996040381
0.01996472423
0.01996910149
0.01997352904
0.01997800108
0.01998251251
0.01998705843
0.01999163503
0.01999623664
-7.749824797e-09
5.07874553e-05
6.798604522e-05
0.0002028670744
-9.928370106e-05
2.959267833e-08
-0.0001746185218
7.100555592e-05
-0.0001187531591
-3.667982526e-09
5.079484859e-05
6.798233177e-05
0.0002028176187
-9.923409908e-05
1.842481111e-08
-0.0001745569285
7.095498436e-05
1.069554743e-07
6.540776094e-05
0.0002145049262
0.0001701469158
3.885244313e-05
-8.516721787e-08
-0.0001982509456
-1.066324605e-05
-7.715861654e-05
1.123663711e-07
6.540246914e-05
0.0002144613917
0.0001700799079
3.885945736e-05
-4.415829623e-08
-0.0001981825852
-1.071262163e-05
0.0003264745341
6.085183308e-05
-6.677673889e-07
3.219278953e-09
-0.0001864147644
-0.000133302012
-0.0002460361764
0.0002038017855
-0.0001655595741
0.0002082966087
-5.026437404e-07
-6.9075171e-08
7.191181009e-05
-0.0001905620263
-0.0003865975478
-6.631520913e-07
0.0003264972974
6.082519377e-05
0.0002204316379
-2.738457851e-08
-0.0001864046244
-0.000133233737
-0.0002460731105
0.0002037524614
-5.034619573e-07
-0.0001655861155
0.0002084102264
-0.0001293440073
7.110662922e-08
0.0001189839833
-2.32585672e-09
-3.953319368e-05
3.547531666e-07
0.0001290991481
-7.619275894e-05
-5.16829377e-05
-7.566678282e-05
-9.093041982e-10
-5.20382367e-05
0.0001194583962
-3.922002571e-05
-7.768816119e-08
-6.020933139e-05
0.0001274428596
0.0005308405373
5.12583186e-05
-6.025684602e-05
-0.0005217471917
-9.482052016e-08
0.0001028798662
-4.660042754e-08
-6.021316331e-05
0.0001274598096
0.0005308509432
5.116685694e-05
-7.584804856e-08
-6.022113378e-05
-0.0005217208206
-4.585059897e-05
-5.408149775e-05
6.903742035e-08
9.57863567e-05
8.639961154e-10
4.075838632e-06
5.128217463e-05
6.781996043e-05
5.12446964e-10
-0.0001190933016
-8.391939487e-08
4.598815916e-05
4.89004664e-06
-3.627261063e-08
5.375598179e-05
0.0001295121275
-0.0001152457957
3.436443066e-10
5.354190482e-06
0.0001292513677
1.248732859e-09
-0.0001155504133
9.617687275e-05
3.636299782e-06
-4.110200191e-07
-7.528685572e-05
-7.640608471e-05
2.945778014e-10
-6.599853391e-05
0.0001604913664
-3.122721208e-07
1.052519986e-09
1.604744551e-06
-0.0001744311915
7.143222758e-05
1.377229343e-09
0.0002024858805
-9.94586927e-05
9.08937497e-08
6.554315612e-05
-0.0001107404481
-1.202806452e-07
-0.0001601417411
0.0001559807269
9.080780371e-10
-0.0001110883765
6.366192517e-10
0.0001553965846
1.266035075e-06
-4.585282253e-05
-5.407906027e-05
6.875010289e-08
9.578847043e-05
4.07553577e-06
5.12816047e-05
6.782209696e-05
-0.0001190883058
-8.234275544e-08
4.5994545e-05
4.890597047e-06
-3.212131268e-08
5.375480365e-05
0.0001295012113
-0.0001152415582
5.354034927e-06
0.0001292558724
-0.0001155437111
9.618183949e-05
3.636259904e-06
-4.124759273e-07
-7.529268795e-05
7.620122175e-05
-7.640408677e-05
7.566447328e-05
-6.599535213e-05
0.0001604934038
-3.128015383e-07
1.604288481e-06
-0.0001744303366
7.141965984e-05
0.0002024740886
-9.944360894e-05
9.586232327e-08
6.553940042e-05
-0.0001106909839
-1.175692754e-07
-0.000160142946
0.0001559228166
-0.0001110730532
0.0001553920218
1.265502034e-06
-3.300065431e-07
-1.035505617e-09
-3.174134124e-05
-3.156604588e-05
-0.0001293417433
6.788251055e-08
0.0001189815548
-3.954106206e-05
3.577962431e-07
0.0001290943051
-5.167270773e-05
-5.203719926e-05
0.0001194502944
-3.923933122e-05
-3.347423847e-07
-3.174898045e-05
-3.159242025e-05
7.179540906e-05
-0.0001909336967
1.193451613e-09
-7.499651429e-08
-0.0001799214425
0.0001366601315
-0.0001802413397
0.0001364095395
1.794331206e-09
-7.018333793e-05
1.664607178e-07
-0.0002442077213
0.0001339800993
3.157400333e-09
-1.72963963e-07
7.02633666e-05
-0.0002606163748
-0.0002612542866
1.953984209e-09
-0.0002436197261
0.0001341280937
0.0005108520441
2.544100287e-05
-2.540435115e-06
-0.0001497072413
-1.025959829e-06
-0.0002829570161
0.0001235687871
-0.0003832573738
-8.305208552e-05
0.0003453539541
-2.613281602e-06
-1.505026531e-06
5.326572041e-05
-0.0004382972406
-0.0005336280921
-2.537109947e-06
0.0005108517076
2.536929618e-05
0.0001874926733
-9.984934555e-07
-0.00014968351
-0.0002828837772
0.0001235969668
-0.0003833192836
-2.630779702e-06
-8.302790842e-05
0.000345381005
0.0001336095033
-2.030310906e-07
0.0002251569034
-8.76993557e-09
-0.0002189728498
6.91498598e-05
0.0001428120255
0.0002019401447
-0.0002230125954
-0.0001212963534
-4.432218489e-07
5.019127317e-08
0.000236175449
-9.295262654e-05
-0.0001548152904
-2.492733528e-07
0.0001338337971
0.0002249832313
0.0001887986187
-2.393779197e-08
-0.0002190485447
6.913332598e-05
0.0001428114999
0.0002019056826
-4.285659566e-07
-0.0002229679735
-0.0001213206433
0.0001939495298
0.0001132595114
-8.560552351e-07
-0.0002049101258
0.0001550443912
-1.102180661e-06
-5.130985439e-09
0.0004312609251
0.0005908678453
-0.0001572614776
-0.0001323832021
-0.0001313255705
-0.0001584958927
-7.117321112e-05
-0.0001503705151
-0.0001472402489
-7.387352452e-05
-5.018251081e-07
-0.0001744729137
0.000207652123
-0.0001827105352
-8.37357775e-07
0.0001939417977
0.0001132030595
0.0001937329287
-1.083694522e-06
-0.0002049218969
0.0001550841608
0.0004309224256
0.0005910993294
-0.000157253618
-0.0001322485956
-0.0001313432709
-0.0001584978311
-7.117157341e-05
-0.000150432594
-0.0001472154716
-7.386391202e-05
-0.0002110533626
0.0001668394701
-2.100954778e-07
-6.914572268e-05
-1.458897393e-07
0.0005471296029
6.678019299e-05
0.0006094291295
-7.844921733e-05
-0.000596594519
-1.165587132e-06
-1.150083571e-07
0.0001476886183
0.0001441048806
0.0002464511705
-2.325042766e-07
-0.0002111436643
0.0001668306811
5.305276338e-05
-1.637056888e-07
-6.917112137e-05
0.0005471330126
6.674492602e-05
0.000609596462
-1.193602797e-06
-7.851652407e-05
-0.000596631262
-0.0007870918242
-6.755281815e-08
4.602496437e-05
0.001471109846
9.597520637e-05
-7.597390176e-05
-0.001490792419
-3.187350021e-07
0.0007922658696
-5.330136444e-08
-0.0007871470433
4.61013149e-05
0.001471017949
9.625200287e-05
-3.485467209e-07
-7.599646424e-05
-0.001490924944
-0.0008242717719
2.111689375e-05
2.094405018e-07
-5.660872013e-05
0.0014527158
-7.163355617e-07
3.431198628e-09
0.005417047712
0.0002116710845
-4.282310647e-05
-2.540183272e-05
-2.261267247e-05
-4.472890201e-05
-0.001316689711
-0.001431197817
-0.001428638899
-0.001316629292
-9.612085188e-08
0.0007910920657
5.432270521e-05
0.0008697422556
2.03458391e-07
-0.0008243334668
2.113268598e-05
7.568899139e-05
-7.223144861e-07
-5.667081719e-05
0.001452722086
0.005417469395
0.0002112858806
-4.281331958e-05
-2.543251964e-05
-2.263468789e-05
-4.470242445e-05
-0.001316696235
-0.00143117836
-0.001428652109
-0.00131664218
-0.0001693953643
-4.418920408e-05
-4.423751234e-08
0.0001740987605
-3.150524401e-09
6.568163123e-05
0.0002143725831
-5.409165821e-11
-7.746132737e-05
3.55408579e-07
0.0001693501375
-3.810198995e-08
4.421128259e-05
0.0002136506755
-4.331893187e-05
2.284405941e-11
0.0002134734278
-4.231448637e-09
-4.332391816e-05
0.0001742971565
-2.168755819e-05
0.0001641283628
-8.210885115e-08
-1.270626572e-09
-0.0001981061103
-1.089528472e-05
-4.579015743e-09
0.0001702187455
3.870206581e-05
2.554508686e-08
2.159711838e-05
-6.222936374e-06
-6.650656859e-08
-0.0001642461381
0.0001376823385
-1.045037359e-09
-6.293636292e-06
-2.975611715e-09
0.0001373419686
-0.0001693812998
-4.420505077e-05
-4.992760389e-08
0.0001740920647
6.567772508e-05
0.0002143488969
-7.744022446e-05
3.487281382e-07
0.0001693038401
-1.529436859e-08
4.426652447e-05
0.0002135722349
-4.336207604e-05
0.0002134744811
-4.33501567e-05
0.0001742811071
-2.169300266e-05
0.0001641263257
-9.14979246e-08
-0.0001980943383
-1.086647488e-05
0.0001701730113
3.873906929e-05
2.539699314e-08
2.159791343e-05
-6.233658484e-06
-3.028303909e-08
-0.0001641951106
0.0001375351576
-6.288497461e-06
0.000137375794
-6.619588999e-05
-0.0003052879473
3.026469912e-07
0.000126969282
4.181042784e-09
-3.280632094e-07
6.623444124e-05
-6.049490487e-07
0.0003041271893
0.0001167231003
-0.0003593935015
0.00032773171
6.080089296e-05
1.637192915e-09
-0.0003891491751
2.816661535e-09
0.0001165949075
2.745983114e-09
-0.0003616896558
0.0001270445567
-0.0001860865485
-0.0001336509877
1.467986475e-09
0.0002202805888
-9.686147454e-09
-0.0001604853979
-0.0001607763914
1.317345859e-09
0.0001849437236
1.104948998e-07
-0.0002118535234
3.004752255e-09
-1.313987361e-07
-0.0001851450708
-0.0001704395514
0.0002224140085
-0.000170901584
1.194960808e-09
0.0002220617228
-0.0002113918798
-0.0002624453948
0.0001773121439
2.445704568e-07
4.438896751e-09
-4.718198837e-07
0.0002616100581
-0.0003099747097
-2.788779421e-07
-0.0001775073206
0.0002156432543
-0.0001655568718
0.0002091180675
2.10702961e-09
-0.0002476558316
0.0002035898891
4.326371698e-09
-0.0003118834964
2.171369568e-09
0.0002152475914
7.180414143e-05
-0.0001909305686
-7.106008037e-08
-0.0001798986271
0.0001366399358
-0.0001802291043
0.0001364202592
-7.019442582e-05
1.679099258e-07
-0.0002442042439
0.0001340048006
-1.744273076e-07
7.028686711e-05
-0.0002606245144
-0.0002612545321
-0.0002436081321
0.0001341642704
-6.620812036e-05
-0.0003052919986
3.083704012e-07
0.000126991686
0.0003277352699
6.079423977e-05
-0.0003891344697
-3.304374771e-07
6.626568806e-05
-6.078912947e-07
0.0003041405122
0.0001166715414
-0.0003593789645
0.000116579315
-0.0003616822234
0.000127106439
-0.0001861072139
-0.0001336213804
0.0002202590649
-1.087480152e-08
-0.0001604448063
-0.0001607695665
0.000184957208
1.279248207e-07
-0.000211846891
-1.848630432e-07
-0.000185228107
-0.0001703737557
0.0002225529846
-0.0001708557805
0.0002220079399
-0.0002113807226
-0.0002624614799
0.0001773469024
2.638256708e-07
-0.0001655685362
0.000209123132
-0.0002476480856
0.0002035921482
-4.910806376e-07
0.0002616473663
-0.0003100708595
-3.496586775e-07
-0.0001776369139
0.0002160230443
-0.0003119374566
0.0002152667772
-6.02267214e-05
0.0001274506048
-2.760730483e-09
0.0001029199433
8.627294236e-08
0.0001021715281
0.0001021115887
2.584974308e-09
0.0001489836749
1.5543418e-08
7.011808759e-05
-1.140449028e-09
-1.339932751e-08
-0.0001490443934
8.768327756e-05
0.0001888173761
8.757918967e-05
1.238817745e-09
0.0001888404516
7.011427858e-05
0.0002998692309
5.03175587e-05
1.042785807e-09
1.69660793e-10
-2.610815465e-08
-0.0002998867251
0.0003273392555
-1.806298303e-08
-5.011075123e-05
3.896455329e-05
-6.013308583e-05
-0.0005218985321
-4.161871423e-09
0.0005305904778
5.135048362e-05
5.884561394e-10
0.000327288649
8.080532968e-10
3.888780552e-05
-6.02281836e-05
0.0001275042483
0.000102847597
4.508742607e-08
0.0001021547877
0.0001021212246
0.0001489840635
2.763263205e-08
7.011329724e-05
-3.628867619e-08
-0.0001490572123
8.766339439e-05
0.0001888899169
8.760018364e-05
0.0001888530703
7.010145417e-05
0.0002998762497
5.031029112e-05
5.40648436e-09
-6.011397479e-05
-0.0005218474135
0.0005306312348
5.125014746e-05
-4.154046224e-08
-0.0002999126977
0.000327396504
-2.223862334e-08
-5.009098579e-05
3.899306933e-05
0.0003273214885
3.894074797e-05
-1.357103635e-06
-0.000406026208
0.0001012646271
5.348080971e-05
-0.000444084063
-1.828874494e-11
-0.0004111081969
0.000101541776
4.669199143e-10
-4.718465813e-05
3.654964918e-06
-0.0004590364581
9.145629377e-05
1.657197378e-09
-4.014649905e-06
4.659119543e-05
-0.0004808336463
-0.0004952260919
1.73658463e-10
-0.0004460457456
9.026569804e-05
6.427191846e-06
-5.470037856e-09
-0.001866392714
6.376639527e-09
0.0004439526017
0.0004052047949
0.0004703517995
6.851289389e-09
6.994290352e-05
-0.002279896259
0.0001193649695
0.0005700789796
0.0005112597812
0.000545777322
6.386283075e-06
-0.001866410713
0.0002830175043
0.0004052499878
0.0004438924498
0.0004703028002
6.992865875e-05
0.0002361231781
-9.325796856e-05
1.71620924e-09
-2.13019045e-08
-4.369967436e-05
0.0002366757287
-4.382023411e-05
0.0002366009189
-2.729763318e-09
9.737304e-09
0.0002418370484
-0.0001124768555
0.0002415302117
-0.0001127200765
3.351728731e-09
-6.204252075e-08
-4.614735865e-05
0.0002439275205
-8.142975735e-09
-4.589379714e-05
0.0002439691145
-0.0001762760114
0.0002077886494
-0.0001877301078
0.0001557378087
5.456974656e-09
-0.0001842502227
6.547561165e-05
9.095675208e-07
-7.61242988e-05
0.0001939955804
-6.238608584e-09
-1.19743229e-06
0.0001832635374
-0.0001657948714
-0.0001906956095
-6.029837568e-07
-6.416015495e-05
5.681799661e-05
0.0002157361726
-0.0001671043727
-0.0001946171833
-2.103647228e-09
5.76141629e-05
0.0002150528808
-5.76709059e-09
-7.407618982e-05
0.0001940891287
-7.318981986e-05
3.14541301e-09
0.0004301758089
7.014083827e-08
2.882479256e-08
-0.0005283872394
0.000239850328
0.0001896169621
9.734544468e-05
0.0001018789957
-7.313039332e-05
0.0004298090862
0.0001475554363
0.0001441173962
-0.0001889158925
-3.839606772e-09
-1.31326497e-07
0.000232471397
0.0001042064753
0.0002321811152
0.0001040831908
2.549928845e-10
-0.0001682157073
1.894187542e-07
0.0002790256105
0.0001211833946
-1.597473168e-09
-6.910100152e-08
0.0001679055891
-0.0002015567745
0.0001778332508
-0.0002016673445
0.0001775020844
-2.161186975e-09
0.0002790859815
0.0001214804073
0.0002695533862
-7.993358262e-08
-0.0003321159469
-0.0003290262174
-0.0004084226742
-0.0004126159882
0.002443710486
-3.63567208e-08
-0.0005109103542
-0.0006064515485
-0.0005094058263
-0.0001254520185
-0.0001237199481
-0.0001066591353
-0.0001085219741
-6.033572473e-08
9.197113684e-05
-8.295555045e-07
0.0002835821208
0.0001574315294
0.0002696143466
-0.0003321805257
-0.0003289995089
-0.0004084273943
-0.0004126412363
0.002444108543
0.0002564083044
-0.0006065288748
-0.0005108199452
-0.0005092337774
-0.0001255484835
-0.0001237452781
-0.0001066254368
-0.0001084549395
9.219242678e-05
0.00079079275
5.447912095e-05
-5.296267949e-05
-0.0007924213969
-5.269704385e-10
-4.632555832e-05
-0.001055904381
5.500445729e-07
0.001038917899
6.275765754e-05
4.337488009e-09
-1.409322418e-07
4.628596015e-05
-5.485203879e-05
0.0007997915609
-4.080330717e-07
0.001055805265
-0.001056311252
5.533742087e-05
-5.466975455e-05
0.0007989899802
6.006519461e-09
-0.0010560459
5.421350498e-05
-8.827045363e-10
0.001039569417
6.307183219e-05
-0.0001656160487
-6.253342538e-08
0.005414030379
-5.248077298e-08
-7.782405454e-08
0.00402603564
2.196214285e-05
-0.0008687616966
-0.001027994683
-0.0010250639
-0.0001649674806
0.005413710945
0.0004717450055
-2.778119106e-08
-0.0001447451902
-9.389140135e-05
-0.0001437560126
-6.003081385e-08
0.006723256325
0.0004722130193
0.006610468253
-9.410021552e-05
-0.0001444639215
-0.0001434121656
0.006723409724
0.0002156203808
3.795212037e-08
0.006728465489
2.170610777e-08
-3.620981664e-08
0.006504594461
0.0003823493339
-7.35944976e-05
-6.484865381e-05
-6.228266016e-05
0.000215456517
0.006729042474
-3.856768498e-05
-0.0005058302419
7.105071945e-06
7.82557125e-05
6.848437123e-10
-7.67770328e-06
3.77542279e-05
-2.163482692e-06
0.0004773482327
6.142280469e-05
0.0005414120047
2.623660454e-05
2.034033727e-10
2.045848683e-10
6.393061088e-05
2.073011826e-09
7.616181025e-05
-1.096517425e-06
-0.000357320803
-0.0001500806046
-0.0002863330376
1.751090883e-09
-0.0003615216876
2.841051401e-09
0.0001326617307
2.948326519e-06
-0.0004056754317
-2.200196004e-11
-2.457189724e-06
-0.0001314056272
-0.0003148890686
-0.0003232300147
-2.864556198e-09
-0.00039551241
-0.0004456231984
0.000112524192
5.680464144e-06
-1.177013658e-09
-1.259138825e-06
0.0004235824669
-5.00042283e-06
-0.0001099123403
0.0001453776542
-8.740082545e-05
0.0003637279021
2.194474627e-09
0.0001262622384
-7.518294748e-10
3.36852675e-10
0.0001480213208
5.349771203e-05
-0.000444079131
-1.363395543e-06
-0.0004060737373
0.0001013238844
-0.0004111481082
0.0001016006641
-4.718447903e-05
3.667473534e-06
-0.0004590388823
9.140944051e-05
-4.01657685e-06
4.660576936e-05
-0.0004808270117
-0.0004952217431
-0.0004460606767
9.026018569e-05
-3.856908621e-05
-0.0005058399309
7.109748363e-06
7.826108541e-05
0.0005414097367
2.619348067e-05
-7.679046382e-06
3.776258769e-05
-2.178483228e-06
0.000477354301
6.145326772e-05
6.395446262e-05
7.616596837e-05
-0.0001500651
-0.0002863025557
0.0001877228251
-1.099128049e-06
-0.0003573313612
-0.0003614981712
0.0001326505244
2.938902908e-06
-0.0004056781797
-2.437596402e-06
-0.0001313710547
-0.0003148702419
0.000165795114
-0.0003232426213
0.0001671501359
-0.0003955033298
-0.0004456181075
0.0001125195313
5.680310164e-06
-8.738155359e-05
0.0003637487517
0.0001262542021
-1.256848898e-06
0.0004235746571
-5.013802253e-06
-0.0001099176143
0.0001454421747
0.0001480122031
-9.553956182e-08
0.0002368714459
0.0001341115883
0.000225010189
2.889826954e-09
0.0002365406407
2.926901285e-09
-5.089134224e-05
4.18733755e-08
0.0002412604788
-1.772930087e-08
-2.329632741e-07
5.030448668e-05
0.0002319033736
0.0002315084326
-8.388309362e-09
0.0002413240073
-0.0002190408268
6.881712477e-05
1.108907856e-09
1.291329979e-08
1.146703282e-05
1.127808477e-05
1.288539048e-09
0.0002287559202
-3.635308745e-09
2.64462354e-05
7.079566178e-09
-3.50890397e-08
-0.0002287236953
9.63518703e-05
9.586976297e-05
8.54641641e-10
2.670881876e-05
3.847574118e-05
0.0002291981724
3.000210779e-08
2.798289071e-09
-8.067279618e-08
-3.883486554e-05
4.780631019e-05
-1.683887006e-07
-0.0002292279603
0.0002044518649
-0.0002230127463
-0.0001205151446
-1.973971259e-09
0.0001413585091
0.000201728138
3.358188302e-09
4.688739382e-05
7.479989986e-10
0.0002043836504
0.0002360992165
-9.322847997e-05
2.565796166e-08
-4.391741641e-05
0.0002367051264
-4.381516888e-05
0.0002365871548
-3.979205047e-08
0.0002423964675
-0.0001127563236
0.0002414522398
-0.0001127092197
-2.274860877e-07
-4.611251388e-05
0.0002439689169
-4.606759232e-05
0.0002443191539
0.0001341376311
0.0002249833903
-0.0001557752554
-2.568810181e-07
0.0002373574024
0.0002364412362
-5.085605849e-05
-6.110920818e-08
0.0002412281615
-2.067963055e-07
5.014918578e-05
0.000231783691
-5.674284591e-05
0.000231522092
-5.76099484e-05
0.0002413778886
-0.0002190517954
6.884327009e-05
0.0001889247739
2.83856185e-08
1.139454279e-05
1.127653553e-05
0.000228783665
-3.477365768e-08
2.650364292e-05
-4.729455579e-08
-0.0002288296542
9.637743424e-05
0.0002016328444
9.589306335e-05
0.00020168743
2.684926586e-05
3.851647156e-05
0.0002292040056
1.412347709e-08
-0.0002230021282
-0.0001205097342
0.0001413331655
0.0002017481451
-1.096458037e-07
-3.899004386e-05
4.791540241e-05
-1.694693337e-07
-0.0002292512332
0.000204477493
4.693013553e-05
0.0002044186102
-0.0001516920274
-8.342437596e-05
1.732676552e-06
-2.043269373e-09
-2.659306342e-06
0.0001512908869
-1.232478959e-06
7.95485215e-05
0.0002009453975
0.0001141135584
-1.62018389e-09
-1.794271272e-09
1.432404122e-09
-5.642986595e-05
0.0001794973525
-2.418345124e-07
-3.277485029e-09
-4.891296361e-07
5.912148242e-05
-1.394295495e-06
-0.0001790952594
0.0001851634368
-0.0002050203177
0.0001525541985
-1.822343796e-09
0.000192724268
9.679216521e-10
-3.870342352e-09
0.000183420883
-0.0001763148742
0.0002077660767
-0.0001842446255
6.547564022e-05
8.995721559e-07
-7.611798935e-05
0.0001939811698
-1.195550459e-06
0.000183240932
-0.0001907231811
-5.727191482e-07
-6.413673518e-05
0.0002156187346
-0.0001946070214
0.0002150532695
-7.406195885e-05
0.0001940657183
-0.0001516892859
-8.341340581e-05
1.729040835e-06
0.0002009269642
0.0001141052257
-2.641059377e-06
0.0001513018547
-1.228975368e-06
7.952889289e-05
-5.643822591e-05
0.0001794922199
-2.476703668e-07
-0.0002050394719
0.0001525318779
0.0001927552365
-5.066746871e-07
5.911890502e-05
-1.374485963e-06
-0.0001790730421
0.0001850990965
0.0001834302684
-0.0001712354281
0.0003141599146
3.155809541e-07
0.0001357838912
1.647998744e-09
-9.480129174e-08
0.0001713265411
-4.541049266e-07
-0.0003148974251
0.0001316986214
0.0003504923742
-0.0002105545624
0.000166831683
1.463856765e-09
0.000245239455
9.557953772e-10
0.0001312094282
-5.934871095e-10
0.0003493286728
0.000135830697
-2.113639307e-08
0.0003624211431
-6.91018032e-05
0.0005465801553
3.546380368e-09
0.0003622455093
3.392460578e-09
7.793531135e-05
1.334758895e-07
0.000405360769
-6.582640299e-10
-3.546119746e-07
-7.801292973e-05
0.0005706451055
0.0005694888285
2.26827349e-09
0.00040602209
0.000456391569
8.435122625e-05
4.013166514e-07
5.513142139e-10
4.096264082e-07
-0.0004580705721
-8.208743366e-07
-8.418350583e-05
5.905496407e-05
-7.860804173e-05
-0.0005948529761
-6.608565226e-10
6.584452944e-05
-3.247478326e-09
1.019124384e-09
5.81651708e-05
0.0001475501494
0.000144103373
-1.234989389e-07
0.0002325006653
0.0001042013704
0.0002321491729
0.0001041308082
-0.0001682108211
1.669316775e-07
0.0002790422661
0.0001211491903
-5.427586637e-08
0.0001678918609
0.0001779001378
0.0001775235506
0.0002791527548
0.0001214067069
-0.0001712479554
0.0003141796038
3.178600317e-07
0.000135794423
-0.0002105879328
0.0001668420928
0.0002452629462
-1.072304674e-07
0.0001713411882
-4.684046372e-07
-0.000314953361
0.0001317202949
0.0003505321449
0.0001311729314
0.0003493797595
0.000135858442
-6.912043968e-05
0.000546607553
5.298395547e-05
-5.464786336e-08
0.0003624813959
0.0003622805821
7.79497525e-05
1.391022455e-07
0.0004053402538
-3.670751652e-07
-7.804700186e-05
0.0005706519796
5.489510793e-05
0.0005694840052
5.47084734e-05
0.0004059801968
0.0004563669414
8.436435182e-05
4.039250358e-07
-7.871062875e-05
-0.0005948292017
6.581670757e-05
4.077877403e-07
-0.0004580239498
-8.284878014e-07
-8.421859588e-05
5.906780688e-05
5.819166729e-05
-1.003514433e-08
4.315071696e-05
-0.000787047987
4.59125075e-05
-2.979186754e-09
4.30109287e-05
7.381925498e-09
0.001064316372
1.561975373e-07
7.111882935e-05
4.999843241e-09
-2.254791451e-07
-0.001064752678
5.469187444e-05
5.395342219e-05
4.069235074e-09
7.15738028e-05
0.001316859157
0.000115051403
3.026261397e-07
1.72626546e-09
-4.513324645e-07
-0.001317208325
0.001296377616
-3.794229018e-07
-0.0001150716734
-7.435333778e-05
-0.001490560077
2.945880095e-09
0.001470700312
4.098023777e-09
0.001296003825
-6.831980578e-09
-0.0007871020441
4.599593295e-05
0.0007923000091
-4.528131971e-08
4.325310882e-05
4.308854467e-05
0.001064330589
1.678680699e-07
7.108112212e-05
-2.410604538e-07
-0.001064794193
5.473767165e-05
0.001056398889
5.400021669e-05
0.001056089312
7.149999402e-05
0.001316864537
0.0001150103853
3.065233631e-07
-7.432393218e-05
-0.001490767305
0.00147064539
-4.670265803e-07
-0.0013172284
0.001296436643
-3.703922593e-07
-0.0001149873599
0.001296077908
-3.436085709e-05
0.001029625151
8.256542433e-07
4.836492675e-09
-7.530503897e-07
3.532780236e-05
-1.264742193e-06
-0.001030993936
-0.0008220377328
1.931641664e-05
2.824698474e-09
3.503874003e-09
7.247551446e-09
-0.001294216974
4.0385093e-05
-1.016358523e-07
1.445760218e-09
-8.150089601e-07
0.001295921336
-1.021425349e-06
-4.226224275e-05
-5.518424363e-05
0.001451546013
2.932748266e-09
1.133242047e-09
2.921985102e-09
0.0007907813229
5.4405985e-05
-4.633581494e-05
-0.001055886223
5.556505702e-07
0.00103890972
6.276101229e-05
-1.510134637e-07
4.63052111e-05
0.0007998329727
-4.04317963e-07
0.001055775173
5.535073079e-05
0.0007990089677
5.420386021e-05
0.001039554346
6.308168841e-05
-3.436518062e-05
0.001029633171
8.332299601e-07
-0.0008220737874
1.933506153e-05
-7.651590339e-07
3.533248362e-05
-1.276876429e-06
-0.001031017637
-0.001294227974
4.039335881e-05
-9.912452218e-08
-5.523278321e-05
0.001451564315
-8.221403681e-07
0.001295938708
-1.025844871e-06
-4.22790879e-05
-2.224795704e-07
0.0001367764979
-7.566293703e-07
0.0003832337841
0.0002809532028
0.0001562105453
7.37323303e-10
0.0001351326067
-7.208690868e-09
0.0003810663577
-3.711644999e-09
1.127707422e-06
-1.055347258e-08
0.000280979536
0.0001562098302
-2.513890929e-07
0.0001367520714
-7.85967724e-07
0.0003832011574
0.0001351516944
0.0003810546276
1.142955214e-06
1.60492129e-06
-3.178530544e-06
9.485575465e-08
5.554546568e-06
4.801964776e-11
3.804330618e-07
-1.5269044e-06
7.177173799e-08
2.679601304e-06
2.467022519e-11
-4.182828709e-07
5.401089848e-08
7.446901525e-07
1.186289723e-11
1.812449235e-06
-9.881039877e-08
3.176715618e-06
3.618805235e-07
-7.551499829e-08
1.526144686e-06
-5.646032486e-08
4.183298574e-07
2.077137426e-06
1.796076052e-11
4.747627644e-07
9.736754971e-12
5.078155683e-12
1.35456713e-06
5.553307538e-06
2.726943954e-07
2.679789519e-06
7.450332967e-07
6.363653455e-07
7.552866156e-08
5.703937788e-11
1.55310045e-07
5.907636396e-08
2.948256657e-11
4.739600553e-08
1.423133378e-11
4.342484754e-07
6.356100972e-08
1.604788302e-06
-3.178623977e-06
9.482350713e-08
5.554600898e-06
3.803931471e-07
-1.526951075e-06
7.175211216e-08
2.679626446e-06
-4.182954057e-07
5.400042296e-08
7.446958399e-07
1.812679818e-06
-9.870660786e-08
3.17701769e-06
3.619459805e-07
-7.545975424e-08
1.526301583e-06
-5.643327397e-08
4.183782989e-07
2.07706474e-06
4.7473322e-07
1.354558839e-06
5.55354159e-06
2.726940477e-07
2.679915354e-06
7.450720405e-07
6.361860877e-07
7.552018778e-08
1.552626588e-07
5.907168841e-08
4.739317633e-08
4.340441802e-07
6.351936833e-08
)
;

boundaryField
{
    inlet
    {
        type            calculated;
        value           nonuniform 0();
    }
    outlet
    {
        type            calculated;
        value           nonuniform List<scalar> 
25
(
0.01999912879
0.01999914257
0.01999916984
0.01999921021
0.01999926304
0.01999932749
0.01999940255
0.01999948703
0.01999957959
0.01999967876
0.01999978297
0.01999989058
0.01999999988
0.02000010916
0.02000021668
0.02000032075
0.02000041974
0.02000051209
0.02000059635
0.02000067119
0.02000073544
0.02000078809
0.02000082832
0.02000085552
0.02000086909
)
;
    }
    topAndBottom
    {
        type            symmetry;
        value           uniform 0;
    }
    frontAndBack
    {
        type            empty;
        value           nonuniform 0();
    }
    cylinder
    {
        type            calculated;
        value           uniform 0;
    }
    procBoundary3to1
    {
        type            processor;
        value           nonuniform List<scalar> 
125
(
-5.683494774e-07
-3.174183188e-07
4.146864011e-08
3.515093987e-07
5.489830844e-07
6.254155711e-07
5.877061025e-07
4.939547458e-07
3.759484975e-07
2.469044614e-07
1.356252999e-07
5.441494718e-08
3.657216505e-09
-3.290792504e-08
-4.873071787e-08
-5.088593626e-08
-4.378974719e-08
-3.4540658e-08
-2.689688905e-08
-2.173909601e-08
-1.859738243e-08
-1.682284549e-08
-1.525343502e-08
-1.336964295e-08
-1.142522599e-08
-9.852184215e-09
-8.953509453e-09
-8.74947903e-09
-9.03326683e-09
-9.514855235e-09
-9.924655157e-09
-1.015250207e-08
-9.935337808e-09
-9.689685649e-09
-9.541145528e-09
-9.055331644e-09
-8.630719438e-09
-8.090689325e-09
-7.487082564e-09
-6.881622897e-09
-6.317865227e-09
-5.81958392e-09
-5.389212674e-09
-5.014719115e-09
-4.684491405e-09
-4.386618993e-09
-4.113876157e-09
-3.861935325e-09
-3.629377882e-09
-3.41729426e-09
-3.229232555e-09
-3.06047165e-09
-2.906838131e-09
-2.767378248e-09
-2.640369985e-09
-2.52142034e-09
-2.406867188e-09
-2.294736246e-09
-2.185347602e-09
-2.08119285e-09
-1.985253234e-09
-1.899313641e-09
-1.823218025e-09
-1.755122857e-09
-1.692376865e-09
-1.632840971e-09
-1.574584368e-09
-1.522304301e-09
-1.451291208e-09
-2.567560225e-08
-5.618636122e-08
-2.119954428e-07
-1.661685454e-08
-2.035594275e-08
-5.249810428e-08
-3.386752908e-08
-6.178445855e-08
-1.709035025e-08
-6.828442739e-09
-6.863492965e-09
-1.854210717e-08
-7.938759991e-09
-7.257732511e-09
-5.573028324e-08
-6.099591855e-08
-5.580961678e-08
-2.654760034e-08
-3.661470664e-08
-3.76677644e-08
-4.821038206e-08
-5.282054993e-08
-4.933973316e-08
-2.974935764e-08
-4.99478731e-08
-4.294364424e-08
-5.654941257e-08
-6.246738616e-08
-5.500460984e-08
-1.656084144e-07
-2.112009416e-07
-1.632926421e-07
-5.615485233e-08
-5.737667682e-08
-5.744916962e-08
-5.812850331e-08
-6.113695644e-08
-5.967059195e-08
-5.809522143e-08
-5.941641007e-08
-5.826077129e-08
-6.112445401e-08
-5.882729224e-08
-5.993717921e-08
-3.08000915e-10
-5.865804119e-11
1.120901531e-11
-3.065750143e-10
-5.655842753e-11
1.22895602e-11
-3.948887758e-10
-1.043335107e-10
-2.680004794e-12
-3.403119904e-10
-7.434671862e-11
6.650802069e-12
)
;
    }
    procBoundary3to2
    {
        type            processor;
        value           nonuniform List<scalar> 
103
(
-0.0005753712926
-0.00057587697
-0.006563100119
-0.006528910147
-0.006563790012
-0.006527363326
-0.02514684269
-0.0244653174
-0.02388130992
-0.02341410062
-0.02302911085
-0.02271006216
-0.02244313572
-0.02221881809
-0.02202967613
-0.02187003871
-0.02173540758
-0.02162235018
-0.02152816164
-0.0214506915
-0.02138831707
-0.02133978094
-0.02130412784
-0.02128069424
-0.02126903471
4.982444198e-05
-1.57821421e-06
4.893188411e-05
-1.283332959e-06
-4.948695527e-07
3.279782266e-07
-4.960625822e-07
3.274222381e-07
3.192160414e-05
0.0001191347465
3.15791632e-05
0.0001191152758
1.596705323e-05
1.582757807e-05
4.98310096e-05
-1.578168838e-06
4.895119927e-05
-1.283164566e-06
3.192494336e-05
0.000119139292
3.158866954e-05
0.0001191192892
1.597760517e-05
1.585080776e-05
-2.478479352e-05
-2.491266092e-05
-0.0001170045805
-0.0001169715851
-0.0002800699128
-0.0005105829438
-0.0005104876426
-0.0002798821696
-2.487787889e-05
-2.492594748e-05
-0.0001170049121
-0.0001169762468
-0.0002800784659
-0.0005106006662
-0.0005104993047
-0.0002798968255
-0.0007912679756
-0.0007911885503
-0.001092585467
-0.001093019582
-0.001637702981
-0.001636868605
-0.001664156215
-0.001665677731
-0.006720780116
-0.001637834669
-0.001636952379
-0.001664103274
-0.001665590422
-0.00672078314
-0.001361096086
-0.001520086495
-0.001519637272
-0.001360403573
-0.0007913618165
-0.0007912877457
-0.001092486016
-0.001092873166
-0.001361098611
-0.001520031086
-0.001519546327
-0.001360409237
6.460627549e-06
3.109552303e-06
8.559904125e-07
6.460523932e-06
3.109507793e-06
8.559846133e-07
6.447341834e-06
3.101555987e-06
8.525866716e-07
6.447243144e-06
3.101513225e-06
8.525763175e-07
)
;
    }
}


// ************************************************************************* //
